["head":"wrap","lpos","status"]
[116,217255,1]
["io count"]
[100]
["io":"id","wrap","startLpos","endLpos"]
[1,109,99436,99373]
[2,131,173659,172192]
[3,146,95681,95739]
[4,214,47604,48135]
[5,175,38778,38437]
[6,139,287578,287287]
[7,141,434956,433968]
[8,132,136295,137734]
[9,62,321973,322402]
[10,246,100010,100063]
[11,23,215502,214020]
[12,2,128270,129300]
[13,165,241245,240645]
[14,183,367325,366866]
[15,164,313613,314488]
[16,128,543284,544667]
[17,132,191456,192843]
[18,36,144897,145426]
[19,124,335386,335992]
[20,33,495199,495028]
[21,37,544121,542721]
[22,129,501459,500524]
[23,50,521395,521635]
[24,44,701382,701759]
[25,68,414585,415343]
[26,268,695663,696282]
[27,243,70286,69450]
[28,175,364113,364030]
[29,194,12987,13440]
[30,76,528733,530078]
[31,122,380010,380434]
[32,49,623020,621725]
[33,270,526370,526893]
[34,187,373315,372217]
[35,242,74001,75404]
[36,105,400783,400469]
[37,125,208799,208249]
[38,219,363263,362545]
[39,6,144480,144525]
[40,99,398302,397024]
[41,278,214074,215486]
[42,237,178350,177364]
[43,127,619758,618276]
[44,217,417388,415960]
[45,217,212628,211563]
[46,100,351322,351709]
[47,39,410172,408868]
[48,38,567233,567716]
[49,38,687078,687272]
[50,144,475729,476649]
[51,17,440339,439350]
[52,272,611116,611979]
[53,2,21656,22392]
[54,232,355686,356146]
[55,95,600138,599010]
[56,94,551542,552616]
[57,15,486767,485363]
[58,57,626274,625684]
[59,99,199010,197605]
[60,102,109115,110362]
[61,272,728485,729768]
[62,44,596786,597048]
[63,105,304288,302989]
[64,84,110500,111421]
[65,107,272729,271586]
[66,193,381021,380973]
[67,145,140275,139075]
[68,159,526433,526086]
[69,5,126615,125180]
[70,59,311229,311074]
[71,260,347771,348206]
[72,6,721131,721740]
[73,78,722005,722397]
[74,75,631016,630214]
[75,279,413933,412979]
[76,155,83946,82635]
[77,139,198952,198528]
[78,224,707052,707796]
[79,138,612296,612953]
[80,155,33897,33061]
[81,56,578274,579682]
[82,101,53638,52679]
[83,40,405294,405984]
[84,267,203622,203454]
[85,253,425181,423960]
[86,192,416078,416756]
[87,73,132978,131541]
[88,37,700861,699985]
[89,26,425498,426092]
[90,84,126442,127521]
[91,225,154050,153480]
[92,81,187192,186990]
[93,62,289249,290713]
[94,217,305878,304983]
[95,102,2333,3499]
[96,228,106350,106518]
[97,6,408744,410153]
[98,146,325631,326063]
[99,66,515650,516839]
[100,134,521693,521996]
