["head":"wrap","lpos","status"]
[175,641034,0]
["io count"]
[1000]
["io":"id","wrap","startLpos","endLpos"]
[1,52,717178,718604]
[2,138,33063,33454]
[3,134,657671,657757]
[4,244,37190,37554]
[5,7,151829,151369]
[6,75,360040,358994]
[7,202,672834,673642]
[8,55,645595,644933]
[9,69,482279,480893]
[10,269,66110,65937]
[11,129,9252,8705]
[12,223,149643,148884]
[13,118,428589,429874]
[14,266,543565,543789]
[15,40,409689,409746]
[16,199,42164,42018]
[17,225,215067,214335]
[18,118,146194,147264]
[19,135,588468,588150]
[20,67,535392,534351]
[21,153,694266,693534]
[22,232,235877,236416]
[23,193,22949,22705]
[24,140,428528,429590]
[25,190,620494,620974]
[26,33,260282,260018]
[27,128,617808,618424]
[28,157,165301,164640]
[29,78,218989,219679]
[30,171,585176,584663]
[31,96,407486,407601]
[32,44,652283,653608]
[33,236,196304,196434]
[34,136,204701,204767]
[35,96,341420,342827]
[36,237,128060,126657]
[37,34,231828,232368]
[38,159,716516,715153]
[39,263,302550,301425]
[40,28,222028,222095]
[41,164,503548,503605]
[42,151,347410,346691]
[43,117,354099,354032]
[44,68,625684,626568]
[45,62,724894,725859]
[46,266,332591,334067]
[47,215,452357,451656]
[48,139,457981,457707]
[49,193,662871,662072]
[50,103,276197,276009]
[51,124,400217,400584]
[52,165,632267,631368]
[53,256,133066,134435]
[54,172,411449,411892]
[55,139,670271,670211]
[56,73,348451,347970]
[57,15,215212,214258]
[58,33,69410,68661]
[59,110,158407,159564]
[60,108,22415,23605]
[61,216,408230,409544]
[62,19,322620,321573]
[63,229,269337,268051]
[64,4,685799,686486]
[65,95,413131,413055]
[66,200,668671,669737]
[67,252,34480,35354]
[68,89,727945,726943]
[69,72,718151,719318]
[70,104,337576,338011]
[71,116,462829,464189]
[72,138,685169,686288]
[73,264,236922,237064]
[74,18,314185,315391]
[75,199,214071,213163]
[76,121,458045,457110]
[77,1,166207,165327]
[78,10,257031,257488]
[79,224,680734,680986]
[80,30,533109,533196]
[81,18,688291,689259]
[82,215,690452,690283]
[83,41,91234,90928]
[84,182,223706,224322]
[85,240,647259,647769]
[86,34,288331,289590]
[87,47,401948,401062]
[88,114,353797,354627]
[89,100,325840,327055]
[90,144,453655,454030]
[91,27,443539,442866]
[92,146,96942,97001]
[93,224,610981,611643]
[94,9,547319,547046]
[95,258,274975,275298]
[96,49,314906,314497]
[97,269,208451,207153]
[98,71,560196,560047]
[99,210,299982,300294]
[100,62,38638,38993]
[101,161,251610,250476]
[102,223,407601,406461]
[103,12,597452,598541]
[104,113,35303,35189]
[105,252,238787,239071]
[106,171,604353,604070]
[107,116,139514,140876]
[108,14,533141,534522]
[109,171,695989,695115]
[110,22,615178,615834]
[111,30,199336,200517]
[112,72,114940,115890]
[113,37,420456,419895]
[114,118,252799,254207]
[115,110,127852,128014]
[116,247,249178,248259]
[117,251,647148,646439]
[118,110,630977,631023]
[119,53,65536,64723]
[120,118,707916,709169]
[121,3,480036,479112]
[122,173,356306,356033]
[123,62,12407,13449]
[124,93,688450,687331]
[125,28,720174,721612]
[126,124,222292,223378]
[127,265,616878,615983]
[128,172,354977,356345]
[129,220,89865,90842]
[130,52,27142,28029]
[131,80,510655,511359]
[132,78,577788,578394]
[133,191,643341,643145]
[134,183,622890,622825]
[135,171,673791,673254]
[136,0,479526,480621]
[137,4,473687,474373]
[138,77,710161,709933]
[139,183,358741,357530]
[140,31,568957,568439]
[141,23,299791,298924]
[142,73,465619,464719]
[143,207,574054,573202]
[144,228,17930,18639]
[145,179,559743,558662]
[146,89,87120,85990]
[147,94,567694,567833]
[148,186,600058,600238]
[149,160,119750,121024]
[150,241,191273,190955]
[151,241,608518,607155]
[152,16,231548,232637]
[153,192,238938,239134]
[154,226,272192,272960]
[155,205,697783,697514]
[156,180,104436,104823]
[157,55,656664,655637]
[158,206,22834,22960]
[159,248,254675,254869]
[160,170,510665,511836]
[161,106,349821,350202]
[162,95,486134,484829]
[163,144,720957,721527]
[164,98,334065,335057]
[165,25,456914,455852]
[166,61,402952,402859]
[167,141,609144,608836]
[168,147,414066,412577]
[169,245,584021,583844]
[170,196,579933,581100]
[171,83,131293,131137]
[172,220,342736,343242]
[173,222,35249,36016]
[174,176,576704,577589]
[175,107,587796,586956]
[176,89,158119,157261]
[177,68,589500,589628]
[178,37,543568,542231]
[179,190,520054,521031]
[180,262,374297,374351]
[181,215,64837,64666]
[182,200,676624,677652]
[183,161,657351,656079]
[184,12,348618,349930]
[185,150,297140,297275]
[186,245,409481,409042]
[187,250,196006,196200]
[188,124,80758,81137]
[189,207,677559,676137]
[190,206,105923,107046]
[191,43,698938,698652]
[192,63,286659,285885]
[193,77,723167,722540]
[194,60,564850,566348]
[195,36,305236,306508]
[196,230,333001,333871]
[197,129,370101,369411]
[198,35,393575,392247]
[199,193,113241,111992]
[200,76,459617,460991]
[201,190,684422,684542]
[202,21,135352,134885]
[203,218,113749,114325]
[204,111,665380,664867]
[205,208,330283,330937]
[206,77,446146,445158]
[207,74,107801,108287]
[208,117,411023,410981]
[209,134,456864,457697]
[210,6,350352,350929]
[211,79,297828,296920]
[212,75,227880,226707]
[213,230,61596,63061]
[214,152,636689,637949]
[215,62,46047,46187]
[216,167,47441,46764]
[217,196,17278,17836]
[218,202,175654,176397]
[219,171,499303,498588]
[220,145,123071,122394]
[221,178,234508,235231]
[222,124,582187,582705]
[223,114,451330,452105]
[224,143,317647,317324]
[225,4,592465,593454]
[226,18,533715,534793]
[227,255,66576,66527]
[228,22,65350,65588]
[229,171,612704,611710]
[230,214,475413,476200]
[231,248,404567,405199]
[232,252,379506,380462]
[233,11,696072,694775]
[234,217,80094,79949]
[235,20,129499,130144]
[236,263,394904,393762]
[237,266,284175,285571]
[238,88,181672,182310]
[239,121,488418,488088]
[240,209,506788,505870]
[241,33,603672,603214]
[242,154,26148,27296]
[243,253,718669,718066]
[244,237,45992,45388]
[245,177,427615,426244]
[246,259,671356,670793]
[247,71,225865,224725]
[248,184,406168,406888]
[249,145,427055,426581]
[250,200,448109,449280]
[251,195,302511,301225]
[252,144,408269,408997]
[253,119,509534,508165]
[254,162,490782,490957]
[255,38,300921,301565]
[256,112,713540,714506]
[257,40,86571,87097]
[258,143,236518,236114]
[259,206,49775,50252]
[260,142,121884,122791]
[261,228,664447,664860]
[262,251,228268,226855]
[263,60,523061,524311]
[264,131,112921,112119]
[265,257,341808,341497]
[266,166,158718,159572]
[267,193,297401,296133]
[268,15,337638,336633]
[269,256,656020,657360]
[270,62,580159,580392]
[271,271,586221,586067]
[272,253,104544,104501]
[273,50,643570,644883]
[274,197,494315,493364]
[275,156,108212,108280]
[276,28,355284,356369]
[277,213,399914,399017]
[278,146,523993,525445]
[279,125,642798,641601]
[280,171,32860,32259]
[281,44,585689,586714]
[282,135,545706,544431]
[283,170,254281,254737]
[284,104,96027,96435]
[285,199,555122,555065]
[286,77,520166,519702]
[287,15,453977,452987]
[288,145,715970,715580]
[289,21,118834,117777]
[290,185,15558,15144]
[291,192,121312,122597]
[292,180,569684,570251]
[293,138,155301,156147]
[294,76,367122,367657]
[295,155,174468,173273]
[296,49,377723,376942]
[297,276,402887,404075]
[298,245,696205,694986]
[299,85,86535,85922]
[300,143,1668,332]
[301,191,680096,679447]
[302,219,662242,661384]
[303,67,661469,661245]
[304,116,462509,463255]
[305,173,564062,563806]
[306,245,53076,52624]
[307,15,186807,186412]
[308,38,533066,534219]
[309,265,206391,205442]
[310,197,403602,402907]
[311,268,683582,684574]
[312,218,592624,593026]
[313,246,580564,581139]
[314,222,574070,574458]
[315,135,6256,5083]
[316,7,40694,39438]
[317,25,164393,163924]
[318,5,349867,349761]
[319,27,668962,667829]
[320,37,262298,261335]
[321,64,499414,499538]
[322,251,365272,363938]
[323,174,630577,630730]
[324,113,359711,359203]
[325,77,276727,276058]
[326,126,6804,8183]
[327,204,53361,53555]
[328,97,441779,440835]
[329,32,727329,727668]
[330,157,96556,96117]
[331,278,114476,115629]
[332,45,313679,313545]
[333,53,611582,610273]
[334,107,314698,314045]
[335,189,325722,324359]
[336,259,522600,521969]
[337,211,56932,56530]
[338,200,501783,502405]
[339,28,597345,598398]
[340,105,249522,249291]
[341,112,306253,307548]
[342,18,525669,526444]
[343,242,75359,75643]
[344,211,235922,235669]
[345,227,476123,475513]
[346,253,466861,466267]
[347,112,381335,381682]
[348,268,217037,218041]
[349,28,566808,568120]
[350,178,370488,370589]
[351,161,33254,32913]
[352,142,268667,268949]
[353,11,563732,562241]
[354,259,638185,637601]
[355,232,662682,662817]
[356,39,2311,1040]
[357,104,150593,151178]
[358,83,507709,506381]
[359,102,300111,301159]
[360,232,450919,451512]
[361,94,675271,676255]
[362,222,711416,712153]
[363,64,412570,413099]
[364,101,349541,348235]
[365,146,394987,395794]
[366,237,89451,88204]
[367,240,460844,461254]
[368,23,426534,426376]
[369,102,397954,399432]
[370,132,188528,189567]
[371,126,182199,182695]
[372,6,100527,101665]
[373,96,369889,371134]
[374,89,354376,354051]
[375,19,606688,605410]
[376,258,19911,20328]
[377,82,228877,229306]
[378,257,518451,518226]
[379,266,719374,719741]
[380,25,656836,656526]
[381,212,633948,634759]
[382,78,55567,56176]
[383,190,648966,649519]
[384,268,160158,160911]
[385,222,523772,524658]
[386,36,614512,614959]
[387,25,413566,412884]
[388,163,183301,182834]
[389,28,289540,290111]
[390,151,689809,688722]
[391,85,9060,8935]
[392,29,557513,556132]
[393,124,660239,660878]
[394,108,594308,594413]
[395,60,308179,308223]
[396,10,617312,618444]
[397,69,214457,213756]
[398,136,177469,177992]
[399,22,640075,641001]
[400,210,385038,386450]
[401,51,86243,85447]
[402,143,453105,452095]
[403,249,459827,459085]
[404,49,247546,246750]
[405,266,26629,27574]
[406,183,706530,705033]
[407,239,489653,489286]
[408,212,469702,469749]
[409,78,249865,250195]
[410,26,198551,199305]
[411,110,424397,424900]
[412,26,482671,483941]
[413,277,501238,500257]
[414,239,288066,287906]
[415,108,650179,651617]
[416,172,373192,374273]
[417,70,634477,634957]
[418,123,107081,106264]
[419,173,214257,214175]
[420,138,611237,611387]
[421,275,686950,686632]
[422,144,221396,222462]
[423,171,668454,668266]
[424,26,222237,222823]
[425,70,342771,343462]
[426,36,217852,219268]
[427,116,548544,549738]
[428,4,473833,473927]
[429,142,72606,73070]
[430,249,221225,220894]
[431,154,523889,525054]
[432,28,478134,478441]
[433,213,594886,594283]
[434,234,378316,379259]
[435,47,368716,367922]
[436,198,308334,308511]
[437,208,22795,23936]
[438,220,19649,20709]
[439,61,129080,128217]
[440,43,67069,65877]
[441,181,528364,527791]
[442,116,85896,86496]
[443,47,401213,401013]
[444,264,176166,176645]
[445,220,83614,84025]
[446,78,578627,579725]
[447,206,549597,549630]
[448,269,228441,228257]
[449,207,455209,453839]
[450,141,246249,244855]
[451,111,432525,431026]
[452,186,656677,657497]
[453,239,724981,724438]
[454,152,222575,223391]
[455,166,17706,18000]
[456,214,404104,404926]
[457,191,119880,119761]
[458,59,244396,243369]
[459,207,32461,32367]
[460,51,199150,198237]
[461,21,563256,562740]
[462,72,46980,47865]
[463,88,521256,522513]
[464,20,507484,508545]
[465,62,302800,302903]
[466,224,622734,623034]
[467,130,536657,537071]
[468,224,89452,90796]
[469,92,151949,152532]
[470,199,249259,249211]
[471,92,572169,572697]
[472,49,248596,247986]
[473,115,391487,390271]
[474,175,300282,299949]
[475,206,493353,494736]
[476,141,26629,26276]
[477,35,555436,554200]
[478,136,583663,584899]
[479,259,97754,96815]
[480,213,37349,35875]
[481,117,450453,449182]
[482,191,220385,220038]
[483,171,253084,252158]
[484,163,631015,630241]
[485,224,77001,78035]
[486,79,570584,569264]
[487,164,272255,273721]
[488,172,422887,423267]
[489,186,466011,466857]
[490,250,455742,456169]
[491,234,353546,353586]
[492,103,366828,366234]
[493,259,191063,190275]
[494,48,429394,429740]
[495,243,635605,635396]
[496,250,649516,650668]
[497,132,557300,558623]
[498,85,225982,225192]
[499,7,412511,411881]
[500,169,220167,219104]
[501,69,163671,162440]
[502,164,613968,615129]
[503,10,655167,655738]
[504,277,210523,210284]
[505,130,232390,232781]
[506,156,145762,146909]
[507,165,450337,449923]
[508,119,49123,48027]
[509,207,464456,464209]
[510,47,598394,597533]
[511,93,504475,504061]
[512,152,608283,608440]
[513,70,128309,129160]
[514,78,402778,403412]
[515,189,232026,231328]
[516,134,638325,639440]
[517,223,492000,491785]
[518,251,504341,503138]
[519,156,624276,625639]
[520,1,117288,116165]
[521,216,400257,401571]
[522,129,678811,677696]
[523,86,184241,184704]
[524,11,471797,471610]
[525,278,191213,191795]
[526,71,103887,102627]
[527,34,654406,655780]
[528,14,319009,320066]
[529,182,408694,410086]
[530,193,548427,547277]
[531,220,44207,45304]
[532,66,427654,428500]
[533,165,129138,128014]
[534,139,64913,63739]
[535,251,201735,200894]
[536,0,154978,156011]
[537,189,85273,84427]
[538,214,707577,708052]
[539,11,143196,142195]
[540,270,570127,570439]
[541,134,566486,567095]
[542,272,321669,322714]
[543,117,401072,399969]
[544,24,505354,505869]
[545,244,448904,449904]
[546,245,266067,265380]
[547,240,640556,641340]
[548,7,632455,631135]
[549,207,596343,595730]
[550,148,98254,99144]
[551,259,355299,353929]
[552,196,212073,212615]
[553,44,531698,532355]
[554,82,228516,229146]
[555,40,330544,331615]
[556,214,602522,603710]
[557,128,164903,165130]
[558,231,288176,287308]
[559,190,551284,551411]
[560,76,274851,275054]
[561,174,9394,10838]
[562,87,513281,512543]
[563,87,157033,156580]
[564,168,344419,345866]
[565,84,362647,364044]
[566,43,491258,490485]
[567,31,58091,57303]
[568,1,185004,184381]
[569,58,367804,369275]
[570,83,155792,155049]
[571,140,691630,691877]
[572,123,198194,196774]
[573,62,381803,383037]
[574,166,586917,586994]
[575,220,323530,324665]
[576,105,321170,320796]
[577,5,622144,621327]
[578,272,366005,366819]
[579,94,420338,421618]
[580,55,678989,677738]
[581,134,126427,127815]
[582,221,188724,188494]
[583,242,156784,158154]
[584,180,473172,473382]
[585,36,148743,149131]
[586,245,166701,166531]
[587,84,646840,647495]
[588,198,709640,709807]
[589,3,729488,729412]
[590,195,425123,424406]
[591,182,558219,558342]
[592,93,121526,120897]
[593,224,729424,729995]
[594,109,706292,705179]
[595,24,210430,211011]
[596,71,574626,573918]
[597,61,40042,38551]
[598,251,19422,18956]
[599,78,38216,38493]
[600,210,385726,387116]
[601,28,288677,288744]
[602,251,718385,717118]
[603,273,398678,398364]
[604,119,697978,697421]
[605,235,191636,190982]
[606,240,409357,410662]
[607,219,283185,282097]
[608,135,434934,433786]
[609,106,57848,59027]
[610,34,196345,197204]
[611,72,249025,250030]
[612,242,709963,710812]
[613,12,529850,530617]
[614,139,346612,345688]
[615,151,665944,665488]
[616,26,458803,459935]
[617,253,85153,84079]
[618,188,638820,639618]
[619,130,583857,584260]
[620,141,169956,168784]
[621,261,160408,159490]
[622,55,347281,347139]
[623,44,149904,150855]
[624,35,656370,655906]
[625,223,153709,152501]
[626,113,705650,705324]
[627,125,308025,306865]
[628,27,119063,117582]
[629,200,559305,560714]
[630,48,56395,56792]
[631,200,28303,28397]
[632,10,20395,20583]
[633,196,647474,648450]
[634,132,496105,496345]
[635,177,271822,270496]
[636,15,167061,166030]
[637,84,76179,76307]
[638,70,85442,86745]
[639,118,696368,696681]
[640,161,487398,486640]
[641,80,343003,344364]
[642,86,42289,42929]
[643,105,277340,275854]
[644,220,429637,430420]
[645,6,602049,603311]
[646,271,254864,254470]
[647,194,537151,538539]
[648,103,309596,308704]
[649,233,583188,582582]
[650,214,62855,64317]
[651,246,135967,136613]
[652,139,120309,119895]
[653,232,353556,353717]
[654,62,653872,654374]
[655,59,483425,482301]
[656,118,305617,307017]
[657,113,224449,223924]
[658,124,531839,532339]
[659,167,307589,307557]
[660,204,135413,135772]
[661,166,671533,671656]
[662,119,528343,527609]
[663,180,521962,522547]
[664,92,295400,296125]
[665,63,56770,55485]
[666,20,467987,469054]
[667,195,512482,511863]
[668,195,532507,532334]
[669,146,564265,565110]
[670,268,649447,650670]
[671,184,101497,102618]
[672,54,314112,314194]
[673,118,389783,390630]
[674,70,105596,106579]
[675,97,242270,241670]
[676,184,49491,49769]
[677,57,556310,556180]
[678,54,311711,312835]
[679,2,581100,582058]
[680,131,310625,309924]
[681,120,158300,158396]
[682,194,565968,566369]
[683,214,567682,568355]
[684,99,85558,85040]
[685,188,59291,59898]
[686,126,463374,463927]
[687,116,357937,359294]
[688,238,113020,114429]
[689,236,624685,624865]
[690,263,482632,481598]
[691,35,41206,41110]
[692,246,288669,288814]
[693,17,466644,465683]
[694,248,319616,320587]
[695,38,5232,5483]
[696,82,448607,449231]
[697,151,177089,175594]
[698,30,672960,674134]
[699,232,518003,519052]
[700,90,130263,130896]
[701,16,376024,376199]
[702,228,119805,120864]
[703,106,123502,124091]
[704,44,134541,134759]
[705,118,576924,578311]
[706,64,509580,510597]
[707,265,598902,597524]
[708,70,633963,634545]
[709,259,154562,153667]
[710,225,525479,525193]
[711,108,703353,703466]
[712,202,465227,466190]
[713,59,295642,294984]
[714,72,299133,300161]
[715,189,329923,329256]
[716,14,194243,195708]
[717,99,171305,170332]
[718,257,287212,286974]
[719,222,200996,201881]
[720,26,173324,173754]
[721,131,157994,156714]
[722,116,183902,184963]
[723,34,195227,195968]
[724,140,656242,656695]
[725,255,85322,84058]
[726,269,548121,547066]
[727,156,302583,303033]
[728,132,549376,550274]
[729,238,186910,186990]
[730,55,666191,664933]
[731,204,476123,476352]
[732,262,312093,312146]
[733,29,391651,391253]
[734,256,39479,39513]
[735,185,93385,93041]
[736,236,109804,110647]
[737,198,297046,297553]
[738,132,619062,619493]
[739,23,355153,354036]
[740,5,171591,170775]
[741,120,273399,274028]
[742,230,481917,482711]
[743,179,601510,601429]
[744,110,548289,548562]
[745,65,87369,86963]
[746,67,589653,589511]
[747,164,572497,573438]
[748,33,121636,120806]
[749,66,448628,450116]
[750,60,36372,37311]
[751,129,273879,273233]
[752,135,662225,661920]
[753,183,171192,171125]
[754,125,659723,658475]
[755,222,291836,291883]
[756,178,262628,263264]
[757,212,40238,40686]
[758,152,617470,618142]
[759,185,259152,258190]
[760,169,690553,689762]
[761,223,170729,169466]
[762,131,684654,683420]
[763,101,180900,180463]
[764,138,590821,591857]
[765,28,527697,528474]
[766,215,226951,226390]
[767,150,585176,586530]
[768,143,572419,572198]
[769,42,535457,536955]
[770,36,313797,314443]
[771,102,650729,652147]
[772,210,32478,33593]
[773,115,214789,214084]
[774,215,82299,81909]
[775,94,630604,631329]
[776,144,370541,371452]
[777,24,256553,257641]
[778,254,594739,595519]
[779,259,476616,476149]
[780,222,54891,56093]
[781,207,274917,273672]
[782,229,207322,206791]
[783,194,410278,411605]
[784,123,337881,336933]
[785,85,182154,180742]
[786,59,2685,1824]
[787,225,618135,617164]
[788,67,629092,628563]
[789,235,139453,138603]
[790,123,8124,6989]
[791,276,321402,322757]
[792,70,557405,558358]
[793,188,254889,256057]
[794,266,85882,86807]
[795,85,88703,88318]
[796,164,107945,109160]
[797,242,352233,352667]
[798,146,264590,265216]
[799,189,710179,709981]
[800,153,563057,562522]
[801,110,628079,629130]
[802,150,612123,612340]
[803,197,625285,624562]
[804,205,414525,413694]
[805,221,173218,173018]
[806,236,42798,42840]
[807,224,340722,341821]
[808,55,144535,144301]
[809,142,239493,239547]
[810,165,699789,699752]
[811,171,448315,446876]
[812,177,12986,11631]
[813,83,19696,18598]
[814,54,610846,610915]
[815,263,441642,441329]
[816,261,652292,650948]
[817,101,710780,709972]
[818,80,412032,412097]
[819,115,355263,355039]
[820,136,544732,546004]
[821,121,277460,277064]
[822,100,74358,75669]
[823,214,600529,601459]
[824,81,260699,259347]
[825,201,308959,308383]
[826,234,501628,502167]
[827,34,346537,346586]
[828,201,266381,265946]
[829,37,190035,188813]
[830,202,90697,91863]
[831,89,653658,652603]
[832,6,314352,315307]
[833,19,665504,665172]
[834,64,9858,10748]
[835,253,724062,723799]
[836,38,6154,6715]
[837,162,356274,357239]
[838,41,8823,8194]
[839,201,407073,405755]
[840,79,458325,457517]
[841,258,467818,468550]
[842,57,490196,489358]
[843,177,300602,299185]
[844,189,557665,557557]
[845,167,612782,612085]
[846,183,144193,144051]
[847,4,395772,396455]
[848,149,396594,395840]
[849,264,691264,691482]
[850,58,362107,363208]
[851,234,11217,11385]
[852,166,68399,69779]
[853,105,595817,595699]
[854,3,109306,108003]
[855,120,59732,60883]
[856,51,618431,618254]
[857,153,139157,138140]
[858,139,491524,491044]
[859,61,38449,37826]
[860,27,707048,706709]
[861,207,377344,376492]
[862,73,375113,374547]
[863,50,88836,89178]
[864,72,224820,225695]
[865,148,695392,696519]
[866,54,402004,403124]
[867,123,100061,99499]
[868,68,184450,184566]
[869,22,18069,19050]
[870,163,270565,269172]
[871,102,580165,580319]
[872,98,296932,298037]
[873,134,718872,720114]
[874,32,635364,635969]
[875,166,558089,559308]
[876,110,93913,94523]
[877,54,349767,350516]
[878,197,71185,69935]
[879,236,633916,634770]
[880,136,109045,110282]
[881,205,71954,71160]
[882,186,313626,313861]
[883,159,688559,688143]
[884,272,403112,403901]
[885,239,519768,518893]
[886,268,35957,36205]
[887,61,611537,611015]
[888,138,663668,663874]
[889,251,468262,466967]
[890,85,534467,533540]
[891,265,340266,339719]
[892,182,712630,713657]
[893,118,238154,239061]
[894,39,48800,48766]
[895,180,253874,254319]
[896,221,187283,186839]
[897,214,590143,590608]
[898,36,280348,281621]
[899,161,122183,120873]
[900,91,354101,352639]
[901,209,71330,70793]
[902,269,286035,285435]
[903,255,326818,326705]
[904,31,564490,563516]
[905,189,109555,108141]
[906,157,436624,435563]
[907,260,116446,116753]
[908,228,264451,265840]
[909,86,277949,278301]
[910,57,269314,269140]
[911,154,137111,137492]
[912,248,620175,621093]
[913,143,455793,455033]
[914,195,221002,220136]
[915,158,261855,261979]
[916,132,130658,131297]
[917,109,434907,434210]
[918,228,249485,250436]
[919,64,198652,199500]
[920,236,485488,486386]
[921,55,53033,51668]
[922,260,482957,484358]
[923,104,373227,373266]
[924,71,647240,647118]
[925,7,177279,176645]
[926,31,533336,531951]
[927,3,438213,437679]
[928,86,634331,635564]
[929,262,537237,538615]
[930,129,387371,386800]
[931,251,572174,571087]
[932,256,357157,357709]
[933,169,36598,35374]
[934,62,352877,353867]
[935,129,354269,353800]
[936,139,244498,243080]
[937,76,242439,242725]
[938,54,277378,277940]
[939,5,712554,711640]
[940,24,390540,391040]
[941,16,185679,186816]
[942,109,586352,585011]
[943,40,15797,16916]
[944,87,124343,123291]
[945,241,118041,116549]
[946,20,497787,498079]
[947,123,577600,576668]
[948,153,349391,347916]
[949,267,20916,19723]
[950,132,23404,23688]
[951,267,722630,722396]
[952,217,280642,279442]
[953,177,522174,521665]
[954,183,629182,628508]
[955,262,566344,567823]
[956,241,488005,486691]
[957,147,728680,727388]
[958,155,288409,287533]
[959,216,479685,481064]
[960,236,187263,188311]
[961,180,353301,353835]
[962,185,723048,722492]
[963,83,500343,499453]
[964,88,621331,621404]
[965,74,90389,91265]
[966,23,504635,503982]
[967,64,27957,29287]
[968,23,656796,655547]
[969,112,295199,295911]
[970,101,502898,501944]
[971,262,551742,552754]
[972,100,377255,377751]
[973,64,93618,94976]
[974,190,85036,86036]
[975,247,158764,157606]
[976,216,46139,47527]
[977,206,547027,548478]
[978,242,183274,183436]
[979,55,703877,702416]
[980,188,534731,535519]
[981,253,713467,713093]
[982,86,203482,203653]
[983,16,471647,472987]
[984,227,57812,56685]
[985,207,716861,716399]
[986,41,88648,88567]
[987,208,327943,329418]
[988,185,489564,489408]
[989,202,728942,729578]
[990,209,91035,90626]
[991,1,335660,334818]
[992,81,640325,639586]
[993,21,426976,426377]
[994,34,253772,254001]
[995,218,361628,362480]
[996,213,319345,318466]
[997,252,545540,546459]
[998,19,208660,208336]
[999,117,23738,22677]
[1000,255,726720,726345]
