["head":"wrap","lpos","status"]
[151,171623,0]
["io count"]
[105]
["io":"id","wrap","startLpos","endLpos"]
[1,223,621692,621261]
[2,128,47770,49078]
[3,14,109893,110912]
[4,251,215246,214657]
[5,203,581101,580084]
[6,2,455781,456089]
[7,23,35290,33992]
[8,117,643382,642627]
[9,160,182723,183871]
[10,117,659840,659007]
[11,83,452149,451485]
[12,269,254556,254259]
[13,55,387808,386802]
[14,180,356976,357569]
[15,107,520080,519073]
[16,117,607788,607074]
[17,228,329672,330133]
[18,93,177781,177748]
[19,215,6374,6173]
[20,247,286855,285977]
[21,28,650975,652137]
[22,229,333581,333245]
[23,137,406487,406237]
[24,104,334608,335040]
[25,250,487278,487505]
[26,100,274260,274635]
[27,165,556203,555745]
[28,215,499083,497658]
[29,220,337478,338063]
[30,257,719902,719690]
[31,80,76756,76974]
[32,127,594346,593711]
[33,69,123025,121781]
[34,228,569711,571096]
[35,70,390064,390943]
[36,40,192296,193744]
[37,110,487972,489032]
[38,135,32549,31446]
[39,67,305097,304698]
[40,66,37067,37599]
[41,204,40376,41494]
[42,105,144770,143484]
[43,55,605620,604654]
[44,175,689045,688338]
[45,30,451863,452004]
[46,174,162958,163499]
[47,42,381842,382106]
[48,172,546023,547086]
[49,127,499698,498944]
[50,108,461312,461791]
[51,20,169540,170504]
[52,128,449269,450597]
[53,210,73302,73566]
[54,52,371041,371765]
[55,190,423447,424581]
[56,254,621959,623218]
[57,169,406825,406127]
[58,240,562428,563511]
[59,90,645736,647163]
[60,19,299783,298928]
[61,25,570659,570589]
[62,81,307701,306552]
[63,6,595572,596596]
[64,70,522002,522127]
[65,268,702506,703815]
[66,277,553798,553258]
[67,31,233785,232686]
[68,30,308774,310043]
[69,127,548928,548620]
[70,51,488437,487598]
[71,156,578522,579601]
[72,222,482640,482967]
[73,36,711803,712892]
[74,119,136754,135682]
[75,230,663783,664269]
[76,247,509984,508646]
[77,6,274442,274799]
[78,223,223951,222528]
[79,228,696105,696983]
[80,129,261108,260208]
[81,57,721999,721931]
[82,139,21381,20529]
[83,230,515943,516010]
[84,117,512205,511230]
[85,246,719885,721244]
[86,101,358311,357626]
[87,119,529299,528020]
[88,178,683846,684610]
[89,198,368817,369798]
[90,259,545856,544732]
[91,45,37503,37073]
[92,42,668753,669689]
[93,236,361119,362592]
[94,60,534036,534687]
[95,270,360930,361009]
[96,189,493265,491811]
[97,24,297744,298065]
[98,122,276611,278078]
[99,97,295775,294687]
[100,251,87574,86293]
[101,56,535844,536000]
[102,58,196485,197334]
[103,86,12452,13302]
[104,91,518920,517630]
[105,70,470602,470783]
