["head":"wrap","lpos","status"]
[254,11253,0]
["io count"]
[1050]
["io":"id","wrap","startLpos","endLpos"]
[1,27,243902,243854]
[2,231,460550,460332]
[3,0,475516,475794]
[4,112,59375,60285]
[5,122,490321,491221]
[6,109,106837,105448]
[7,58,249380,249791]
[8,98,213470,214726]
[9,45,371980,370602]
[10,151,320498,319390]
[11,85,349322,349137]
[12,19,202886,202643]
[13,229,635909,634812]
[14,12,370858,371200]
[15,112,239012,240499]
[16,222,425869,426216]
[17,218,240104,241382]
[18,94,92225,92862]
[19,81,306919,306707]
[20,169,433347,432026]
[21,144,689535,690392]
[22,224,337754,337933]
[23,51,712960,712698]
[24,55,472316,471830]
[25,14,671429,671835]
[26,251,168244,167345]
[27,216,181225,181673]
[28,60,275205,276636]
[29,77,339782,339542]
[30,84,214716,215020]
[31,156,352184,353047]
[32,245,575309,574093]
[33,164,58044,58250]
[34,74,392938,393680]
[35,62,63175,63472]
[36,264,520641,522036]
[37,17,276114,274646]
[38,197,528963,527908]
[39,62,641242,641471]
[40,247,728320,728168]
[41,119,68883,67588]
[42,137,43779,43365]
[43,235,584046,583285]
[44,101,284134,284049]
[45,63,249547,249031]
[46,90,221942,222963]
[47,237,193341,191987]
[48,185,674736,674683]
[49,263,231455,230767]
[50,59,249931,248470]
[51,139,492346,491910]
[52,178,663817,663891]
[53,139,606024,604663]
[54,271,395468,394552]
[55,40,559294,559989]
[56,171,537313,536124]
[57,201,183355,182645]
[58,64,622864,623426]
[59,172,163577,164243]
[60,134,625129,625949]
[61,199,383292,382201]
[62,272,713355,713965]
[63,108,685880,686711]
[64,52,444725,445762]
[65,131,208266,207101]
[66,4,385294,385524]
[67,29,95443,94090]
[68,139,231202,230467]
[69,78,202647,203841]
[70,142,239328,239596]
[71,49,388227,386918]
[72,65,730837,730479]
[73,138,90577,91888]
[74,197,480209,479011]
[75,239,61553,60110]
[76,204,233765,234547]
[77,67,52203,50924]
[78,182,391594,392921]
[79,241,547538,547024]
[80,214,320022,321081]
[81,55,493841,493572]
[82,61,269437,268181]
[83,266,453101,454574]
[84,118,283421,284825]
[85,273,595941,594445]
[86,272,467019,467492]
[87,12,688080,688695]
[88,277,214900,213744]
[89,99,290848,289912]
[90,200,687329,688790]
[91,243,619896,618708]
[92,23,184517,183509]
[93,114,697871,698031]
[94,186,619826,620518]
[95,218,153859,153987]
[96,49,202899,202859]
[97,253,546774,546641]
[98,187,199520,198937]
[99,134,322560,322955]
[100,159,679193,678249]
[101,190,506882,508057]
[102,203,174681,173474]
[103,26,163075,164037]
[104,209,163255,162532]
[105,115,268874,267442]
[106,65,142382,142040]
[107,44,599146,600299]
[108,274,581853,582301]
[109,226,171695,173001]
[110,133,212474,211819]
[111,117,499597,499136]
[112,254,85586,86647]
[113,259,638129,636963]
[114,249,64475,63638]
[115,268,528793,529678]
[116,74,282997,284245]
[117,95,506417,506024]
[118,199,223078,221925]
[119,116,91152,92461]
[120,118,479862,480268]
[121,233,49614,48447]
[122,90,314382,315801]
[123,204,66575,67089]
[124,6,574296,574632]
[125,21,641771,641201]
[126,219,384973,384811]
[127,70,310115,311109]
[128,53,399242,398713]
[129,143,212946,211780]
[130,12,644050,645339]
[131,5,705631,704185]
[132,277,381246,380044]
[133,236,56476,57580]
[134,188,128747,130070]
[135,243,577649,577063]
[136,112,92623,93712]
[137,89,559559,558594]
[138,149,222362,222133]
[139,64,473433,474869]
[140,247,369021,368295]
[141,136,181397,181877]
[142,257,713311,711933]
[143,53,27279,26997]
[144,133,357634,357377]
[145,148,713620,713769]
[146,133,656082,655180]
[147,220,35405,36373]
[148,129,137406,137361]
[149,195,560022,559045]
[150,14,212601,212986]
[151,80,360465,360812]
[152,215,523554,522871]
[153,123,240810,240382]
[154,77,507811,507004]
[155,88,696140,697546]
[156,104,147596,148597]
[157,161,380349,378860]
[158,46,326293,327051]
[159,128,111622,112050]
[160,98,532578,533289]
[161,167,450001,449037]
[162,271,471200,470317]
[163,24,23170,23586]
[164,160,134208,135401]
[165,61,95639,95123]
[166,253,345316,343931]
[167,77,666621,665350]
[168,269,233745,233528]
[169,225,367857,367368]
[170,190,423125,423368]
[171,19,208569,207658]
[172,43,476488,476345]
[173,103,100726,100540]
[174,140,1561,1917]
[175,159,232671,231766]
[176,5,357680,356569]
[177,242,37732,38701]
[178,230,103934,104541]
[179,24,52365,52962]
[180,170,641394,642801]
[181,187,220373,219165]
[182,85,627740,627255]
[183,229,599273,599235]
[184,257,76950,76728]
[185,181,590190,589539]
[186,138,382023,383443]
[187,115,72195,71648]
[188,209,13324,12516]
[189,40,132927,133741]
[190,209,557695,556246]
[191,97,122167,121641]
[192,151,505137,503672]
[193,153,470862,470824]
[194,223,188826,187912]
[195,204,394066,394398]
[196,189,5647,4931]
[197,258,35123,35824]
[198,269,356980,355997]
[199,272,137173,138498]
[200,50,151106,152107]
[201,33,81454,81334]
[202,153,443460,442484]
[203,49,275662,275174]
[204,278,713074,714037]
[205,231,706984,705677]
[206,256,451154,452006]
[207,67,573460,573369]
[208,264,312289,312356]
[209,213,579998,578642]
[210,154,642679,644020]
[211,122,656426,656676]
[212,181,439334,439129]
[213,189,562381,561011]
[214,238,277050,277276]
[215,113,542150,540707]
[216,257,699845,698577]
[217,56,584837,585308]
[218,92,529609,530050]
[219,233,365892,364771]
[220,229,506821,505761]
[221,222,678741,678946]
[222,197,260075,259864]
[223,27,262043,260893]
[224,209,203833,203340]
[225,245,645486,644891]
[226,58,566887,567298]
[227,180,326359,327262]
[228,100,530704,531766]
[229,162,241586,241726]
[230,251,225746,224366]
[231,267,598752,597276]
[232,244,175430,175488]
[233,242,551313,551827]
[234,4,229832,230059]
[235,149,270649,269504]
[236,190,15271,16711]
[237,1,124748,123783]
[238,70,243510,244694]
[239,252,572091,572232]
[240,42,233271,234573]
[241,17,220443,219141]
[242,112,108867,110010]
[243,17,117688,116339]
[244,257,150304,149073]
[245,73,22652,22272]
[246,244,14449,15424]
[247,180,288579,288708]
[248,65,524222,524045]
[249,158,207813,208151]
[250,78,519824,521307]
[251,170,674130,675069]
[252,205,512351,512084]
[253,122,98860,99222]
[254,276,439443,439760]
[255,162,415713,416928]
[256,138,621570,622813]
[257,239,316662,315847]
[258,196,62772,63596]
[259,56,486780,488060]
[260,22,523103,523706]
[261,67,611192,610340]
[262,238,413248,414076]
[263,174,611880,612428]
[264,8,673382,674835]
[265,28,110942,112133]
[266,187,628168,627454]
[267,73,83565,82185]
[268,105,255854,254470]
[269,132,355684,356460]
[270,13,353502,352017]
[271,1,426313,425815]
[272,44,11822,12005]
[273,113,109557,108986]
[274,41,160007,158804]
[275,277,98186,98104]
[276,133,456896,455899]
[277,66,6699,6876]
[278,25,668055,667238]
[279,171,703722,703274]
[280,113,326683,325735]
[281,232,484357,485326]
[282,215,176877,176119]
[283,34,219578,220502]
[284,173,387258,386850]
[285,65,196594,195490]
[286,107,464246,463984]
[287,279,277110,275829]
[288,255,392752,392065]
[289,237,618336,618198]
[290,17,354736,354111]
[291,63,305584,304906]
[292,203,566007,564974]
[293,109,377614,377290]
[294,102,536071,536238]
[295,177,533293,532219]
[296,230,346181,346473]
[297,26,177992,178649]
[298,113,198243,197511]
[299,114,606951,607245]
[300,252,173135,173534]
[301,161,249422,249146]
[302,195,121481,121072]
[303,153,711231,710408]
[304,147,409368,408024]
[305,129,120657,120386]
[306,33,402015,401429]
[307,176,432218,433114]
[308,23,407936,407751]
[309,106,356559,357954]
[310,269,173415,172863]
[311,65,587619,586972]
[312,27,337514,336097]
[313,27,471735,470799]
[314,210,81684,82633]
[315,56,75440,76328]
[316,212,251451,251636]
[317,148,465234,466612]
[318,37,340837,339468]
[319,124,154684,154802]
[320,123,273759,272998]
[321,224,35988,36997]
[322,111,136842,135821]
[323,168,575512,576280]
[324,137,393993,393853]
[325,271,419567,419411]
[326,210,16518,17720]
[327,48,641008,642195]
[328,258,608676,609801]
[329,82,346450,347028]
[330,144,404103,404431]
[331,177,81927,81723]
[332,187,650157,650100]
[333,128,340224,341127]
[334,93,81809,81252]
[335,88,509348,509573]
[336,203,236183,235307]
[337,4,587973,588898]
[338,42,130635,131908]
[339,43,281762,281410]
[340,170,397683,398241]
[341,239,181095,180901]
[342,185,725732,724410]
[343,149,190520,190407]
[344,237,486025,485718]
[345,244,244963,245301]
[346,215,542680,541380]
[347,101,711925,711008]
[348,174,279133,280483]
[349,228,24229,24502]
[350,252,51864,51968]
[351,187,208392,207179]
[352,172,699326,700516]
[353,40,576076,577485]
[354,150,697846,698383]
[355,76,515722,515988]
[356,266,243789,245176]
[357,26,581955,583139]
[358,74,360559,361831]
[359,48,539685,540422]
[360,238,222351,222694]
[361,257,628577,627168]
[362,204,705525,706643]
[363,195,247429,246126]
[364,254,34324,35455]
[365,3,210598,210527]
[366,60,297080,298413]
[367,55,203415,202160]
[368,93,418501,417571]
[369,261,374644,373660]
[370,21,25118,24170]
[371,247,515281,514324]
[372,123,111525,110323]
[373,163,670168,668920]
[374,60,99814,100248]
[375,65,515134,514273]
[376,277,242091,241105]
[377,148,258434,259932]
[378,189,635251,633874]
[379,77,81032,80604]
[380,196,206290,206704]
[381,71,263565,263074]
[382,99,489623,488928]
[383,152,564022,565009]
[384,42,182949,183347]
[385,108,576705,576940]
[386,120,39038,40373]
[387,134,352812,354252]
[388,188,422250,422701]
[389,39,524482,523346]
[390,72,329451,330112]
[391,94,136531,136831]
[392,106,74122,74338]
[393,31,101852,100459]
[394,191,44626,44294]
[395,186,672259,672498]
[396,207,161060,160463]
[397,12,159865,160701]
[398,223,448854,448141]
[399,91,522234,522160]
[400,133,692885,692787]
[401,152,18240,19270]
[402,274,366914,367568]
[403,232,717938,718801]
[404,6,672147,672411]
[405,135,42969,42734]
[406,259,100825,99515]
[407,276,676947,677833]
[408,206,345792,346400]
[409,34,33179,33637]
[410,84,635626,635699]
[411,125,66942,65978]
[412,75,683105,682127]
[413,263,207788,206756]
[414,4,583116,584072]
[415,31,721090,720733]
[416,109,87502,86809]
[417,69,467388,466955]
[418,21,53762,52512]
[419,103,98526,98357]
[420,56,553374,554089]
[421,121,671531,670321]
[422,18,196299,196832]
[423,96,273463,274130]
[424,60,58936,59460]
[425,204,321495,322955]
[426,190,388164,389367]
[427,25,571680,570726]
[428,182,302612,303680]
[429,19,313721,312958]
[430,164,589999,590337]
[431,33,489743,488392]
[432,127,495526,495067]
[433,258,351995,353291]
[434,207,266902,265734]
[435,183,420478,420280]
[436,245,52081,50684]
[437,79,428801,427499]
[438,249,590622,589298]
[439,129,256684,256450]
[440,191,627087,626229]
[441,127,528331,527950]
[442,113,453368,452224]
[443,178,87927,88190]
[444,33,497550,496796]
[445,203,116995,116556]
[446,88,174302,174844]
[447,155,581260,580080]
[448,42,271464,271618]
[449,87,565710,564451]
[450,94,342470,343226]
[451,192,326128,327107]
[452,269,552616,551177]
[453,46,239816,240012]
[454,83,276874,275497]
[455,146,272366,273735]
[456,3,706245,705823]
[457,265,613353,612925]
[458,61,692510,691136]
[459,116,569466,570192]
[460,230,23590,23857]
[461,204,165092,165623]
[462,83,593303,591821]
[463,253,141627,140160]
[464,268,481655,483023]
[465,276,498473,498970]
[466,266,646683,647289]
[467,118,128277,128518]
[468,58,665081,665451]
[469,8,220584,221886]
[470,155,394200,393088]
[471,19,528956,527647]
[472,254,266461,266982]
[473,212,4015,4207]
[474,66,279661,280301]
[475,170,186551,186819]
[476,87,726367,725423]
[477,261,277359,276577]
[478,0,709803,711259]
[479,85,665698,664961]
[480,151,372206,371886]
[481,183,3731,2683]
[482,260,728229,728522]
[483,72,248525,249844]
[484,59,574983,574163]
[485,149,407990,406544]
[486,108,250882,252094]
[487,94,531250,532442]
[488,263,624888,623884]
[489,169,275156,274320]
[490,45,119119,118197]
[491,46,388826,390133]
[492,258,482082,483066]
[493,234,242334,242817]
[494,260,664418,664726]
[495,188,612804,613506]
[496,14,654140,655357]
[497,276,122309,122388]
[498,227,127749,126610]
[499,234,292012,292625]
[500,142,386782,388199]
[501,48,243998,244111]
[502,121,236767,235556]
[503,191,210725,209307]
[504,125,679027,677652]
[505,8,495779,495830]
[506,143,550352,549440]
[507,252,137870,139319]
[508,209,548004,547068]
[509,37,374905,373438]
[510,279,153613,153247]
[511,3,14941,14340]
[512,21,181967,181354]
[513,37,11685,11188]
[514,101,132922,132019]
[515,195,715764,714700]
[516,189,99493,98033]
[517,239,659061,658509]
[518,77,600645,600048]
[519,77,148227,147660]
[520,102,529122,530271]
[521,231,537888,537447]
[522,241,669030,668525]
[523,213,242474,242380]
[524,34,642324,643162]
[525,184,263245,264636]
[526,21,683828,682593]
[527,71,123085,122767]
[528,98,83297,83919]
[529,256,447023,448403]
[530,216,594466,594925]
[531,224,91342,91795]
[532,155,486452,485473]
[533,277,91356,91024]
[534,188,379140,380376]
[535,166,489151,489500]
[536,102,430825,432075]
[537,259,727852,727488]
[538,39,723005,721892]
[539,272,206166,206599]
[540,9,191569,190575]
[541,89,686756,685694]
[542,178,688396,688768]
[543,205,48240,47169]
[544,212,37473,38174]
[545,143,638375,637208]
[546,202,446425,446621]
[547,83,117759,116308]
[548,5,219874,218756]
[549,84,521952,522917]
[550,148,6182,7238]
[551,18,350224,350466]
[552,168,578607,579892]
[553,131,692186,691089]
[554,232,602260,602905]
[555,132,53691,53856]
[556,224,398043,399265]
[557,18,613599,613663]
[558,19,598074,597864]
[559,101,601852,601535]
[560,105,599580,598940]
[561,237,588005,586700]
[562,71,600420,599949]
[563,191,546360,545822]
[564,165,704036,703128]
[565,259,392185,391454]
[566,70,516950,517854]
[567,36,673882,674981]
[568,193,194484,193446]
[569,198,133516,134225]
[570,16,331544,331970]
[571,16,32333,32406]
[572,140,143629,144795]
[573,87,250768,250584]
[574,37,379354,378916]
[575,209,38521,38446]
[576,46,606398,607704]
[577,125,458453,458018]
[578,265,225384,224046]
[579,67,590079,589559]
[580,70,92219,92701]
[581,16,649536,650460]
[582,72,259692,260050]
[583,32,646029,647232]
[584,148,18254,18355]
[585,245,131548,130092]
[586,158,383868,385363]
[587,89,435208,434630]
[588,206,155445,156503]
[589,75,165928,165037]
[590,151,330728,330282]
[591,64,646175,646690]
[592,46,395727,396068]
[593,90,467792,468268]
[594,199,499805,498692]
[595,1,64983,64209]
[596,116,325818,326765]
[597,232,688767,690012]
[598,150,224745,226131]
[599,271,152512,151034]
[600,199,280413,279232]
[601,105,256072,256020]
[602,82,512696,513640]
[603,42,219885,220222]
[604,206,552701,553954]
[605,179,621057,620404]
[606,33,620518,620273]
[607,193,499732,498857]
[608,118,237304,237558]
[609,91,672042,670808]
[610,278,503564,504757]
[611,138,79815,80551]
[612,188,247631,248142]
[613,272,230973,231467]
[614,12,173276,173408]
[615,243,699648,698190]
[616,200,427957,428802]
[617,84,602483,603905]
[618,210,252399,253513]
[619,123,584691,583747]
[620,110,82746,84166]
[621,144,535337,535848]
[622,110,387518,388336]
[623,46,418738,419330]
[624,6,278063,279171]
[625,155,624459,623718]
[626,83,515858,515044]
[627,191,204692,204386]
[628,209,92199,91684]
[629,4,687301,688511]
[630,238,410745,411156]
[631,12,714673,715809]
[632,193,33266,32766]
[633,107,609920,609280]
[634,206,426832,427891]
[635,112,520900,521236]
[636,141,294926,294537]
[637,145,593008,591643]
[638,72,590896,591461]
[639,195,714385,713427]
[640,278,642174,643014]
[641,249,311265,309943]
[642,87,164528,164198]
[643,261,250097,248864]
[644,80,721439,722795]
[645,52,693201,693291]
[646,213,416654,416163]
[647,73,278486,277313]
[648,132,399401,400417]
[649,77,523980,522570]
[650,131,542811,542728]
[651,216,712469,713577]
[652,267,495565,495432]
[653,5,127869,126965]
[654,186,269556,269714]
[655,32,178426,179700]
[656,64,30198,30780]
[657,220,615605,616784]
[658,197,142880,141661]
[659,76,403229,404438]
[660,24,549733,550919]
[661,63,330557,329841]
[662,177,129510,128204]
[663,67,5047,4999]
[664,267,179979,179224]
[665,252,109527,109939]
[666,8,307020,307513]
[667,219,630080,629720]
[668,225,205105,203894]
[669,126,183718,184922]
[670,21,493356,492199]
[671,128,111608,112458]
[672,33,689963,689622]
[673,80,58537,59096]
[674,167,22110,22076]
[675,46,521893,522222]
[676,105,699656,698547]
[677,263,662919,661502]
[678,15,306018,305712]
[679,233,641495,639996]
[680,163,100748,99957]
[681,147,124339,123593]
[682,143,285014,283582]
[683,195,724254,722815]
[684,33,538772,538005]
[685,87,117817,116328]
[686,166,139661,140722]
[687,3,412499,411225]
[688,262,234272,234589]
[689,33,386377,385505]
[690,29,509252,507882]
[691,227,657862,657772]
[692,25,94947,94326]
[693,231,210371,209889]
[694,44,499110,499877]
[695,144,528492,528786]
[696,0,329023,330159]
[697,200,508480,508837]
[698,18,100437,101907]
[699,238,50704,51371]
[700,241,15654,15573]
[701,233,272836,272214]
[702,261,481932,480746]
[703,108,213817,214932]
[704,120,176848,177875]
[705,97,360286,359243]
[706,198,144975,145262]
[707,151,531964,530585]
[708,31,441212,440096]
[709,94,479416,480359]
[710,256,626156,626805]
[711,99,189583,188930]
[712,73,348372,347328]
[713,9,120345,119557]
[714,245,506498,505993]
[715,249,289131,287976]
[716,20,701176,702037]
[717,197,398395,398077]
[718,197,343163,343091]
[719,187,437800,437436]
[720,56,363402,364548]
[721,113,75170,74139]
[722,106,655375,655468]
[723,175,28484,27449]
[724,91,127522,126310]
[725,202,175069,176004]
[726,41,301892,300631]
[727,129,273108,272568]
[728,222,152279,153164]
[729,60,283691,284547]
[730,59,29328,28118]
[731,107,68589,68033]
[732,224,571293,571767]
[733,110,601725,602812]
[734,3,506419,505302]
[735,254,390519,391121]
[736,35,681495,681222]
[737,37,211385,211118]
[738,163,669262,668852]
[739,163,370742,370363]
[740,159,2040,1013]
[741,14,441094,442427]
[742,59,590626,589813]
[743,76,497461,498377]
[744,185,367230,366964]
[745,164,12701,12999]
[746,192,183906,184603]
[747,223,571591,570269]
[748,35,180665,179430]
[749,6,720484,720760]
[750,47,549863,548526]
[751,177,179442,178823]
[752,192,335152,336631]
[753,217,6736,5968]
[754,76,670910,671443]
[755,100,138868,140142]
[756,32,318100,318722]
[757,53,494281,493152]
[758,250,98724,99867]
[759,4,402223,403318]
[760,259,442800,442021]
[761,147,265963,265470]
[762,262,45676,47173]
[763,26,294635,295354]
[764,168,573389,573535]
[765,1,435665,434689]
[766,278,607053,608380]
[767,197,498546,497239]
[768,145,125369,124595]
[769,29,12379,11445]
[770,228,453129,453915]
[771,271,422483,421214]
[772,237,274877,274082]
[773,275,58873,58635]
[774,2,13374,13950]
[775,59,484950,483525]
[776,215,476762,475736]
[777,96,627969,629225]
[778,241,203618,202735]
[779,16,117035,117644]
[780,77,324334,323419]
[781,213,559934,559716]
[782,190,533875,534551]
[783,268,700930,701914]
[784,109,345548,344414]
[785,230,176936,178414]
[786,257,355334,354614]
[787,197,398498,397861]
[788,240,260013,260604]
[789,171,634411,633941]
[790,40,636746,636971]
[791,266,482746,483198]
[792,227,280737,279674]
[793,141,407403,407359]
[794,205,463259,462107]
[795,118,424449,425023]
[796,169,475589,475105]
[797,49,194114,193315]
[798,114,512391,513586]
[799,53,140123,139000]
[800,97,146986,146615]
[801,8,526896,527890]
[802,225,706239,705074]
[803,110,701541,701623]
[804,169,534436,533330]
[805,251,258761,258674]
[806,37,384163,382703]
[807,29,646177,644797]
[808,92,55348,56131]
[809,225,553068,552188]
[810,279,575600,574715]
[811,53,80474,79057]
[812,212,160981,161158]
[813,194,615458,615866]
[814,59,412845,412355]
[815,28,187377,188165]
[816,263,227549,226319]
[817,126,121093,121196]
[818,50,165961,166988]
[819,134,180220,181241]
[820,164,326656,327456]
[821,79,150037,149758]
[822,201,312596,311291]
[823,266,522476,523071]
[824,202,522755,524059]
[825,105,659521,658472]
[826,172,283676,283864]
[827,1,201727,200385]
[828,121,191353,190012]
[829,157,227802,226613]
[830,192,459026,460407]
[831,144,85460,86497]
[832,31,314370,313932]
[833,183,655296,655231]
[834,158,400656,401925]
[835,167,556450,555680]
[836,107,519163,518005]
[837,154,159218,159602]
[838,168,659634,660083]
[839,64,607767,609044]
[840,84,392151,393253]
[841,203,593657,593447]
[842,124,86375,87870]
[843,259,96780,95575]
[844,77,675411,674271]
[845,33,51689,50255]
[846,223,593305,592692]
[847,198,2449,3673]
[848,107,122942,122652]
[849,6,603527,603796]
[850,44,66743,67473]
[851,202,67727,68259]
[852,124,41726,42246]
[853,185,182160,180957]
[854,125,632905,632282]
[855,234,165882,167130]
[856,49,278078,277008]
[857,176,451990,453181]
[858,86,675060,675958]
[859,211,333313,332380]
[860,184,260017,260748]
[861,205,43202,41822]
[862,94,586079,586555]
[863,250,144447,145708]
[864,245,234610,233406]
[865,67,226311,226064]
[866,130,341270,342559]
[867,119,673855,672641]
[868,96,397207,398209]
[869,138,461892,462725]
[870,234,329856,331067]
[871,4,65713,66152]
[872,181,236128,235989]
[873,68,597347,597837]
[874,7,461069,460798]
[875,229,600719,600378]
[876,139,129703,129620]
[877,147,721968,721599]
[878,168,371501,372858]
[879,164,68613,69557]
[880,25,657752,656873]
[881,237,548061,547618]
[882,139,7168,6257]
[883,266,405023,405163]
[884,95,381444,380982]
[885,129,176139,175421]
[886,257,591330,590570]
[887,116,672008,672707]
[888,68,184143,185219]
[889,93,529516,528703]
[890,112,94061,95389]
[891,235,334802,334435]
[892,195,332588,332524]
[893,131,462569,461980]
[894,60,510631,511164]
[895,76,88260,88738]
[896,54,482440,483904]
[897,190,4769,5982]
[898,22,317077,317129]
[899,241,621324,620222]
[900,4,387340,388525]
[901,246,50611,51260]
[902,157,152348,152076]
[903,102,431885,432443]
[904,230,412179,412549]
[905,233,513448,513142]
[906,83,43941,43370]
[907,137,247987,247594]
[908,241,261339,261113]
[909,272,147238,148064]
[910,48,339636,340101]
[911,235,43744,42905]
[912,73,340092,338932]
[913,185,476259,476114]
[914,127,168532,167725]
[915,250,362003,362315]
[916,130,40549,41393]
[917,70,85515,86052]
[918,176,565041,566395]
[919,257,331654,330522]
[920,175,204105,203025]
[921,245,728444,728187]
[922,3,349598,348827]
[923,13,214703,213236]
[924,177,286281,286086]
[925,83,74978,73694]
[926,209,197790,196307]
[927,0,516099,516842]
[928,147,439747,438972]
[929,237,370242,370001]
[930,163,543500,542873]
[931,199,18573,18116]
[932,140,25931,27354]
[933,241,22166,22056]
[934,100,494785,494919]
[935,74,497930,499255]
[936,206,228240,229397]
[937,47,572146,571075]
[938,156,615755,616619]
[939,206,665360,665851]
[940,57,450124,448736]
[941,151,303314,302038]
[942,214,239746,241128]
[943,168,14571,15961]
[944,7,542300,541643]
[945,246,532107,533117]
[946,0,209646,210563]
[947,19,375048,374289]
[948,251,657460,656003]
[949,229,584917,584836]
[950,146,340782,342229]
[951,149,148057,146982]
[952,107,511777,510427]
[953,234,729844,730903]
[954,48,391061,391973]
[955,31,121988,120989]
[956,211,635527,635285]
[957,167,412037,411264]
[958,119,632889,632071]
[959,94,297640,298098]
[960,271,446463,445016]
[961,230,247478,248109]
[962,164,483434,484240]
[963,170,90698,91224]
[964,118,226289,227022]
[965,190,396544,397328]
[966,103,564536,564015]
[967,36,704959,705479]
[968,243,181862,181179]
[969,208,238569,239931]
[970,29,651387,650311]
[971,257,333563,332282]
[972,21,622547,622365]
[973,108,624532,624950]
[974,148,598821,599331]
[975,43,682212,681807]
[976,3,33312,33048]
[977,92,263740,264152]
[978,118,1714,1826]
[979,70,505595,506267]
[980,147,536492,535712]
[981,167,289939,289019]
[982,73,252204,251598]
[983,245,703546,702629]
[984,95,115213,113971]
[985,271,669784,669479]
[986,172,160310,160715]
[987,214,164850,165720]
[988,256,421949,422087]
[989,73,233350,232560]
[990,78,71186,72237]
[991,146,116308,116829]
[992,86,183588,184077]
[993,216,262583,264022]
[994,172,706436,706664]
[995,51,7423,7310]
[996,180,42743,43145]
[997,49,571986,571414]
[998,164,327225,328710]
[999,210,511083,512345]
[1000,255,629374,627892]
[1001,218,140077,140971]
[1002,140,607815,608713]
[1003,243,260973,260872]
[1004,66,103230,104102]
[1005,223,63328,62337]
[1006,167,120700,119803]
[1007,185,36740,35707]
[1008,1,67128,66802]
[1009,199,569086,567804]
[1010,9,704608,703369]
[1011,231,458381,457431]
[1012,92,97456,97785]
[1013,115,455339,455071]
[1014,78,167576,168461]
[1015,202,502766,503036]
[1016,41,486720,485797]
[1017,226,638641,639591]
[1018,221,91962,91236]
[1019,201,305541,305400]
[1020,223,302340,301638]
[1021,67,93697,92760]
[1022,154,659492,660030]
[1023,213,535962,534675]
[1024,211,605113,604822]
[1025,120,556387,557252]
[1026,33,703819,703095]
[1027,139,518698,518163]
[1028,30,637492,638880]
[1029,104,724019,724471]
[1030,8,39678,40554]
[1031,58,632504,633829]
[1032,39,237709,236720]
[1033,30,503783,504252]
[1034,88,131898,132229]
[1035,180,517549,518053]
[1036,237,438664,438230]
[1037,41,653532,652359]
[1038,183,610859,609576]
[1039,212,218797,218861]
[1040,51,509942,508543]
[1041,109,620532,619182]
[1042,35,601627,600421]
[1043,16,515712,516106]
[1044,145,338763,337436]
[1045,133,224659,224397]
[1046,58,175008,175400]
[1047,259,334316,332861]
[1048,267,655705,655533]
[1049,267,563472,562352]
[1050,177,386712,385233]
