["head":"wrap","lpos","status"]
[6,216637,0]
["io count"]
[110]
["io":"id","wrap","startLpos","endLpos"]
[1,123,406425,405804]
[2,234,204526,204855]
[3,270,673968,675266]
[4,54,15062,16098]
[5,31,677228,676823]
[6,267,275246,274858]
[7,104,562461,563364]
[8,49,527345,526228]
[9,107,463255,462311]
[10,4,161938,163075]
[11,161,657621,656990]
[12,126,233389,233488]
[13,180,661293,662726]
[14,123,557638,556225]
[15,36,121402,122103]
[16,96,397535,398679]
[17,197,32206,31704]
[18,4,204610,205611]
[19,23,641400,640540]
[20,126,341564,341720]
[21,108,4355,4776]
[22,26,92766,92923]
[23,271,407067,406041]
[24,76,42097,43186]
[25,263,100910,99522]
[26,165,502261,501532]
[27,174,15896,16805]
[28,144,225283,225877]
[29,41,94473,93191]
[30,255,376977,376598]
[31,65,2173,1035]
[32,78,709591,710224]
[33,251,384480,383241]
[34,159,268855,268543]
[35,204,355338,356502]
[36,164,44243,45565]
[37,126,78416,78510]
[38,2,409449,409490]
[39,167,648316,646863]
[40,1,440114,438671]
[41,217,602597,601600]
[42,132,102183,103657]
[43,203,102904,101487]
[44,119,339794,338662]
[45,189,107371,106187]
[46,242,484713,486103]
[47,42,157855,159004]
[48,120,435408,435757]
[49,28,491837,493018]
[50,163,154106,153963]
[51,265,581831,581593]
[52,3,188857,188662]
[53,48,306317,307686]
[54,3,687773,687082]
[55,109,260361,259433]
[56,120,50555,51657]
[57,179,149389,149101]
[58,51,493294,493152]
[59,135,493327,493132]
[60,252,723020,723122]
[61,273,658585,657634]
[62,50,362672,363914]
[63,36,282860,283893]
[64,59,23177,22367]
[65,196,413482,413723]
[66,86,394542,395166]
[67,8,200518,201802]
[68,193,426307,425592]
[69,251,57727,56722]
[70,125,181181,180741]
[71,45,109757,109148]
[72,233,346770,346392]
[73,207,173186,172955]
[74,67,442412,441256]
[75,154,48947,49618]
[76,176,254101,254855]
[77,94,530961,531590]
[78,275,700724,699379]
[79,136,127791,128493]
[80,40,67875,68489]
[81,211,196684,196417]
[82,130,345835,345942]
[83,186,722118,722331]
[84,1,680811,679575]
[85,254,491720,492117]
[86,116,442414,442975]
[87,150,156479,156816]
[88,56,557343,558307]
[89,99,25829,24585]
[90,48,695849,696260]
[91,277,241757,241607]
[92,223,708794,707764]
[93,9,65913,65224]
[94,121,560151,559865]
[95,91,232973,232886]
[96,245,24380,23288]
[97,82,350722,351565]
[98,196,379174,380389]
[99,242,386431,387679]
[100,103,716691,715632]
[101,159,482637,481169]
[102,175,400492,399616]
[103,102,198709,198989]
[104,135,317849,316476]
[105,86,420815,422185]
[106,53,69992,69471]
[107,208,120157,121293]
[108,75,387368,386268]
[109,149,477229,475941]
[110,242,712437,712503]
