["head":"wrap","lpos","status"]
[253,359496,1]
["io count"]
[1100]
["io":"id","wrap","startLpos","endLpos"]
[1,93,227667,226341]
[2,151,727671,726817]
[3,75,410161,408683]
[4,85,197855,197422]
[5,127,326270,325110]
[6,74,579654,581065]
[7,81,153943,152578]
[8,97,362595,362564]
[9,79,701854,700984]
[10,176,435664,436575]
[11,23,61631,61393]
[12,90,46867,48058]
[13,237,358444,358231]
[14,273,507222,505859]
[15,12,473728,475113]
[16,126,334084,334932]
[17,98,187989,188102]
[18,191,210681,209831]
[19,140,216616,217338]
[20,169,276690,275944]
[21,13,208844,208155]
[22,52,488,1068]
[23,20,381100,382283]
[24,233,223479,222442]
[25,65,425206,425174]
[26,181,416255,415363]
[27,68,330468,331161]
[28,219,78330,78083]
[29,164,269927,270319]
[30,104,376996,378094]
[31,190,257235,257297]
[32,253,251019,250008]
[33,42,322588,322899]
[34,128,518899,520229]
[35,235,82752,82574]
[36,74,504725,505793]
[37,74,173360,174077]
[38,244,505268,506002]
[39,67,720444,719577]
[40,260,99946,100892]
[41,57,186986,186116]
[42,129,226617,225859]
[43,159,666765,666062]
[44,114,545454,546581]
[45,258,270312,271640]
[46,243,73174,72848]
[47,172,405078,405806]
[48,71,587409,586729]
[49,121,167092,166517]
[50,259,592170,591108]
[51,76,253081,254045]
[52,11,286878,285496]
[53,59,322343,321294]
[54,263,350085,349341]
[55,143,623293,622254]
[56,153,141393,141198]
[57,21,106961,105704]
[58,269,91964,91830]
[59,224,553809,554205]
[60,81,188995,188593]
[61,141,592164,591276]
[62,134,324990,325977]
[63,196,179670,180794]
[64,128,385098,386496]
[65,121,562081,561671]
[66,237,355960,355563]
[67,159,82902,81740]
[68,273,195296,195249]
[69,98,233889,234547]
[70,222,263463,264283]
[71,74,163321,163491]
[72,135,45215,44324]
[73,31,83776,83672]
[74,46,203421,204624]
[75,241,246475,246186]
[76,0,303765,305024]
[77,73,590020,588821]
[78,49,303253,301911]
[79,267,333899,332790]
[80,264,286375,287073]
[81,205,656711,655527]
[82,83,503839,503778]
[83,101,691857,690570]
[84,32,678245,678314]
[85,38,80562,80855]
[86,205,64814,63624]
[87,219,277455,276544]
[88,66,670872,671554]
[89,238,259762,260117]
[90,28,234654,235713]
[91,39,714914,714719]
[92,83,500545,500015]
[93,214,343225,344370]
[94,31,440892,440375]
[95,92,63344,64611]
[96,87,612699,611403]
[97,249,25889,25748]
[98,111,401917,401686]
[99,265,300390,299120]
[100,200,100500,100866]
[101,38,189788,190110]
[102,197,145635,144775]
[103,209,425435,425246]
[104,88,611482,612897]
[105,196,299065,299338]
[106,106,556932,557311]
[107,86,516173,516504]
[108,120,387007,388258]
[109,104,426002,426978]
[110,169,12078,10581]
[111,166,718104,718889]
[112,240,499482,500805]
[113,57,503512,503024]
[114,179,281003,280887]
[115,214,268221,268775]
[116,106,685169,685383]
[117,213,171131,170189]
[118,264,171269,172094]
[119,77,112815,112218]
[120,17,386807,386431]
[121,159,500956,499719]
[122,163,433270,431903]
[123,18,112021,112235]
[124,158,336943,337234]
[125,176,126509,127506]
[126,134,560453,561079]
[127,192,363012,363532]
[128,85,495256,494503]
[129,77,146206,145425]
[130,169,283977,283108]
[131,259,139034,138395]
[132,204,522631,523442]
[133,151,568206,566887]
[134,58,158573,159426]
[135,153,504524,504439]
[136,239,140251,139193]
[137,93,233504,232111]
[138,260,591378,591980]
[139,99,523956,522926]
[140,183,508079,507523]
[141,241,181035,180078]
[142,209,240515,239236]
[143,194,232293,233115]
[144,59,210234,209401]
[145,199,125411,124609]
[146,71,323231,322411]
[147,74,679764,680090]
[148,138,157046,157839]
[149,237,332722,331888]
[150,172,303002,303450]
[151,220,413797,414596]
[152,204,362017,363412]
[153,49,517813,516825]
[154,43,153012,151524]
[155,24,211413,211495]
[156,127,72801,72169]
[157,180,594950,595369]
[158,102,413482,414583]
[159,186,513307,513636]
[160,265,364123,363383]
[161,69,517638,516963]
[162,141,412453,412257]
[163,31,2899,1616]
[164,266,244435,244529]
[165,253,351885,351468]
[166,28,25768,26274]
[167,124,57320,58803]
[168,120,480519,481298]
[169,199,22295,21081]
[170,225,329839,328628]
[171,17,650618,649574]
[172,223,37863,37104]
[173,228,230377,231415]
[174,177,295355,294714]
[175,238,480923,481579]
[176,134,253734,254704]
[177,47,684746,683390]
[178,217,524815,524658]
[179,73,69641,68730]
[180,129,143088,142215]
[181,265,715923,714631]
[182,235,646837,646737]
[183,204,322191,323358]
[184,22,374964,375501]
[185,28,147919,148136]
[186,10,345856,346536]
[187,102,637846,638237]
[188,224,8332,9213]
[189,29,23139,23042]
[190,83,430221,429017]
[191,61,14053,13865]
[192,172,133936,135014]
[193,193,59091,58259]
[194,3,694374,693946]
[195,109,715635,714917]
[196,201,361206,361136]
[197,105,190771,189419]
[198,208,296725,297990]
[199,212,242457,243161]
[200,66,516039,516192]
[201,113,693069,692520]
[202,259,150108,150057]
[203,254,604261,604848]
[204,102,285989,287362]
[205,149,352606,352138]
[206,14,697590,698144]
[207,74,76235,77586]
[208,67,674570,673407]
[209,101,79370,78705]
[210,98,498013,498784]
[211,261,677777,677540]
[212,46,586934,588046]
[213,161,317876,317645]
[214,207,313115,312606]
[215,131,703338,702539]
[216,123,156104,155779]
[217,244,562727,563956]
[218,212,69978,70150]
[219,255,233401,233362]
[220,270,279485,280928]
[221,267,534679,533654]
[222,26,664090,664247]
[223,42,120865,121226]
[224,156,45650,46981]
[225,212,422241,422648]
[226,26,26544,26693]
[227,80,141788,142850]
[228,91,180829,179757]
[229,67,546906,545811]
[230,257,399571,399251]
[231,163,190619,189774]
[232,134,236310,236359]
[233,134,128244,129671]
[234,142,415835,416583]
[235,161,473357,472573]
[236,143,454702,453582]
[237,261,654621,653621]
[238,189,156993,156572]
[239,181,291752,290676]
[240,1,166855,166615]
[241,244,138573,138716]
[242,73,48995,47645]
[243,278,340664,341509]
[244,7,67678,67269]
[245,85,382525,381702]
[246,164,642928,643723]
[247,185,19874,19074]
[248,125,632015,631959]
[249,147,88100,87889]
[250,155,377841,377721]
[251,105,319573,319256]
[252,93,583690,583317]
[253,61,553127,552372]
[254,112,367910,368571]
[255,51,569549,568549]
[256,156,216151,217219]
[257,29,6847,5821]
[258,13,426940,426011]
[259,110,484444,485575]
[260,18,629713,630509]
[261,264,358485,359156]
[262,9,361745,360738]
[263,181,297396,296889]
[264,216,492629,493042]
[265,163,189720,188286]
[266,192,514864,514922]
[267,75,466896,465854]
[268,41,5522,4669]
[269,109,141983,140854]
[270,143,543373,542576]
[271,46,88751,88863]
[272,96,51216,51839]
[273,53,234000,233264]
[274,270,231666,232644]
[275,271,311112,310638]
[276,216,340702,340800]
[277,115,373829,373526]
[278,150,541221,542243]
[279,121,402694,401636]
[280,17,27868,27478]
[281,276,625943,626097]
[282,207,125160,124465]
[283,39,436098,434819]
[284,209,165721,165648]
[285,184,709054,709710]
[286,72,491832,492650]
[287,50,238020,239097]
[288,161,293845,292469]
[289,113,727389,726106]
[290,234,403958,404007]
[291,186,45797,45898]
[292,73,486673,485656]
[293,250,583367,583430]
[294,278,7327,7933]
[295,65,190155,189441]
[296,256,379607,380009]
[297,47,195124,193794]
[298,224,229979,230252]
[299,75,570435,570138]
[300,28,533649,533907]
[301,175,310546,310244]
[302,177,509122,508665]
[303,203,270596,269339]
[304,123,391531,390910]
[305,202,418312,418604]
[306,5,698687,698260]
[307,263,510435,509967]
[308,133,660227,659619]
[309,95,653468,653433]
[310,208,58382,59329]
[311,263,52221,51571]
[312,80,124735,125176]
[313,152,462732,463694]
[314,261,268648,268248]
[315,250,52484,53171]
[316,220,410928,412352]
[317,21,682931,681911]
[318,7,123846,123633]
[319,254,321641,322941]
[320,251,282511,281115]
[321,129,630266,629193]
[322,75,340270,339645]
[323,82,133810,135186]
[324,179,297425,296437]
[325,245,602074,600753]
[326,71,83702,82580]
[327,26,488455,488701]
[328,259,470217,469563]
[329,71,99431,99007]
[330,234,521644,522533]
[331,210,157521,158028]
[332,255,363652,362786]
[333,121,79835,78705]
[334,164,677355,678575]
[335,10,10963,12433]
[336,242,306308,306536]
[337,265,717596,717555]
[338,144,162754,163270]
[339,132,74601,74708]
[340,234,166624,167713]
[341,34,507977,508046]
[342,225,605970,605254]
[343,209,579248,578714]
[344,227,650881,650687]
[345,255,446888,445642]
[346,114,367045,368435]
[347,252,496410,497613]
[348,103,388675,388098]
[349,17,556977,555560]
[350,251,122615,121280]
[351,65,593164,592060]
[352,35,40334,39064]
[353,190,467012,467515]
[354,243,666056,665304]
[355,185,512373,512261]
[356,227,637006,636378]
[357,120,333981,334444]
[358,1,532721,531462]
[359,177,487154,486834]
[360,147,95128,93846]
[361,227,232195,231197]
[362,174,195057,196358]
[363,209,553370,552267]
[364,233,126977,125542]
[365,186,96159,97632]
[366,160,348969,349075]
[367,12,35109,36503]
[368,88,537626,538053]
[369,161,653931,652447]
[370,180,151622,152515]
[371,119,510497,509791]
[372,101,16697,15473]
[373,83,546238,546087]
[374,162,339573,341045]
[375,151,469346,468973]
[376,111,238558,238444]
[377,181,377287,377060]
[378,247,86088,85695]
[379,115,429575,428328]
[380,100,72845,73127]
[381,109,270608,270251]
[382,156,607570,608481]
[383,82,124821,126316]
[384,249,417928,417389]
[385,168,558086,559279]
[386,139,589942,589342]
[387,213,228122,227670]
[388,134,561076,561181]
[389,47,370877,370259]
[390,211,382648,381758]
[391,212,155715,157072]
[392,192,717363,717965]
[393,277,712490,711909]
[394,174,529191,529557]
[395,170,592905,594299]
[396,243,170097,169769]
[397,68,529772,530613]
[398,186,174663,176052]
[399,274,35380,36524]
[400,128,307646,308194]
[401,20,694013,695452]
[402,241,241329,241202]
[403,202,269433,269637]
[404,57,77333,76168]
[405,259,81586,81144]
[406,33,321066,320250]
[407,179,430205,429530]
[408,172,722986,723577]
[409,126,451608,451791]
[410,27,605572,604874]
[411,61,588650,587606]
[412,244,526885,528059]
[413,120,144419,145575]
[414,215,177890,176616]
[415,202,626772,626937]
[416,2,30223,31096]
[417,205,606847,606316]
[418,109,476455,476298]
[419,96,716360,716927]
[420,260,480017,480765]
[421,177,293480,293408]
[422,159,534378,534072]
[423,116,565127,565610]
[424,59,630232,629054]
[425,138,441534,442641]
[426,219,2469,1784]
[427,84,47914,47970]
[428,64,599229,600027]
[429,249,407666,406400]
[430,199,182302,181196]
[431,135,497557,497357]
[432,165,466054,465676]
[433,32,533270,534411]
[434,276,564781,566233]
[435,163,193347,191936]
[436,210,179755,179927]
[437,143,361016,359826]
[438,160,276034,276992]
[439,182,319483,320981]
[440,240,41024,41180]
[441,43,400906,399485]
[442,33,84672,84136]
[443,257,593338,592651]
[444,188,617899,618979]
[445,91,553213,551807]
[446,82,608770,609419]
[447,274,643722,644719]
[448,85,525138,524005]
[449,102,597639,598304]
[450,154,185298,186308]
[451,173,168330,168004]
[452,199,13251,12305]
[453,88,470889,471408]
[454,109,99730,98823]
[455,146,181723,181792]
[456,15,559582,558462]
[457,218,488480,489261]
[458,66,370510,371438]
[459,121,374389,374053]
[460,247,356985,355517]
[461,212,42235,42449]
[462,190,440733,441601]
[463,142,538469,539226]
[464,158,281909,283388]
[465,210,482793,482895]
[466,211,649686,648528]
[467,130,349158,350069]
[468,212,549587,550573]
[469,232,286378,287658]
[470,50,572848,574307]
[471,278,234916,236170]
[472,132,408809,409728]
[473,13,718251,717591]
[474,269,607314,606016]
[475,25,426988,426145]
[476,103,335897,335582]
[477,261,327000,326144]
[478,220,74023,75213]
[479,33,262738,262693]
[480,82,314976,316114]
[481,24,430183,430814]
[482,84,13252,13574]
[483,135,359279,358050]
[484,89,360835,359358]
[485,44,695563,696441]
[486,174,587838,588225]
[487,42,385377,385467]
[488,91,284544,284402]
[489,24,492383,492747]
[490,45,282262,282064]
[491,119,450145,448847]
[492,207,541290,539968]
[493,14,688482,689237]
[494,201,370096,369606]
[495,173,524143,523657]
[496,45,61822,61202]
[497,98,319355,319816]
[498,113,268103,266607]
[499,25,710033,709254]
[500,168,579380,579823]
[501,167,637238,636085]
[502,212,222037,222773]
[503,55,120330,119657]
[504,56,469919,470989]
[505,61,516032,515317]
[506,94,502268,502574]
[507,269,402367,401015]
[508,140,406791,407469]
[509,47,51100,50985]
[510,1,300566,299468]
[511,276,226316,227611]
[512,107,471763,470338]
[513,92,64255,65021]
[514,120,549399,549783]
[515,258,381972,382826]
[516,238,147617,147965]
[517,179,83435,82856]
[518,252,510196,511213]
[519,244,135892,136847]
[520,116,582378,583197]
[521,218,164078,164474]
[522,26,21128,21227]
[523,212,66805,68089]
[524,45,472376,471832]
[525,84,445334,446047]
[526,29,666014,665244]
[527,174,335267,335810]
[528,194,431093,431523]
[529,188,209266,210712]
[530,221,406525,405936]
[531,244,637600,639057]
[532,156,452405,453289]
[533,25,337058,335686]
[534,48,125040,125333]
[535,88,169051,170454]
[536,235,437029,435745]
[537,138,356612,357947]
[538,2,277191,277313]
[539,107,617968,617304]
[540,206,686980,688187]
[541,166,273433,273984]
[542,231,552979,552436]
[543,81,685133,685099]
[544,18,621628,621992]
[545,49,30386,30280]
[546,138,272505,273369]
[547,38,522394,523751]
[548,277,451773,450922]
[549,207,563370,563219]
[550,231,82887,82102]
[551,27,272803,272600]
[552,140,402208,402808]
[553,170,568065,568639]
[554,119,539807,538874]
[555,260,178778,180067]
[556,181,81247,80921]
[557,188,387511,388640]
[558,217,693812,693625]
[559,224,467156,467315]
[560,220,378673,379737]
[561,154,548461,548986]
[562,123,643308,641832]
[563,111,326448,326079]
[564,124,536423,537354]
[565,136,595763,596732]
[566,95,46196,45246]
[567,227,91588,91314]
[568,247,184409,183248]
[569,39,614773,614452]
[570,125,486007,485395]
[571,128,437898,438811]
[572,134,654534,656031]
[573,75,254416,253441]
[574,176,98692,99740]
[575,229,549035,548513]
[576,256,400965,402214]
[577,56,43901,45227]
[578,104,584787,584886]
[579,170,310539,311137]
[580,182,86220,87291]
[581,83,388659,388213]
[582,246,181618,181858]
[583,169,394564,393409]
[584,64,109815,110590]
[585,273,83994,83508]
[586,119,484848,484544]
[587,157,127735,127484]
[588,113,690810,689383]
[589,255,721498,720650]
[590,253,587702,586926]
[591,30,145977,147076]
[592,51,598286,597571]
[593,20,439062,440518]
[594,36,657543,658960]
[595,13,476024,475933]
[596,200,78711,78856]
[597,189,388169,387062]
[598,279,377122,376238]
[599,64,595518,596034]
[600,140,571606,572088]
[601,59,693247,692806]
[602,55,166402,164962]
[603,8,329030,330194]
[604,235,94339,93099]
[605,21,515307,514517]
[606,95,352776,352030]
[607,115,72532,71816]
[608,215,399655,398805]
[609,133,617208,615807]
[610,232,443838,444194]
[611,21,352246,350840]
[612,9,24573,24495]
[613,119,438464,438125]
[614,271,49785,48506]
[615,160,661178,661279]
[616,156,591927,592903]
[617,122,366407,367438]
[618,276,705404,705542]
[619,0,65182,66424]
[620,171,125131,124711]
[621,99,192641,191347]
[622,219,16201,16143]
[623,21,516993,515852]
[624,169,465985,464537]
[625,117,590102,589543]
[626,197,145277,144424]
[627,200,597287,597529]
[628,142,227052,227763]
[629,134,416974,417193]
[630,4,262601,263358]
[631,128,322880,323836]
[632,90,274373,275154]
[633,66,397894,398093]
[634,235,8784,8741]
[635,159,11951,11606]
[636,123,247226,246856]
[637,170,450295,450982]
[638,239,399466,399350]
[639,108,518013,518262]
[640,102,570237,570987]
[641,172,725685,726270]
[642,63,389515,388381]
[643,219,250887,250055]
[644,11,66905,66061]
[645,84,526281,526797]
[646,239,700569,700135]
[647,278,631955,633111]
[648,22,323709,324929]
[649,142,309908,310983]
[650,28,322622,323725]
[651,131,639320,638590]
[652,157,391505,390713]
[653,195,479468,479009]
[654,201,668338,667172]
[655,274,719548,720736]
[656,182,283142,283519]
[657,85,157862,157476]
[658,164,412038,413316]
[659,196,555442,555726]
[660,38,395860,396354]
[661,55,435985,435488]
[662,37,617863,617653]
[663,216,74980,76351]
[664,86,23272,23946]
[665,237,394850,394254]
[666,130,669014,669694]
[667,134,573648,575143]
[668,17,10375,10099]
[669,117,530325,529978]
[670,143,437534,436921]
[671,271,332168,330955]
[672,268,411496,412158]
[673,25,112498,111846]
[674,79,683226,682272]
[675,156,615208,615286]
[676,153,36898,35796]
[677,2,570147,570940]
[678,99,584709,584251]
[679,246,61563,62319]
[680,223,182522,181056]
[681,275,584146,582962]
[682,236,445498,446336]
[683,63,614062,613857]
[684,97,702315,701849]
[685,22,75677,76662]
[686,156,312210,313270]
[687,230,32905,34288]
[688,124,601594,602854]
[689,2,641948,643168]
[690,272,282720,282847]
[691,203,434427,433103]
[692,46,438980,439970]
[693,46,488308,489752]
[694,170,726650,727808]
[695,237,408619,408384]
[696,119,136155,135572]
[697,97,235527,234234]
[698,87,223631,223382]
[699,33,528067,526795]
[700,222,452995,453881]
[701,213,443476,443429]
[702,53,214744,213794]
[703,194,219001,220107]
[704,179,696967,695721]
[705,73,446586,445843]
[706,253,600314,599341]
[707,240,171318,172517]
[708,30,441629,441805]
[709,206,625656,625979]
[710,190,24712,25781]
[711,230,223273,224321]
[712,151,481008,480116]
[713,18,20286,21462]
[714,36,215393,215685]
[715,138,104341,105420]
[716,125,119051,118838]
[717,164,704187,705413]
[718,201,555069,553836]
[719,71,239845,239224]
[720,54,456966,458282]
[721,146,185861,186927]
[722,101,356166,355710]
[723,12,195764,196399]
[724,152,488645,489432]
[725,210,361971,362563]
[726,165,515305,514712]
[727,199,549679,549150]
[728,39,20441,20309]
[729,101,374994,374169]
[730,257,376853,376451]
[731,202,372510,373655]
[732,171,51476,51163]
[733,69,106077,105779]
[734,34,463771,464262]
[735,240,18551,18801]
[736,82,193880,194195]
[737,157,508807,507587]
[738,235,475792,474637]
[739,21,438800,438332]
[740,199,101188,99729]
[741,251,141334,140101]
[742,91,412692,412108]
[743,31,593551,592584]
[744,7,581991,580625]
[745,253,472506,471440]
[746,155,623952,623541]
[747,123,644211,644141]
[748,9,82613,81556]
[749,207,225190,224551]
[750,247,115487,115456]
[751,256,158779,159404]
[752,188,470312,471153]
[753,238,69830,70186]
[754,278,308317,308656]
[755,182,421145,421618]
[756,98,260921,261133]
[757,213,77390,76936]
[758,169,623368,621963]
[759,66,477164,478477]
[760,77,113146,112312]
[761,195,667401,666910]
[762,7,221532,220535]
[763,208,62400,63127]
[764,256,600302,600941]
[765,272,399622,399700]
[766,53,388960,388104]
[767,104,121041,121085]
[768,123,556001,555189]
[769,31,235771,235356]
[770,36,130181,130248]
[771,101,332810,332604]
[772,188,663910,665166]
[773,4,700064,701501]
[774,270,406248,407481]
[775,34,235066,236182]
[776,190,617984,618848]
[777,2,326546,327212]
[778,47,541126,540673]
[779,257,532769,532493]
[780,233,676535,675915]
[781,182,464104,465372]
[782,119,255816,254842]
[783,269,322280,321030]
[784,274,33769,34195]
[785,198,404034,405503]
[786,267,482501,481413]
[787,58,580872,582078]
[788,198,255879,256307]
[789,214,152695,153162]
[790,101,575584,575202]
[791,163,345225,345189]
[792,202,434404,435796]
[793,39,662998,662756]
[794,130,647400,648249]
[795,132,667764,668776]
[796,95,85400,85137]
[797,139,641461,640069]
[798,51,562187,561264]
[799,166,541683,541802]
[800,59,713305,712154]
[801,215,661267,659863]
[802,107,574673,573393]
[803,175,222439,221772]
[804,237,540321,540230]
[805,76,312302,313498]
[806,66,306587,307374]
[807,225,450741,449986]
[808,83,468455,467166]
[809,74,104061,104347]
[810,105,186278,184919]
[811,85,714859,714271]
[812,111,38203,37162]
[813,227,106449,106119]
[814,147,84459,83187]
[815,109,519113,517941]
[816,116,379324,379753]
[817,117,534552,533325]
[818,14,298354,299539]
[819,86,698906,700064]
[820,186,656543,656763]
[821,161,423405,422458]
[822,250,577040,577283]
[823,88,242025,242630]
[824,162,715763,716389]
[825,55,53744,53696]
[826,257,67916,67375]
[827,243,703099,702682]
[828,37,647923,647893]
[829,129,345707,344555]
[830,74,226291,227201]
[831,265,421708,420364]
[832,134,351588,351732]
[833,47,83520,82578]
[834,146,106195,107516]
[835,196,192011,192614]
[836,246,727665,728677]
[837,172,61939,62646]
[838,90,12357,13451]
[839,169,427272,426687]
[840,46,132909,133897]
[841,118,175023,176338]
[842,255,299744,299255]
[843,53,75558,74084]
[844,125,147386,146334]
[845,120,659321,660740]
[846,271,442946,442224]
[847,211,53624,53489]
[848,4,86128,86742]
[849,182,581297,581616]
[850,111,296258,294870]
[851,109,27140,26183]
[852,201,615817,614908]
[853,11,82967,82044]
[854,11,622981,622332]
[855,107,59932,59705]
[856,143,44048,43876]
[857,228,698256,698995]
[858,236,229049,229557]
[859,206,104999,106067]
[860,97,21258,20173]
[861,163,520406,519155]
[862,162,22172,22443]
[863,168,39037,39330]
[864,229,190790,190615]
[865,192,440253,441397]
[866,18,676989,677090]
[867,236,136658,137312]
[868,101,74875,74173]
[869,42,236348,236483]
[870,155,237562,237278]
[871,234,35911,36757]
[872,2,650705,651861]
[873,173,133632,133251]
[874,188,318592,319160]
[875,3,573038,572170]
[876,68,489015,490215]
[877,217,646202,644883]
[878,137,514971,513745]
[879,258,400803,402167]
[880,232,210665,210959]
[881,275,307724,306986]
[882,102,207551,207581]
[883,83,635422,634467]
[884,1,35482,35193]
[885,269,276009,275431]
[886,144,491321,491625]
[887,107,252957,251556]
[888,158,453626,454401]
[889,194,404866,405025]
[890,200,654988,655636]
[891,30,363021,363274]
[892,2,672311,672420]
[893,206,280195,281379]
[894,165,537690,537468]
[895,52,556671,556728]
[896,205,221623,220241]
[897,142,147162,148011]
[898,170,271909,273344]
[899,204,575210,576274]
[900,5,616397,616022]
[901,100,29547,30047]
[902,73,182317,182268]
[903,104,542773,543950]
[904,240,480119,480344]
[905,23,31462,30519]
[906,85,580155,579434]
[907,214,156036,156915]
[908,139,678310,677579]
[909,161,60830,60785]
[910,21,134824,134592]
[911,171,299494,298750]
[912,217,529430,528970]
[913,195,28124,27847]
[914,3,18652,18087]
[915,183,658802,658147]
[916,199,681503,680139]
[917,119,19781,19507]
[918,67,551802,551244]
[919,256,560566,561587]
[920,19,209363,208369]
[921,88,611013,611938]
[922,244,430688,431319]
[923,30,283138,283612]
[924,16,605361,605909]
[925,180,685954,686321]
[926,98,477523,477785]
[927,251,459959,459843]
[928,0,244394,245552]
[929,209,88959,88693]
[930,211,202068,201305]
[931,226,57030,58196]
[932,122,192995,193656]
[933,126,638012,638664]
[934,278,380948,381099]
[935,48,371366,371712]
[936,0,305870,306128]
[937,204,127064,127685]
[938,221,577432,576535]
[939,76,406923,407125]
[940,71,311486,310964]
[941,40,67196,68173]
[942,253,213183,212595]
[943,29,462958,462760]
[944,217,404516,403326]
[945,113,61304,60410]
[946,107,216107,215618]
[947,69,431245,430180]
[948,92,556035,556465]
[949,272,326476,327603]
[950,238,384156,384244]
[951,202,178472,179122]
[952,151,77983,77798]
[953,166,592586,592670]
[954,185,259862,259618]
[955,178,723537,724199]
[956,88,591915,592148]
[957,89,612628,611928]
[958,59,380942,379915]
[959,109,387739,387383]
[960,113,395906,395630]
[961,139,145240,143763]
[962,190,153298,154513]
[963,212,361480,362233]
[964,20,574076,575262]
[965,64,245886,246408]
[966,268,280467,280536]
[967,179,639676,638862]
[968,23,318162,317167]
[969,61,667721,666397]
[970,96,33505,33770]
[971,191,554464,553940]
[972,129,361847,361748]
[973,162,104302,105642]
[974,160,121000,121389]
[975,11,715372,714110]
[976,107,681873,681293]
[977,22,89520,90799]
[978,105,344018,342979]
[979,267,641354,640143]
[980,241,254720,254326]
[981,236,516138,517409]
[982,54,539350,540138]
[983,189,632985,631910]
[984,77,576115,575939]
[985,72,614813,615681]
[986,261,367204,366335]
[987,224,451949,452130]
[988,195,98174,97268]
[989,175,294408,293209]
[990,31,286551,285315]
[991,189,50591,50557]
[992,136,672969,674108]
[993,20,587991,588583]
[994,132,19966,20891]
[995,77,14522,13936]
[996,232,546478,546796]
[997,244,262310,263028]
[998,93,431890,431615]
[999,30,503715,505189]
[1000,150,604793,605979]
[1001,244,304319,304582]
[1002,221,36264,35596]
[1003,103,213548,212315]
[1004,159,227731,226370]
[1005,138,389438,390568]
[1006,244,240945,242179]
[1007,210,596776,598069]
[1008,222,210060,211180]
[1009,158,14939,15239]
[1010,58,495590,496663]
[1011,42,577372,577945]
[1012,251,205688,204616]
[1013,276,332216,332619]
[1014,238,184451,185478]
[1015,258,599619,600933]
[1016,238,292530,292759]
[1017,130,527860,528652]
[1018,127,222843,221469]
[1019,52,492127,492263]
[1020,229,103246,103008]
[1021,82,643240,644418]
[1022,186,361543,362100]
[1023,66,690112,691194]
[1024,207,171763,171425]
[1025,67,670271,669113]
[1026,34,181200,181569]
[1027,162,474633,475996]
[1028,96,645465,646962]
[1029,72,535080,536471]
[1030,31,63436,63378]
[1031,112,695468,695846]
[1032,238,371414,371859]
[1033,157,397297,397040]
[1034,223,673164,671689]
[1035,75,457135,457048]
[1036,236,540439,541360]
[1037,220,479418,480036]
[1038,154,39842,41138]
[1039,176,267587,267731]
[1040,81,718301,717610]
[1041,170,388880,389373]
[1042,5,724904,724658]
[1043,84,715319,715834]
[1044,174,24273,25529]
[1045,105,627497,627279]
[1046,110,10369,11402]
[1047,104,637929,639419]
[1048,199,201210,200489]
[1049,257,521313,520751]
[1050,75,240809,239690]
[1051,188,646813,648012]
[1052,10,685123,685590]
[1053,183,725196,724895]
[1054,90,627547,628278]
[1055,235,526670,525190]
[1056,174,159383,160087]
[1057,163,83208,82437]
[1058,46,444451,444765]
[1059,11,538286,538193]
[1060,218,700102,700706]
[1061,56,641134,642267]
[1062,175,132889,131920]
[1063,195,282462,282393]
[1064,129,135967,135885]
[1065,38,435671,435801]
[1066,256,185093,185416]
[1067,165,237963,236791]
[1068,252,684519,685339]
[1069,143,124230,123947]
[1070,191,500493,500262]
[1071,175,301179,299825]
[1072,141,79408,78270]
[1073,81,558905,558693]
[1074,54,249981,250956]
[1075,178,591224,591819]
[1076,191,579244,578460]
[1077,108,216296,217123]
[1078,186,375849,377314]
[1079,29,142559,141154]
[1080,15,219705,219073]
[1081,172,392613,393233]
[1082,242,83572,84506]
[1083,257,485435,484712]
[1084,47,519137,518296]
[1085,232,372423,372716]
[1086,259,78596,77316]
[1087,177,154017,152622]
[1088,86,680110,680786]
[1089,135,716672,716583]
[1090,121,91896,91070]
[1091,245,113111,112624]
[1092,109,136826,136755]
[1093,151,724775,724103]
[1094,192,638673,640005]
[1095,13,283700,283268]
[1096,66,467041,467636]
[1097,173,117798,117428]
[1098,147,222100,221799]
[1099,9,608450,608259]
[1100,278,266053,266616]
