["head":"wrap","lpos","status"]
[221,377627,0]
["io count"]
[115]
["io":"id","wrap","startLpos","endLpos"]
[1,10,546118,547051]
[2,214,155796,156501]
[3,190,516521,517462]
[4,30,289966,290027]
[5,9,192934,192037]
[6,139,545911,544916]
[7,120,716544,717803]
[8,200,70390,70435]
[9,258,126967,128085]
[10,134,32460,32707]
[11,33,173124,172912]
[12,165,295174,294539]
[13,227,32591,31207]
[14,182,105925,106672]
[15,165,551705,551581]
[16,174,471687,471882]
[17,117,228155,226847]
[18,185,88617,87528]
[19,174,214652,214969]
[20,254,584729,585086]
[21,124,694291,695205]
[22,3,94207,93669]
[23,230,526809,527898]
[24,138,620949,621644]
[25,51,142968,141859]
[26,110,308270,309575]
[27,180,46864,48282]
[28,11,157600,156794]
[29,174,407639,408915]
[30,278,481468,481705]
[31,174,382781,383749]
[32,84,256184,256522]
[33,83,57068,56463]
[34,167,280590,279536]
[35,50,148991,149660]
[36,136,654005,654993]
[37,144,186345,187008]
[38,215,313412,313131]
[39,25,140651,139284]
[40,121,173882,173745]
[41,166,196668,197208]
[42,222,592652,593708]
[43,157,531218,530372]
[44,103,398070,397814]
[45,142,584040,584456]
[46,204,158114,158725]
[47,233,354057,352579]
[48,27,98275,97401]
[49,269,393280,392597]
[50,56,655833,656878]
[51,89,298669,298143]
[52,107,320398,319946]
[53,274,433051,434146]
[54,66,375351,376850]
[55,12,182059,182884]
[56,194,32852,34036]
[57,82,182668,183450]
[58,98,257545,258402]
[59,135,230730,230323]
[60,122,234587,234971]
[61,181,34855,33517]
[62,113,290087,289200]
[63,116,482281,482776]
[64,183,535603,534999]
[65,181,473481,472079]
[66,138,348262,349537]
[67,218,268191,268713]
[68,169,322204,321565]
[69,241,51557,51016]
[70,14,364827,365011]
[71,248,48550,48706]
[72,116,109322,109956]
[73,30,373246,373780]
[74,264,307409,308031]
[75,41,365949,365906]
[76,266,442362,442767]
[77,101,126559,125082]
[78,77,358756,357598]
[79,153,216624,216011]
[80,210,37387,38267]
[81,73,300583,299889]
[82,134,432134,433305]
[83,21,131825,131596]
[84,20,416013,417447]
[85,190,441597,441714]
[86,16,108798,108885]
[87,194,470946,471407]
[88,115,231660,230400]
[89,91,695937,694869]
[90,218,653071,653342]
[91,111,554053,553638]
[92,110,80526,81171]
[93,178,584208,584470]
[94,182,450375,450554]
[95,265,594656,593842]
[96,127,535736,535104]
[97,259,27732,27063]
[98,84,121301,121920]
[99,222,19217,19340]
[100,136,473118,473871]
[101,200,446491,447426]
[102,104,483346,484400]
[103,99,412874,411378]
[104,122,607855,608642]
[105,219,729814,728735]
[106,39,479272,479006]
[107,98,202146,203087]
[108,124,114599,114702]
[109,126,565052,565219]
[110,157,629900,629785]
[111,10,672852,674304]
[112,240,279018,279210]
[113,134,510924,512199]
[114,215,564436,564167]
[115,61,177717,176736]
