["head":"wrap","lpos","status"]
[203,121852,0]
["io count"]
[1150]
["io":"id","wrap","startLpos","endLpos"]
[1,218,510470,510930]
[2,59,613623,612648]
[3,31,562732,561523]
[4,16,56950,57101]
[5,266,127296,127372]
[6,29,627504,626352]
[7,192,681479,682780]
[8,135,314646,313736]
[9,165,642437,641266]
[10,57,231759,230777]
[11,183,204260,203187]
[12,93,690218,689691]
[13,111,266919,265793]
[14,12,601889,603157]
[15,93,113119,112735]
[16,236,349850,351122]
[17,178,83352,83682]
[18,128,632338,633153]
[19,181,299932,299036]
[20,205,65589,65046]
[21,221,544314,543042]
[22,130,179203,179882]
[23,203,604404,604244]
[24,117,628930,627911]
[25,85,250156,249212]
[26,135,90940,90429]
[27,98,339304,340350]
[28,274,687146,687423]
[29,193,633715,632409]
[30,158,332161,333208]
[31,253,248806,248599]
[32,217,221891,220818]
[33,187,468619,467957]
[34,41,429008,428114]
[35,121,551968,551550]
[36,201,493857,493799]
[37,240,196503,197906]
[38,16,650129,651222]
[39,41,262039,261214]
[40,66,607936,608344]
[41,124,663980,664708]
[42,65,596695,596502]
[43,244,665556,665739]
[44,19,460954,459475]
[45,184,107159,108435]
[46,108,462175,463468]
[47,82,157976,158901]
[48,108,552126,553378]
[49,52,396155,397158]
[50,257,272949,272510]
[51,271,87209,86449]
[52,264,153166,154526]
[53,190,609943,610327]
[54,92,345836,345878]
[55,72,663648,664776]
[56,167,551716,551232]
[57,42,57589,57912]
[58,6,422116,422306]
[59,207,392816,391527]
[60,172,427929,429394]
[61,218,560819,562086]
[62,91,616356,615040]
[63,91,181620,181241]
[64,43,606621,605891]
[65,23,141060,140307]
[66,58,39470,39782]
[67,194,229075,229907]
[68,202,232327,233459]
[69,132,724558,725537]
[70,167,422148,420786]
[71,41,43435,41978]
[72,120,376192,377273]
[73,65,639263,639060]
[74,106,372927,373488]
[75,119,378014,377158]
[76,0,701135,701675]
[77,76,572907,573843]
[78,47,621895,620926]
[79,52,12221,13172]
[80,162,16828,17397]
[81,68,63018,64270]
[82,46,119208,120221]
[83,118,126702,127959]
[84,72,46516,47013]
[85,125,701012,699667]
[86,225,384108,383438]
[87,143,211625,211521]
[88,271,595356,594019]
[89,91,263463,262310]
[90,215,584594,584332]
[91,4,640845,642242]
[92,65,685989,685446]
[93,59,141367,140706]
[94,251,203661,202368]
[95,239,108563,107416]
[96,128,100464,100735]
[97,166,455604,456422]
[98,124,345410,345970]
[99,146,318401,319854]
[100,119,417652,416784]
[101,80,137271,137393]
[102,35,629976,628751]
[103,133,208276,207576]
[104,262,155983,157483]
[105,21,259647,258381]
[106,169,515468,515374]
[107,269,573248,572058]
[108,257,578289,577541]
[109,45,408134,407893]
[110,196,169648,170870]
[111,224,629235,629405]
[112,122,102368,103470]
[113,274,417871,418032]
[114,208,703372,704475]
[115,233,449937,448638]
[116,235,234531,233685]
[117,0,43048,44439]
[118,70,182609,183943]
[119,275,255575,254215]
[120,101,490848,490596]
[121,38,182483,183636]
[122,187,507910,506514]
[123,271,204989,204582]
[124,2,502830,504117]
[125,70,115733,117040]
[126,14,639312,639865]
[127,271,116544,116008]
[128,36,119878,120293]
[129,232,674473,674977]
[130,80,162292,162457]
[131,87,625290,624847]
[132,270,462480,463192]
[133,193,664487,663999]
[134,188,376731,377349]
[135,185,577421,576809]
[136,256,78511,79571]
[137,76,648096,648733]
[138,12,502966,503896]
[139,216,35374,36262]
[140,56,183782,183896]
[141,226,17580,18215]
[142,137,424485,424049]
[143,185,171075,170317]
[144,72,601563,601753]
[145,185,14350,13090]
[146,144,500481,501409]
[147,68,519744,521198]
[148,247,237534,237076]
[149,171,625997,625919]
[150,28,188995,189675]
[151,109,404402,403477]
[152,208,508676,509127]
[153,215,381146,380514]
[154,237,502772,501608]
[155,35,657471,656930]
[156,190,533527,534546]
[157,27,421387,420104]
[158,20,493160,494222]
[159,142,669692,669757]
[160,229,374632,374538]
[161,207,478485,478161]
[162,22,599297,600097]
[163,35,552028,550658]
[164,188,531813,532897]
[165,223,602362,601200]
[166,24,385598,386745]
[167,110,186952,187608]
[168,210,540545,541574]
[169,271,581072,579906]
[170,88,579012,579062]
[171,82,19252,20492]
[172,263,582368,582236]
[173,273,415777,415138]
[174,221,166422,165069]
[175,236,527678,528901]
[176,73,8833,8199]
[177,249,440084,439582]
[178,188,280767,281622]
[179,211,193647,193173]
[180,202,313746,314845]
[181,99,553487,552832]
[182,231,662794,662387]
[183,46,308748,310167]
[184,234,227049,227355]
[185,53,69929,68771]
[186,88,454836,454905]
[187,69,302717,301537]
[188,176,141417,142043]
[189,266,438815,439785]
[190,59,217658,217124]
[191,279,181174,180295]
[192,65,221855,220539]
[193,48,17946,18171]
[194,57,532924,532053]
[195,16,508378,509845]
[196,188,570536,570798]
[197,250,331819,332055]
[198,227,435809,435406]
[199,215,292211,291928]
[200,37,219710,218444]
[201,83,160188,158825]
[202,116,323339,324122]
[203,236,483446,483983]
[204,180,239688,240108]
[205,96,465703,467194]
[206,175,121262,120986]
[207,252,685929,686331]
[208,248,711784,712359]
[209,5,492424,491825]
[210,28,201306,202242]
[211,211,40782,40006]
[212,240,217276,217927]
[213,45,611894,610797]
[214,212,165540,166467]
[215,178,286198,286329]
[216,273,226711,225859]
[217,58,521989,522769]
[218,40,593253,593386]
[219,263,184669,183628]
[220,151,116822,116527]
[221,65,400263,399854]
[222,14,138774,139172]
[223,276,413024,414440]
[224,64,551112,552012]
[225,236,636220,637192]
[226,40,601162,601195]
[227,75,698247,697445]
[228,12,119524,119843]
[229,235,450871,450509]
[230,189,17359,16813]
[231,108,380186,380522]
[232,134,415150,415313]
[233,54,176954,178062]
[234,155,8594,8555]
[235,239,587738,586518]
[236,220,148087,149347]
[237,246,497778,499073]
[238,155,255312,254158]
[239,64,374075,375537]
[240,96,601029,601270]
[241,87,523737,523356]
[242,23,87644,86637]
[243,83,283332,282411]
[244,105,270067,269119]
[245,263,270461,269655]
[246,60,243851,244314]
[247,126,442157,442822]
[248,205,385109,383931]
[249,274,466132,467149]
[250,97,310002,309038]
[251,157,671370,670262]
[252,70,355872,356737]
[253,242,237556,238272]
[254,109,329126,328027]
[255,93,676001,674795]
[256,227,288630,287951]
[257,113,436796,435493]
[258,13,234298,233443]
[259,91,384494,384413]
[260,246,237407,237830]
[261,255,563020,562678]
[262,218,156087,156689]
[263,67,549976,549677]
[264,18,708797,709791]
[265,186,489755,491004]
[266,31,249811,249534]
[267,108,95446,95833]
[268,199,579154,577860]
[269,203,79136,78905]
[270,51,104179,103793]
[271,20,331543,331865]
[272,94,507766,508779]
[273,185,73846,72807]
[274,9,411870,410410]
[275,257,44047,43551]
[276,114,314937,315118]
[277,276,384747,385279]
[278,45,487332,486097]
[279,133,220394,219960]
[280,208,673824,675001]
[281,22,614061,614712]
[282,23,586788,586568]
[283,193,672542,672158]
[284,265,28229,27787]
[285,197,279625,278397]
[286,255,56271,55074]
[287,122,173232,173553]
[288,248,264692,264921]
[289,0,358883,359605]
[290,180,392982,393837]
[291,259,35729,34775]
[292,161,235107,234703]
[293,160,619761,620025]
[294,93,3220,1804]
[295,142,398398,399560]
[296,177,540739,539646]
[297,93,531970,531352]
[298,82,467153,467740]
[299,8,572290,573227]
[300,15,175088,174695]
[301,152,487217,488688]
[302,14,529975,530866]
[303,237,358996,358613]
[304,104,159856,160626]
[305,149,577457,576999]
[306,199,572697,571203]
[307,236,26673,26738]
[308,122,630398,631412]
[309,117,130484,129588]
[310,221,356915,356227]
[311,202,305269,305482]
[312,75,60159,58913]
[313,238,80586,82040]
[314,162,238568,239333]
[315,40,35201,35936]
[316,78,267436,268306]
[317,30,714167,714514]
[318,4,485362,486679]
[319,231,365078,363673]
[320,178,156246,156659]
[321,220,458191,459080]
[322,209,165442,164158]
[323,264,428254,428798]
[324,261,688287,686974]
[325,250,159602,159902]
[326,246,142304,142910]
[327,223,397734,396827]
[328,268,53351,53405]
[329,34,636508,637643]
[330,18,350036,350298]
[331,147,531723,531687]
[332,237,632342,631303]
[333,114,593080,594263]
[334,77,204100,203339]
[335,261,510102,509300]
[336,110,279882,281210]
[337,182,536631,536769]
[338,67,543806,543105]
[339,276,571691,572039]
[340,152,222547,223752]
[341,21,630477,629416]
[342,214,658838,659584]
[343,266,260267,261622]
[344,11,499661,499475]
[345,240,704700,705294]
[346,18,135528,136720]
[347,5,636252,635344]
[348,149,629767,628595]
[349,126,261657,262973]
[350,59,636485,635368]
[351,105,348641,347569]
[352,141,349837,348724]
[353,83,492817,492072]
[354,108,93381,93724]
[355,130,688275,688912]
[356,100,601286,601428]
[357,148,373803,375215]
[358,202,115508,115815]
[359,67,645833,644716]
[360,175,419996,418595]
[361,189,173130,172291]
[362,200,625098,625990]
[363,52,212870,213456]
[364,162,523388,524289]
[365,223,438610,437569]
[366,143,156019,155529]
[367,54,324027,324690]
[368,34,646955,647882]
[369,275,475289,473845]
[370,199,711240,710556]
[371,250,73271,74769]
[372,209,311368,310129]
[373,251,537868,537540]
[374,37,591567,590524]
[375,158,299958,301283]
[376,193,77851,77178]
[377,93,38078,37626]
[378,193,14928,13885]
[379,102,448978,449286]
[380,226,539130,539235]
[381,222,140426,141025]
[382,0,700380,701177]
[383,213,430843,430207]
[384,148,486084,487299]
[385,192,506598,508066]
[386,154,35105,35657]
[387,197,652794,652585]
[388,185,204436,203790]
[389,118,244439,245782]
[390,64,286633,286936]
[391,145,14585,13128]
[392,249,688557,687395]
[393,152,435988,437348]
[394,124,120641,121156]
[395,175,179451,178688]
[396,63,111829,111225]
[397,54,49654,51015]
[398,181,481914,480849]
[399,203,38737,37459]
[400,216,94836,95319]
[401,80,505286,506227]
[402,189,521294,520612]
[403,183,147566,146601]
[404,153,485619,484665]
[405,254,464326,465813]
[406,215,619050,617908]
[407,245,287485,287159]
[408,166,255707,256157]
[409,210,616504,616553]
[410,101,48697,47314]
[411,123,60426,59909]
[412,112,434117,435526]
[413,92,730181,730741]
[414,77,678767,678366]
[415,171,5254,4813]
[416,31,180591,179572]
[417,178,708088,709268]
[418,125,259182,258728]
[419,133,579987,579879]
[420,64,560985,561814]
[421,140,529934,531184]
[422,155,532147,531739]
[423,157,161622,160186]
[424,226,318076,318167]
[425,153,353958,353430]
[426,224,528411,529351]
[427,235,627399,625918]
[428,148,108112,108436]
[429,275,401923,401591]
[430,238,549650,549982]
[431,197,639263,639228]
[432,208,263293,263863]
[433,263,389925,389466]
[434,235,637426,637272]
[435,230,432151,432603]
[436,132,438351,438457]
[437,45,229767,228586]
[438,191,78590,77914]
[439,278,29628,30424]
[440,221,471527,471020]
[441,173,169020,168378]
[442,81,166732,165284]
[443,193,395408,395361]
[444,189,225869,225301]
[445,276,208145,209644]
[446,269,189672,188652]
[447,4,413498,413627]
[448,182,610510,611924]
[449,63,523965,523136]
[450,97,78987,78777]
[451,152,367702,368953]
[452,135,106148,105137]
[453,57,487903,487542]
[454,277,47034,46732]
[455,51,78832,77842]
[456,122,722818,723850]
[457,228,726605,727482]
[458,20,15364,16663]
[459,79,328412,328246]
[460,241,28936,27741]
[461,120,401461,401667]
[462,248,546854,546976]
[463,71,388248,386778]
[464,276,304148,305470]
[465,169,360614,359533]
[466,269,290231,288862]
[467,89,119241,118465]
[468,268,502171,503135]
[469,226,226524,227869]
[470,237,574372,574112]
[471,98,78111,78851]
[472,277,38822,37865]
[473,84,313978,314936]
[474,217,71811,71196]
[475,147,546604,546100]
[476,5,397268,396353]
[477,115,175527,175456]
[478,100,357505,358796]
[479,168,565997,566603]
[480,249,383353,383268]
[481,248,42675,43455]
[482,73,611366,611117]
[483,252,462828,463156]
[484,122,386798,387206]
[485,211,457111,456856]
[486,234,131214,131774]
[487,246,410837,411905]
[488,178,249727,250554]
[489,228,729476,730002]
[490,165,729557,728819]
[491,54,320719,321944]
[492,196,139459,140583]
[493,177,354705,354623]
[494,4,681195,682139]
[495,67,178826,178647]
[496,78,393901,394860]
[497,193,61624,61347]
[498,123,492400,492272]
[499,174,111036,111287]
[500,221,66352,66255]
[501,232,471612,473024]
[502,24,87776,88640]
[503,7,286893,285949]
[504,146,172561,174021]
[505,114,228508,229631]
[506,182,94607,95377]
[507,80,421353,422469]
[508,172,309486,310388]
[509,160,309936,311372]
[510,177,147187,146484]
[511,25,44225,43332]
[512,106,433429,434037]
[513,23,139692,138308]
[514,215,500669,499737]
[515,204,341387,342802]
[516,48,394519,395925]
[517,116,466684,466865]
[518,162,121071,121797]
[519,259,546092,545190]
[520,197,632563,632330]
[521,276,515596,516846]
[522,102,271876,272542]
[523,157,625058,624349]
[524,261,595610,594321]
[525,165,458840,457389]
[526,260,728506,729170]
[527,223,21931,21256]
[528,37,270901,269704]
[529,59,501262,499996]
[530,18,613709,615051]
[531,107,398375,398172]
[532,229,148926,148404]
[533,243,419241,417902]
[534,179,431514,431281]
[535,158,134957,135158]
[536,254,115130,115306]
[537,166,196409,197859]
[538,258,308508,309040]
[539,252,347407,348288]
[540,244,609730,610317]
[541,21,328301,327754]
[542,183,539668,539160]
[543,257,426240,425057]
[544,21,480873,479783]
[545,197,710223,709419]
[546,18,530094,531369]
[547,6,1481,2638]
[548,265,104315,103465]
[549,83,465139,464894]
[550,196,265520,266087]
[551,271,177792,176740]
[552,200,255701,256078]
[553,186,25559,26569]
[554,274,466527,467246]
[555,220,478767,479369]
[556,147,478896,477627]
[557,215,715770,714599]
[558,247,631546,630221]
[559,224,392563,392883]
[560,120,437901,439103]
[561,6,331560,333059]
[562,56,254820,255780]
[563,242,100790,101902]
[564,80,260697,260824]
[565,269,230640,230182]
[566,215,551778,550454]
[567,214,652370,653779]
[568,78,86461,86700]
[569,67,415935,414894]
[570,174,286288,286718]
[571,240,401268,401569]
[572,123,33259,31822]
[573,11,50123,48774]
[574,2,509336,510740]
[575,40,268356,269719]
[576,121,497409,495951]
[577,198,348870,349029]
[578,258,591980,593370]
[579,80,346884,347950]
[580,269,232384,231827]
[581,213,457033,456855]
[582,49,574003,573400]
[583,76,39863,40788]
[584,188,139427,140697]
[585,59,308854,307647]
[586,217,539432,538890]
[587,203,210801,209719]
[588,216,23442,24396]
[589,42,122262,123377]
[590,82,627176,628174]
[591,247,404682,404034]
[592,13,586377,585609]
[593,51,587342,587003]
[594,155,533577,532947]
[595,106,496221,497142]
[596,92,167386,168115]
[597,237,699444,698194]
[598,92,191640,192871]
[599,119,398158,397528]
[600,34,251602,251839]
[601,180,14424,15524]
[602,159,193102,192648]
[603,208,460762,460981]
[604,111,507414,507219]
[605,51,454363,454078]
[606,237,644796,643601]
[607,215,530223,528764]
[608,270,404150,405145]
[609,44,465374,466605]
[610,145,373045,372517]
[611,60,700211,700724]
[612,190,484508,485657]
[613,252,99041,100384]
[614,47,477698,477590]
[615,5,378176,377870]
[616,234,160625,160755]
[617,151,295053,294577]
[618,33,133529,133287]
[619,75,51286,50337]
[620,269,328090,327350]
[621,229,250351,249617]
[622,119,508620,507421]
[623,21,42514,41042]
[624,54,668654,669770]
[625,172,384092,384793]
[626,167,63694,63144]
[627,276,110268,111645]
[628,170,455931,456703]
[629,245,421957,421527]
[630,227,449211,448262]
[631,116,559379,559593]
[632,97,288473,287836]
[633,268,496801,497617]
[634,4,688352,689172]
[635,261,234207,233538]
[636,50,583366,584338]
[637,128,523073,523377]
[638,122,204542,205411]
[639,136,184061,184422]
[640,122,616846,617956]
[641,39,179065,177796]
[642,231,279426,278481]
[643,122,493646,494668]
[644,93,573658,573300]
[645,235,8913,8430]
[646,123,406100,405309]
[647,238,476998,477230]
[648,239,234945,234152]
[649,157,245779,245280]
[650,113,576203,575237]
[651,254,400725,401269]
[652,223,70593,69988]
[653,71,603159,602953]
[654,62,662192,662497]
[655,261,214771,214090]
[656,212,199048,199631]
[657,149,312737,312079]
[658,84,326039,327447]
[659,133,166774,165979]
[660,46,568163,569354]
[661,212,33266,33344]
[662,274,217409,218725]
[663,162,636385,637073]
[664,21,353581,352694]
[665,77,310441,310025]
[666,249,82434,81324]
[667,163,466244,465935]
[668,20,126408,127244]
[669,188,324500,325674]
[670,236,464857,465384]
[671,122,236117,236182]
[672,222,579757,579832]
[673,133,223993,223420]
[674,218,557058,558479]
[675,20,182409,182756]
[676,125,727861,726472]
[677,22,541964,542586]
[678,174,559263,560543]
[679,243,221495,221096]
[680,165,101094,100751]
[681,264,285089,285182]
[682,170,124076,125213]
[683,132,113314,113572]
[684,67,126429,125868]
[685,124,728626,729744]
[686,277,694026,692767]
[687,150,524346,525003]
[688,196,441286,441522]
[689,160,318027,318572]
[690,9,306136,305379]
[691,22,705054,705260]
[692,216,606531,606785]
[693,38,593191,593229]
[694,118,238226,238404]
[695,82,457532,458534]
[696,223,670435,669050]
[697,191,184481,184054]
[698,137,114499,113461]
[699,202,324444,325453]
[700,191,642488,641637]
[701,31,166121,165348]
[702,140,25232,25393]
[703,202,710931,712149]
[704,108,330735,331534]
[705,184,195740,196931]
[706,43,627269,626435]
[707,236,68423,69068]
[708,200,553040,553812]
[709,32,212790,213454]
[710,4,225748,227051]
[711,58,345506,346655]
[712,259,717224,716328]
[713,113,280230,278846]
[714,195,610210,609372]
[715,42,80464,81179]
[716,99,127209,126213]
[717,128,574415,574801]
[718,81,370872,370361]
[719,7,594573,593816]
[720,275,294285,293715]
[721,267,715636,714304]
[722,83,330683,330601]
[723,60,630153,630727]
[724,174,520286,520786]
[725,250,513268,514248]
[726,212,428791,428946]
[727,218,149462,150423]
[728,58,627283,627658]
[729,131,148030,146853]
[730,74,42015,43263]
[731,12,423309,424193]
[732,261,477813,476520]
[733,16,300914,301685]
[734,216,95465,96028]
[735,232,577686,578424]
[736,192,58744,58967]
[737,59,234811,233665]
[738,62,657594,658238]
[739,24,35579,36223]
[740,85,117750,116775]
[741,38,659571,660654]
[742,26,576043,577021]
[743,92,421439,421704]
[744,219,698607,697657]
[745,9,167926,166480]
[746,14,173974,175442]
[747,200,299888,299952]
[748,92,93058,93725]
[749,47,472683,472390]
[750,268,251988,252730]
[751,25,608598,608529]
[752,269,135169,135020]
[753,68,221962,223428]
[754,171,117764,117022]
[755,202,543034,543389]
[756,261,374991,374020]
[757,105,220446,219548]
[758,33,516968,516776]
[759,117,699352,699016]
[760,214,471223,471878]
[761,258,44318,44888]
[762,135,676186,675945]
[763,107,214593,214191]
[764,244,255719,256121]
[765,37,196470,195632]
[766,139,648873,648067]
[767,256,294717,295788]
[768,234,33764,35034]
[769,118,297914,298061]
[770,15,51090,50710]
[771,75,312613,312229]
[772,162,443,1665]
[773,216,176795,177744]
[774,22,303385,303433]
[775,189,43428,42365]
[776,32,302669,302906]
[777,135,401289,400812]
[778,11,443561,443173]
[779,205,396499,395625]
[780,92,229827,230164]
[781,78,594547,595967]
[782,15,677351,676049]
[783,214,35563,36599]
[784,252,687276,688175]
[785,250,432825,433625]
[786,94,630687,631157]
[787,53,175562,174456]
[788,53,206991,206433]
[789,34,463094,464574]
[790,117,423609,423007]
[791,52,561565,563012]
[792,178,103014,103936]
[793,54,78568,79704]
[794,236,659411,660001]
[795,134,413883,414927]
[796,279,484647,484369]
[797,39,302743,301435]
[798,108,317725,319044]
[799,30,99803,100458]
[800,137,102200,101511]
[801,27,231307,230759]
[802,180,109254,110697]
[803,255,106980,105927]
[804,43,654208,653297]
[805,234,10495,11272]
[806,104,706604,706658]
[807,194,181247,182679]
[808,258,127096,127186]
[809,190,16929,17797]
[810,251,563462,562006]
[811,208,544079,544703]
[812,210,89090,90383]
[813,230,410589,411113]
[814,37,508394,507221]
[815,188,6271,6681]
[816,202,452817,453677]
[817,124,103824,105198]
[818,257,225422,223971]
[819,91,38523,37743]
[820,225,667684,666388]
[821,48,557797,559057]
[822,187,618034,616878]
[823,245,554340,553873]
[824,274,521424,522022]
[825,97,644251,643839]
[826,8,610114,610789]
[827,233,573246,572602]
[828,138,312359,313634]
[829,33,405976,405312]
[830,132,265069,265999]
[831,159,531723,530830]
[832,251,487927,486900]
[833,149,205390,204099]
[834,142,698509,699130]
[835,68,151347,151698]
[836,263,684992,684639]
[837,209,419619,418503]
[838,252,555205,556417]
[839,149,591384,590192]
[840,165,37861,37760]
[841,126,341035,341389]
[842,117,464890,463647]
[843,118,503402,504704]
[844,200,612108,612173]
[845,170,625521,626227]
[846,149,464999,464203]
[847,254,279912,280766]
[848,237,702166,702062]
[849,207,632216,631696]
[850,201,11010,10691]
[851,254,31181,31887]
[852,15,320674,319486]
[853,135,244998,243553]
[854,112,202938,204134]
[855,188,325180,326392]
[856,16,427940,428172]
[857,75,528233,526904]
[858,79,97758,97085]
[859,109,599996,599005]
[860,271,36554,35089]
[861,50,454547,455696]
[862,239,120669,120095]
[863,205,204840,204071]
[864,165,461581,460458]
[865,251,720460,719500]
[866,198,244109,244160]
[867,155,674122,673281]
[868,89,725059,724093]
[869,18,450285,450964]
[870,210,684951,685449]
[871,240,533781,534199]
[872,53,401813,400671]
[873,149,480877,480702]
[874,56,534230,534285]
[875,204,117275,118326]
[876,146,352510,353172]
[877,253,445903,445700]
[878,104,372789,374209]
[879,260,350905,351488]
[880,5,170871,170123]
[881,76,439940,440488]
[882,52,311015,311899]
[883,50,683573,684012]
[884,100,447318,448601]
[885,96,135147,136572]
[886,205,665644,665556]
[887,132,473951,474176]
[888,7,684626,684152]
[889,172,229382,229584]
[890,194,602175,602947]
[891,211,515292,514634]
[892,188,37980,38682]
[893,72,305768,306678]
[894,156,727033,728185]
[895,0,720679,721836]
[896,27,152144,150650]
[897,197,99325,98395]
[898,122,546555,547442]
[899,92,660324,660996]
[900,222,590373,590472]
[901,115,531461,530896]
[902,5,223845,223511]
[903,237,212732,212060]
[904,143,357877,356773]
[905,18,307434,308250]
[906,113,242443,241814]
[907,273,386675,385726]
[908,176,239037,239503]
[909,134,712778,713063]
[910,148,532715,533762]
[911,268,99874,101018]
[912,25,25256,25002]
[913,6,241241,242005]
[914,126,88215,89404]
[915,54,552726,553980]
[916,264,410097,411383]
[917,136,448739,449281]
[918,82,169097,170234]
[919,234,445799,447000]
[920,105,262232,261875]
[921,232,684266,685006]
[922,171,260249,259045]
[923,101,49313,48240]
[924,261,402314,402165]
[925,177,441968,441688]
[926,80,267220,267689]
[927,72,288394,289513]
[928,208,156698,157689]
[929,55,72194,72163]
[930,106,214555,215132]
[931,173,444897,443446]
[932,30,27323,28762]
[933,46,663967,664523]
[934,169,682204,681070]
[935,76,170111,171339]
[936,122,278762,278902]
[937,69,66454,65490]
[938,77,338457,337300]
[939,95,453784,452304]
[940,58,239421,240744]
[941,233,690547,690428]
[942,147,725953,725209]
[943,249,480216,479198]
[944,65,469231,468095]
[945,147,265372,264472]
[946,243,357735,356904]
[947,146,24979,26208]
[948,250,109516,110323]
[949,210,151526,152162]
[950,146,660909,661099]
[951,176,109190,110100]
[952,63,6457,4977]
[953,100,296941,297308]
[954,83,177816,177391]
[955,187,210999,210313]
[956,201,657398,657299]
[957,273,460506,459412]
[958,85,614015,613698]
[959,180,511219,511365]
[960,86,327839,328564]
[961,51,274136,274077]
[962,35,720481,719526]
[963,118,406693,408085]
[964,239,619601,619447]
[965,197,76773,76650]
[966,231,658444,657501]
[967,140,277008,277603]
[968,134,110446,111398]
[969,141,568343,567176]
[970,135,486667,485355]
[971,85,427039,426943]
[972,219,346150,344760]
[973,206,528683,529707]
[974,204,508984,509204]
[975,47,12412,11018]
[976,159,709116,707759]
[977,96,720576,721516]
[978,42,45367,45408]
[979,230,203537,203838]
[980,244,287002,287429]
[981,51,588358,587679]
[982,88,100925,102218]
[983,156,29768,30014]
[984,252,32267,33514]
[985,267,320257,319727]
[986,92,41027,42305]
[987,208,336725,338140]
[988,104,701532,702354]
[989,248,520155,521377]
[990,18,79245,79950]
[991,65,75823,75107]
[992,221,471411,470027]
[993,39,294698,293351]
[994,197,686783,686298]
[995,41,279786,279655]
[996,247,148983,148798]
[997,275,238943,238379]
[998,243,691179,690238]
[999,99,657027,656091]
[1000,240,83166,84591]
[1001,153,623030,622864]
[1002,248,593892,594626]
[1003,107,651722,650763]
[1004,162,649082,650198]
[1005,200,30312,30493]
[1006,26,502074,502982]
[1007,155,565546,564239]
[1008,33,238215,236784]
[1009,208,331067,331142]
[1010,29,356266,355843]
[1011,16,581419,581819]
[1012,117,93992,92879]
[1013,141,403361,402422]
[1014,261,529327,528799]
[1015,248,354771,355975]
[1016,141,419862,418784]
[1017,138,531277,531554]
[1018,20,605369,605693]
[1019,107,185949,185804]
[1020,188,491182,492597]
[1021,99,444253,443137]
[1022,266,456749,456861]
[1023,125,536754,535744]
[1024,123,178130,176681]
[1025,129,64669,63572]
[1026,240,563566,564060]
[1027,165,170812,170465]
[1028,172,329225,329788]
[1029,132,349129,350127]
[1030,108,492127,492856]
[1031,205,464361,462922]
[1032,176,136609,136754]
[1033,213,514771,513360]
[1034,240,244957,245582]
[1035,189,487879,487701]
[1036,51,47744,46430]
[1037,165,420515,420044]
[1038,221,532778,531780]
[1039,25,470530,470064]
[1040,249,256723,256240]
[1041,54,401782,402899]
[1042,277,390650,390398]
[1043,48,108540,109578]
[1044,117,724301,724207]
[1045,134,374758,375341]
[1046,88,652439,653312]
[1047,270,249482,250166]
[1048,181,380074,378670]
[1049,212,372064,373156]
[1050,33,566956,566473]
[1051,232,624637,626134]
[1052,173,405803,404726]
[1053,110,550031,551527]
[1054,74,53178,54477]
[1055,224,696454,697529]
[1056,275,692601,691724]
[1057,91,384715,383885]
[1058,255,124127,122715]
[1059,155,74111,72857]
[1060,232,236018,236473]
[1061,30,201095,202207]
[1062,162,596827,597862]
[1063,4,687785,689145]
[1064,31,349876,348452]
[1065,220,162319,162788]
[1066,171,447797,447450]
[1067,112,651821,651997]
[1068,262,370834,371030]
[1069,56,56998,57780]
[1070,250,78450,79215]
[1071,1,375219,374270]
[1072,206,681231,682414]
[1073,219,601724,600430]
[1074,147,484838,484424]
[1075,60,628608,628708]
[1076,252,664487,664980]
[1077,24,283990,284794]
[1078,179,15912,14553]
[1079,223,677031,676630]
[1080,106,667522,667710]
[1081,131,34631,34213]
[1082,265,573358,572268]
[1083,34,437980,439039]
[1084,39,716074,715081]
[1085,151,367981,367413]
[1086,85,250955,250059]
[1087,158,565025,566450]
[1088,200,683049,684069]
[1089,172,414713,415968]
[1090,210,76281,77473]
[1091,2,605676,605871]
[1092,135,443796,442846]
[1093,171,125574,124231]
[1094,158,619909,621074]
[1095,71,79509,78256]
[1096,174,235456,236810]
[1097,211,97541,97172]
[1098,76,213521,214632]
[1099,179,573583,572295]
[1100,277,591890,590869]
[1101,194,266701,267200]
[1102,53,16326,15608]
[1103,118,325686,326642]
[1104,82,492583,493254]
[1105,236,112980,113190]
[1106,83,591247,589920]
[1107,162,708877,709568]
[1108,211,565111,563902]
[1109,55,341328,341017]
[1110,225,553053,552916]
[1111,90,601218,601966]
[1112,186,517861,518881]
[1113,234,654956,655114]
[1114,244,301584,301902]
[1115,278,525529,526507]
[1116,153,444038,443686]
[1117,145,229866,228996]
[1118,150,671962,672262]
[1119,216,190313,191528]
[1120,60,3631,4893]
[1121,19,730486,730386]
[1122,108,605734,606596]
[1123,96,156780,157205]
[1124,3,684244,683785]
[1125,167,526986,526951]
[1126,58,264406,265221]
[1127,141,410893,409734]
[1128,166,630758,631992]
[1129,230,697483,698397]
[1130,43,599835,598551]
[1131,163,246329,244869]
[1132,74,300602,301632]
[1133,273,814,562]
[1134,9,291909,291693]
[1135,184,628905,629751]
[1136,194,647767,648275]
[1137,257,666620,665947]
[1138,17,367435,366572]
[1139,15,528425,528004]
[1140,215,674987,674833]
[1141,104,402775,403064]
[1142,268,108540,109983]
[1143,75,354868,353718]
[1144,11,199817,199539]
[1145,190,119100,119598]
[1146,90,688393,688771]
[1147,252,340432,341718]
[1148,246,136162,136268]
[1149,90,625198,626129]
[1150,135,421933,421327]
