["head":"wrap","lpos","status"]
[118,494301,1]
["io count"]
[120]
["io":"id","wrap","startLpos","endLpos"]
[1,89,286442,285513]
[2,129,468849,467595]
[3,86,561691,563018]
[4,243,248616,247490]
[5,227,582495,582100]
[6,195,107760,106809]
[7,25,39295,37828]
[8,275,606976,605601]
[9,168,136647,137122]
[10,266,612597,613358]
[11,42,7583,8852]
[12,108,317286,317920]
[13,182,339483,340820]
[14,90,141658,142572]
[15,191,332500,331697]
[16,235,80596,80445]
[17,111,327690,327207]
[18,235,642516,641892]
[19,110,569579,570566]
[20,230,495336,496093]
[21,274,499863,500450]
[22,29,476933,475688]
[23,211,295742,294553]
[24,118,443745,443854]
[25,258,432573,433556]
[26,132,169525,170018]
[27,36,461651,463052]
[28,158,180318,180476]
[29,116,109546,109766]
[30,76,595881,595979]
[31,162,235040,235541]
[32,208,590564,591110]
[33,167,170206,169141]
[34,57,462001,460508]
[35,106,453958,454897]
[36,183,171093,170024]
[37,178,400421,400807]
[38,89,124906,124269]
[39,75,23314,22157]
[40,268,329385,330136]
[41,260,546419,547438]
[42,221,307877,307226]
[43,90,569395,570069]
[44,181,728523,727965]
[45,223,573887,573273]
[46,165,406304,405920]
[47,237,56393,55643]
[48,15,182828,182775]
[49,69,594822,594367]
[50,57,228157,226906]
[51,64,661890,662906]
[52,194,65691,66560]
[53,186,693049,693224]
[54,124,223395,224613]
[55,255,175547,175396]
[56,36,532600,533945]
[57,275,620917,620148]
[58,225,153045,152572]
[59,144,698311,699331]
[60,143,391952,390506]
[61,237,317047,316969]
[62,43,262665,261662]
[63,162,394950,395276]
[64,222,561218,562037]
[65,106,648861,649075]
[66,247,620109,618619]
[67,214,116329,116763]
[68,192,276500,277060]
[69,261,558841,557580]
[70,60,171401,172286]
[71,72,289878,291144]
[72,86,91021,92115]
[73,113,198490,197459]
[74,151,568635,568401]
[75,191,69769,69168]
[76,172,695736,696521]
[77,155,266615,266312]
[78,175,30823,30754]
[79,102,439282,439441]
[80,75,258622,257638]
[81,193,685379,684008]
[82,118,176349,177372]
[83,189,458773,458020]
[84,183,257009,256722]
[85,99,267346,266435]
[86,190,407420,408636]
[87,259,503195,502147]
[88,117,347064,345801]
[89,207,495166,494315]
[90,142,159742,160862]
[91,111,512768,512059]
[92,53,364275,363753]
[93,150,429516,431000]
[94,188,118191,118606]
[95,38,67416,68656]
[96,153,478066,477209]
[97,112,159617,160475]
[98,61,427047,425847]
[99,223,413130,412325]
[100,252,171491,171658]
[101,138,588969,589586]
[102,215,619853,618439]
[103,181,397183,396862]
[104,6,438502,438752]
[105,65,107483,106265]
[106,50,585147,585339]
[107,270,289643,289803]
[108,0,500230,500750]
[109,267,594885,593786]
[110,230,434596,434676]
[111,69,290047,288891]
[112,197,74364,73898]
[113,161,50721,50502]
[114,181,635403,634417]
[115,75,282448,282416]
[116,249,67606,66114]
[117,127,649798,649532]
[118,182,100916,100980]
[119,209,576795,576417]
[120,198,75398,76531]
