["head":"wrap","lpos","status"]
[33,466502,0]
["io count"]
[1200]
["io":"id","wrap","startLpos","endLpos"]
[1,43,629049,628343]
[2,152,171098,172272]
[3,76,457302,457906]
[4,273,118282,117360]
[5,148,256653,257816]
[6,83,328733,328551]
[7,174,436748,437744]
[8,263,317041,316403]
[9,207,175455,174585]
[10,211,510137,508670]
[11,38,608336,609647]
[12,181,79562,78417]
[13,67,524875,523670]
[14,171,180790,179845]
[15,273,362266,360889]
[16,154,83698,84235]
[17,28,185846,186333]
[18,234,527520,528554]
[19,4,641389,642013]
[20,146,705090,705816]
[21,241,659623,658801]
[22,81,585910,584875]
[23,131,310681,309421]
[24,53,651635,651435]
[25,162,642687,644053]
[26,101,556682,555882]
[27,235,47564,47146]
[28,224,478436,478952]
[29,109,283745,283206]
[30,193,283265,283095]
[31,10,278347,279635]
[32,67,491106,490487]
[33,72,314020,315095]
[34,273,235482,235132]
[35,139,22692,22344]
[36,55,250362,250118]
[37,126,159830,160327]
[38,254,265476,266639]
[39,250,432620,433392]
[40,50,107387,107774]
[41,268,656789,657704]
[42,145,372240,370832]
[43,144,701015,701835]
[44,40,503278,503759]
[45,51,233535,232836]
[46,30,364232,364909]
[47,256,281270,281940]
[48,274,419109,419283]
[49,122,405251,406304]
[50,19,724877,724229]
[51,186,193785,194753]
[52,40,473198,473867]
[53,250,264610,264758]
[54,215,695860,695145]
[55,245,124144,123785]
[56,148,329780,330784]
[57,175,305201,303744]
[58,225,211858,211406]
[59,29,400846,400266]
[60,99,474630,474582]
[61,135,563207,561850]
[62,4,347300,348315]
[63,176,193143,194186]
[64,75,643892,643844]
[65,170,575182,576099]
[66,117,649077,647638]
[67,238,562361,562455]
[68,115,209326,208843]
[69,213,568077,567572]
[70,118,507957,508494]
[71,87,177865,177386]
[72,204,399952,400776]
[73,59,655367,655006]
[74,42,283667,283935]
[75,129,242906,241796]
[76,225,709856,708458]
[77,91,598534,598422]
[78,192,257116,257188]
[79,132,329303,330538]
[80,171,101819,100584]
[81,232,637146,638388]
[82,246,39581,39729]
[83,52,212147,213517]
[84,238,427315,427572]
[85,254,548403,549035]
[86,201,150590,150251]
[87,251,323005,321900]
[88,242,19187,20003]
[89,159,495204,493775]
[90,227,325730,324325]
[91,137,221927,220438]
[92,198,341901,342424]
[93,203,434966,434337]
[94,44,584338,584880]
[95,149,125496,124210]
[96,272,595454,596221]
[97,160,709838,710757]
[98,94,435094,436496]
[99,16,483929,484681]
[100,257,224003,222642]
[101,119,371653,370324]
[102,211,558051,557603]
[103,38,384725,386184]
[104,122,286360,287362]
[105,218,455707,456552]
[106,218,504313,505201]
[107,5,503520,502446]
[108,36,376725,377329]
[109,17,301500,300026]
[110,207,459022,457540]
[111,64,476099,477248]
[112,79,351100,349650]
[113,275,405378,404107]
[114,157,720754,719316]
[115,132,727834,727957]
[116,60,594709,594830]
[117,171,374013,372743]
[118,249,532353,531498]
[119,238,132950,133452]
[120,208,591737,592335]
[121,200,607477,607776]
[122,58,589090,589884]
[123,2,681280,682492]
[124,39,306679,305304]
[125,19,447745,447343]
[126,0,421576,422166]
[127,19,614325,614174]
[128,39,373645,373026]
[129,142,540591,541139]
[130,58,351597,352421]
[131,40,390068,391381]
[132,115,250998,250322]
[133,9,48594,47720]
[134,254,136004,136588]
[135,34,251587,252805]
[136,22,359333,360521]
[137,215,160604,159746]
[138,58,618772,619514]
[139,76,84766,85516]
[140,107,209618,209385]
[141,33,627535,626117]
[142,264,377266,378673]
[143,152,646420,647286]
[144,82,351153,352210]
[145,118,90611,91158]
[146,231,42379,41884]
[147,209,549630,548192]
[148,229,442382,441235]
[149,122,486314,487805]
[150,16,419672,419885]
[151,84,717569,718556]
[152,25,21726,20782]
[153,60,262039,262125]
[154,35,561093,561004]
[155,205,663006,662803]
[156,159,570899,569844]
[157,225,59586,58937]
[158,18,317385,318237]
[159,213,111538,111368]
[160,137,404813,404433]
[161,232,680982,681634]
[162,20,323266,323398]
[163,168,520702,520877]
[164,108,536284,536380]
[165,219,501974,501931]
[166,27,649360,648344]
[167,111,651191,650632]
[168,73,551178,550252]
[169,266,139721,140195]
[170,124,551650,552148]
[171,76,459192,460478]
[172,117,38760,38513]
[173,225,687799,687442]
[174,248,129265,129449]
[175,197,245325,243826]
[176,49,307409,306664]
[177,14,253673,253986]
[178,159,601435,601075]
[179,87,618207,617235]
[180,155,332517,331154]
[181,275,695623,694791]
[182,20,707282,707351]
[183,158,312912,313216]
[184,77,196274,195200]
[185,29,197479,196014]
[186,125,423380,422296]
[187,174,550659,551829]
[188,27,401505,400760]
[189,98,688249,689639]
[190,95,291679,290761]
[191,70,391078,392265]
[192,128,449249,450593]
[193,61,661094,659969]
[194,15,15014,14840]
[195,227,97239,96849]
[196,277,332058,330572]
[197,43,675667,674439]
[198,232,339562,340195]
[199,149,203288,202698]
[200,269,437463,436902]
[201,260,195723,196054]
[202,82,25239,25733]
[203,207,188090,187327]
[204,0,644213,645645]
[205,31,550774,550668]
[206,249,93509,92973]
[207,39,102305,101780]
[208,278,249328,249921]
[209,8,185440,186178]
[210,123,570229,569376]
[211,73,483138,482838]
[212,171,273476,273160]
[213,149,613065,611747]
[214,147,418592,418452]
[215,113,644112,643112]
[216,17,429582,429431]
[217,49,380040,379152]
[218,152,81423,82862]
[219,164,534561,534773]
[220,2,110518,111982]
[221,31,727860,727055]
[222,77,281047,280112]
[223,266,425661,426632]
[224,191,468048,467088]
[225,161,398724,398379]
[226,88,484146,485253]
[227,215,229030,227645]
[228,13,616558,615193]
[229,163,59358,58188]
[230,131,268727,267839]
[231,41,110530,109695]
[232,95,487588,486458]
[233,201,491673,490957]
[234,156,557245,558207]
[235,196,343080,344084]
[236,262,520475,521708]
[237,195,647025,646168]
[238,29,637889,636453]
[239,233,10258,9310]
[240,115,99433,98888]
[241,52,548005,549183]
[242,260,328,1144]
[243,179,577667,577166]
[244,261,374650,374201]
[245,243,593978,593771]
[246,26,185779,186394]
[247,63,664734,664308]
[248,11,215279,214510]
[249,125,534125,533596]
[250,198,122436,122794]
[251,202,608795,609374]
[252,170,219689,219793]
[253,188,222181,222925]
[254,229,661674,661180]
[255,105,606587,605347]
[256,206,25771,27144]
[257,177,307352,305911]
[258,55,118413,117260]
[259,107,72076,70785]
[260,94,441682,443170]
[261,92,523634,524090]
[262,23,520041,519879]
[263,155,437001,435757]
[264,12,304943,305406]
[265,250,335393,335468]
[266,169,690652,689478]
[267,28,196487,197250]
[268,235,514243,512831]
[269,238,210058,211238]
[270,179,665143,664937]
[271,94,494232,495373]
[272,99,317380,316012]
[273,28,614536,614795]
[274,17,539449,538634]
[275,190,1737,2241]
[276,58,517044,517428]
[277,119,172710,171579]
[278,127,155478,155097]
[279,208,219925,220229]
[280,110,228215,229424]
[281,272,713634,714773]
[282,112,75788,75840]
[283,125,724484,724117]
[284,237,508493,508442]
[285,226,499887,501024]
[286,184,94431,94603]
[287,53,484884,484163]
[288,0,571685,572798]
[289,212,199250,200430]
[290,53,433736,433230]
[291,45,633075,632092]
[292,160,294634,294983]
[293,110,224011,224981]
[294,195,331801,330837]
[295,180,214261,215600]
[296,8,305927,306549]
[297,98,407015,407230]
[298,28,655537,656825]
[299,230,452044,452246]
[300,65,144921,143748]
[301,46,61325,61636]
[302,276,417906,418173]
[303,24,669975,671105]
[304,115,176922,175833]
[305,21,468730,468015]
[306,227,216017,215679]
[307,77,77084,75962]
[308,186,342498,343078]
[309,175,377238,376673]
[310,152,479632,479949]
[311,12,607565,607817]
[312,7,269128,267823]
[313,11,160287,159346]
[314,218,385574,385726]
[315,52,534224,534910]
[316,67,4518,3598]
[317,162,272248,273617]
[318,264,82194,83390]
[319,141,683438,682107]
[320,21,558275,558000]
[321,197,499278,498380]
[322,45,556130,554675]
[323,174,380109,381571]
[324,170,475796,477212]
[325,160,142517,143822]
[326,51,451438,450039]
[327,145,109463,108703]
[328,228,726532,727474]
[329,109,222636,222388]
[330,20,653357,653735]
[331,170,430966,431265]
[332,50,224907,225228]
[333,207,159931,159086]
[334,156,34155,35500]
[335,259,360924,359694]
[336,67,710522,709512]
[337,77,119252,117769]
[338,37,490148,489941]
[339,268,238909,239989]
[340,258,565134,565496]
[341,231,131550,130278]
[342,29,95297,94827]
[343,182,559190,560460]
[344,34,241089,241292]
[345,52,182385,182748]
[346,7,359979,358528]
[347,93,554576,554257]
[348,262,592732,593233]
[349,132,152374,153711]
[350,235,647005,645656]
[351,9,341204,340118]
[352,57,13645,13006]
[353,99,338261,338228]
[354,161,45915,45520]
[355,121,664803,663553]
[356,276,687823,688562]
[357,70,511322,512277]
[358,225,679184,678576]
[359,178,530239,531491]
[360,266,628993,629494]
[361,239,166647,165673]
[362,258,468477,469083]
[363,81,345498,344631]
[364,45,717308,716483]
[365,100,529378,530496]
[366,250,160597,161523]
[367,193,227209,226300]
[368,116,537668,538949]
[369,95,444285,443868]
[370,99,522831,521357]
[371,35,212426,212092]
[372,200,717401,718779]
[373,259,686651,685457]
[374,94,331267,332418]
[375,247,127028,126843]
[376,251,105383,104803]
[377,250,622262,622787]
[378,263,52073,51895]
[379,103,555872,554590]
[380,119,390898,390549]
[381,135,314451,313613]
[382,190,13756,14116]
[383,9,405880,405047]
[384,35,703172,702185]
[385,198,130766,131751]
[386,99,241144,240702]
[387,41,487862,487029]
[388,96,644393,645115]
[389,207,433832,433636]
[390,38,128321,129521]
[391,153,591958,591518]
[392,239,177805,177554]
[393,148,7558,8671]
[394,28,609308,610076]
[395,141,640020,639444]
[396,27,86067,85801]
[397,262,266405,267896]
[398,247,21616,21579]
[399,119,574297,573266]
[400,103,726889,725814]
[401,29,596111,594741]
[402,109,468893,468396]
[403,94,309009,310453]
[404,210,468888,469379]
[405,10,164188,164225]
[406,260,715864,716012]
[407,162,67730,68143]
[408,206,434658,434855]
[409,210,30785,31084]
[410,97,19509,18631]
[411,115,443882,442660]
[412,217,689894,688924]
[413,51,67665,66971]
[414,187,417612,416319]
[415,119,505325,504412]
[416,189,142668,141856]
[417,98,439651,441073]
[418,204,685885,686018]
[419,253,280420,279340]
[420,92,725203,725302]
[421,251,440823,439562]
[422,249,459028,458236]
[423,224,254850,255904]
[424,232,565865,566978]
[425,93,360855,359499]
[426,66,632158,632438]
[427,85,158784,158568]
[428,8,181276,181733]
[429,128,122264,123552]
[430,112,433086,434566]
[431,5,351995,351733]
[432,273,484393,483646]
[433,134,696753,697325]
[434,207,707749,706531]
[435,129,202749,201412]
[436,249,11438,10343]
[437,232,516710,517545]
[438,58,149075,149946]
[439,172,233355,234029]
[440,183,576572,576015]
[441,72,247306,247617]
[442,31,254473,253937]
[443,36,293210,293261]
[444,269,651810,650559]
[445,44,3292,4724]
[446,238,26034,27445]
[447,79,282667,281447]
[448,37,79788,78547]
[449,62,369405,370550]
[450,179,211212,210575]
[451,193,409848,408450]
[452,249,649107,648791]
[453,270,680621,681555]
[454,96,684673,685183]
[455,205,242767,242219]
[456,114,9024,10129]
[457,256,11005,12279]
[458,4,289354,290543]
[459,101,408619,407899]
[460,254,472658,473010]
[461,138,357516,358514]
[462,4,207794,208422]
[463,42,726627,727822]
[464,237,222967,222934]
[465,212,453293,454526]
[466,148,556996,557843]
[467,126,344223,345617]
[468,18,617084,618139]
[469,183,364806,364281]
[470,178,261828,262792]
[471,172,98518,98736]
[472,105,523593,522270]
[473,78,611707,612259]
[474,41,280369,279082]
[475,60,651445,651879]
[476,211,215477,215224]
[477,200,466063,466610]
[478,62,194708,195065]
[479,267,467946,467578]
[480,134,212228,212562]
[481,220,32884,33318]
[482,252,476729,477266]
[483,246,516967,518310]
[484,3,592701,591912]
[485,261,4088,3234]
[486,212,344433,344718]
[487,210,596932,597086]
[488,174,559526,560100]
[489,127,431484,431189]
[490,165,183615,182909]
[491,204,306869,306991]
[492,118,151029,152030]
[493,80,530632,532079]
[494,117,566979,566300]
[495,160,464097,464493]
[496,267,495662,494731]
[497,235,430516,429078]
[498,124,196057,196948]
[499,133,458705,458378]
[500,103,702775,702392]
[501,24,364560,364628]
[502,153,333497,332739]
[503,150,462267,462323]
[504,46,661460,662714]
[505,39,635886,635702]
[506,240,574149,575155]
[507,26,527850,528546]
[508,223,406585,405318]
[509,238,716771,717662]
[510,236,26200,26564]
[511,105,629503,628249]
[512,129,243126,242244]
[513,254,589827,590799]
[514,220,451394,452004]
[515,189,683847,683524]
[516,199,181723,180767]
[517,138,37015,37140]
[518,279,107976,107376]
[519,267,114698,113513]
[520,15,594591,593439]
[521,169,701534,700180]
[522,195,415395,414231]
[523,270,226298,227223]
[524,73,471298,471091]
[525,161,638896,637697]
[526,149,488333,487312]
[527,277,106935,106269]
[528,161,730367,730262]
[529,205,548615,547976]
[530,184,296925,298405]
[531,255,249919,248738]
[532,38,339349,339530]
[533,71,472783,472519]
[534,131,300117,299311]
[535,115,638136,637253]
[536,17,97583,96222]
[537,221,336459,335232]
[538,67,329530,328478]
[539,35,190864,190628]
[540,245,668296,666851]
[541,256,398764,400182]
[542,175,330815,329868]
[543,193,441649,441450]
[544,43,641103,640970]
[545,66,715697,716496]
[546,173,283161,282412]
[547,22,512576,513140]
[548,10,16577,16977]
[549,103,289717,288367]
[550,43,569001,568358]
[551,166,65005,65045]
[552,23,436136,435765]
[553,99,273776,272816]
[554,64,225541,226965]
[555,108,583711,584016]
[556,123,187602,187349]
[557,24,47205,48654]
[558,75,282408,281796]
[559,28,385020,385450]
[560,183,118528,117398]
[561,253,83358,81903]
[562,47,694919,693858]
[563,111,240510,239324]
[564,157,446277,446150]
[565,142,493719,494059]
[566,144,667251,668422]
[567,268,495234,495738]
[568,104,457952,458786]
[569,69,400515,399481]
[570,113,101106,99904]
[571,113,574215,572983]
[572,103,545607,545230]
[573,19,712373,711113]
[574,201,611469,610072]
[575,93,446676,445801]
[576,47,48541,47201]
[577,59,224099,223371]
[578,169,559324,558220]
[579,168,417921,419267]
[580,105,232171,231064]
[581,166,315648,316146]
[582,70,164171,165374]
[583,197,9854,8817]
[584,136,719052,719527]
[585,271,24383,24247]
[586,254,27049,27549]
[587,258,668633,670058]
[588,4,676812,677870]
[589,20,247840,247931]
[590,278,265013,265059]
[591,183,179342,178015]
[592,169,439986,438820]
[593,49,722940,721616]
[594,255,603071,601781]
[595,277,104487,103061]
[596,64,214011,215270]
[597,249,245052,243599]
[598,36,355065,355218]
[599,189,189332,188182]
[600,119,157616,156127]
[601,66,570837,571707]
[602,202,103513,104971]
[603,43,356558,355402]
[604,265,121831,121654]
[605,19,463684,463034]
[606,77,31044,30366]
[607,10,539559,540187]
[608,92,631836,633101]
[609,189,324050,323743]
[610,133,173604,172194]
[611,234,232685,233631]
[612,209,672833,671573]
[613,202,554838,555096]
[614,28,325478,326140]
[615,276,205263,206239]
[616,59,373417,373315]
[617,241,118803,118438]
[618,157,95114,93813]
[619,193,540190,540089]
[620,189,483067,481633]
[621,114,584416,585441]
[622,159,447110,446306]
[623,10,232505,233868]
[624,245,340329,339420]
[625,84,216394,217718]
[626,62,529362,529547]
[627,95,451777,451546]
[628,251,631972,630764]
[629,180,459916,460068]
[630,174,713452,714682]
[631,200,277705,277804]
[632,119,553574,553150]
[633,269,464522,463214]
[634,57,722565,722521]
[635,179,289411,287997]
[636,57,718121,716856]
[637,206,664622,665287]
[638,247,360215,359692]
[639,13,318737,318232]
[640,204,464399,465193]
[641,147,476939,476304]
[642,116,109637,110659]
[643,263,675444,674769]
[644,119,671741,670262]
[645,110,590673,591107]
[646,169,141470,141302]
[647,218,303598,304984]
[648,6,95566,95623]
[649,193,628801,627612]
[650,78,314304,314662]
[651,67,616202,615554]
[652,89,79692,79308]
[653,2,559209,560473]
[654,255,662509,661310]
[655,262,349447,350383]
[656,192,260596,261468]
[657,146,205745,206929]
[658,56,120118,120905]
[659,154,659130,660247]
[660,21,582966,581959]
[661,57,65953,65535]
[662,279,456514,455373]
[663,272,31462,32414]
[664,88,552099,553123]
[665,84,415006,415224]
[666,258,434744,434821]
[667,162,471250,471401]
[668,194,188052,188341]
[669,83,522439,521493]
[670,262,351157,352370]
[671,168,586536,587073]
[672,49,523419,522942]
[673,115,8410,7682]
[674,157,526155,525071]
[675,93,276313,275529]
[676,221,310831,309909]
[677,185,111952,111080]
[678,224,389856,391198]
[679,29,516305,516175]
[680,18,109682,110299]
[681,155,605413,605049]
[682,37,27761,27265]
[683,246,379792,381221]
[684,269,245077,243581]
[685,195,617793,616868]
[686,76,552266,552396]
[687,19,102683,101506]
[688,90,398837,399579]
[689,117,116381,116184]
[690,14,34745,35281]
[691,59,46977,45993]
[692,250,389857,390669]
[693,132,640313,641667]
[694,46,582307,582809]
[695,256,371599,372940]
[696,266,428909,429639]
[697,250,538348,539331]
[698,225,200747,199851]
[699,263,466142,464845]
[700,148,708034,709157]
[701,67,319698,319156]
[702,228,712901,714044]
[703,128,184047,185194]
[704,55,73525,73484]
[705,131,512519,512170]
[706,91,297070,296493]
[707,130,610513,611217]
[708,29,159876,159703]
[709,213,527931,527346]
[710,27,358293,358213]
[711,181,5844,4604]
[712,202,107217,108155]
[713,132,468570,469633]
[714,145,196700,195634]
[715,247,646508,645606]
[716,50,1876,2555]
[717,105,269435,268514]
[718,222,147206,148113]
[719,68,317280,317731]
[720,242,289713,289762]
[721,183,137061,136541]
[722,152,210754,212077]
[723,129,244249,243605]
[724,239,130745,130301]
[725,4,90052,90522]
[726,178,83454,84310]
[727,150,298821,298892]
[728,65,538640,538082]
[729,265,474398,473358]
[730,194,81133,81225]
[731,196,450303,451691]
[732,128,284752,285667]
[733,230,682385,682848]
[734,175,93379,93304]
[735,278,444220,444568]
[736,252,299120,299904]
[737,20,536904,537750]
[738,30,715538,716970]
[739,90,211637,212351]
[740,191,165363,165286]
[741,190,109478,109738]
[742,270,183547,184949]
[743,73,623784,622754]
[744,260,578213,579257]
[745,118,686759,687400]
[746,215,620640,619504]
[747,269,167713,167463]
[748,167,687706,687518]
[749,279,269303,268365]
[750,44,425862,426417]
[751,264,363706,363782]
[752,119,351920,351814]
[753,99,386076,385904]
[754,107,5298,4847]
[755,219,238690,238163]
[756,27,373253,372731]
[757,204,574755,575011]
[758,80,211331,212744]
[759,106,169472,170650]
[760,130,661743,661853]
[761,196,288922,289789]
[762,51,690003,689199]
[763,26,576397,576747]
[764,68,503656,504574]
[765,238,392425,392815]
[766,250,2833,4324]
[767,123,729396,728325]
[768,198,564619,564860]
[769,49,285460,284625]
[770,166,454013,455325]
[771,145,660473,659768]
[772,165,360824,360260]
[773,14,20010,20594]
[774,99,280833,280744]
[775,120,537003,537361]
[776,162,496413,497145]
[777,212,311903,312931]
[778,119,418315,417278]
[779,103,716724,716468]
[780,62,117723,118992]
[781,35,395998,395933]
[782,39,421441,420702]
[783,216,63154,64081]
[784,236,240907,242100]
[785,230,418613,419161]
[786,20,243934,244118]
[787,257,433480,433335]
[788,105,180854,180487]
[789,23,67496,66034]
[790,47,417630,417131]
[791,81,345277,344002]
[792,198,467436,467577]
[793,178,706070,706604]
[794,62,580839,582270]
[795,10,218436,218525]
[796,45,100759,99827]
[797,42,123568,123888]
[798,115,52062,50687]
[799,223,324892,324229]
[800,0,5622,6544]
[801,161,610173,609580]
[802,179,39708,38283]
[803,85,694398,693874]
[804,75,459007,457945]
[805,260,580856,581655]
[806,123,31184,29929]
[807,39,98912,98307]
[808,277,200403,199045]
[809,6,555644,556569]
[810,206,345595,346841]
[811,96,418833,420281]
[812,80,702044,703003]
[813,36,597335,597923]
[814,97,475637,475420]
[815,7,314842,314391]
[816,274,680842,681210]
[817,163,333130,333065]
[818,85,629389,628596]
[819,225,587149,586612]
[820,127,456225,456000]
[821,73,11254,10051]
[822,142,501163,502083]
[823,170,444417,445360]
[824,15,258622,258414]
[825,107,383327,381835]
[826,42,597888,597927]
[827,271,297730,297068]
[828,129,50582,49304]
[829,84,216892,217609]
[830,14,235920,236771]
[831,1,582992,582051]
[832,275,454711,453561]
[833,279,578746,577512]
[834,199,23337,22604]
[835,127,587470,587263]
[836,133,639762,639688]
[837,90,23903,25012]
[838,124,536825,537240]
[839,265,222695,221951]
[840,233,503670,503075]
[841,8,675090,675491]
[842,68,143523,144874]
[843,78,364126,364877]
[844,177,528001,526575]
[845,139,123163,122285]
[846,49,433442,433204]
[847,144,654745,655063]
[848,91,159954,159411]
[849,42,209443,210729]
[850,235,209993,209671]
[851,77,696699,695714]
[852,201,603504,603241]
[853,77,144267,143735]
[854,73,162658,161508]
[855,20,426617,426892]
[856,102,294638,294778]
[857,126,490311,491092]
[858,17,192532,191268]
[859,67,488208,488151]
[860,16,397594,398130]
[861,121,242087,241618]
[862,278,117952,118035]
[863,111,690277,689203]
[864,145,366394,365426]
[865,248,103868,104479]
[866,182,257841,258691]
[867,149,250064,248892]
[868,145,373335,372922]
[869,50,146924,147166]
[870,181,456454,455411]
[871,267,44313,44069]
[872,51,246459,245155]
[873,252,49987,50551]
[874,100,494417,495263]
[875,184,597674,598832]
[876,72,184515,185224]
[877,83,50071,48620]
[878,59,424915,423754]
[879,52,95068,96156]
[880,150,565184,566521]
[881,84,162498,162637]
[882,265,566380,565608]
[883,125,543183,543145]
[884,103,250926,249987]
[885,250,289864,289964]
[886,72,614821,616234]
[887,71,709459,708366]
[888,191,538369,537210]
[889,28,258790,259161]
[890,163,108885,108124]
[891,171,261556,261136]
[892,75,85366,84264]
[893,102,61292,62739]
[894,156,494161,495358]
[895,161,607849,606462]
[896,189,661985,660589]
[897,44,439592,440414]
[898,275,397336,396073]
[899,66,236378,237462]
[900,126,80958,81339]
[901,226,303013,304178]
[902,116,693684,694789]
[903,33,712786,712363]
[904,92,651240,651311]
[905,7,374523,373870]
[906,162,373476,373513]
[907,148,713749,714520]
[908,42,576859,577041]
[909,109,350071,349112]
[910,51,61830,61223]
[911,195,416527,416146]
[912,172,266070,266250]
[913,233,236470,235697]
[914,162,397459,398773]
[915,121,130996,130563]
[916,130,489334,490335]
[917,23,330191,329115]
[918,183,699265,698758]
[919,28,306883,308200]
[920,179,199962,199081]
[921,64,633135,633431]
[922,185,612760,612334]
[923,25,631009,630527]
[924,197,631462,631370]
[925,24,682442,683766]
[926,42,78060,78578]
[927,158,221570,221645]
[928,140,34296,34543]
[929,109,581146,580779]
[930,40,265924,266512]
[931,88,124681,124994]
[932,276,298348,299570]
[933,257,18150,18027]
[934,71,673582,673506]
[935,129,448342,448062]
[936,252,429352,430830]
[937,67,604618,604213]
[938,9,200051,199912]
[939,5,549869,548682]
[940,98,678167,679278]
[941,197,490215,489456]
[942,84,380684,381820]
[943,108,689629,690663]
[944,235,271577,271375]
[945,11,635211,634310]
[946,29,145884,144528]
[947,96,147919,148288]
[948,33,456300,455062]
[949,189,500075,499167]
[950,220,556009,557147]
[951,111,244472,244309]
[952,228,246483,247607]
[953,256,331569,331935]
[954,191,710970,710869]
[955,82,174805,175157]
[956,155,545153,543803]
[957,60,476757,478181]
[958,119,176228,175985]
[959,244,52882,54251]
[960,85,405599,405209]
[961,95,285642,284703]
[962,53,483531,482983]
[963,90,676266,676812]
[964,246,65118,66163]
[965,85,588082,588008]
[966,78,314681,314852]
[967,264,73649,74688]
[968,56,702508,703998]
[969,125,358133,357721]
[970,31,511039,510469]
[971,65,658169,656871]
[972,18,548822,549461]
[973,153,610669,609178]
[974,125,276753,276618]
[975,95,534561,534174]
[976,0,208570,208945]
[977,71,415533,414643]
[978,191,71430,70812]
[979,140,478096,478859]
[980,6,577140,578300]
[981,45,693931,693566]
[982,18,675147,675255]
[983,111,610347,609651]
[984,34,554214,554657]
[985,242,607060,607608]
[986,263,291131,289779]
[987,94,404519,406017]
[988,264,467516,467556]
[989,83,375404,375097]
[990,142,420373,421819]
[991,246,62056,62503]
[992,244,473950,475368]
[993,93,275078,273763]
[994,237,580345,579655]
[995,37,106158,105533]
[996,161,530093,528930]
[997,262,360195,360897]
[998,197,370699,370473]
[999,90,604152,605285]
[1000,247,637216,636299]
[1001,107,142678,142263]
[1002,209,145167,144000]
[1003,127,196318,194998]
[1004,263,421760,421479]
[1005,129,265606,264868]
[1006,40,183050,183447]
[1007,18,599474,599580]
[1008,138,628332,629654]
[1009,269,553514,552961]
[1010,227,46161,46085]
[1011,139,183496,182904]
[1012,116,277030,277635]
[1013,15,219392,219206]
[1014,200,45607,45797]
[1015,60,697564,697951]
[1016,176,707767,708761]
[1017,84,167832,169165]
[1018,117,503620,502791]
[1019,251,141518,141131]
[1020,110,510562,512004]
[1021,121,213850,213358]
[1022,53,21311,20275]
[1023,200,630274,631441]
[1024,58,302744,303634]
[1025,214,8127,8361]
[1026,36,297026,297557]
[1027,71,37374,36044]
[1028,113,76579,75963]
[1029,87,229430,228436]
[1030,223,508816,507836]
[1031,226,723511,723998]
[1032,100,303483,303689]
[1033,102,650796,650958]
[1034,62,30590,31097]
[1035,111,518922,518693]
[1036,192,656563,657161]
[1037,126,174536,175314]
[1038,96,456908,457524]
[1039,37,55107,53785]
[1040,215,344372,343956]
[1041,13,81682,80831]
[1042,9,59564,58983]
[1043,107,518906,517781]
[1044,12,689555,689774]
[1045,25,86906,86425]
[1046,13,586179,585543]
[1047,25,627631,626459]
[1048,217,127478,126330]
[1049,252,477753,478786]
[1050,246,635567,636557]
[1051,172,304169,304986]
[1052,60,598206,598866]
[1053,7,13417,13343]
[1054,0,513430,514110]
[1055,110,67342,67750]
[1056,219,208047,206617]
[1057,24,427395,428025]
[1058,260,545058,545210]
[1059,208,342814,343952]
[1060,127,585142,584675]
[1061,182,306035,306515]
[1062,174,107473,108532]
[1063,241,252746,251439]
[1064,97,206271,205971]
[1065,102,186908,187157]
[1066,25,344178,343996]
[1067,222,272309,272924]
[1068,7,118405,118070]
[1069,150,643543,644492]
[1070,7,382100,381778]
[1071,48,632320,633558]
[1072,144,644984,645115]
[1073,171,379731,379387]
[1074,159,651853,650801]
[1075,94,124604,125277]
[1076,225,260335,259318]
[1077,205,588993,588207]
[1078,272,573130,573442]
[1079,167,43271,42161]
[1080,94,329668,331163]
[1081,192,115515,116827]
[1082,89,354569,353647]
[1083,91,658596,657709]
[1084,147,438105,436656]
[1085,172,343630,344548]
[1086,169,153389,152186]
[1087,71,248136,247051]
[1088,261,516368,515446]
[1089,205,17900,17282]
[1090,78,200954,201993]
[1091,54,187769,188410]
[1092,20,478114,478796]
[1093,213,262673,261578]
[1094,117,673227,672553]
[1095,97,13259,12809]
[1096,163,83275,82063]
[1097,2,135661,136329]
[1098,1,231234,230477]
[1099,88,560634,561294]
[1100,251,644351,643727]
[1101,37,383696,383140]
[1102,17,565049,563648]
[1103,179,632430,632163]
[1104,189,104778,104103]
[1105,279,550177,549626]
[1106,25,193376,192373]
[1107,157,229933,229180]
[1108,124,712239,712590]
[1109,143,172075,171889]
[1110,201,450067,449633]
[1111,271,629455,628920]
[1112,132,715583,716808]
[1113,154,415168,416488]
[1114,136,146827,147566]
[1115,113,718219,717902]
[1116,192,564355,565685]
[1117,30,540651,541923]
[1118,216,679181,679424]
[1119,108,59941,60590]
[1120,128,678752,679415]
[1121,213,562058,561492]
[1122,172,180205,180492]
[1123,104,340410,341806]
[1124,18,478206,478357]
[1125,110,725123,725194]
[1126,149,77019,76723]
[1127,20,657973,659144]
[1128,14,470172,470834]
[1129,53,7399,7048]
[1130,69,607523,606779]
[1131,28,298703,299504]
[1132,68,172528,173769]
[1133,149,325332,324914]
[1134,14,560434,560825]
[1135,235,458842,458225]
[1136,62,22754,23776]
[1137,105,319297,318197]
[1138,25,719495,718848]
[1139,51,713632,712133]
[1140,174,1930,3268]
[1141,226,691663,691832]
[1142,132,351536,352695]
[1143,137,257180,256566]
[1144,45,365837,365207]
[1145,49,13050,12439]
[1146,187,624151,623637]
[1147,27,357644,357397]
[1148,140,85230,85927]
[1149,69,108827,108225]
[1150,210,160049,161007]
[1151,39,102987,101595]
[1152,115,559836,559285]
[1153,29,251490,251137]
[1154,27,152351,150923]
[1155,167,168715,168068]
[1156,155,513168,511875]
[1157,111,61948,61439]
[1158,76,84225,84267]
[1159,88,37644,38027]
[1160,56,391779,391960]
[1161,219,129255,129135]
[1162,97,604224,603345]
[1163,86,700058,700272]
[1164,118,335249,335722]
[1165,87,571724,570380]
[1166,260,208896,209252]
[1167,34,715588,716005]
[1168,104,481296,481422]
[1169,49,153153,151971]
[1170,3,54642,54123]
[1171,233,721467,721178]
[1172,159,209082,208007]
[1173,22,169711,170556]
[1174,13,156273,156079]
[1175,19,72050,71972]
[1176,146,506315,506599]
[1177,144,584308,584809]
[1178,25,429246,428772]
[1179,17,100880,99991]
[1180,16,29284,30273]
[1181,24,398238,399206]
[1182,57,236827,236735]
[1183,0,450434,451462]
[1184,118,494615,495236]
[1185,133,160813,159774]
[1186,165,165466,164212]
[1187,219,419677,418179]
[1188,101,223888,222489]
[1189,117,626240,625433]
[1190,153,443477,442954]
[1191,156,172433,173643]
[1192,216,320175,320595]
[1193,107,590816,589957]
[1194,44,525653,525764]
[1195,185,638603,638212]
[1196,211,92140,91274]
[1197,194,450045,451494]
[1198,69,491757,490617]
[1199,14,654397,655024]
[1200,87,249059,248848]
