["head":"wrap","lpos","status"]
[76,681199,1]
["io count"]
[125]
["io":"id","wrap","startLpos","endLpos"]
[1,49,577086,576215]
[2,81,40088,38759]
[3,153,612752,611264]
[4,264,564826,565040]
[5,55,131589,131510]
[6,11,562856,562213]
[7,95,685280,684177]
[8,249,712349,711752]
[9,141,467188,466971]
[10,222,30687,32088]
[11,236,545418,546840]
[12,181,23387,22955]
[13,120,729838,730610]
[14,54,609076,609996]
[15,270,315450,316826]
[16,187,425695,425120]
[17,121,426897,425847]
[18,277,298034,296896]
[19,8,29513,30863]
[20,38,636317,636876]
[21,57,158488,158163]
[22,182,555730,556005]
[23,272,36838,37673]
[24,132,385455,386802]
[25,123,395007,394917]
[26,253,343920,343588]
[27,114,548363,549294]
[28,130,609459,610207]
[29,44,642899,643474]
[30,231,149809,149143]
[31,113,626944,626676]
[32,71,282034,281040]
[33,87,484095,482673]
[34,3,351429,349997]
[35,21,452196,451972]
[36,6,671691,673135]
[37,87,702511,701678]
[38,205,149895,148568]
[39,234,143596,144489]
[40,71,530090,529933]
[41,255,342856,342420]
[42,151,508896,508636]
[43,219,38239,37102]
[44,229,140912,139753]
[45,196,374105,374268]
[46,80,64570,65266]
[47,17,567896,567839]
[48,263,563378,563096]
[49,57,683015,682597]
[50,262,669835,670160]
[51,59,49870,48834]
[52,165,208134,207377]
[53,227,669355,668305]
[54,40,596420,596683]
[55,70,80144,80698]
[56,40,662474,662813]
[57,163,606478,605305]
[58,219,65734,65341]
[59,86,316616,317852]
[60,7,516528,515708]
[61,214,123729,124334]
[62,99,98564,97213]
[63,175,717663,717456]
[64,44,399170,399281]
[65,232,377477,378881]
[66,255,481052,480202]
[67,128,93625,93737]
[68,254,273203,274422]
[69,11,227950,226639]
[70,267,547904,547089]
[71,17,222006,220719]
[72,159,439749,438264]
[73,58,396458,397933]
[74,188,156865,157494]
[75,124,260805,262126]
[76,35,275923,274832]
[77,51,670980,670318]
[78,50,265336,265931]
[79,124,196382,197580]
[80,46,665264,666503]
[81,5,576321,575166]
[82,244,541272,542672]
[83,125,257696,256954]
[84,225,47610,46969]
[85,205,303846,303169]
[86,189,567701,566461]
[87,207,92210,92074]
[88,106,635721,636374]
[89,1,382232,381827]
[90,275,622814,621489]
[91,238,355914,356213]
[92,81,310572,310485]
[93,181,382823,382601]
[94,166,67286,68574]
[95,144,68091,68507]
[96,175,249346,247959]
[97,170,305430,306840]
[98,41,220495,220380]
[99,15,307022,306425]
[100,274,543244,543373]
[101,193,46129,45658]
[102,35,231341,230650]
[103,8,26590,26791]
[104,104,357621,357984]
[105,39,531263,529764]
[106,220,501796,502269]
[107,221,723127,722145]
[108,22,319459,320570]
[109,262,579561,580657]
[110,271,322003,320605]
[111,52,341163,342605]
[112,232,706315,707554]
[113,138,583670,583723]
[114,196,544280,545151]
[115,148,342236,342273]
[116,17,133594,132861]
[117,208,449937,451056]
[118,246,680861,681665]
[119,144,503513,504117]
[120,36,213358,213946]
[121,124,577140,577423]
[122,267,498895,498245]
[123,68,545102,545883]
[124,11,37284,36490]
[125,135,280402,280267]
