["head":"wrap","lpos","status"]
[29,207455,0]
["io count"]
[1250]
["io":"id","wrap","startLpos","endLpos"]
[1,84,218227,219363]
[2,135,522347,521614]
[3,184,130471,131135]
[4,45,499581,498358]
[5,17,489369,488095]
[6,142,653890,654074]
[7,171,669927,669182]
[8,38,6181,7293]
[9,163,709818,708481]
[10,96,97802,98423]
[11,80,505093,505671]
[12,200,705010,706427]
[13,66,29811,29932]
[14,180,303488,304876]
[15,266,317664,318152]
[16,260,12437,13330]
[17,124,193857,194218]
[18,25,249930,248719]
[19,160,635410,635885]
[20,166,173256,174159]
[21,244,206282,206806]
[22,102,162721,163407]
[23,136,153903,154707]
[24,22,102140,103285]
[25,69,374406,373441]
[26,241,296308,295460]
[27,5,527800,526362]
[28,63,34197,32929]
[29,234,712069,713078]
[30,151,572675,571287]
[31,269,71805,71614]
[32,101,242461,240974]
[33,78,341980,342601]
[34,83,60177,59876]
[35,276,129396,130663]
[36,264,524256,524318]
[37,85,256769,256169]
[38,64,701776,702169]
[39,171,579260,578362]
[40,49,543310,542314]
[41,26,707118,707851]
[42,84,132442,133280]
[43,133,685624,684490]
[44,258,325700,326594]
[45,199,111384,111051]
[46,269,362588,362161]
[47,137,248812,247563]
[48,34,504356,504684]
[49,68,598221,598391]
[50,150,255054,255125]
[51,276,645118,646121]
[52,14,236955,237739]
[53,215,688572,687874]
[54,99,151624,151100]
[55,142,482870,483395]
[56,219,127659,126965]
[57,182,477441,478602]
[58,152,501205,502447]
[59,270,340108,341467]
[60,190,541619,543036]
[61,243,475923,474940]
[62,78,481150,481271]
[63,183,192296,191892]
[64,271,637105,636748]
[65,205,443877,443397]
[66,98,278972,279305]
[67,6,616453,617616]
[68,33,644919,644776]
[69,211,53035,51936]
[70,274,193933,194299]
[71,235,542812,542534]
[72,132,362206,362683]
[73,21,23706,22718]
[74,192,521862,523053]
[75,144,372838,372942]
[76,161,711383,710357]
[77,191,705114,704445]
[78,39,554737,553902]
[79,32,338249,338778]
[80,120,386504,386973]
[81,208,60507,61420]
[82,273,127554,126874]
[83,275,626424,626091]
[84,133,124161,123683]
[85,42,136357,137103]
[86,19,273504,273137]
[87,25,635876,634448]
[88,54,512250,512466]
[89,247,665431,664700]
[90,211,142069,141778]
[91,243,249019,248340]
[92,71,636945,635948]
[93,50,723305,723710]
[94,258,351515,352520]
[95,262,564699,565212]
[96,201,293508,292582]
[97,156,537015,537537]
[98,216,12474,13575]
[99,168,70367,71419]
[100,158,545515,546923]
[101,261,383471,383186]
[102,111,622139,620824]
[103,164,71496,72522]
[104,111,711624,710500]
[105,46,64724,65411]
[106,148,421174,421424]
[107,242,573239,573401]
[108,160,437644,438879]
[109,64,482020,482784]
[110,241,238834,238152]
[111,5,231039,229720]
[112,246,31657,33079]
[113,220,182198,183323]
[114,243,330189,329076]
[115,110,250722,252033]
[116,154,177586,178175]
[117,174,656037,656084]
[118,37,712077,711739]
[119,155,532637,531663]
[120,196,424004,424914]
[121,104,520010,520177]
[122,151,599614,598894]
[123,191,298283,297895]
[124,192,248918,249306]
[125,124,371739,371837]
[126,22,158601,158809]
[127,110,444855,445475]
[128,117,332602,332022]
[129,255,501388,501304]
[130,11,633430,631937]
[131,261,695843,695358]
[132,59,652892,652029]
[133,129,630145,629983]
[134,221,214363,213320]
[135,31,447090,446413]
[136,184,471400,471655]
[137,186,588037,589208]
[138,207,580461,579337]
[139,136,634658,635630]
[140,171,501986,501238]
[141,36,69394,70831]
[142,56,115843,116571]
[143,142,394142,394511]
[144,136,419786,420558]
[145,219,537852,536566]
[146,250,157712,157965]
[147,211,484477,483840]
[148,214,257648,258681]
[149,67,107504,106522]
[150,152,482381,483684]
[151,194,641511,641668]
[152,111,291931,291253]
[153,234,47701,49053]
[154,83,429122,428085]
[155,117,288872,288569]
[156,181,207795,207660]
[157,144,49589,50919]
[158,272,680682,681754]
[159,151,105556,104522]
[160,220,597553,597742]
[161,118,480272,481074]
[162,20,516022,517005]
[163,265,508437,506977]
[164,215,159640,159580]
[165,84,130634,132069]
[166,110,91149,91957]
[167,113,684704,683558]
[168,114,47503,47852]
[169,256,664171,664900]
[170,55,338759,337823]
[171,5,111286,110941]
[172,277,163535,162586]
[173,190,473440,474921]
[174,251,476422,476101]
[175,38,314665,315591]
[176,136,595504,595660]
[177,12,362777,363815]
[178,30,457102,457595]
[179,35,158436,157394]
[180,46,116795,117914]
[181,264,156334,156925]
[182,102,479142,480240]
[183,116,447961,449082]
[184,62,688163,688870]
[185,262,580321,581337]
[186,145,517539,517464]
[187,109,706460,705294]
[188,60,419307,420082]
[189,6,536410,536448]
[190,250,412606,413540]
[191,87,462996,462245]
[192,204,130171,131547]
[193,116,275685,275810]
[194,42,515940,517065]
[195,228,36509,37361]
[196,6,111360,112565]
[197,278,505325,506335]
[198,238,450489,451005]
[199,151,460822,459339]
[200,33,285949,284512]
[201,96,119081,119301]
[202,230,176331,177393]
[203,111,503315,502883]
[204,106,702350,702984]
[205,265,228392,226981]
[206,42,507835,509030]
[207,147,600277,598919]
[208,248,404444,405102]
[209,196,328761,329824]
[210,196,276623,277654]
[211,47,369775,368750]
[212,82,3948,4868]
[213,23,279986,279465]
[214,10,100785,102235]
[215,8,610426,610946]
[216,247,656360,654951]
[217,248,340522,341159]
[218,176,74852,75371]
[219,134,185621,185739]
[220,200,347128,348070]
[221,259,657948,657400]
[222,226,113604,114549]
[223,18,279574,279929]
[224,29,286649,285609]
[225,210,450055,450918]
[226,243,716380,715841]
[227,218,165189,166067]
[228,188,285874,286487]
[229,97,95068,93967]
[230,279,21101,20762]
[231,12,74823,75496]
[232,275,568417,567569]
[233,194,234719,235285]
[234,14,78949,79500]
[235,194,521316,522579]
[236,249,663431,661958]
[237,214,314174,314587]
[238,45,691543,691164]
[239,242,337120,338369]
[240,86,269999,270508]
[241,172,681756,682995]
[242,105,94291,93218]
[243,229,384287,383632]
[244,276,488845,488936]
[245,1,668847,667780]
[246,32,556485,557947]
[247,174,34088,35254]
[248,181,679368,678125]
[249,244,687767,687822]
[250,106,682877,682921]
[251,220,48065,49137]
[252,7,404786,404732]
[253,69,258386,258221]
[254,244,452066,452849]
[255,236,271950,272427]
[256,153,524463,523704]
[257,82,327719,329111]
[258,191,452163,450747]
[259,83,395307,394934]
[260,277,459189,458179]
[261,238,511039,511594]
[262,62,298831,299241]
[263,68,89145,90141]
[264,92,576289,576883]
[265,154,187476,188386]
[266,14,361411,362843]
[267,152,716438,717265]
[268,28,120800,121734]
[269,249,227768,227154]
[270,121,181564,181245]
[271,276,616276,617585]
[272,279,133494,133396]
[273,155,710343,709656]
[274,120,46667,47535]
[275,45,103425,102260]
[276,41,154799,153776]
[277,210,603350,604783]
[278,123,449439,449252]
[279,187,201824,200496]
[280,165,398588,398545]
[281,244,290863,291304]
[282,205,398381,397691]
[283,135,171202,170627]
[284,193,360338,359603]
[285,206,651820,653012]
[286,216,564612,565626]
[287,250,376379,377332]
[288,130,329041,330163]
[289,138,98928,99341]
[290,198,610094,611553]
[291,174,110690,110951]
[292,181,487873,487090]
[293,196,40625,41588]
[294,146,600306,601547]
[295,122,16594,17446]
[296,96,327512,327674]
[297,201,162403,160948]
[298,277,147093,147058]
[299,210,394168,394448]
[300,260,94931,95822]
[301,97,443572,442966]
[302,238,85734,86923]
[303,97,537027,536071]
[304,202,622045,623109]
[305,221,98343,97635]
[306,23,465822,465191]
[307,186,489660,489988]
[308,95,471920,470662]
[309,269,605278,604273]
[310,244,579627,580275]
[311,150,115398,116666]
[312,70,599470,599762]
[313,169,417533,417263]
[314,66,516120,517101]
[315,238,103988,105015]
[316,171,360432,359338]
[317,277,312154,310735]
[318,276,447452,447783]
[319,199,634421,633250]
[320,230,730620,730948]
[321,206,187277,188330]
[322,236,56894,58112]
[323,71,340421,339314]
[324,139,273514,273186]
[325,277,246588,245385]
[326,114,262296,263034]
[327,4,332287,332993]
[328,6,594617,594840]
[329,86,157739,158950]
[330,260,24594,24650]
[331,5,542499,541820]
[332,29,342073,341954]
[333,221,447687,446795]
[334,223,424850,424649]
[335,189,280214,280100]
[336,42,25250,26665]
[337,211,437905,437762]
[338,176,389966,390696]
[339,195,286095,285589]
[340,11,464289,463932]
[341,54,179304,179538]
[342,118,529536,530300]
[343,220,286711,287893]
[344,31,497901,497770]
[345,151,330568,330077]
[346,199,348604,348218]
[347,35,447778,447732]
[348,276,226103,226390]
[349,23,220594,219730]
[350,182,156124,156489]
[351,193,609722,608831]
[352,277,421158,420415]
[353,95,563488,562677]
[354,201,152315,151246]
[355,176,498498,499685]
[356,38,292765,293730]
[357,239,111576,110557]
[358,222,487333,487879]
[359,10,28846,30325]
[360,227,534232,533471]
[361,54,623604,624252]
[362,231,292612,292532]
[363,183,175768,175188]
[364,31,263342,263120]
[365,232,239602,240459]
[366,263,515803,514721]
[367,76,238652,239762]
[368,227,33306,32376]
[369,2,255967,256785]
[370,235,345470,344093]
[371,216,342277,343179]
[372,156,281961,282099]
[373,40,264038,265172]
[374,118,367603,368939]
[375,123,163658,162341]
[376,35,175106,175063]
[377,165,88399,87076]
[378,232,152200,153513]
[379,67,519876,519228]
[380,2,572571,573743]
[381,114,323619,324477]
[382,125,722956,721550]
[383,80,334311,334951]
[384,74,35651,36597]
[385,225,660715,659867]
[386,72,600407,600709]
[387,137,230765,230237]
[388,184,603179,604369]
[389,58,115203,116574]
[390,59,269307,267970]
[391,188,578806,579315]
[392,35,723793,723238]
[393,251,123715,122216]
[394,40,357538,358531]
[395,42,644231,645503]
[396,143,260098,258867]
[397,153,72509,72016]
[398,5,205322,204067]
[399,57,717629,716175]
[400,67,39150,37985]
[401,213,92141,91297]
[402,26,560865,561967]
[403,53,220849,220115]
[404,257,75495,74856]
[405,131,129558,128905]
[406,1,511363,509918]
[407,185,460542,460278]
[408,79,695604,694609]
[409,220,579408,580468]
[410,65,198151,197037]
[411,272,374579,375316]
[412,49,716379,715122]
[413,85,703112,702192]
[414,135,270927,269542]
[415,73,160424,159808]
[416,213,336250,335836]
[417,201,566379,565184]
[418,12,666570,667495]
[419,75,143187,142411]
[420,124,83615,84026]
[421,241,412838,412089]
[422,214,189402,190164]
[423,211,391559,390379]
[424,110,642475,643742]
[425,231,795,667]
[426,51,37528,37118]
[427,230,613764,614042]
[428,114,600630,601954]
[429,122,174626,175153]
[430,168,109864,110234]
[431,229,504557,503387]
[432,126,415102,415524]
[433,61,329862,329701]
[434,32,555066,556350]
[435,210,473094,474034]
[436,107,321927,320598]
[437,215,20593,19224]
[438,23,491769,491700]
[439,108,726618,727218]
[440,195,625592,625452]
[441,259,216879,215924]
[442,96,73482,74809]
[443,148,581686,582348]
[444,137,341754,341584]
[445,255,495382,495146]
[446,221,279452,278309]
[447,22,537282,537976]
[448,266,247127,247901]
[449,143,506599,506336]
[450,55,406323,405977]
[451,38,88248,88435]
[452,155,490123,489407]
[453,55,626974,625735]
[454,75,347188,346734]
[455,96,68816,69208]
[456,182,299312,300430]
[457,114,344783,345056]
[458,103,48090,47190]
[459,82,707995,708447]
[460,126,11128,12191]
[461,111,236446,235456]
[462,17,433246,432682]
[463,230,459731,460187]
[464,168,116373,116442]
[465,217,482180,481599]
[466,88,624716,625070]
[467,97,519405,517952]
[468,82,601825,601935]
[469,38,537053,537172]
[470,210,528773,529332]
[471,83,84096,83722]
[472,121,685171,684023]
[473,75,640479,639871]
[474,197,133744,133174]
[475,266,42026,42096]
[476,220,247525,248510]
[477,12,556610,557973]
[478,14,187011,187814]
[479,193,13310,12751]
[480,186,700076,701409]
[481,27,509294,508684]
[482,184,422722,423534]
[483,222,112888,113103]
[484,227,664380,663456]
[485,5,236329,235423]
[486,45,71475,70619]
[487,133,351056,350610]
[488,168,413069,413495]
[489,81,656194,655096]
[490,260,379086,379776]
[491,170,277694,278745]
[492,71,514929,514721]
[493,195,85293,84490]
[494,254,124854,125827]
[495,60,264866,266226]
[496,263,109576,109208]
[497,12,644504,644970]
[498,108,725248,726153]
[499,66,482268,482449]
[500,169,477073,476974]
[501,270,503852,504636]
[502,19,193526,192183]
[503,251,565042,564512]
[504,218,42383,42938]
[505,263,279017,278801]
[506,121,246111,244700]
[507,103,604287,604055]
[508,57,710850,709409]
[509,184,158814,159833]
[510,225,662419,661758]
[511,50,180778,182014]
[512,41,415195,414436]
[513,127,204622,204130]
[514,74,62675,63491]
[515,71,607104,605983]
[516,124,47836,49175]
[517,197,38058,37764]
[518,173,57613,57051]
[519,146,332299,332723]
[520,151,314765,313702]
[521,72,137923,138180]
[522,61,560180,559106]
[523,168,235799,236189]
[524,266,324796,325530]
[525,45,656776,655478]
[526,246,536033,536543]
[527,21,575774,574984]
[528,231,114368,114132]
[529,152,482830,483047]
[530,267,655218,654091]
[531,20,121622,122114]
[532,243,543948,542909]
[533,264,564953,565127]
[534,65,227991,226645]
[535,22,109405,109694]
[536,58,494072,494466]
[537,211,651096,649603]
[538,272,584958,585764]
[539,28,164079,164696]
[540,47,198995,197909]
[541,29,501794,500343]
[542,224,541976,542406]
[543,207,670227,670097]
[544,50,127654,128129]
[545,159,450502,449431]
[546,162,639159,640514]
[547,165,585392,584415]
[548,232,347581,348888]
[549,194,346284,347342]
[550,139,662711,661433]
[551,8,602843,603826]
[552,240,173075,174430]
[553,152,546985,547134]
[554,249,171243,171023]
[555,155,365760,364585]
[556,197,182370,182112]
[557,244,334401,334949]
[558,9,430723,429821]
[559,107,83264,82870]
[560,23,223300,222528]
[561,8,688347,688940]
[562,101,117744,116742]
[563,79,107104,106449]
[564,164,426364,427208]
[565,25,411151,410599]
[566,218,15569,16020]
[567,100,389808,390970]
[568,246,372843,373858]
[569,225,514505,514121]
[570,13,621296,621037]
[571,124,678597,678741]
[572,262,519380,520437]
[573,54,596388,597666]
[574,50,37538,38871]
[575,182,112144,112319]
[576,195,479879,478788]
[577,135,606292,605961]
[578,163,57816,56613]
[579,116,347938,348439]
[580,63,567475,566249]
[581,166,315743,315839]
[582,19,127244,126485]
[583,28,699358,699846]
[584,0,670059,671474]
[585,47,162902,162095]
[586,221,439481,438963]
[587,4,148375,149861]
[588,143,607166,606210]
[589,121,424863,423368]
[590,54,514929,516257]
[591,183,195293,195107]
[592,276,727187,727843]
[593,248,248621,249552]
[594,19,421841,421093]
[595,158,263740,265146]
[596,159,44844,43728]
[597,66,678237,679507]
[598,260,663842,663995]
[599,244,452765,453293]
[600,159,440158,438860]
[601,262,305203,306351]
[602,219,544832,544102]
[603,70,660223,661635]
[604,53,304899,303817]
[605,146,455494,456619]
[606,276,481448,481689]
[607,234,626849,627863]
[608,116,409600,410408]
[609,217,95060,94224]
[610,37,364029,363793]
[611,116,664106,665003]
[612,271,225567,224955]
[613,260,406580,406745]
[614,193,161597,161242]
[615,61,96055,94791]
[616,43,725936,724746]
[617,12,269120,269651]
[618,20,75313,76083]
[619,145,46176,44878]
[620,3,432253,431376]
[621,195,215735,215347]
[622,66,691511,692731]
[623,60,454702,455510]
[624,56,597789,597898]
[625,234,205124,205184]
[626,218,66525,67406]
[627,238,313487,314824]
[628,238,178122,178679]
[629,67,60415,59222]
[630,58,170149,171521]
[631,16,33501,34867]
[632,68,339253,340234]
[633,216,712925,713635]
[634,274,593516,594009]
[635,167,501003,499636]
[636,274,476455,477941]
[637,5,521345,521280]
[638,114,231207,231515]
[639,211,536399,535285]
[640,104,205791,206019]
[641,116,148086,149222]
[642,247,479784,479182]
[643,52,55841,56859]
[644,25,466408,466271]
[645,177,360617,359710]
[646,196,371620,372624]
[647,8,233080,233699]
[648,77,697705,697214]
[649,124,363536,363751]
[650,133,358390,357984]
[651,252,227279,227997]
[652,161,140895,139911]
[653,6,471832,471873]
[654,196,253284,253565]
[655,270,179136,179487]
[656,141,586913,585422]
[657,197,111756,110594]
[658,123,177508,176752]
[659,62,220675,221226]
[660,56,46462,46734]
[661,84,541711,542397]
[662,54,625064,625283]
[663,145,159325,159145]
[664,272,609462,610896]
[665,34,407299,407786]
[666,5,360552,360354]
[667,66,142461,142750]
[668,149,494248,493500]
[669,173,550779,550593]
[670,166,269634,270647]
[671,158,237305,237400]
[672,247,47390,46276]
[673,0,78327,78886]
[674,136,661791,662928]
[675,106,479522,480032]
[676,125,100363,99285]
[677,7,220940,219567]
[678,182,386477,387966]
[679,216,182050,182619]
[680,255,175550,174498]
[681,67,544421,543026]
[682,79,174919,173595]
[683,231,487735,486656]
[684,50,433904,435403]
[685,87,30952,30313]
[686,115,339399,338786]
[687,89,579344,578186]
[688,30,176221,177068]
[689,221,667606,666174]
[690,95,241319,240136]
[691,73,59485,59098]
[692,148,250814,252231]
[693,36,36006,36567]
[694,40,144776,145218]
[695,144,462468,463853]
[696,106,200057,200481]
[697,255,533320,532708]
[698,136,286484,286835]
[699,105,725748,724752]
[700,84,546563,547602]
[701,133,278391,277166]
[702,250,673986,674482]
[703,200,627,1573]
[704,110,232497,232632]
[705,56,78794,78872]
[706,157,459788,458987]
[707,85,136256,136143]
[708,252,107432,107757]
[709,142,276393,277103]
[710,197,228058,227376]
[711,172,679726,680554]
[712,19,450185,449486]
[713,187,584479,583677]
[714,217,139226,138751]
[715,97,255507,254264]
[716,252,696360,696554]
[717,260,633480,633830]
[718,14,2527,2726]
[719,228,182967,184465]
[720,134,692053,692619]
[721,112,156207,157221]
[722,89,229529,228550]
[723,18,178126,179403]
[724,225,225789,225168]
[725,67,66359,65614]
[726,193,525180,524389]
[727,85,506512,505235]
[728,36,197570,198724]
[729,40,613861,615315]
[730,202,559677,561135]
[731,43,265905,265760]
[732,255,187986,186682]
[733,72,596530,597292]
[734,6,718933,720022]
[735,48,549867,550588]
[736,19,520316,519924]
[737,8,467731,468033]
[738,151,684474,683967]
[739,131,289436,288349]
[740,117,280080,279500]
[741,136,358509,359180]
[742,175,485997,485938]
[743,150,174076,174569]
[744,30,620795,621699]
[745,260,395922,396485]
[746,15,321885,321212]
[747,117,470110,469884]
[748,186,183589,183811]
[749,159,46740,46377]
[750,131,407523,406061]
[751,193,297980,297238]
[752,176,578202,579171]
[753,115,705501,704184]
[754,204,575660,575745]
[755,170,4018,5285]
[756,141,4869,4782]
[757,153,430503,430065]
[758,142,137011,137624]
[759,268,462363,463596]
[760,180,477045,478358]
[761,197,513490,512919]
[762,60,351690,352571]
[763,156,24368,25461]
[764,279,35878,34434]
[765,158,599724,601161]
[766,22,43154,43559]
[767,137,310805,310378]
[768,247,693386,691905]
[769,266,534598,535284]
[770,212,477429,478857]
[771,221,514327,513467]
[772,146,451838,452744]
[773,11,74773,74424]
[774,13,666729,665951]
[775,212,635443,636273]
[776,268,668787,669032]
[777,152,372827,373143]
[778,182,404278,405688]
[779,238,538596,539588]
[780,2,525371,525995]
[781,48,581397,582858]
[782,43,48862,47571]
[783,174,616023,616616]
[784,60,599291,600779]
[785,157,517940,517717]
[786,35,262466,261784]
[787,212,424671,425946]
[788,168,16072,16846]
[789,13,47735,47661]
[790,12,445234,445567]
[791,58,694614,694999]
[792,246,387995,388674]
[793,65,330561,329284]
[794,163,384629,383885]
[795,171,164650,164292]
[796,130,597690,597979]
[797,8,25146,26160]
[798,231,358546,358139]
[799,49,430792,429434]
[800,223,445628,445055]
[801,31,542353,542033]
[802,234,386829,387088]
[803,256,363163,363925]
[804,8,329505,330448]
[805,121,627213,626699]
[806,239,454907,454414]
[807,118,274458,275323]
[808,63,450440,449822]
[809,184,480607,481322]
[810,160,42791,44208]
[811,221,88217,88001]
[812,76,306798,308194]
[813,71,461507,460278]
[814,7,608906,607464]
[815,226,495133,495460]
[816,179,459987,459193]
[817,12,355260,356109]
[818,119,140901,140539]
[819,110,46876,47933]
[820,219,320761,319778]
[821,200,195595,196129]
[822,100,460335,461813]
[823,245,334682,333362]
[824,139,8526,8131]
[825,204,268995,269898]
[826,240,256354,257164]
[827,166,461843,462745]
[828,264,58382,59593]
[829,165,433128,432916]
[830,204,94166,94656]
[831,193,704822,704772]
[832,149,493471,492926]
[833,264,408923,409504]
[834,61,504957,503803]
[835,126,557915,559179]
[836,135,102722,101918]
[837,34,98167,98352]
[838,93,147633,146258]
[839,46,353949,353983]
[840,270,176397,176480]
[841,256,9180,9857]
[842,93,430159,429373]
[843,198,455188,456555]
[844,75,12036,11068]
[845,239,491038,489860]
[846,119,110992,110957]
[847,104,354529,355539]
[848,161,495719,495527]
[849,86,546042,547083]
[850,222,615908,617402]
[851,20,729805,730823]
[852,120,715594,716685]
[853,102,542655,542901]
[854,227,674545,674207]
[855,4,32253,32612]
[856,70,654686,654893]
[857,100,616311,616382]
[858,80,230619,232073]
[859,21,622780,622165]
[860,279,73127,72237]
[861,170,354566,355145]
[862,245,62765,61568]
[863,195,213433,212916]
[864,42,577207,577430]
[865,228,101484,102950]
[866,214,245247,246122]
[867,200,191528,192467]
[868,204,390748,392244]
[869,14,315625,315801]
[870,191,348486,347583]
[871,57,269812,269737]
[872,103,96498,96296]
[873,92,99141,100080]
[874,23,559457,559340]
[875,210,5034,6141]
[876,60,165157,165855]
[877,223,453160,452534]
[878,271,209969,209250]
[879,131,630936,630316]
[880,273,169581,168085]
[881,204,331330,332648]
[882,151,712595,711318]
[883,121,481319,480475]
[884,194,362607,363640]
[885,81,249792,248876]
[886,19,22698,21210]
[887,83,578118,577506]
[888,123,154958,153903]
[889,218,698325,699307]
[890,208,211054,212004]
[891,255,4350,4064]
[892,233,114754,113273]
[893,40,326580,327685]
[894,126,700490,701346]
[895,190,544609,544859]
[896,139,74508,73645]
[897,260,519933,520711]
[898,167,464020,463866]
[899,278,6087,6140]
[900,254,135096,135510]
[901,91,125203,123737]
[902,86,231775,232316]
[903,37,151309,150380]
[904,143,165378,164074]
[905,44,253172,254169]
[906,210,514588,515679]
[907,204,313083,313250]
[908,232,139626,140106]
[909,133,626440,624959]
[910,148,170774,171964]
[911,83,236616,236432]
[912,172,14919,16169]
[913,215,100096,99332]
[914,5,391378,390697]
[915,61,362653,362165]
[916,244,518249,518537]
[917,82,226243,227320]
[918,241,664066,663921]
[919,262,35118,35168]
[920,239,629735,629240]
[921,72,645249,645820]
[922,26,635277,636349]
[923,222,38182,39269]
[924,161,187276,187075]
[925,167,4421,3161]
[926,179,278535,277295]
[927,241,247808,247437]
[928,221,27926,26801]
[929,82,573908,574034]
[930,85,168601,167534]
[931,91,62845,62434]
[932,100,275855,277289]
[933,66,685336,686195]
[934,231,127588,126320]
[935,264,615504,615617]
[936,32,554459,555879]
[937,247,379360,379253]
[938,266,430171,430866]
[939,125,593304,591835]
[940,128,37738,37885]
[941,129,436439,435313]
[942,130,111279,112720]
[943,9,576008,574793]
[944,110,659265,659980]
[945,3,694107,693987]
[946,29,18292,17233]
[947,127,32969,31579]
[948,271,22564,21208]
[949,215,637667,636428]
[950,236,489616,491064]
[951,259,408590,407742]
[952,2,219400,219579]
[953,105,146153,145847]
[954,263,83992,83741]
[955,86,165575,165676]
[956,210,698757,698920]
[957,15,524464,523062]
[958,218,576779,577921]
[959,59,455391,454741]
[960,8,584487,585633]
[961,225,152590,151315]
[962,40,294377,295197]
[963,274,352233,352633]
[964,154,76052,77243]
[965,88,82246,82736]
[966,139,319571,318839]
[967,155,69027,68645]
[968,71,579387,578088]
[969,181,388410,387799]
[970,159,527465,526184]
[971,146,448480,448647]
[972,279,171806,170516]
[973,117,614648,613756]
[974,159,293578,292804]
[975,174,384616,385909]
[976,173,75830,75550]
[977,95,522978,522748]
[978,122,103758,105068]
[979,32,147666,149015]
[980,136,282493,283342]
[981,66,347323,347377]
[982,150,113766,114530]
[983,108,241459,241934]
[984,208,658048,659025]
[985,44,594219,594573]
[986,273,421686,420466]
[987,226,23821,25055]
[988,210,177492,178183]
[989,216,307124,307752]
[990,131,183260,182624]
[991,147,104131,103551]
[992,51,478653,478395]
[993,213,374041,373590]
[994,221,407787,406694]
[995,96,458871,458998]
[996,239,321864,320875]
[997,250,40753,41638]
[998,148,100195,101304]
[999,49,11978,11873]
[1000,71,452197,450877]
[1001,175,178123,177430]
[1002,180,219723,219813]
[1003,30,282282,282384]
[1004,18,346349,347064]
[1005,158,689145,690628]
[1006,132,285391,286861]
[1007,113,191594,190223]
[1008,18,653067,653588]
[1009,225,479361,478621]
[1010,138,175670,176596]
[1011,117,699623,698330]
[1012,22,160655,161967]
[1013,235,250883,249390]
[1014,66,142947,143386]
[1015,11,338640,337250]
[1016,94,225855,226082]
[1017,133,7130,5812]
[1018,116,142214,143707]
[1019,100,717905,718447]
[1020,80,597561,598661]
[1021,85,209992,209356]
[1022,0,94477,94769]
[1023,126,710741,711251]
[1024,125,434987,434308]
[1025,183,375135,373710]
[1026,262,197658,198945]
[1027,170,328811,329365]
[1028,259,783,180]
[1029,103,338223,336903]
[1030,200,415999,417188]
[1031,16,53708,53879]
[1032,36,54130,55463]
[1033,41,108263,108109]
[1034,101,581013,579863]
[1035,146,238774,238971]
[1036,171,655707,655371]
[1037,91,545463,544007]
[1038,38,142540,143928]
[1039,267,707257,706430]
[1040,90,67096,67297]
[1041,131,46656,46095]
[1042,218,280903,281034]
[1043,12,447292,447892]
[1044,169,366545,366183]
[1045,95,530274,530023]
[1046,45,461516,460722]
[1047,165,291273,290827]
[1048,11,552803,551412]
[1049,91,63903,63501]
[1050,130,392209,392457]
[1051,164,505247,506585]
[1052,108,650462,651758]
[1053,243,656955,656358]
[1054,41,273265,271826]
[1055,209,164176,163606]
[1056,88,101300,102531]
[1057,38,534903,535256]
[1058,117,183111,181964]
[1059,53,483387,482825]
[1060,117,635662,634601]
[1061,202,418873,420123]
[1062,195,432869,431805]
[1063,248,448896,449292]
[1064,72,46877,48100]
[1065,97,198969,198635]
[1066,198,632715,633991]
[1067,171,153569,152689]
[1068,168,672754,672806]
[1069,236,631754,631841]
[1070,218,609043,610261]
[1071,195,483123,482479]
[1072,62,224281,225600]
[1073,219,547014,545963]
[1074,123,384929,383523]
[1075,173,36226,36102]
[1076,40,218089,218142]
[1077,234,85589,86459]
[1078,194,505311,505854]
[1079,9,151184,149715]
[1080,275,124383,123027]
[1081,279,451978,451937]
[1082,164,722136,722520]
[1083,195,660279,659786]
[1084,183,576971,575895]
[1085,214,87834,88101]
[1086,38,414241,414299]
[1087,207,195757,194674]
[1088,229,12695,11551]
[1089,259,358165,357940]
[1090,138,379556,380168]
[1091,103,209037,207698]
[1092,20,549853,550724]
[1093,86,208259,208805]
[1094,225,658677,657245]
[1095,94,30985,32237]
[1096,141,606333,606229]
[1097,28,601078,601930]
[1098,18,177627,178863]
[1099,118,110911,111703]
[1100,142,332206,333627]
[1101,82,268807,270178]
[1102,272,259407,259994]
[1103,165,277722,277095]
[1104,73,644360,643000]
[1105,117,524811,523703]
[1106,210,516072,516228]
[1107,128,497708,498140]
[1108,142,726835,727575]
[1109,0,587106,588599]
[1110,123,540266,538808]
[1111,35,97681,96678]
[1112,223,464986,464693]
[1113,183,267985,267499]
[1114,270,267733,268701]
[1115,18,124798,125116]
[1116,89,350922,349824]
[1117,155,716994,716273]
[1118,68,678699,679562]
[1119,266,550814,551254]
[1120,123,643560,642642]
[1121,241,316769,316019]
[1122,213,306207,305432]
[1123,117,29760,28778]
[1124,185,528052,527046]
[1125,52,304596,304752]
[1126,231,538296,537589]
[1127,133,415104,414907]
[1128,62,693811,693876]
[1129,259,185292,184475]
[1130,237,323826,322440]
[1131,140,30345,31743]
[1132,225,26248,25498]
[1133,11,84484,83388]
[1134,155,476923,476755]
[1135,229,203054,202018]
[1136,155,622199,621401]
[1137,106,252881,253803]
[1138,40,466231,466828]
[1139,162,206263,206622]
[1140,23,548078,547627]
[1141,198,435864,436222]
[1142,112,517556,517714]
[1143,232,13538,14546]
[1144,218,630350,631825]
[1145,59,682561,681558]
[1146,252,76438,76870]
[1147,123,490988,490071]
[1148,242,207662,208644]
[1149,246,420763,422103]
[1150,89,330219,329682]
[1151,201,564456,563899]
[1152,271,67580,67533]
[1153,61,501427,501120]
[1154,43,398337,397552]
[1155,47,478616,478488]
[1156,77,181279,181156]
[1157,274,586820,587766]
[1158,79,259515,259195]
[1159,174,22536,22594]
[1160,13,233313,232213]
[1161,165,156262,156081]
[1162,139,506296,506166]
[1163,279,696862,696349]
[1164,74,179603,181101]
[1165,80,493737,493977]
[1166,64,128746,129349]
[1167,92,106627,108107]
[1168,65,594925,594268]
[1169,156,12324,13419]
[1170,47,343425,342965]
[1171,252,408914,409201]
[1172,258,406334,407669]
[1173,224,293764,294574]
[1174,272,137694,138580]
[1175,41,435242,434282]
[1176,134,353242,354631]
[1177,175,457774,456954]
[1178,134,384231,384338]
[1179,10,707168,707634]
[1180,251,353238,352871]
[1181,41,477722,476741]
[1182,212,536594,536952]
[1183,78,207877,209337]
[1184,209,618814,617635]
[1185,180,690064,691412]
[1186,247,210197,209967]
[1187,150,612316,612437]
[1188,267,143639,143021]
[1189,101,196864,195502]
[1190,208,14602,14632]
[1191,13,671558,670625]
[1192,162,448295,448337]
[1193,128,615229,616140]
[1194,115,323355,322623]
[1195,50,585156,585319]
[1196,92,224304,224383]
[1197,254,49407,50361]
[1198,183,287729,286634]
[1199,90,51677,52284]
[1200,121,158155,157794]
[1201,3,28329,27380]
[1202,173,379504,378543]
[1203,243,411324,410843]
[1204,133,371341,371193]
[1205,6,41319,42554]
[1206,39,405744,405352]
[1207,26,241753,242440]
[1208,232,556039,557121]
[1209,127,19537,18071]
[1210,157,576249,575288]
[1211,221,136961,136315]
[1212,67,293142,292367]
[1213,222,122738,122826]
[1214,140,575051,576127]
[1215,13,693843,692893]
[1216,145,461355,460463]
[1217,192,370192,370718]
[1218,89,661015,659948]
[1219,11,184449,183979]
[1220,8,102256,102975]
[1221,180,293922,294232]
[1222,61,326358,325050]
[1223,186,288826,289450]
[1224,135,677188,676747]
[1225,19,395900,394595]
[1226,278,501724,502113]
[1227,251,609180,608709]
[1228,178,36379,37186]
[1229,161,32815,32216]
[1230,100,628925,628982]
[1231,137,57613,57109]
[1232,7,609735,608890]
[1233,160,73116,74600]
[1234,209,607959,607026]
[1235,260,596066,597342]
[1236,77,594956,593590]
[1237,258,399243,400168]
[1238,182,551023,551251]
[1239,245,263762,262866]
[1240,39,331566,331083]
[1241,240,519351,519808]
[1242,86,510617,510829]
[1243,211,615710,615674]
[1244,42,118549,119583]
[1245,226,551485,551674]
[1246,164,199827,200907]
[1247,32,164210,165430]
[1248,12,444187,444539]
[1249,105,338226,337936]
[1250,72,359905,360284]
