["head":"wrap","lpos","status"]
[109,538744,1]
["io count"]
[130]
["io":"id","wrap","startLpos","endLpos"]
[1,131,655038,653820]
[2,101,444441,444011]
[3,20,539504,540074]
[4,189,303634,302683]
[5,5,153267,153087]
[6,257,417513,416395]
[7,103,46565,46241]
[8,57,472106,470822]
[9,230,401452,401970]
[10,171,432781,431319]
[11,57,98467,98053]
[12,215,725950,725777]
[13,27,336765,335666]
[14,190,598105,599327]
[15,132,354089,355462]
[16,57,561922,561066]
[17,187,228140,227776]
[18,250,574231,575584]
[19,242,405334,406337]
[20,228,676156,677551]
[21,180,717790,718169]
[22,38,344232,344369]
[23,176,489294,490545]
[24,242,303283,303460]
[25,234,213675,214428]
[26,72,338121,339096]
[27,232,608475,609710]
[28,54,352214,352732]
[29,180,547762,548490]
[30,58,181077,181845]
[31,234,454208,455184]
[32,121,494683,493708]
[33,22,343355,344615]
[34,35,123673,122445]
[35,139,439489,439458]
[36,250,452389,452720]
[37,233,489745,488363]
[38,41,580664,580567]
[39,257,241266,241214]
[40,8,363661,364761]
[41,126,420251,420305]
[42,101,483525,482604]
[43,258,253859,254537]
[44,169,197892,197859]
[45,126,306045,307399]
[46,254,355468,356128]
[47,52,377714,377817]
[48,243,392263,391564]
[49,163,546674,546539]
[50,111,453093,451977]
[51,123,431823,431182]
[52,27,667923,667562]
[53,207,637581,636645]
[54,35,339634,339372]
[55,100,417469,417631]
[56,22,365289,365436]
[57,59,566593,566045]
[58,127,483494,483154]
[59,122,539588,540810]
[60,32,721720,722592]
[61,273,709799,708359]
[62,235,480039,479891]
[63,158,104135,105276]
[64,107,583134,582469]
[65,64,64270,64864]
[66,244,706419,707029]
[67,138,350144,350836]
[68,31,595318,594738]
[69,76,619922,620486]
[70,105,154916,153831]
[71,98,514083,515019]
[72,130,707881,709233]
[73,190,315323,315614]
[74,260,225479,225534]
[75,209,449348,448191]
[76,3,493910,493799]
[77,247,630993,630725]
[78,260,474730,474865]
[79,69,228224,227744]
[80,103,346413,345848]
[81,12,329967,330358]
[82,18,19698,20501]
[83,81,418944,418692]
[84,200,352066,352125]
[85,160,326663,326826]
[86,23,334865,333416]
[87,227,322353,322034]
[88,56,198719,200121]
[89,21,317780,317211]
[90,226,479378,480311]
[91,138,617745,618669]
[92,213,576068,575405]
[93,29,153181,152042]
[94,269,652375,652024]
[95,183,572798,572360]
[96,194,537218,537711]
[97,143,36021,35950]
[98,175,108260,107124]
[99,134,48423,49395]
[100,100,60961,62148]
[101,239,92453,91892]
[102,71,652304,650970]
[103,185,665849,664413]
[104,140,503965,505365]
[105,91,712551,711894]
[106,216,336909,338254]
[107,83,613011,612653]
[108,237,596509,595491]
[109,204,474503,474862]
[110,137,24356,22876]
[111,187,86606,86535]
[112,34,148229,149616]
[113,186,525968,526136]
[114,265,329143,329038]
[115,32,365638,366944]
[116,64,550153,550636]
[117,112,183587,184558]
[118,87,476783,475910]
[119,268,513091,513390]
[120,92,584917,585414]
[121,152,221240,222196]
[122,212,138079,139550]
[123,276,183561,184477]
[124,43,110771,110329]
[125,174,101442,102251]
[126,168,284999,285263]
[127,252,272218,272263]
[128,19,228986,228881]
[129,175,332474,331348]
[130,209,43921,43072]
