["head":"wrap","lpos","status"]
[143,412276,1]
["io count"]
[1300]
["io":"id","wrap","startLpos","endLpos"]
[1,202,402907,403940]
[2,209,92452,91940]
[3,278,422729,424157]
[4,27,320189,318935]
[5,137,33328,33243]
[6,58,92276,92970]
[7,174,549751,550743]
[8,145,334184,333082]
[9,155,558214,557576]
[10,158,580848,581042]
[11,149,170871,169777]
[12,57,605973,604605]
[13,78,446399,447549]
[14,133,468620,467350]
[15,219,681639,680616]
[16,235,95190,94869]
[17,218,207995,209206]
[18,107,404885,403600]
[19,29,151308,150562]
[20,131,523171,522007]
[21,71,404434,403527]
[22,44,608958,609507]
[23,151,392033,391666]
[24,35,30271,28782]
[25,185,36367,34980]
[26,183,297266,296317]
[27,147,206109,205158]
[28,164,27573,29061]
[29,135,375447,373988]
[30,69,641294,640577]
[31,268,693522,693994]
[32,235,242708,241229]
[33,22,108098,108525]
[34,240,274400,275090]
[35,64,393768,394580]
[36,117,647928,646598]
[37,57,474612,473621]
[38,31,693885,692801]
[39,150,241494,241817]
[40,260,84212,84684]
[41,49,664514,663201]
[42,31,28224,26758]
[43,108,434616,436009]
[44,70,67770,69188]
[45,269,671106,670937]
[46,272,690752,691554]
[47,279,360036,359555]
[48,61,616274,614894]
[49,99,76366,75385]
[50,223,688151,687763]
[51,151,613344,612128]
[52,63,464668,464122]
[53,4,145914,146748]
[54,11,129680,128221]
[55,51,673580,673229]
[56,234,181035,181843]
[57,163,552901,552515]
[58,237,34297,33383]
[59,183,113127,112859]
[60,151,103480,102247]
[61,91,412832,412381]
[62,266,309668,310944]
[63,2,530153,530403]
[64,248,28917,29276]
[65,217,350477,349286]
[66,217,117932,117638]
[67,93,37511,36421]
[68,23,635974,634773]
[69,206,409589,410497]
[70,169,102218,101060]
[71,124,565954,566805]
[72,56,520296,520689]
[73,3,445737,445557]
[74,153,527197,525903]
[75,217,9895,9596]
[76,10,632266,633110]
[77,95,541653,540667]
[78,278,701750,702245]
[79,28,229961,231254]
[80,197,464347,464253]
[81,137,318618,317574]
[82,191,599591,598352]
[83,148,574668,576122]
[84,190,430200,431688]
[85,249,72758,72551]
[86,261,137332,136420]
[87,232,45941,47397]
[88,252,414519,414623]
[89,256,25315,25968]
[90,180,634605,635723]
[91,9,641915,640465]
[92,13,124200,123889]
[93,141,206872,206651]
[94,13,63328,62394]
[95,36,460791,461519]
[96,23,599602,598935]
[97,50,155651,155916]
[98,140,167291,168641]
[99,152,127489,128897]
[100,115,266089,265510]
[101,6,317512,318023]
[102,135,641822,640728]
[103,201,253255,253110]
[104,55,702743,701249]
[105,143,175957,174541]
[106,102,300762,300855]
[107,75,256340,255486]
[108,132,186607,186947]
[109,248,460942,462394]
[110,181,132056,130673]
[111,78,576531,577823]
[112,10,702071,702363]
[113,231,470847,469757]
[114,113,100659,100463]
[115,59,308587,308408]
[116,37,433116,431712]
[117,153,528283,527797]
[118,148,343192,344022]
[119,131,536238,535906]
[120,165,225327,224672]
[121,59,43547,42615]
[122,82,272777,274037]
[123,16,521462,522001]
[124,220,285395,285931]
[125,7,728726,727994]
[126,25,489920,488749]
[127,77,211660,211580]
[128,247,186601,185773]
[129,82,334477,335611]
[130,100,138635,139547]
[131,137,219101,218167]
[132,236,555837,556768]
[133,85,620869,620263]
[134,137,100146,99722]
[135,97,473691,473005]
[136,245,252981,252257]
[137,164,343073,343455]
[138,53,223170,221675]
[139,113,243211,242900]
[140,227,415039,414161]
[141,268,569397,569792]
[142,56,551024,552348]
[143,131,119403,118141]
[144,136,728346,728597]
[145,150,559904,560961]
[146,160,336072,336337]
[147,81,626462,626367]
[148,15,299446,299205]
[149,272,376052,377437]
[150,51,704765,704442]
[151,64,470165,470568]
[152,38,339810,340067]
[153,185,58340,57605]
[154,35,345259,343761]
[155,34,594763,594843]
[156,112,40876,42357]
[157,228,261593,262626]
[158,226,485688,486774]
[159,188,300525,301742]
[160,274,643263,643860]
[161,51,90705,89577]
[162,3,550334,548931]
[163,211,675247,674167]
[164,168,216221,217508]
[165,258,170639,170768]
[166,226,479884,480463]
[167,114,229202,229831]
[168,83,656495,656210]
[169,208,679004,679378]
[170,7,33454,32391]
[171,190,15580,16826]
[172,126,190132,190855]
[173,149,283108,282471]
[174,229,499912,499583]
[175,93,577903,577727]
[176,207,619727,618957]
[177,222,727254,727972]
[178,238,608148,609148]
[179,114,195442,196444]
[180,77,261711,260253]
[181,106,262489,263969]
[182,142,585971,587271]
[183,54,669528,670486]
[184,16,650464,650794]
[185,146,717525,718394]
[186,270,539047,539298]
[187,191,592163,591679]
[188,247,471927,470488]
[189,123,337938,337068]
[190,87,653298,652464]
[191,119,592845,592149]
[192,129,507062,506576]
[193,243,369942,369504]
[194,153,603682,602704]
[195,240,93274,94721]
[196,204,251983,253107]
[197,277,49146,48069]
[198,98,415309,416575]
[199,243,103818,103046]
[200,74,692456,693200]
[201,274,558879,559345]
[202,106,497328,497570]
[203,162,426925,427379]
[204,257,287936,287284]
[205,58,50786,51048]
[206,206,529764,530924]
[207,279,486803,485920]
[208,53,311836,311117]
[209,89,686149,684838]
[210,268,419974,420575]
[211,203,372580,371751]
[212,240,558622,559889]
[213,164,74553,75831]
[214,221,229211,227871]
[215,217,217141,216852]
[216,225,230781,229333]
[217,41,53650,53214]
[218,183,473224,472646]
[219,127,303326,302868]
[220,216,402106,402419]
[221,177,592614,591657]
[222,277,90464,89230]
[223,148,202124,203374]
[224,122,87651,88648]
[225,195,65176,64673]
[226,112,169719,170513]
[227,188,705933,706909]
[228,198,603659,604134]
[229,239,724995,723985]
[230,202,412156,413186]
[231,124,294648,295711]
[232,254,406706,407735]
[233,70,389299,390175]
[234,132,404251,404294]
[235,199,74542,73629]
[236,150,576389,577411]
[237,204,652162,653395]
[238,211,632210,631476]
[239,13,496162,495354]
[240,9,711831,711754]
[241,155,43465,43289]
[242,64,618138,619303]
[243,219,605745,605512]
[244,159,311549,310716]
[245,214,603573,604647]
[246,245,367180,366901]
[247,133,359963,358824]
[248,132,175405,176337]
[249,111,462731,461409]
[250,225,76575,76397]
[251,64,156898,158011]
[252,155,354843,354616]
[253,258,129052,129196]
[254,242,209413,210833]
[255,66,81560,82665]
[256,151,364289,363769]
[257,16,669979,670069]
[258,26,179049,179227]
[259,17,365281,364197]
[260,182,26532,27361]
[261,179,575342,574871]
[262,225,410801,409644]
[263,79,618807,618603]
[264,117,315564,314148]
[265,9,487029,485764]
[266,267,29825,28727]
[267,123,362365,362206]
[268,226,488520,489665]
[269,41,472687,472567]
[270,189,164332,162928]
[271,90,206461,207947]
[272,38,524372,525754]
[273,178,223555,223917]
[274,104,35980,37175]
[275,92,645187,645798]
[276,61,372995,372623]
[277,124,530909,531361]
[278,200,259972,260689]
[279,148,237052,238278]
[280,262,103563,104888]
[281,37,43601,43033]
[282,228,332934,333969]
[283,224,682885,684306]
[284,81,511198,510032]
[285,235,191862,190843]
[286,217,503196,501987]
[287,42,158521,159693]
[288,186,712358,712717]
[289,33,5894,5410]
[290,219,606396,605888]
[291,6,235503,235572]
[292,163,262718,261972]
[293,255,661977,661438]
[294,169,336463,335935]
[295,77,709314,707953]
[296,55,624367,623697]
[297,242,131471,131569]
[298,192,693849,694101]
[299,264,521894,522731]
[300,191,540038,538614]
[301,159,594443,593251]
[302,183,230340,229253]
[303,175,224445,223661]
[304,221,65595,64621]
[305,271,556591,556548]
[306,171,28731,28440]
[307,9,252405,251783]
[308,276,52027,53338]
[309,279,375292,374092]
[310,150,198341,199217]
[311,57,420890,420841]
[312,56,418632,419959]
[313,262,293905,295402]
[314,25,203957,203699]
[315,14,722579,723292]
[316,73,599983,599622]
[317,57,484927,484309]
[318,25,23327,22116]
[319,116,367641,368202]
[320,236,618097,618448]
[321,16,98795,99645]
[322,14,356609,357153]
[323,143,543540,542697]
[324,131,492853,491425]
[325,35,623651,622933]
[326,190,245553,246597]
[327,92,373954,374832]
[328,164,218098,218251]
[329,48,704784,705041]
[330,107,166970,166573]
[331,207,17383,16549]
[332,166,367948,368192]
[333,69,502063,501929]
[334,100,283514,284460]
[335,236,720760,721410]
[336,245,322116,321096]
[337,133,226104,226012]
[338,148,694174,694903]
[339,32,181831,183287]
[340,61,408615,408029]
[341,56,689268,690747]
[342,266,350837,351284]
[343,157,348606,347154]
[344,207,13517,12831]
[345,194,447161,448089]
[346,179,182657,181721]
[347,122,191994,193488]
[348,182,401267,401409]
[349,247,553670,553030]
[350,34,397623,398169]
[351,142,546569,547658]
[352,191,556578,555138]
[353,143,553177,552876]
[354,79,126369,125195]
[355,274,245463,246585]
[356,279,509305,508189]
[357,25,97661,97483]
[358,55,648845,647902]
[359,276,672891,673745]
[360,95,502037,501250]
[361,161,653529,652869]
[362,151,15325,14713]
[363,31,492979,492819]
[364,186,90508,91963]
[365,226,665623,666482]
[366,166,541392,542661]
[367,102,16998,17728]
[368,80,600523,600834]
[369,237,499282,498560]
[370,145,512489,511313]
[371,217,434124,433706]
[372,59,290724,290331]
[373,221,155704,154752]
[374,36,397981,399332]
[375,24,104939,105095]
[376,12,123948,123992]
[377,279,612218,612017]
[378,104,299273,299686]
[379,271,647410,646159]
[380,274,323238,323725]
[381,162,413896,414579]
[382,138,384470,384955]
[383,14,722323,722800]
[384,264,217179,217782]
[385,37,103958,103909]
[386,249,252008,250754]
[387,34,685173,685929]
[388,99,32706,32637]
[389,61,692435,691720]
[390,193,6609,5814]
[391,197,95336,94355]
[392,76,486394,486829]
[393,247,427468,426112]
[394,66,649971,650479]
[395,225,119995,118658]
[396,204,265946,267110]
[397,165,624066,622646]
[398,205,695230,694838]
[399,179,652429,651536]
[400,87,24634,23775]
[401,94,173368,174126]
[402,29,159081,158152]
[403,219,166709,165238]
[404,276,611171,611707]
[405,134,376005,377426]
[406,154,329339,329668]
[407,57,333812,333419]
[408,40,6015,7363]
[409,34,632151,633417]
[410,173,350197,350068]
[411,104,455489,456733]
[412,207,646463,646313]
[413,150,285966,287371]
[414,214,352725,353458]
[415,7,660126,660086]
[416,76,692488,692582]
[417,92,607652,609057]
[418,201,491386,490181]
[419,143,515861,514745]
[420,231,570632,569332]
[421,122,86355,87055]
[422,247,386156,386010]
[423,117,666926,666890]
[424,147,119077,118113]
[425,236,651850,652609]
[426,222,602245,602485]
[427,271,408160,407151]
[428,94,633642,634877]
[429,148,525415,526806]
[430,70,35642,37016]
[431,276,79820,80627]
[432,166,588916,589882]
[433,130,141001,142231]
[434,13,74154,73674]
[435,157,693312,692453]
[436,229,434130,432682]
[437,228,541087,541127]
[438,125,97802,97768]
[439,263,25938,24855]
[440,132,402002,403346]
[441,212,71337,71372]
[442,122,331460,331526]
[443,5,404060,403070]
[444,46,729509,729763]
[445,163,543964,542771]
[446,149,613124,612873]
[447,7,453184,451884]
[448,112,559783,559927]
[449,250,137904,138137]
[450,251,27172,26206]
[451,50,512685,513031]
[452,8,436802,437026]
[453,64,713261,713670]
[454,167,231597,231169]
[455,253,263248,262645]
[456,246,585879,586494]
[457,53,221995,221670]
[458,179,704939,703798]
[459,24,602456,603034]
[460,239,72663,71254]
[461,10,72848,73324]
[462,60,304007,304747]
[463,153,65194,63880]
[464,195,307925,306819]
[465,196,114632,115105]
[466,25,259431,258690]
[467,174,472090,472162]
[468,96,35733,36574]
[469,9,490424,490339]
[470,245,4808,3600]
[471,236,361860,362449]
[472,48,280772,281818]
[473,43,495258,493779]
[474,226,702160,702830]
[475,275,523104,522324]
[476,130,407822,409065]
[477,266,215783,217153]
[478,259,404974,404396]
[479,265,110023,109834]
[480,258,357071,357620]
[481,212,482847,483043]
[482,145,494157,494008]
[483,2,115180,116346]
[484,268,680140,680833]
[485,216,525807,526078]
[486,58,317557,318331]
[487,22,21900,22927]
[488,116,152549,153192]
[489,262,340164,340739]
[490,157,706831,706670]
[491,243,24758,23904]
[492,19,614489,613779]
[493,108,716113,716774]
[494,224,283615,284474]
[495,199,202636,201961]
[496,182,265920,266689]
[497,143,482153,481916]
[498,59,320852,320131]
[499,140,495219,496132]
[500,225,83627,83486]
[501,104,668686,670058]
[502,164,156235,157135]
[503,9,44653,43291]
[504,48,573379,573584]
[505,187,136175,135202]
[506,171,185613,184270]
[507,50,533435,533584]
[508,126,273006,274315]
[509,10,513516,514812]
[510,73,297176,296652]
[511,257,288315,287848]
[512,189,120898,120497]
[513,237,666547,665101]
[514,265,75742,75130]
[515,213,17707,17388]
[516,54,259004,259854]
[517,266,195937,197330]
[518,23,265679,264726]
[519,108,667858,668354]
[520,58,210791,211309]
[521,24,500705,501948]
[522,4,416810,417360]
[523,95,557619,556778]
[524,163,194311,193919]
[525,188,504756,505800]
[526,56,270473,271503]
[527,237,209154,208646]
[528,168,299466,299543]
[529,229,281688,281521]
[530,62,41570,42383]
[531,151,167943,167221]
[532,193,328732,328221]
[533,114,482696,482968]
[534,116,209531,210107]
[535,163,155827,155341]
[536,237,581752,581403]
[537,4,285733,287117]
[538,278,285596,286291]
[539,59,646705,645725]
[540,152,92310,92459]
[541,130,662350,663097]
[542,270,11576,13059]
[543,30,56196,57506]
[544,60,671979,673097]
[545,105,453786,453180]
[546,151,625396,624635]
[547,132,24201,24959]
[548,101,2101,618]
[549,115,286348,286148]
[550,197,138500,138079]
[551,43,290524,289394]
[552,217,296410,295282]
[553,279,345892,345775]
[554,248,534984,535940]
[555,100,115390,116077]
[556,70,657613,658500]
[557,102,409632,409879]
[558,211,63044,61957]
[559,241,410090,408600]
[560,32,184141,184522]
[561,154,685706,686404]
[562,182,77737,78679]
[563,27,213343,212985]
[564,216,123084,124242]
[565,175,217194,215866]
[566,209,401283,400296]
[567,237,401722,401418]
[568,20,641239,642538]
[569,72,121491,122592]
[570,192,272680,273859]
[571,134,541110,541764]
[572,61,200579,199240]
[573,35,249286,248703]
[574,59,169830,168691]
[575,229,161794,160518]
[576,44,301078,301994]
[577,194,197906,199173]
[578,50,726121,726615]
[579,250,219618,220421]
[580,36,316922,317404]
[581,177,159446,159171]
[582,262,397540,398575]
[583,216,210527,211914]
[584,230,445369,445485]
[585,238,79055,80238]
[586,119,138385,137564]
[587,158,197329,198629]
[588,186,690985,691849]
[589,105,46034,44903]
[590,235,126541,125623]
[591,257,90233,89964]
[592,67,314970,314252]
[593,154,94314,95495]
[594,16,707786,707856]
[595,135,177942,176970]
[596,198,618884,619846]
[597,216,611435,612589]
[598,181,712977,712916]
[599,83,212842,212766]
[600,171,393799,393380]
[601,267,414739,413678]
[602,136,11239,11816]
[603,193,16764,15411]
[604,118,172762,173065]
[605,222,686584,687223]
[606,260,578937,580288]
[607,192,389769,390217]
[608,158,187250,187716]
[609,70,14199,14321]
[610,225,473324,472138]
[611,193,69176,68273]
[612,114,521931,522009]
[613,190,445797,446772]
[614,269,728069,727186]
[615,216,653077,653813]
[616,44,617113,617322]
[617,149,595765,594555]
[618,188,290607,290726]
[619,97,631971,631869]
[620,82,107381,108651]
[621,205,685520,685119]
[622,257,121640,120675]
[623,221,144435,143826]
[624,156,702331,703155]
[625,182,351037,351527]
[626,212,682813,683641]
[627,273,332939,332061]
[628,46,129617,130926]
[629,95,274736,273544]
[630,119,114300,114049]
[631,102,397652,398865]
[632,84,26405,26489]
[633,117,303937,303732]
[634,31,615529,614250]
[635,273,656785,655654]
[636,152,717044,717624]
[637,180,688427,688789]
[638,207,59682,58857]
[639,243,308050,307757]
[640,176,47435,47787]
[641,152,401057,401638]
[642,246,622270,623071]
[643,220,410910,411013]
[644,61,333994,333524]
[645,189,561010,560545]
[646,211,113488,112962]
[647,179,85816,84663]
[648,108,703076,704510]
[649,182,133112,133903]
[650,67,243609,242178]
[651,27,196852,196734]
[652,213,395681,394532]
[653,178,72467,73371]
[654,277,646165,645544]
[655,106,596218,596554]
[656,224,558748,559231]
[657,5,363905,362875]
[658,213,405730,404878]
[659,278,559179,559801]
[660,29,510122,510075]
[661,125,413795,413519]
[662,52,655744,656247]
[663,36,173069,174522]
[664,48,59068,59349]
[665,201,148402,148030]
[666,246,592271,592580]
[667,98,80055,80370]
[668,155,569365,568250]
[669,162,577917,579347]
[670,222,422143,423226]
[671,113,253429,252096]
[672,22,431448,431645]
[673,85,589246,589000]
[674,14,657672,659089]
[675,134,348905,349877]
[676,259,138117,137755]
[677,73,484701,484183]
[678,23,14264,13624]
[679,94,165791,166403]
[680,268,123656,123710]
[681,128,351219,351914]
[682,117,246408,245841]
[683,65,4814,4573]
[684,82,213652,214460]
[685,222,547071,548421]
[686,57,616432,615372]
[687,254,333020,333535]
[688,204,434068,434201]
[689,23,613220,612017]
[690,135,144910,144267]
[691,260,258016,259080]
[692,251,71781,71483]
[693,265,90466,89145]
[694,15,193779,192313]
[695,69,637256,637173]
[696,91,91828,91088]
[697,55,642637,641724]
[698,45,352984,352522]
[699,275,300468,299704]
[700,262,53538,54086]
[701,167,213195,212139]
[702,170,413630,413786]
[703,122,582938,583258]
[704,116,256526,257927]
[705,182,116938,118128]
[706,257,685891,685019]
[707,128,180899,181355]
[708,42,708459,708864]
[709,121,623877,622518]
[710,135,447261,446753]
[711,171,80558,79684]
[712,123,350761,350081]
[713,78,614614,616015]
[714,255,585587,584514]
[715,217,520448,520403]
[716,168,659686,659805]
[717,88,217534,218676]
[718,239,46375,45185]
[719,211,45073,44994]
[720,159,53719,53413]
[721,117,642688,641255]
[722,44,362658,364044]
[723,189,98219,98037]
[724,55,132578,131289]
[725,90,646247,646823]
[726,2,585893,586977]
[727,190,278491,278824]
[728,194,556395,556856]
[729,156,375468,376494]
[730,3,339591,338332]
[731,214,570492,570571]
[732,77,42096,41636]
[733,145,708029,706608]
[734,226,135060,135957]
[735,153,595869,595026]
[736,124,237414,237749]
[737,32,395822,396945]
[738,15,23405,22442]
[739,153,458530,457343]
[740,132,166310,166706]
[741,126,141518,142839]
[742,159,412730,411497]
[743,100,660902,661723]
[744,219,312263,311997]
[745,104,358243,359215]
[746,263,515235,515065]
[747,85,102489,101187]
[748,87,352150,351431]
[749,56,109831,110971]
[750,19,361997,361513]
[751,77,19092,18267]
[752,62,321818,322864]
[753,202,16793,17649]
[754,261,433959,433020]
[755,84,648743,649724]
[756,271,592186,592145]
[757,56,222702,223835]
[758,264,52033,53082]
[759,131,519851,518989]
[760,75,551715,550860]
[761,134,24881,25879]
[762,220,55713,56473]
[763,95,679816,679618]
[764,71,47878,46909]
[765,26,446490,447911]
[766,268,518316,519110]
[767,196,6267,7137]
[768,25,455634,454502]
[769,111,642166,640955]
[770,111,692687,691314]
[771,98,132205,133138]
[772,250,683763,684506]
[773,194,432693,432745]
[774,149,363506,362092]
[775,179,68312,68259]
[776,5,41582,40129]
[777,54,104523,104980]
[778,53,654058,653901]
[779,219,447728,447248]
[780,54,23814,24547]
[781,101,605881,605016]
[782,149,590830,590362]
[783,274,510370,510423]
[784,137,502008,501775]
[785,170,501510,502637]
[786,166,557582,558387]
[787,65,547633,546773]
[788,278,148100,148957]
[789,118,142266,142404]
[790,62,228928,229657]
[791,58,543182,543431]
[792,71,180305,179844]
[793,221,151137,149962]
[794,130,300042,300884]
[795,222,656229,656601]
[796,148,27056,28213]
[797,258,115842,116268]
[798,131,581997,580780]
[799,204,501605,502423]
[800,3,24495,24221]
[801,60,616515,617547]
[802,62,707783,708689]
[803,253,164370,163959]
[804,217,1883,913]
[805,188,333680,334764]
[806,168,419646,420664]
[807,262,614748,615970]
[808,136,430585,431115]
[809,165,651342,650765]
[810,13,511208,511065]
[811,240,333965,334803]
[812,61,567444,566364]
[813,251,636131,636009]
[814,62,332523,333282]
[815,134,444620,445716]
[816,203,510199,509620]
[817,136,564951,565356]
[818,253,106306,105589]
[819,79,235632,235128]
[820,229,401897,400684]
[821,133,143914,142778]
[822,1,575795,575198]
[823,16,344150,345429]
[824,232,75010,75407]
[825,267,706078,705922]
[826,28,60750,61590]
[827,79,221165,221105]
[828,136,280822,281469]
[829,46,469003,470350]
[830,256,202551,202865]
[831,112,188912,190073]
[832,248,573095,574125]
[833,262,530753,532204]
[834,53,1046,538]
[835,159,11616,11215]
[836,2,252559,253464]
[837,252,209886,210496]
[838,75,317837,317299]
[839,270,621314,622005]
[840,84,696950,697629]
[841,235,435375,434331]
[842,248,19457,20072]
[843,266,677797,677995]
[844,14,232292,233036]
[845,243,151765,151248]
[846,183,692627,692067]
[847,232,229251,230011]
[848,32,334705,334876]
[849,138,546058,546331]
[850,137,155153,154683]
[851,10,119833,120875]
[852,3,347357,346315]
[853,55,198858,198145]
[854,194,384714,385599]
[855,25,115836,114485]
[856,131,183795,182747]
[857,31,604608,604104]
[858,145,703577,703511]
[859,63,665512,665362]
[860,204,105500,105818]
[861,141,69706,68514]
[862,135,555041,554386]
[863,86,451188,451757]
[864,51,573948,572839]
[865,124,134944,135489]
[866,102,123515,123859]
[867,203,108936,108843]
[868,144,127721,129219]
[869,115,101863,100505]
[870,130,363056,363239]
[871,153,263301,262328]
[872,203,374921,374083]
[873,102,82827,84202]
[874,134,245029,245768]
[875,119,639596,639182]
[876,145,311144,311030]
[877,201,162468,161866]
[878,251,596381,595732]
[879,189,584929,584673]
[880,96,194922,195525]
[881,81,437884,437196]
[882,193,44928,44847]
[883,244,342024,343148]
[884,211,664094,662752]
[885,60,325327,325411]
[886,0,306955,308103]
[887,8,514559,515124]
[888,265,654550,653644]
[889,17,724278,723217]
[890,100,501290,501453]
[891,59,4655,4029]
[892,63,294401,293398]
[893,81,721088,720066]
[894,277,690603,689288]
[895,161,107351,106152]
[896,209,372898,371934]
[897,18,253189,254163]
[898,181,5261,4446]
[899,258,546685,547645]
[900,0,244182,245173]
[901,200,358912,359336]
[902,131,386505,385795]
[903,146,193909,195321]
[904,137,420143,419181]
[905,256,359978,361260]
[906,199,101854,100645]
[907,224,471177,472540]
[908,119,359954,358983]
[909,205,166395,166260]
[910,253,295893,295777]
[911,25,425165,424497]
[912,215,143409,142492]
[913,256,642977,644449]
[914,173,273911,273781]
[915,143,468082,467971]
[916,64,198542,198689]
[917,136,503423,504554]
[918,62,18519,19595]
[919,97,228830,228427]
[920,116,19923,20359]
[921,195,553949,552483]
[922,204,409706,410374]
[923,178,380889,382113]
[924,98,386428,387802]
[925,242,283327,283872]
[926,79,364509,364086]
[927,29,114939,113738]
[928,51,244082,242632]
[929,225,257339,256537]
[930,230,373173,374386]
[931,7,134963,133518]
[932,59,359848,358808]
[933,100,475402,476254]
[934,188,503068,504225]
[935,89,638551,637141]
[936,170,609075,610529]
[937,124,180518,180718]
[938,231,159830,159705]
[939,85,449122,449051]
[940,237,272059,271947]
[941,128,619618,619893]
[942,169,691459,690549]
[943,236,546339,547419]
[944,94,420154,421652]
[945,98,387460,388454]
[946,108,469783,469845]
[947,163,471144,470357]
[948,148,40247,41081]
[949,196,11370,12550]
[950,18,584426,585202]
[951,153,715566,715506]
[952,246,9010,9733]
[953,196,227342,228130]
[954,138,618168,618675]
[955,61,387428,386872]
[956,259,533844,532471]
[957,205,719846,719632]
[958,139,131163,130603]
[959,185,230575,230135]
[960,157,692720,691647]
[961,130,78539,79650]
[962,125,267478,266390]
[963,146,479129,480184]
[964,115,273205,273048]
[965,109,422727,421231]
[966,185,178858,178212]
[967,208,424104,425304]
[968,138,366790,368078]
[969,227,681677,680410]
[970,23,239429,237953]
[971,50,553547,553969]
[972,209,62374,61875]
[973,54,444995,445211]
[974,89,337674,337565]
[975,34,396186,396629]
[976,169,298488,297966]
[977,125,23314,22810]
[978,225,672826,671451]
[979,170,307287,307683]
[980,215,84145,83456]
[981,231,492416,491198]
[982,165,526540,525774]
[983,77,466249,465486]
[984,25,629569,628468]
[985,50,681815,682858]
[986,279,164463,163677]
[987,208,666179,667605]
[988,266,709416,710527]
[989,188,434506,434851]
[990,23,126123,125973]
[991,253,569836,569784]
[992,215,594756,594507]
[993,208,448596,449703]
[994,35,186438,185981]
[995,187,359522,359142]
[996,211,475199,474602]
[997,15,533916,532556]
[998,156,303994,304251]
[999,41,34004,33766]
[1000,96,128065,128951]
[1001,164,181643,182473]
[1002,273,189734,188342]
[1003,100,123130,123482]
[1004,166,718424,718975]
[1005,202,231428,232685]
[1006,34,510150,511232]
[1007,63,90093,89276]
[1008,182,236368,237534]
[1009,17,471938,471405]
[1010,64,547024,548186]
[1011,154,175883,176003]
[1012,20,196555,197207]
[1013,195,627369,626443]
[1014,111,211548,210702]
[1015,258,668754,670158]
[1016,175,689325,688944]
[1017,272,237507,237654]
[1018,91,466900,466682]
[1019,229,434325,434170]
[1020,202,411707,411741]
[1021,73,235950,235115]
[1022,193,570294,569452]
[1023,66,253258,254386]
[1024,152,203583,204708]
[1025,129,616774,616207]
[1026,108,335324,336732]
[1027,147,565659,565290]
[1028,50,639431,640524]
[1029,151,539277,538383]
[1030,192,635951,636210]
[1031,140,351247,352557]
[1032,232,704406,705772]
[1033,243,170976,170344]
[1034,40,64397,64718]
[1035,264,433478,433973]
[1036,130,145822,146869]
[1037,130,364910,365192]
[1038,241,324525,324437]
[1039,100,623013,623430]
[1040,23,63670,62323]
[1041,98,502248,503228]
[1042,78,540192,540244]
[1043,72,667176,667465]
[1044,17,137970,137557]
[1045,121,65909,65064]
[1046,129,126185,125740]
[1047,104,54982,55109]
[1048,263,69454,68697]
[1049,142,216975,217425]
[1050,76,517603,518324]
[1051,190,313903,314188]
[1052,137,46318,46037]
[1053,71,570561,569339]
[1054,264,529846,530210]
[1055,98,502181,502892]
[1056,183,245937,244512]
[1057,106,112231,113520]
[1058,182,443080,444211]
[1059,125,707695,706219]
[1060,269,690873,690153]
[1061,146,298003,299050]
[1062,185,422874,421937]
[1063,9,105500,105310]
[1064,93,116252,116126]
[1065,187,101797,101588]
[1066,156,586442,587117]
[1067,74,649727,650935]
[1068,144,94735,95928]
[1069,161,575731,575340]
[1070,44,712044,712400]
[1071,252,20727,21926]
[1072,135,448918,447474]
[1073,202,197028,197878]
[1074,27,654176,653216]
[1075,218,106469,107220]
[1076,66,705356,706720]
[1077,117,184740,184598]
[1078,136,26849,27244]
[1079,116,658880,659511]
[1080,118,201100,201182]
[1081,218,563025,564105]
[1082,257,3443,3364]
[1083,109,214294,213524]
[1084,84,107672,107844]
[1085,172,236657,237558]
[1086,44,328955,329751]
[1087,28,613440,614129]
[1088,111,519006,518523]
[1089,68,460016,460379]
[1090,205,486829,486674]
[1091,251,454614,454525]
[1092,6,527088,527121]
[1093,143,565584,564947]
[1094,195,683206,682718]
[1095,229,419564,419218]
[1096,71,654076,653827]
[1097,263,132460,132426]
[1098,113,723127,721663]
[1099,219,705430,704057]
[1100,19,598813,598013]
[1101,203,457896,457189]
[1102,19,590166,589765]
[1103,133,416042,414813]
[1104,265,2770,2074]
[1105,232,536414,536913]
[1106,118,491683,492132]
[1107,197,173566,172997]
[1108,264,486052,487383]
[1109,263,422438,421684]
[1110,167,337498,336953]
[1111,178,543875,544894]
[1112,268,189583,190958]
[1113,81,609443,608533]
[1114,164,244038,244577]
[1115,32,124000,124621]
[1116,71,221192,220937]
[1117,278,166280,166580]
[1118,124,243066,243441]
[1119,209,154853,153689]
[1120,20,444666,446088]
[1121,52,95682,95731]
[1122,75,446962,446587]
[1123,71,728260,728006]
[1124,146,247684,248328]
[1125,126,44235,45167]
[1126,189,394316,392817]
[1127,102,178196,178574]
[1128,2,93066,94283]
[1129,130,479633,481071]
[1130,68,658360,658621]
[1131,34,163984,164992]
[1132,242,649487,649592]
[1133,46,202801,203940]
[1134,2,494649,495691]
[1135,175,463316,462589]
[1136,166,397372,398638]
[1137,114,705128,705752]
[1138,44,41616,43017]
[1139,119,698815,698010]
[1140,119,483220,482312]
[1141,113,211110,209953]
[1142,207,228836,228173]
[1143,54,481384,481921]
[1144,167,55408,55158]
[1145,185,548242,547609]
[1146,212,20988,21576]
[1147,76,396924,397418]
[1148,140,221403,222528]
[1149,62,688279,689174]
[1150,222,497741,498363]
[1151,265,658345,657616]
[1152,14,371653,372450]
[1153,269,422307,421440]
[1154,147,324754,324279]
[1155,244,106083,106427]
[1156,187,260480,259699]
[1157,148,305214,305257]
[1158,176,406290,407408]
[1159,115,87024,86396]
[1160,30,304928,305297]
[1161,67,245890,244712]
[1162,113,35252,34991]
[1163,98,30680,32161]
[1164,170,108748,110175]
[1165,206,497533,498798]
[1166,117,451220,450518]
[1167,210,202376,202627]
[1168,154,401644,401931]
[1169,265,328212,326851]
[1170,43,619993,619154]
[1171,72,465908,466087]
[1172,165,41562,40315]
[1173,229,37692,37610]
[1174,113,157142,156046]
[1175,170,186698,186944]
[1176,93,479648,479479]
[1177,112,317309,317375]
[1178,126,274141,274508]
[1179,73,17024,16554]
[1180,60,489839,490644]
[1181,198,580170,581014]
[1182,137,101135,100974]
[1183,197,21963,21911]
[1184,273,59331,58697]
[1185,270,247165,247728]
[1186,141,255529,254893]
[1187,130,41177,42406]
[1188,106,717591,718603]
[1189,225,518634,517243]
[1190,63,391051,389663]
[1191,197,237381,236779]
[1192,172,137038,137726]
[1193,36,565579,566817]
[1194,255,268318,267143]
[1195,68,419921,420718]
[1196,136,592232,593145]
[1197,277,192178,191158]
[1198,270,270325,270476]
[1199,188,427550,427654]
[1200,257,94834,93374]
[1201,12,484165,485616]
[1202,131,357339,356663]
[1203,1,526979,526840]
[1204,193,157614,156727]
[1205,218,51112,52457]
[1206,112,18696,19100]
[1207,269,577793,576560]
[1208,188,393651,394590]
[1209,210,108745,109152]
[1210,15,390097,389055]
[1211,210,162638,163187]
[1212,175,679677,679136]
[1213,258,641683,642890]
[1214,87,519993,519437]
[1215,145,261256,261215]
[1216,9,587052,586478]
[1217,22,345757,347215]
[1218,250,270709,271901]
[1219,216,204607,205390]
[1220,221,498080,496827]
[1221,191,371294,370334]
[1222,164,489249,489695]
[1223,7,47406,46067]
[1224,98,26070,27393]
[1225,135,519919,519366]
[1226,193,111534,110980]
[1227,271,213947,212771]
[1228,40,42067,43502]
[1229,267,398275,397658]
[1230,18,178858,179306]
[1231,124,105691,105885]
[1232,200,265055,266091]
[1233,12,419851,421053]
[1234,27,549463,549032]
[1235,34,487678,488300]
[1236,161,149672,148969]
[1237,3,167701,166636]
[1238,192,322379,323175]
[1239,92,472172,473526]
[1240,135,461135,459697]
[1241,187,721360,721069]
[1242,240,294755,294870]
[1243,211,133639,132620]
[1244,231,478089,477779]
[1245,207,344653,343472]
[1246,98,420128,420926]
[1247,131,309618,308450]
[1248,161,472651,471925]
[1249,9,546341,545229]
[1250,237,385687,385183]
[1251,246,558520,558991]
[1252,103,656916,656217]
[1253,171,9687,9620]
[1254,128,449809,451262]
[1255,89,665540,665377]
[1256,187,77804,76862]
[1257,27,247555,247512]
[1258,108,172855,174316]
[1259,260,549373,550231]
[1260,160,226333,227048]
[1261,10,486534,487212]
[1262,251,237936,237487]
[1263,279,195718,195309]
[1264,262,529974,531024]
[1265,118,445321,446106]
[1266,155,129330,128756]
[1267,137,15766,15468]
[1268,127,662512,661112]
[1269,41,203576,203088]
[1270,5,285133,284006]
[1271,95,666935,666296]
[1272,63,214436,214043]
[1273,164,466795,467870]
[1274,103,317241,315854]
[1275,23,536627,535817]
[1276,8,56925,57127]
[1277,157,621965,620489]
[1278,103,356980,356057]
[1279,40,672529,673353]
[1280,1,483947,483501]
[1281,137,185220,183868]
[1282,71,560121,559790]
[1283,199,26741,25994]
[1284,86,714265,714523]
[1285,37,116081,114971]
[1286,193,692863,692493]
[1287,256,424873,424987]
[1288,193,524319,523229]
[1289,252,364861,364915]
[1290,68,231203,231305]
[1291,140,565644,566920]
[1292,273,589017,588747]
[1293,55,642767,642096]
[1294,172,325002,325452]
[1295,199,474103,473798]
[1296,103,483642,482860]
[1297,67,468449,467743]
[1298,226,625711,626403]
[1299,214,50660,50859]
[1300,245,437526,437372]
