["head":"wrap","lpos","status"]
[214,157817,1]
["io count"]
[135]
["io":"id","wrap","startLpos","endLpos"]
[1,96,501869,502838]
[2,235,325739,324796]
[3,278,430362,430872]
[4,176,320379,321302]
[5,161,63603,62937]
[6,223,564399,563893]
[7,225,43140,42323]
[8,107,74799,73884]
[9,225,667113,666780]
[10,20,361929,362777]
[11,52,3878,4565]
[12,62,377234,377553]
[13,234,538832,538995]
[14,195,104346,103037]
[15,14,650810,652211]
[16,230,485350,485887]
[17,142,81962,82402]
[18,27,239043,238219]
[19,126,606536,607134]
[20,258,187113,187546]
[21,255,433042,432439]
[22,217,4098,3060]
[23,161,319773,318581]
[24,226,682858,683543]
[25,244,247991,249407]
[26,46,160719,161127]
[27,106,256559,257576]
[28,159,262133,261688]
[29,221,590291,588892]
[30,3,714302,713650]
[31,25,77531,76274]
[32,124,658523,659979]
[33,89,662696,661255]
[34,102,433197,434693]
[35,82,404638,405347]
[36,72,173806,174954]
[37,247,544691,544511]
[38,251,235691,235216]
[39,99,234530,233809]
[40,61,699020,698473]
[41,19,92873,91734]
[42,272,215161,215684]
[43,25,699132,697643]
[44,278,631018,632102]
[45,4,527360,527532]
[46,255,684551,683186]
[47,124,661692,662874]
[48,189,132902,132181]
[49,153,67248,67055]
[50,39,175690,174818]
[51,55,379379,378010]
[52,1,39227,38783]
[53,212,466605,467206]
[54,229,335994,334825]
[55,229,98211,97582]
[56,47,181912,180962]
[57,172,220204,221098]
[58,219,480818,480277]
[59,129,236449,235877]
[60,39,216894,216435]
[61,95,613093,612321]
[62,268,109664,110055]
[63,54,349495,350281]
[64,65,91790,91210]
[65,231,636470,635979]
[66,272,364494,365662]
[67,33,123009,122979]
[68,78,634238,634353]
[69,257,144850,144754]
[70,215,642375,640924]
[71,167,452819,452202]
[72,266,341908,342907]
[73,67,409718,409130]
[74,172,296806,297900]
[75,209,310793,310335]
[76,275,272389,271102]
[77,176,460804,462012]
[78,112,708518,709823]
[79,159,79328,77975]
[80,22,358177,358459]
[81,60,464882,466374]
[82,66,685510,686272]
[83,32,237357,238746]
[84,166,724207,724776]
[85,36,679837,680328]
[86,43,576652,575830]
[87,46,594801,595356]
[88,103,480196,478775]
[89,164,519193,519848]
[90,112,299425,300277]
[91,66,198891,199510]
[92,242,25944,26807]
[93,214,419310,419944]
[94,157,167667,166170]
[95,122,553595,554892]
[96,137,483586,482470]
[97,273,467505,467079]
[98,54,11550,12500]
[99,147,163072,161603]
[100,237,611418,610062]
[101,81,365135,364980]
[102,89,525838,524549]
[103,110,485425,485973]
[104,22,511596,512492]
[105,73,433870,432996]
[106,120,149836,150046]
[107,20,32083,33545]
[108,179,680613,680565]
[109,261,74518,73066]
[110,178,554067,554847]
[111,55,354831,354442]
[112,172,693721,693904]
[113,115,147758,146924]
[114,158,370289,371643]
[115,246,728350,729315]
[116,74,571168,572372]
[117,58,653380,653462]
[118,246,52096,52431]
[119,155,681975,681660]
[120,187,531467,530396]
[121,32,448888,450031]
[122,218,130699,131033]
[123,112,156701,157613]
[124,45,72501,72004]
[125,113,72017,71307]
[126,112,474127,474448]
[127,49,482046,481758]
[128,145,325320,323826]
[129,161,233435,232145]
[130,162,501112,501977]
[131,99,692754,692562]
[132,75,683526,682313]
[133,157,693634,693567]
[134,240,578121,578355]
[135,127,189784,189730]
