["head":"wrap","lpos","status"]
[189,177453,0]
["io count"]
[1350]
["io":"id","wrap","startLpos","endLpos"]
[1,141,450059,448683]
[2,153,335722,335660]
[3,175,298043,297780]
[4,271,641208,639974]
[5,27,64328,63866]
[6,207,68366,67917]
[7,115,94459,94022]
[8,246,643295,643607]
[9,135,728172,727416]
[10,38,699169,699330]
[11,206,218982,219532]
[12,63,469945,469214]
[13,169,314101,313954]
[14,156,467003,467396]
[15,114,559925,561031]
[16,85,424015,423552]
[17,87,11175,9694]
[18,48,415795,416667]
[19,21,366124,365984]
[20,88,297387,297709]
[21,95,122012,121718]
[22,126,608494,608700]
[23,220,211879,213085]
[24,29,242117,241070]
[25,136,286147,286556]
[26,138,244380,245423]
[27,249,265377,264100]
[28,243,235225,234708]
[29,92,695626,696345]
[30,4,554066,554799]
[31,268,11553,12376]
[32,212,295904,295976]
[33,13,670544,669899]
[34,42,181393,182199]
[35,195,564021,563027]
[36,100,517113,517989]
[37,227,28032,26800]
[38,179,684048,683706]
[39,204,545755,546697]
[40,34,262166,262664]
[41,33,439860,438688]
[42,104,691631,692786]
[43,48,114602,116097]
[44,57,472413,471394]
[45,270,481730,483103]
[46,6,573876,574065]
[47,215,246907,246272]
[48,34,602640,603681]
[49,275,91337,89900]
[50,212,659845,660184]
[51,96,291710,292051]
[52,194,662343,662448]
[53,125,722669,722447]
[54,40,216287,217638]
[55,188,420534,421251]
[56,147,729805,728639]
[57,159,67263,66313]
[58,31,703546,702396]
[59,167,164824,164444]
[60,217,122129,121037]
[61,112,641062,641353]
[62,56,516839,517902]
[63,172,269656,270739]
[64,151,429193,429151]
[65,61,479365,478142]
[66,189,221264,221008]
[67,144,713924,714524]
[68,236,572625,573912]
[69,196,542529,543012]
[70,110,418223,419639]
[71,2,203710,205159]
[72,30,141547,142429]
[73,18,543886,543964]
[74,215,296554,295688]
[75,203,336315,335552]
[76,232,572327,572913]
[77,103,225379,225035]
[78,212,432236,432667]
[79,28,5437,6554]
[80,78,626206,627420]
[81,50,492917,493509]
[82,30,531523,532962]
[83,147,162876,161544]
[84,262,490106,490697]
[85,15,472742,471493]
[86,20,88114,88333]
[87,64,257292,258144]
[88,189,585167,584475]
[89,279,158238,157980]
[90,255,463717,462348]
[91,223,572257,571269]
[92,240,149111,150091]
[93,265,203817,203358]
[94,252,594346,595149]
[95,10,583483,583858]
[96,167,233715,232648]
[97,43,89229,88201]
[98,129,9563,9516]
[99,99,676061,674868]
[100,186,226200,226301]
[101,21,148483,148105]
[102,140,93523,93586]
[103,24,637134,638384]
[104,266,372835,373629]
[105,185,185539,184340]
[106,128,189098,190137]
[107,132,586915,587642]
[108,131,385454,384889]
[109,155,446925,446491]
[110,181,410459,409310]
[111,254,27193,28046]
[112,149,324319,323111]
[113,48,117105,118087]
[114,225,564577,563986]
[115,187,455531,455345]
[116,158,176428,176534]
[117,86,188456,189503]
[118,197,69399,68277]
[119,108,419735,420046]
[120,172,122917,123083]
[121,166,271424,272804]
[122,192,401020,402455]
[123,95,688029,687719]
[124,86,304015,305159]
[125,149,243934,243421]
[126,126,287587,288527]
[127,233,699264,697782]
[128,122,142810,144205]
[129,276,381231,382557]
[130,80,97828,98885]
[131,153,199571,198779]
[132,203,126993,125785]
[133,48,168270,169131]
[134,201,351716,351523]
[135,27,195002,194335]
[136,112,184849,185921]
[137,263,59557,58793]
[138,270,444662,446065]
[139,38,366946,367570]
[140,16,471869,472043]
[141,257,506178,505936]
[142,111,680745,679755]
[143,192,137048,137610]
[144,81,522417,520980]
[145,154,301428,302818]
[146,252,17629,17950]
[147,63,697949,697063]
[148,145,187899,187697]
[149,36,446955,446995]
[150,37,575366,574876]
[151,135,47151,46495]
[152,218,502223,502798]
[153,3,173383,171890]
[154,273,404566,403104]
[155,136,41244,41539]
[156,117,690968,690414]
[157,269,314789,314498]
[158,127,302234,301350]
[159,106,705968,706950]
[160,52,641056,641554]
[161,68,72953,73729]
[162,116,382061,383145]
[163,4,359142,359259]
[164,80,502394,503116]
[165,107,558355,558114]
[166,246,214087,214205]
[167,16,101440,102480]
[168,162,686002,686163]
[169,150,713485,713931]
[170,180,414318,415659]
[171,153,111627,111133]
[172,219,707156,705784]
[173,167,30875,30138]
[174,165,408096,407108]
[175,200,134226,135138]
[176,149,149487,149343]
[177,83,173146,172513]
[178,79,421198,420592]
[179,74,301337,302138]
[180,156,337958,338047]
[181,46,200131,200465]
[182,212,402866,403029]
[183,94,214834,214958]
[184,54,340005,340458]
[185,25,155607,155274]
[186,12,91706,92049]
[187,150,278001,278756]
[188,71,110376,109283]
[189,258,172436,172771]
[190,237,265599,264642]
[191,183,433704,432679]
[192,23,135718,134646]
[193,186,49296,49647]
[194,7,265399,264449]
[195,235,693627,693290]
[196,220,359259,360079]
[197,149,201789,200511]
[198,216,190307,190485]
[199,38,651458,651999]
[200,95,477841,476592]
[201,223,476087,475950]
[202,86,179072,180425]
[203,118,437826,438677]
[204,241,378277,377381]
[205,248,411669,412031]
[206,119,125546,125161]
[207,94,23898,25120]
[208,1,41631,41048]
[209,138,185591,186179]
[210,210,224131,224380]
[211,121,352649,352387]
[212,175,362745,361654]
[213,105,487846,486408]
[214,190,510494,511941]
[215,97,601397,600113]
[216,80,422933,423027]
[217,50,453963,454624]
[218,94,727530,727830]
[219,262,253417,254647]
[220,153,390910,390063]
[221,107,197120,196445]
[222,231,534515,533216]
[223,224,157541,158785]
[224,251,329409,328316]
[225,120,578740,578786]
[226,3,216400,215324]
[227,49,54412,54277]
[228,234,110220,110836]
[229,224,210073,211334]
[230,80,434837,435876]
[231,204,106711,108100]
[232,200,122006,123236]
[233,15,529287,529095]
[234,136,146983,147795]
[235,226,55611,56547]
[236,269,521596,521148]
[237,174,102529,102784]
[238,233,155079,154860]
[239,4,264009,265499]
[240,154,646303,647497]
[241,51,722046,721157]
[242,34,404809,405549]
[243,105,331586,330907]
[244,134,656426,657786]
[245,83,695543,694622]
[246,218,347190,348506]
[247,277,504968,504533]
[248,42,725437,726872]
[249,43,215388,214207]
[250,148,221685,222590]
[251,232,344937,345576]
[252,77,676957,676081]
[253,30,515832,516736]
[254,235,159036,158259]
[255,180,114381,115068]
[256,92,213217,213860]
[257,269,278431,277877]
[258,80,243121,243595]
[259,108,299973,300951]
[260,238,523802,525178]
[261,96,238353,239798]
[262,60,714282,715323]
[263,78,241919,242190]
[264,85,242073,241059]
[265,117,259943,259744]
[266,217,46533,46411]
[267,56,598475,599645]
[268,198,460791,460926]
[269,265,506482,506418]
[270,68,502160,502903]
[271,156,183253,184479]
[272,30,699114,700059]
[273,80,418498,419085]
[274,106,635808,636202]
[275,3,670214,669345]
[276,210,720773,721732]
[277,196,2927,3735]
[278,184,346890,348174]
[279,60,531581,531882]
[280,107,131690,131451]
[281,27,675006,673527]
[282,120,150661,152116]
[283,92,681079,681952]
[284,8,709534,709620]
[285,205,47649,47455]
[286,24,404052,405251]
[287,132,167800,167948]
[288,27,641653,640501]
[289,179,171959,171202]
[290,274,537206,537809]
[291,214,33501,33712]
[292,6,625378,625484]
[293,245,719000,718150]
[294,96,146451,147686]
[295,190,417799,418417]
[296,44,136386,136618]
[297,144,450934,451582]
[298,83,159265,158470]
[299,139,68040,67370]
[300,146,375268,376247]
[301,66,272532,273006]
[302,111,462778,461802]
[303,150,312802,313047]
[304,236,703720,704575]
[305,124,586559,586716]
[306,257,11028,9721]
[307,13,417515,416907]
[308,151,680811,680382]
[309,153,699338,699117]
[310,143,185196,184664]
[311,62,91723,92883]
[312,128,125309,126221]
[313,70,106043,106503]
[314,148,701149,701296]
[315,86,164598,165364]
[316,108,30800,31474]
[317,178,284213,284769]
[318,79,341603,340363]
[319,219,651914,650991]
[320,241,730054,728798]
[321,66,258805,259225]
[322,172,244481,245764]
[323,122,628683,628806]
[324,244,35497,36369]
[325,267,581177,580278]
[326,134,115839,116961]
[327,138,453265,453631]
[328,205,30263,29340]
[329,19,80044,79107]
[330,248,586673,586938]
[331,66,182924,183625]
[332,278,268194,268845]
[333,137,271266,269830]
[334,255,643601,642847]
[335,32,562106,562603]
[336,182,493574,494653]
[337,134,171224,171469]
[338,249,77260,76806]
[339,261,727899,727542]
[340,125,388688,388423]
[341,203,420852,419924]
[342,167,280079,279109]
[343,82,641564,641598]
[344,67,164393,164106]
[345,96,299294,300161]
[346,83,101730,100872]
[347,153,262636,261579]
[348,136,268112,269102]
[349,3,572212,571673]
[350,239,469981,469573]
[351,194,408688,408886]
[352,239,582910,582814]
[353,209,720532,719774]
[354,58,142026,142745]
[355,186,668656,670146]
[356,88,700613,702052]
[357,124,596155,596572]
[358,232,175716,176629]
[359,55,566127,565267]
[360,228,481861,482944]
[361,112,391478,392585]
[362,55,603917,603325]
[363,129,168699,167461]
[364,56,471596,472687]
[365,75,185244,184730]
[366,34,116248,117129]
[367,139,506553,506093]
[368,161,514538,514165]
[369,1,512856,512753]
[370,169,716732,716050]
[371,261,179420,179016]
[372,138,31293,32503]
[373,24,193128,193816]
[374,171,380821,379978]
[375,81,209847,208445]
[376,211,426958,426182]
[377,259,621041,620787]
[378,199,18590,17977]
[379,58,415520,415719]
[380,34,439496,440956]
[381,103,311859,311103]
[382,81,315072,314396]
[383,158,61251,61971]
[384,154,478749,479440]
[385,262,186791,188192]
[386,230,340359,340594]
[387,91,486827,486231]
[388,193,493929,493423]
[389,240,301092,301312]
[390,104,79458,80905]
[391,177,312434,311181]
[392,246,451817,453045]
[393,118,710186,711398]
[394,55,140189,139763]
[395,230,644562,645584]
[396,249,209033,208346]
[397,50,153413,154595]
[398,256,565605,566527]
[399,179,572605,571579]
[400,130,426993,427510]
[401,209,104475,104404]
[402,242,478237,479505]
[403,84,368152,369052]
[404,107,455567,455315]
[405,3,438568,437558]
[406,238,489392,489631]
[407,30,110915,111513]
[408,65,550750,550327]
[409,41,515706,514612]
[410,73,344542,344017]
[411,221,626846,626751]
[412,129,14450,13545]
[413,32,618305,619553]
[414,251,368059,367077]
[415,119,360765,359764]
[416,70,405614,405657]
[417,197,77965,77002]
[418,53,694263,692988]
[419,217,312072,310860]
[420,144,233914,234044]
[421,80,442386,443270]
[422,54,621888,622896]
[423,14,5471,5895]
[424,212,104373,105571]
[425,26,235636,236413]
[426,26,380800,382010]
[427,185,188461,187113]
[428,243,314364,313000]
[429,88,128091,128846]
[430,44,547152,548067]
[431,105,111938,111514]
[432,13,358063,357381]
[433,195,284578,283674]
[434,192,55844,57293]
[435,84,610537,611315]
[436,50,609421,610901]
[437,97,319368,318497]
[438,220,566041,567194]
[439,219,725326,724115]
[440,30,425461,425943]
[441,255,99993,98619]
[442,260,134425,134470]
[443,8,683038,683849]
[444,133,88281,87245]
[445,156,677245,677499]
[446,9,246932,246194]
[447,102,33605,33719]
[448,46,508654,509802]
[449,119,553967,552859]
[450,102,651480,652111]
[451,24,88913,90186]
[452,190,185909,187114]
[453,185,453091,451945]
[454,93,30937,29939]
[455,34,441487,441800]
[456,22,613677,613978]
[457,104,245501,246743]
[458,111,504907,504501]
[459,129,671646,670184]
[460,135,90427,89095]
[461,86,708027,709492]
[462,250,3636,3736]
[463,234,51252,51361]
[464,50,9976,10742]
[465,72,22370,22871]
[466,207,488332,487877]
[467,202,629694,630813]
[468,118,216103,216666]
[469,5,184900,184101]
[470,210,463615,463843]
[471,107,42760,41868]
[472,66,628169,628620]
[473,147,575200,575014]
[474,255,298816,298750]
[475,56,278254,279158]
[476,127,227325,226377]
[477,258,459648,460715]
[478,118,353141,354392]
[479,262,514118,514335]
[480,100,419453,419691]
[481,87,143260,142609]
[482,110,641069,641901]
[483,235,57442,56109]
[484,189,325505,324146]
[485,51,351750,350392]
[486,202,113168,114430]
[487,178,595948,596448]
[488,174,673871,674082]
[489,242,621628,622423]
[490,110,579130,579980]
[491,108,687967,688465]
[492,199,100208,99215]
[493,201,42289,42103]
[494,126,137981,139113]
[495,25,544319,543325]
[496,47,622176,620913]
[497,142,384070,384993]
[498,111,34823,34659]
[499,97,129402,128591]
[500,141,329645,329203]
[501,197,364692,364414]
[502,132,373481,374879]
[503,47,704639,703884]
[504,53,40393,39933]
[505,79,180886,179455]
[506,194,409121,410380]
[507,140,292175,293271]
[508,107,138696,137438]
[509,225,666604,665835]
[510,134,677139,677718]
[511,93,103752,103477]
[512,229,143891,142909]
[513,81,391090,389776]
[514,26,418869,419639]
[515,266,674911,675354]
[516,124,240525,241043]
[517,173,80243,80177]
[518,159,420477,419078]
[519,144,10767,11452]
[520,88,717152,718055]
[521,26,720009,720750]
[522,46,473704,473882]
[523,90,721874,723160]
[524,42,324878,326189]
[525,13,272772,271795]
[526,143,292110,291886]
[527,223,227081,226017]
[528,272,232600,232852]
[529,100,82403,83783]
[530,24,639321,639502]
[531,36,6637,7261]
[532,146,171990,172182]
[533,125,718908,717687]
[534,8,298516,298971]
[535,247,105570,104766]
[536,173,191801,191648]
[537,200,140724,140964]
[538,89,193889,193007]
[539,212,521616,523087]
[540,148,475365,475744]
[541,195,336392,336228]
[542,200,473751,474471]
[543,37,442329,441544]
[544,94,598375,598844]
[545,164,353990,354606]
[546,3,243397,242176]
[547,71,91090,90827]
[548,167,394738,393990]
[549,49,172724,172334]
[550,55,360544,359525]
[551,71,576189,575719]
[552,261,545106,544880]
[553,180,423663,424271]
[554,149,261804,260664]
[555,120,143369,143499]
[556,168,168270,168735]
[557,53,411190,409756]
[558,260,370710,371862]
[559,108,678373,678676]
[560,57,208680,207461]
[561,278,43999,44081]
[562,240,293555,294560]
[563,3,612380,611829]
[564,21,39158,38085]
[565,274,665802,666818]
[566,242,446945,447261]
[567,100,148182,149672]
[568,55,311875,311430]
[569,167,687920,686444]
[570,94,118846,119534]
[571,256,87767,87852]
[572,44,265643,266381]
[573,229,328929,328149]
[574,110,385788,386209]
[575,100,169033,169586]
[576,197,266455,265242]
[577,163,630115,629210]
[578,130,373339,374299]
[579,67,113224,113179]
[580,267,367374,366017]
[581,133,136353,136162]
[582,268,709248,709839]
[583,114,93091,94039]
[584,177,415845,415346]
[585,273,655843,655590]
[586,87,699826,698475]
[587,243,55908,55501]
[588,245,453702,452776]
[589,165,622157,621583]
[590,206,229176,229207]
[591,218,527891,527995]
[592,59,261857,260615]
[593,39,484561,483813]
[594,41,413511,412718]
[595,120,274544,275776]
[596,149,454335,453011]
[597,275,179877,178928]
[598,187,201069,200806]
[599,157,468201,468025]
[600,32,602190,602567]
[601,146,603303,603472]
[602,87,641683,641026]
[603,188,418039,418221]
[604,256,543242,543277]
[605,117,8193,7163]
[606,72,414746,415953]
[607,5,78447,78282]
[608,13,681547,681469]
[609,105,606646,605257]
[610,173,494156,494032]
[611,171,329306,328860]
[612,229,278491,277657]
[613,113,239051,239016]
[614,94,154647,156134]
[615,57,662941,662082]
[616,31,82981,81545]
[617,85,421794,420944]
[618,149,320436,319134]
[619,191,546564,545114]
[620,42,388176,388544]
[621,70,147677,147785]
[622,124,583161,584514]
[623,55,597169,596159]
[624,147,570040,569018]
[625,24,143394,143816]
[626,171,34362,34022]
[627,173,630923,630561]
[628,193,71641,70671]
[629,140,275151,275564]
[630,59,654948,654843]
[631,32,669533,669621]
[632,166,331820,332455]
[633,17,648487,647671]
[634,236,190750,191965]
[635,126,373999,374394]
[636,163,193267,191780]
[637,246,445812,446719]
[638,9,504833,503954]
[639,67,720408,719728]
[640,91,500729,500373]
[641,231,148780,147472]
[642,42,167122,168357]
[643,164,120240,121102]
[644,54,447380,447671]
[645,29,420808,419666]
[646,233,595166,594868]
[647,275,677604,677022]
[648,179,132489,131691]
[649,6,250748,251047]
[650,59,527136,526882]
[651,260,406925,407250]
[652,55,229427,228131]
[653,107,215933,215077]
[654,131,341909,340516]
[655,117,217678,216719]
[656,185,289966,289589]
[657,143,161062,159882]
[658,210,616779,618257]
[659,241,59476,59194]
[660,231,283388,283167]
[661,44,645277,646447]
[662,34,28865,29829]
[663,88,17651,18550]
[664,261,287762,286499]
[665,8,448536,448895]
[666,160,405683,405728]
[667,245,602189,601552]
[668,12,456478,457564]
[669,245,95736,95014]
[670,209,22872,22466]
[671,239,131628,130172]
[672,211,215961,215419]
[673,67,406585,406463]
[674,44,252397,253272]
[675,195,370270,369451]
[676,251,278700,277838]
[677,46,521941,522173]
[678,141,168761,167353]
[679,114,632667,633365]
[680,126,727108,727389]
[681,187,426105,425785]
[682,164,181901,182282]
[683,123,320025,319430]
[684,137,302340,300911]
[685,97,40307,39288]
[686,134,696660,697102]
[687,54,252909,253421]
[688,208,400876,401094]
[689,169,110673,109833]
[690,262,639028,639288]
[691,241,234706,233246]
[692,121,225476,224694]
[693,25,665839,665155]
[694,27,112684,112124]
[695,209,382192,382058]
[696,89,274086,273200]
[697,43,107325,106262]
[698,271,574673,574423]
[699,131,601699,600962]
[700,113,142619,141979]
[701,238,270616,270682]
[702,81,292912,291743]
[703,81,522776,522142]
[704,62,25023,25849]
[705,219,626918,626730]
[706,85,455513,454610]
[707,231,396316,395193]
[708,181,341416,340082]
[709,118,155942,157401]
[710,208,342050,342450]
[711,71,668245,668206]
[712,215,198015,197620]
[713,148,685328,686518]
[714,34,675899,676802]
[715,95,271627,271344]
[716,187,260143,259571]
[717,158,276756,277751]
[718,181,377396,377220]
[719,193,56329,55489]
[720,3,383574,382643]
[721,151,171558,170562]
[722,209,549353,548964]
[723,75,694263,693385]
[724,217,445073,444293]
[725,117,47605,47319]
[726,223,320903,320427]
[727,104,271484,272306]
[728,125,455379,455250]
[729,221,225376,224059]
[730,186,370469,371649]
[731,277,95496,95309]
[732,250,434660,435087]
[733,98,617948,618551]
[734,130,575056,576298]
[735,125,551343,549999]
[736,221,232091,231416]
[737,138,332474,332615]
[738,243,333218,332474]
[739,4,404613,405674]
[740,63,6767,5747]
[741,192,373149,374239]
[742,133,557097,555933]
[743,216,236361,237786]
[744,100,31783,32819]
[745,232,558657,559399]
[746,206,555598,556683]
[747,51,32016,30988]
[748,264,143091,143574]
[749,35,456595,456057]
[750,241,585864,585533]
[751,205,87141,86513]
[752,261,475989,475788]
[753,104,652481,653061]
[754,123,394320,392851]
[755,200,25164,26369]
[756,221,610559,610228]
[757,237,205940,205037]
[758,251,678878,678135]
[759,95,715481,715259]
[760,253,302570,301080]
[761,69,701235,699972]
[762,258,347919,349248]
[763,71,290518,289581]
[764,256,344292,345517]
[765,49,332595,331379]
[766,261,157236,156339]
[767,226,356087,357403]
[768,17,617697,616815]
[769,0,729312,729699]
[770,1,57546,56654]
[771,183,507164,506007]
[772,250,707831,708043]
[773,100,273706,274350]
[774,135,446050,445932]
[775,111,314052,313145]
[776,47,329035,328945]
[777,247,293615,292246]
[778,166,494570,494924]
[779,48,360004,360746]
[780,33,195361,193863]
[781,39,622468,622107]
[782,272,655454,656790]
[783,142,515011,515232]
[784,147,286699,286202]
[785,159,38851,38575]
[786,14,410759,411511]
[787,166,369962,370816]
[788,228,469893,470414]
[789,97,524115,523183]
[790,13,475407,474417]
[791,29,449513,448885]
[792,199,631477,630907]
[793,93,596291,595693]
[794,166,94813,95690]
[795,94,20672,21494]
[796,170,514764,515846]
[797,263,128944,127844]
[798,96,177412,177726]
[799,33,305003,304111]
[800,221,688836,688257]
[801,248,73805,74931]
[802,65,566933,566193]
[803,15,324191,323788]
[804,45,263278,262966]
[805,186,555099,556318]
[806,152,445237,446047]
[807,48,468763,469888]
[808,88,253024,254103]
[809,30,145629,146931]
[810,43,489669,489540]
[811,84,295291,296591]
[812,126,204513,205043]
[813,26,475300,475689]
[814,68,628700,629281]
[815,179,636714,635546]
[816,166,68150,69319]
[817,58,84078,84538]
[818,183,604672,604220]
[819,211,646511,645971]
[820,201,422330,421016]
[821,155,82293,81881]
[822,0,651164,651245]
[823,248,283466,283959]
[824,176,327586,328824]
[825,219,476830,475843]
[826,242,727539,728105]
[827,257,258727,257385]
[828,269,103662,103414]
[829,82,435696,436669]
[830,70,14615,15621]
[831,270,627814,629110]
[832,127,467141,465820]
[833,97,375864,375427]
[834,130,122967,123028]
[835,217,557485,556406]
[836,248,333124,333596]
[837,122,481933,483175]
[838,64,571850,573151]
[839,200,30480,31261]
[840,118,56076,57340]
[841,174,667542,668439]
[842,39,111596,110539]
[843,154,690496,691882]
[844,187,643090,642064]
[845,276,154390,154861]
[846,42,410113,411168]
[847,15,70545,70211]
[848,141,139335,138051]
[849,128,252347,253571]
[850,80,317132,317499]
[851,100,685619,687119]
[852,133,448331,447948]
[853,112,583207,584266]
[854,25,628780,628448]
[855,145,596759,595334]
[856,63,392054,391974]
[857,116,703354,704289]
[858,273,523173,522675]
[859,66,178128,179333]
[860,263,674872,673681]
[861,105,500616,499717]
[862,18,687835,688913]
[863,268,340896,341403]
[864,78,689234,690027]
[865,209,675844,674774]
[866,126,726757,726888]
[867,132,321455,322575]
[868,202,537129,538450]
[869,180,247896,248910]
[870,137,698718,698234]
[871,53,186822,186740]
[872,217,374423,373881]
[873,161,314138,313097]
[874,266,693090,693279]
[875,238,428098,429331]
[876,213,308585,307952]
[877,174,10458,11394]
[878,248,475073,475571]
[879,269,334987,334809]
[880,213,38584,38212]
[881,129,645799,644569]
[882,179,145967,145482]
[883,55,679056,677840]
[884,214,184409,184982]
[885,72,627409,628749]
[886,244,30917,30997]
[887,264,399057,399248]
[888,161,260475,259448]
[889,223,147263,145822]
[890,47,222002,221263]
[891,114,225491,225693]
[892,169,51371,51133]
[893,115,21042,19713]
[894,119,100672,99926]
[895,238,662282,663534]
[896,230,135681,136181]
[897,239,698183,698052]
[898,21,45761,44905]
[899,225,85723,85510]
[900,257,355361,354327]
[901,98,369528,370587]
[902,222,660000,661333]
[903,146,275234,275600]
[904,37,113696,112969]
[905,128,182959,183970]
[906,203,127401,126505]
[907,207,299082,298587]
[908,14,447896,448083]
[909,156,120581,121358]
[910,1,131957,130919]
[911,198,254781,255047]
[912,91,412481,411747]
[913,156,304329,305410]
[914,277,80321,79469]
[915,278,702510,703722]
[916,100,112673,112827]
[917,233,595249,594365]
[918,243,328998,327680]
[919,212,213995,215037]
[920,140,685163,686474]
[921,232,542632,543903]
[922,233,712113,711886]
[923,28,388698,388735]
[924,60,498457,499053]
[925,34,52590,53413]
[926,165,211290,210124]
[927,198,717302,717648]
[928,24,622499,622683]
[929,22,382996,383902]
[930,125,685360,684354]
[931,186,360635,360769]
[932,230,608299,609093]
[933,116,150922,151982]
[934,230,394209,395233]
[935,59,343145,341851]
[936,197,165410,164341]
[937,217,723930,722560]
[938,10,391168,392451]
[939,15,65454,64743]
[940,168,408959,409672]
[941,56,204201,204540]
[942,95,557597,557001]
[943,167,426384,425284]
[944,261,81682,80893]
[945,12,99347,99862]
[946,74,332434,333669]
[947,247,392653,391792]
[948,240,144572,145219]
[949,163,361609,360670]
[950,258,480494,481400]
[951,90,431091,432554]
[952,33,562670,561422]
[953,19,163719,163096]
[954,226,638292,639498]
[955,258,382659,383008]
[956,103,637526,636520]
[957,219,194796,193543]
[958,146,672758,673211]
[959,92,92845,94304]
[960,86,45270,45544]
[961,18,98949,99099]
[962,279,222956,222865]
[963,139,395613,394789]
[964,30,306874,307871]
[965,49,593405,592907]
[966,164,231067,231296]
[967,118,220961,221719]
[968,115,447133,446851]
[969,264,697938,698912]
[970,171,381248,380888]
[971,204,486737,486914]
[972,271,450913,449861]
[973,71,589670,588610]
[974,37,411254,409940]
[975,31,387019,386015]
[976,146,725376,725454]
[977,94,384715,385292]
[978,198,388747,389391]
[979,123,283173,282548]
[980,270,391275,392261]
[981,83,128371,127503]
[982,94,312950,313792]
[983,190,608540,609384]
[984,238,697873,699065]
[985,13,598358,597253]
[986,7,150613,150230]
[987,118,205639,206427]
[988,262,620777,621315]
[989,154,137134,137453]
[990,69,680917,679475]
[991,57,454466,453150]
[992,253,399823,399003]
[993,125,543556,543363]
[994,99,374821,374548]
[995,30,577127,577606]
[996,70,685068,685542]
[997,172,282763,283615]
[998,148,395393,396272]
[999,138,10965,11353]
[1000,4,706970,707536]
[1001,78,278778,279661]
[1002,249,586508,585548]
[1003,67,141528,140881]
[1004,3,545099,544479]
[1005,174,581060,581235]
[1006,230,69022,70502]
[1007,5,364418,363706]
[1008,139,319141,318255]
[1009,207,708172,707117]
[1010,13,502375,501259]
[1011,271,157073,156820]
[1012,246,118855,120011]
[1013,23,630808,629892]
[1014,94,220886,222137]
[1015,91,215370,214084]
[1016,185,358201,357528]
[1017,230,339132,339516]
[1018,206,46757,47137]
[1019,261,277123,276981]
[1020,159,432253,430968]
[1021,90,497424,498462]
[1022,252,167827,168549]
[1023,203,89506,88598]
[1024,139,602962,601608]
[1025,240,645283,646287]
[1026,191,50703,49280]
[1027,71,704802,704132]
[1028,276,712441,713380]
[1029,12,442006,442841]
[1030,269,191464,190755]
[1031,278,697882,698678]
[1032,12,143533,144171]
[1033,260,165499,166152]
[1034,270,339455,340563]
[1035,185,689916,688975]
[1036,69,606722,606162]
[1037,258,356294,356341]
[1038,3,232877,232352]
[1039,79,495434,494149]
[1040,40,564937,565026]
[1041,112,683072,683478]
[1042,137,560107,559738]
[1043,231,540016,539017]
[1044,87,536141,535740]
[1045,201,450132,448734]
[1046,176,200790,202121]
[1047,259,625482,624507]
[1048,211,400195,399542]
[1049,104,235254,236550]
[1050,254,500244,501565]
[1051,19,473689,472868]
[1052,169,228082,227048]
[1053,219,671475,670117]
[1054,77,682906,681524]
[1055,160,73304,73979]
[1056,222,341097,341583]
[1057,150,7263,7512]
[1058,226,57417,58316]
[1059,77,395169,393843]
[1060,91,561195,559996]
[1061,80,349410,349618]
[1062,60,426613,426706]
[1063,45,111916,111604]
[1064,99,177049,176532]
[1065,86,348553,349883]
[1066,88,424600,424740]
[1067,63,466164,465774]
[1068,9,453502,452669]
[1069,148,360811,360931]
[1070,235,418282,416954]
[1071,129,527865,527002]
[1072,268,10564,11506]
[1073,89,369471,368050]
[1074,132,401932,403159]
[1075,271,319675,318659]
[1076,215,456760,456094]
[1077,38,428345,428601]
[1078,111,324855,323865]
[1079,261,633088,632378]
[1080,48,617217,618484]
[1081,99,392924,391781]
[1082,273,405019,404904]
[1083,76,657165,657499]
[1084,112,520655,521204]
[1085,133,664296,663066]
[1086,170,650860,650975]
[1087,252,591354,592809]
[1088,32,91678,93165]
[1089,125,728068,727012]
[1090,244,383642,383808]
[1091,118,706475,707820]
[1092,95,72059,70789]
[1093,66,529022,529523]
[1094,117,120181,119601]
[1095,116,328109,328571]
[1096,256,143269,144232]
[1097,106,240968,241510]
[1098,264,382499,382785]
[1099,43,636977,635990]
[1100,5,239940,239213]
[1101,32,209324,209645]
[1102,24,563872,563996]
[1103,195,469994,469503]
[1104,209,41582,40958]
[1105,147,533045,532053]
[1106,18,96806,97475]
[1107,248,9679,10957]
[1108,109,297514,296482]
[1109,24,274885,275006]
[1110,141,376141,375483]
[1111,251,162415,161042]
[1112,261,441679,441127]
[1113,234,686753,687182]
[1114,181,498037,497001]
[1115,155,157986,157528]
[1116,35,337532,336367]
[1117,181,654788,653628]
[1118,131,85323,84030]
[1119,277,390897,389957]
[1120,171,382853,382374]
[1121,51,338440,336942]
[1122,200,308027,308496]
[1123,193,291759,291067]
[1124,192,18204,18741]
[1125,173,685442,684855]
[1126,118,540253,541075]
[1127,9,695523,694151]
[1128,144,273034,273114]
[1129,213,98352,98322]
[1130,95,262098,260667]
[1131,115,8533,7211]
[1132,106,2144,2986]
[1133,248,308443,308521]
[1134,178,196002,196194]
[1135,225,250999,249760]
[1136,17,562994,562497]
[1137,22,89750,89826]
[1138,118,25150,25765]
[1139,217,385380,383967]
[1140,178,172152,173149]
[1141,196,307108,307224]
[1142,125,216191,216100]
[1143,86,307275,308461]
[1144,208,606744,607446]
[1145,26,712358,713800]
[1146,87,236502,236154]
[1147,279,170307,169366]
[1148,109,171758,171413]
[1149,113,480948,479722]
[1150,141,717590,717347]
[1151,99,253920,252780]
[1152,63,481646,480887]
[1153,210,276586,277968]
[1154,210,80604,81105]
[1155,8,596069,596252]
[1156,103,414721,413398]
[1157,136,411622,412226]
[1158,121,332452,331424]
[1159,134,143623,144158]
[1160,116,180869,181580]
[1161,243,644346,643763]
[1162,1,440986,440045]
[1163,209,171818,171611]
[1164,228,682265,683174]
[1165,111,681151,680826]
[1166,60,233641,235056]
[1167,19,666059,664744]
[1168,50,232403,233109]
[1169,194,217644,219107]
[1170,274,199720,201072]
[1171,133,398733,398636]
[1172,25,158828,158209]
[1173,7,655760,655499]
[1174,115,167210,166592]
[1175,118,415849,416365]
[1176,45,248066,247784]
[1177,46,617836,617963]
[1178,169,285369,284739]
[1179,160,239723,240261]
[1180,136,356296,357526]
[1181,38,565293,566117]
[1182,82,122397,122548]
[1183,110,365836,366062]
[1184,222,554033,554389]
[1185,124,299146,300396]
[1186,214,460475,461877]
[1187,213,335845,335769]
[1188,12,26524,27358]
[1189,264,322866,323979]
[1190,28,188872,189096]
[1191,44,438545,439681]
[1192,243,123737,123550]
[1193,188,140832,141777]
[1194,37,517924,516639]
[1195,46,178650,179137]
[1196,22,625247,625977]
[1197,157,107732,106259]
[1198,24,456851,458012]
[1199,11,681313,680952]
[1200,207,197530,196811]
[1201,97,268572,268442]
[1202,266,408756,409594]
[1203,45,426080,425506]
[1204,155,20886,19858]
[1205,270,95337,96706]
[1206,29,148548,147887]
[1207,152,694952,695894]
[1208,195,157368,156953]
[1209,213,240706,239970]
[1210,140,569680,570014]
[1211,224,597767,597910]
[1212,258,664402,665075]
[1213,164,422711,423260]
[1214,259,251231,249758]
[1215,186,318119,319454]
[1216,93,533299,532710]
[1217,272,189799,190438]
[1218,203,521088,520394]
[1219,64,547469,548335]
[1220,242,305740,306199]
[1221,0,706863,707009]
[1222,268,447163,448002]
[1223,50,572516,572995]
[1224,148,555235,556697]
[1225,171,600612,599916]
[1226,255,485803,485469]
[1227,156,726767,727353]
[1228,198,233125,234144]
[1229,197,475285,475128]
[1230,173,293185,292683]
[1231,3,525984,524829]
[1232,265,665390,665309]
[1233,221,583071,582755]
[1234,136,227852,228520]
[1235,103,122520,121956]
[1236,142,641568,642941]
[1237,105,599465,599105]
[1238,209,727480,726319]
[1239,72,618603,619961]
[1240,87,165211,163802]
[1241,54,107531,108157]
[1242,18,175016,175478]
[1243,173,76457,76383]
[1244,5,620373,619328]
[1245,171,579137,578630]
[1246,137,210563,209920]
[1247,95,661416,660335]
[1248,174,510051,510169]
[1249,172,242170,243488]
[1250,115,390070,389693]
[1251,117,578207,576919]
[1252,26,35667,36246]
[1253,5,50191,49863]
[1254,168,150744,151529]
[1255,206,471149,472530]
[1256,33,26825,25695]
[1257,26,187693,189071]
[1258,130,349298,350786]
[1259,129,157166,156964]
[1260,105,633674,633390]
[1261,132,85621,86718]
[1262,8,158614,160009]
[1263,117,467794,466852]
[1264,104,483195,483639]
[1265,124,451910,452008]
[1266,4,419788,420509]
[1267,44,382603,383084]
[1268,87,527743,526986]
[1269,33,614170,613070]
[1270,192,265459,265545]
[1271,135,464987,463616]
[1272,273,88997,87539]
[1273,208,482891,483351]
[1274,39,532433,531162]
[1275,197,637122,635710]
[1276,76,643457,644800]
[1277,221,614462,614075]
[1278,208,572839,573878]
[1279,156,429835,430550]
[1280,152,613760,614734]
[1281,136,181542,182019]
[1282,128,178550,179673]
[1283,62,200057,200852]
[1284,139,94941,94319]
[1285,130,706000,706658]
[1286,252,693734,694067]
[1287,201,406571,405852]
[1288,39,526441,525157]
[1289,247,634889,633459]
[1290,120,103769,104360]
[1291,113,643462,642537]
[1292,245,153924,152821]
[1293,202,171697,172413]
[1294,137,637434,636528]
[1295,107,552840,552442]
[1296,188,358047,359242]
[1297,168,626932,627248]
[1298,197,276715,275540]
[1299,273,211347,210090]
[1300,95,110247,109878]
[1301,21,499699,498334]
[1302,242,506505,506567]
[1303,275,355925,355311]
[1304,34,103980,104118]
[1305,16,464873,464963]
[1306,90,590391,591324]
[1307,121,469265,468923]
[1308,237,173524,172997]
[1309,139,242326,241022]
[1310,146,699054,699555]
[1311,4,501673,503038]
[1312,24,231321,231481]
[1313,271,508137,507212]
[1314,62,534504,535853]
[1315,58,341526,342740]
[1316,91,313605,312209]
[1317,187,580540,579185]
[1318,91,347523,346530]
[1319,204,359375,360737]
[1320,76,540718,541060]
[1321,215,153845,152355]
[1322,141,498283,498054]
[1323,94,299400,300179]
[1324,10,444749,445256]
[1325,72,148260,148693]
[1326,64,687116,688431]
[1327,190,224774,225729]
[1328,9,641234,639924]
[1329,22,114205,114692]
[1330,273,158019,156776]
[1331,12,510902,511820]
[1332,120,356060,356911]
[1333,111,140225,139636]
[1334,252,249583,249899]
[1335,49,157852,157251]
[1336,188,197914,198850]
[1337,235,226863,226697]
[1338,32,294727,295698]
[1339,242,139687,141002]
[1340,193,413730,413503]
[1341,177,441084,440785]
[1342,224,615604,615977]
[1343,65,723196,722840]
[1344,228,507529,508955]
[1345,210,427542,428916]
[1346,243,74861,74407]
[1347,214,76286,77701]
[1348,7,607606,607349]
[1349,236,234444,235860]
[1350,188,445513,446411]
