["head":"wrap","lpos","status"]
[59,278066,1]
["io count"]
[140]
["io":"id","wrap","startLpos","endLpos"]
[1,19,678259,676951]
[2,150,233629,233725]
[3,193,104975,104056]
[4,90,310953,311153]
[5,126,723215,724096]
[6,8,448763,449417]
[7,137,323294,322961]
[8,39,522655,522026]
[9,266,431245,432340]
[10,238,267828,267932]
[11,80,682822,683004]
[12,234,73102,74501]
[13,58,536706,536780]
[14,195,320208,320062]
[15,89,572998,572822]
[16,38,502655,503167]
[17,90,644165,644456]
[18,210,627830,628759]
[19,226,468223,469542]
[20,243,677794,677153]
[21,248,363895,364291]
[22,179,238780,237456]
[23,37,27059,25621]
[24,143,521679,521311]
[25,184,286758,288135]
[26,118,327283,327983]
[27,126,500657,501303]
[28,269,284044,283142]
[29,73,333009,332786]
[30,36,115397,116324]
[31,152,597171,597319]
[32,42,518291,519438]
[33,137,538691,537904]
[34,267,123062,122246]
[35,129,245706,244831]
[36,71,320434,319876]
[37,129,61327,60907]
[38,239,231221,230155]
[39,206,178079,179145]
[40,59,202078,201037]
[41,257,703142,702108]
[42,243,22659,21488]
[43,273,184704,183704]
[44,161,278174,277064]
[45,266,265948,267257]
[46,163,228191,227061]
[47,100,147342,148124]
[48,126,440914,441829]
[49,185,648145,647173]
[50,225,188899,188767]
[51,238,633478,634240]
[52,8,658752,660129]
[53,171,131321,130039]
[54,66,216773,216905]
[55,17,250215,249824]
[56,43,680231,680100]
[57,263,76176,75456]
[58,162,501732,502760]
[59,259,326451,325544]
[60,28,500341,500545]
[61,239,153986,152885]
[62,264,620305,620655]
[63,41,674759,673387]
[64,275,521640,520814]
[65,3,435815,435321]
[66,38,503531,504582]
[67,118,423016,423187]
[68,123,472424,471041]
[69,165,499177,498108]
[70,72,163043,163692]
[71,141,700202,698859]
[72,59,657458,657300]
[73,185,650752,650117]
[74,119,335270,334191]
[75,41,281517,280938]
[76,33,414368,413495]
[77,12,638576,639097]
[78,120,38342,39039]
[79,144,600339,600686]
[80,20,626820,627468]
[81,67,518129,517332]
[82,133,298162,297467]
[83,241,153036,151751]
[84,153,125458,124950]
[85,170,586415,587816]
[86,10,106452,106751]
[87,76,384058,384317]
[88,41,568577,567388]
[89,204,555281,555314]
[90,241,607003,605512]
[91,221,622360,621229]
[92,182,470681,471568]
[93,14,222020,222497]
[94,180,180376,180909]
[95,18,93442,93841]
[96,140,42460,43154]
[97,9,492527,491613]
[98,206,618183,619275]
[99,234,453305,454217]
[100,25,418018,417349]
[101,132,171623,172725]
[102,32,104178,104953]
[103,225,649793,648635]
[104,123,268988,268631]
[105,123,427321,425864]
[106,127,179298,179088]
[107,238,156759,158235]
[108,12,166352,167407]
[109,255,63347,62341]
[110,2,423444,424803]
[111,147,171208,170452]
[112,233,199294,198592]
[113,52,355457,356946]
[114,112,697434,697863]
[115,70,119619,119678]
[116,115,369799,369052]
[117,42,376333,376367]
[118,23,251756,251326]
[119,199,158579,157462]
[120,16,606980,607841]
[121,226,414920,416352]
[122,167,357671,357561]
[123,206,429929,430107]
[124,243,181551,181394]
[125,123,670212,669010]
[126,61,314731,314511]
[127,251,322588,321427]
[128,27,697620,696600]
[129,80,430297,431266]
[130,263,193706,192723]
[131,54,440670,441507]
[132,61,101122,99943]
[133,170,8912,9952]
[134,211,242671,241675]
[135,29,95858,95296]
[136,58,674023,674521]
[137,111,353844,352834]
[138,222,592907,593207]
[139,196,136758,137682]
[140,73,5073,4951]
