["head":"wrap","lpos","status"]
[276,223029,1]
["io count"]
[1400]
["io":"id","wrap","startLpos","endLpos"]
[1,206,74624,75349]
[2,47,222276,221782]
[3,137,252681,251409]
[4,92,721920,722668]
[5,75,303253,302622]
[6,157,1820,1713]
[7,208,474104,474703]
[8,142,14064,14481]
[9,105,91718,91174]
[10,86,83931,84353]
[11,167,118428,118199]
[12,28,499579,500824]
[13,265,534225,532773]
[14,101,483197,482222]
[15,166,622879,623067]
[16,79,193986,192650]
[17,130,419792,421168]
[18,94,334732,335386]
[19,75,405699,404350]
[20,172,534948,536257]
[21,67,280811,280086]
[22,19,373336,372396]
[23,20,48031,48405]
[24,190,195445,195645]
[25,206,372963,373018]
[26,261,416122,415544]
[27,269,513845,513569]
[28,153,655204,654916]
[29,91,259584,259389]
[30,244,252651,253373]
[31,167,678444,678208]
[32,51,682210,681023]
[33,253,451796,451081]
[34,22,486986,488209]
[35,9,267531,267123]
[36,198,606002,606250]
[37,157,531592,530400]
[38,126,498875,499380]
[39,192,86135,87523]
[40,91,390892,390459]
[41,233,665539,664301]
[42,82,238918,239758]
[43,184,200580,201255]
[44,121,537506,536026]
[45,68,538383,539862]
[46,81,398317,396856]
[47,226,149085,150542]
[48,62,514184,514898]
[49,65,122441,121666]
[50,35,179087,177722]
[51,223,528064,526580]
[52,101,563810,563737]
[53,26,693490,693909]
[54,155,21853,21186]
[55,165,610452,609361]
[56,246,545059,546443]
[57,100,30069,30145]
[58,170,400119,401068]
[59,167,268324,267889]
[60,266,307566,308912]
[61,47,309308,308146]
[62,72,690605,690694]
[63,46,688127,689049]
[64,167,408103,407784]
[65,208,586093,586282]
[66,17,391461,390293]
[67,161,28051,27691]
[68,160,376403,376568]
[69,221,62500,61099]
[70,8,618836,618941]
[71,133,25133,24061]
[72,198,691230,692458]
[73,242,654158,654698]
[74,20,166493,166863]
[75,127,117758,117679]
[76,122,304369,305729]
[77,239,576630,576115]
[78,268,289704,291180]
[79,33,455800,454850]
[80,15,347415,346075]
[81,221,329434,328483]
[82,212,8814,9995]
[83,277,107905,107689]
[84,93,103908,102499]
[85,7,555611,555305]
[86,18,554549,554874]
[87,239,60937,60834]
[88,185,261488,260982]
[89,50,601220,602432]
[90,100,619325,620700]
[91,6,273791,274005]
[92,36,631412,631623]
[93,24,488938,489179]
[94,224,700656,701177]
[95,117,565308,564824]
[96,149,606265,605438]
[97,222,39385,40514]
[98,24,659229,659604]
[99,94,305091,305583]
[100,180,341564,342020]
[101,149,304222,302756]
[102,72,621644,622849]
[103,254,148851,149888]
[104,241,412083,410752]
[105,264,285243,286631]
[106,75,194133,193233]
[107,141,531722,531389]
[108,195,178031,177576]
[109,123,568917,568007]
[110,113,371039,370784]
[111,135,25201,24460]
[112,2,577152,578275]
[113,209,626015,624695]
[114,56,636490,636905]
[115,30,35555,37010]
[116,88,482798,483036]
[117,258,64338,65721]
[118,62,317400,318159]
[119,255,300160,299728]
[120,167,690047,688899]
[121,41,444149,443967]
[122,151,469373,468126]
[123,208,493392,494701]
[124,17,17176,16299]
[125,95,532596,531942]
[126,161,583476,583018]
[127,203,608377,607685]
[128,258,709126,709683]
[129,261,90311,89786]
[130,273,587772,587043]
[131,55,85960,85848]
[132,107,206158,205555]
[133,279,525460,524964]
[134,81,282173,281745]
[135,147,528635,528446]
[136,207,143426,142315]
[137,224,692835,693569]
[138,11,299395,299089]
[139,114,590430,591508]
[140,123,699497,699379]
[141,8,147582,147853]
[142,55,614234,613118]
[143,67,419829,419498]
[144,216,159486,160242]
[145,219,196360,195317]
[146,152,163885,164425]
[147,124,174686,175317]
[148,34,621321,621723]
[149,168,387239,387761]
[150,162,398855,399242]
[151,110,115470,115503]
[152,13,284473,282984]
[153,194,256941,257603]
[154,127,273708,272261]
[155,172,615110,615972]
[156,199,190680,190288]
[157,254,25419,26184]
[158,37,146956,146034]
[159,212,333445,333623]
[160,63,359768,358880]
[161,226,418174,419090]
[162,272,672275,673464]
[163,278,541792,542889]
[164,120,548614,550006]
[165,215,45863,45511]
[166,135,6714,5971]
[167,81,70642,69613]
[168,114,318594,318684]
[169,160,306455,306556]
[170,79,512057,511179]
[171,105,488068,486849]
[172,107,210938,210323]
[173,154,53928,54862]
[174,188,272524,272922]
[175,243,228668,227572]
[176,92,666957,668331]
[177,231,608130,607539]
[178,57,594973,593801]
[179,125,478159,477994]
[180,268,185735,185992]
[181,227,156325,155920]
[182,46,613029,614393]
[183,91,164241,164051]
[184,261,382669,382427]
[185,226,187365,188316]
[186,97,205855,204808]
[187,137,506065,505700]
[188,240,588426,589762]
[189,213,431995,431684]
[190,268,296557,296733]
[191,187,233130,231971]
[192,98,439519,440544]
[193,33,359724,359297]
[194,249,191038,190651]
[195,113,699797,698832]
[196,36,384741,385824]
[197,88,521003,521480]
[198,113,319434,319124]
[199,100,104164,104448]
[200,44,138142,139574]
[201,117,114025,112889]
[202,98,425460,426189]
[203,275,242973,241942]
[204,137,531685,530436]
[205,56,90386,91404]
[206,248,526871,527290]
[207,250,473155,473868]
[208,8,95124,96174]
[209,205,338098,337433]
[210,51,265186,263902]
[211,79,357489,356711]
[212,149,424719,423944]
[213,46,219269,220063]
[214,63,724292,723868]
[215,219,682429,681407]
[216,133,247542,246367]
[217,27,662902,661889]
[218,110,484099,484988]
[219,217,250614,249329]
[220,22,224014,224125]
[221,199,459195,458443]
[222,77,130040,129925]
[223,220,449748,450242]
[224,128,471584,472139]
[225,164,679055,679664]
[226,17,103827,103199]
[227,207,547270,546849]
[228,85,629517,629071]
[229,71,444236,444179]
[230,269,340329,339375]
[231,199,219482,218747]
[232,238,577196,577395]
[233,268,543004,544052]
[234,81,453222,452108]
[235,23,7585,6519]
[236,23,600174,599527]
[237,161,247525,247387]
[238,197,667682,667043]
[239,13,500164,499691]
[240,25,704652,703301]
[241,100,601483,602435]
[242,21,249948,248855]
[243,29,348944,348211]
[244,72,396005,396175]
[245,236,454469,455924]
[246,228,13238,14185]
[247,34,102570,103362]
[248,199,348578,348511]
[249,271,640822,639494]
[250,204,105326,106276]
[251,213,290259,290143]
[252,268,528612,529969]
[253,235,641240,640305]
[254,125,251468,251194]
[255,32,210167,211429]
[256,7,617105,616936]
[257,194,557236,558459]
[258,213,178265,177419]
[259,70,187230,188190]
[260,152,54317,55172]
[261,17,138384,137941]
[262,217,101824,101243]
[263,32,432400,433035]
[264,192,618610,618895]
[265,155,467053,466276]
[266,31,513259,513011]
[267,135,329645,328645]
[268,34,186130,186433]
[269,44,76634,76777]
[270,185,55322,54523]
[271,98,647279,647456]
[272,161,87457,86439]
[273,92,78363,79016]
[274,110,60619,61666]
[275,168,252224,252660]
[276,259,78746,77456]
[277,50,464297,465535]
[278,49,509852,509277]
[279,147,579453,578049]
[280,65,135922,135503]
[281,34,557491,558099]
[282,194,424337,424700]
[283,117,585376,585247]
[284,58,146633,147475]
[285,95,635629,635422]
[286,157,148098,147620]
[287,253,166010,164663]
[288,232,234482,235486]
[289,270,361975,362655]
[290,249,591429,591123]
[291,61,549077,548403]
[292,95,219704,219202]
[293,246,407708,408740]
[294,154,61412,62855]
[295,56,474317,475252]
[296,33,69797,69067]
[297,238,410425,411875]
[298,224,198065,198568]
[299,180,248129,248272]
[300,34,22977,23613]
[301,230,337940,338833]
[302,221,630966,630753]
[303,65,351358,350712]
[304,105,587772,587397]
[305,5,69019,67721]
[306,50,332372,332458]
[307,136,440510,440739]
[308,192,372454,373388]
[309,206,15306,15816]
[310,224,253399,254439]
[311,73,544053,543692]
[312,103,349964,348935]
[313,186,628922,629527]
[314,190,597288,597745]
[315,259,564193,562940]
[316,136,502328,502592]
[317,115,504611,504061]
[318,255,134525,134407]
[319,109,376768,375715]
[320,236,60155,61165]
[321,52,365384,365593]
[322,61,448703,447767]
[323,30,285127,285550]
[324,120,279085,280476]
[325,252,34574,35219]
[326,58,233583,234930]
[327,223,324372,323709]
[328,170,293076,294210]
[329,77,226016,225811]
[330,195,729822,729148]
[331,39,154887,153767]
[332,174,299094,300245]
[333,107,35418,34328]
[334,269,98563,98206]
[335,98,141840,142760]
[336,14,323819,324565]
[337,57,465480,465057]
[338,178,201535,202623]
[339,115,583256,582409]
[340,60,489895,490643]
[341,94,634740,635909]
[342,182,615595,615628]
[343,230,81777,83153]
[344,50,27664,27834]
[345,40,544337,545663]
[346,261,286131,285717]
[347,11,197534,196081]
[348,39,635900,635425]
[349,100,236131,236915]
[350,113,74341,73707]
[351,82,134752,134925]
[352,186,497130,497330]
[353,7,415114,413988]
[354,134,353211,354521]
[355,70,564701,565680]
[356,191,4383,3817]
[357,4,74205,74554]
[358,176,535314,536012]
[359,134,471084,471135]
[360,138,441685,442699]
[361,208,198496,199938]
[362,35,468730,468450]
[363,170,81379,81547]
[364,45,411291,410088]
[365,66,410189,411225]
[366,119,348804,348245]
[367,243,319302,317831]
[368,33,6120,5830]
[369,89,171925,170928]
[370,171,666211,665123]
[371,175,75072,74602]
[372,144,313486,314981]
[373,152,424330,424717]
[374,152,461515,462849]
[375,210,262035,263357]
[376,120,454957,455695]
[377,240,126750,127146]
[378,54,380424,380500]
[379,236,588314,588500]
[380,172,699062,699504]
[381,203,534245,532779]
[382,30,210905,211282]
[383,116,466454,467375]
[384,53,412285,411549]
[385,138,607769,607802]
[386,186,212036,212850]
[387,15,424182,422907]
[388,223,299474,298921]
[389,191,553611,552821]
[390,137,587586,586427]
[391,203,324525,323247]
[392,135,222072,220889]
[393,164,326095,326578]
[394,166,552717,553005]
[395,7,269701,269126]
[396,24,4845,5507]
[397,175,491938,491517]
[398,91,304516,304470]
[399,59,617156,615754]
[400,116,598599,598915]
[401,165,370332,369162]
[402,134,654684,656013]
[403,255,193719,193210]
[404,108,612804,614174]
[405,87,693556,693187]
[406,120,400648,401360]
[407,140,446981,447539]
[408,91,117222,116670]
[409,261,685889,685545]
[410,263,627826,626690]
[411,129,137591,136762]
[412,186,318364,319099]
[413,47,407172,407052]
[414,115,335822,335399]
[415,16,650407,651532]
[416,9,115377,115332]
[417,193,446592,446012]
[418,58,204933,205990]
[419,104,730575,730909]
[420,173,247331,247018]
[421,151,623246,622623]
[422,68,676024,677011]
[423,125,155131,155074]
[424,35,531353,531306]
[425,162,247309,248120]
[426,172,285433,286148]
[427,185,81135,80473]
[428,174,611028,611855]
[429,124,678158,679495]
[430,167,675687,674609]
[431,12,517250,517876]
[432,149,93940,93361]
[433,184,720951,721949]
[434,189,609047,607987]
[435,108,496685,497398]
[436,134,255958,257404]
[437,88,567471,567788]
[438,38,481491,482726]
[439,52,725362,726287]
[440,99,363565,363024]
[441,77,313882,313427]
[442,239,141449,140134]
[443,32,438914,439484]
[444,263,582658,582244]
[445,273,322729,322244]
[446,15,473816,473372]
[447,183,668225,667487]
[448,50,84182,84800]
[449,59,120659,120158]
[450,167,287982,286942]
[451,251,291481,290393]
[452,61,308986,308950]
[453,234,148989,149165]
[454,169,683549,682677]
[455,272,261366,262813]
[456,101,400886,399890]
[457,148,402161,403625]
[458,189,612517,612342]
[459,155,433364,432342]
[460,227,126558,125637]
[461,205,36592,35395]
[462,106,13042,13375]
[463,238,520873,522029]
[464,166,388957,389126]
[465,177,714155,713801]
[466,90,194291,195342]
[467,45,665309,665036]
[468,233,446756,446440]
[469,256,504745,506149]
[470,93,33439,32746]
[471,67,22821,21907]
[472,232,323936,324553]
[473,216,30144,30231]
[474,116,167278,167609]
[475,124,42466,43150]
[476,15,309929,308878]
[477,252,541549,542754]
[478,149,559616,559004]
[479,34,118898,119592]
[480,236,32717,33053]
[481,229,563277,562963]
[482,157,7188,7005]
[483,272,83275,84463]
[484,47,258825,258518]
[485,214,326066,326613]
[486,7,336066,335497]
[487,191,18151,17386]
[488,13,384105,382939]
[489,2,403512,404975]
[490,137,689966,688783]
[491,231,524407,524025]
[492,107,116302,115193]
[493,53,303641,302931]
[494,31,619030,617765]
[495,178,574333,574827]
[496,35,649609,648796]
[497,236,574701,575870]
[498,193,144143,143628]
[499,126,192035,193124]
[500,34,263093,264135]
[501,110,359965,360707]
[502,36,362249,363748]
[503,269,229670,229078]
[504,161,717403,716750]
[505,239,173294,171862]
[506,262,466617,467502]
[507,147,481363,481282]
[508,73,719809,718591]
[509,87,346990,346743]
[510,82,111622,111789]
[511,20,500127,500893]
[512,189,96547,95972]
[513,66,410282,411745]
[514,6,213273,213730]
[515,276,112264,112966]
[516,147,208432,207040]
[517,254,248534,249953]
[518,36,17676,17734]
[519,38,90460,90827]
[520,110,675236,676441]
[521,20,237715,238435]
[522,144,397858,398270]
[523,164,455378,455655]
[524,242,674747,675560]
[525,64,36998,37578]
[526,33,192205,192000]
[527,147,340273,340018]
[528,45,201127,200827]
[529,32,42498,42653]
[530,5,77131,77016]
[531,129,559873,559354]
[532,73,718218,717394]
[533,212,603635,604337]
[534,54,508777,509517]
[535,150,371241,371485]
[536,91,469490,468338]
[537,84,100947,101431]
[538,263,221150,220564]
[539,268,30161,31434]
[540,27,256013,254561]
[541,157,227205,225802]
[542,26,112466,112744]
[543,253,674738,674487]
[544,266,413990,414829]
[545,15,563717,563024]
[546,210,606603,607296]
[547,223,7098,5664]
[548,119,30337,29461]
[549,131,620565,620098]
[550,67,361288,360398]
[551,111,702223,701745]
[552,131,417699,417406]
[553,67,12518,11256]
[554,66,676786,677375]
[555,40,175515,176506]
[556,246,333284,334608]
[557,167,157101,156283]
[558,91,92683,92436]
[559,52,493489,493555]
[560,153,425576,424408]
[561,85,95289,95252]
[562,42,722494,723178]
[563,265,142961,141697]
[564,30,312511,313567]
[565,264,52186,52863]
[566,233,214561,213256]
[567,200,49012,50410]
[568,130,201158,202039]
[569,173,369399,368055]
[570,111,333410,332944]
[571,189,580736,579236]
[572,203,552878,552689]
[573,213,552003,551142]
[574,89,591734,591530]
[575,211,571153,570929]
[576,109,659509,658950]
[577,258,494834,496119]
[578,64,359178,360366]
[579,274,677180,677502]
[580,84,89809,91034]
[581,28,73868,74370]
[582,229,540225,539616]
[583,105,705533,704859]
[584,75,369437,368391]
[585,78,405966,406162]
[586,61,148126,147481]
[587,173,673999,673098]
[588,149,594509,593431]
[589,199,634461,633826]
[590,150,695562,696770]
[591,224,263358,264385]
[592,134,188638,189981]
[593,170,53972,54424]
[594,132,301859,302642]
[595,274,83998,85209]
[596,106,196038,196550]
[597,67,556411,555835]
[598,102,655350,656077]
[599,274,440253,440865]
[600,243,162498,161379]
[601,252,600338,601387]
[602,57,673570,672641]
[603,141,565885,565024]
[604,141,715989,714952]
[605,211,234650,234212]
[606,59,427689,426301]
[607,78,430583,431168]
[608,273,186333,186298]
[609,174,671487,672829]
[610,169,167947,167224]
[611,211,541737,541403]
[612,94,47589,48830]
[613,39,159756,158535]
[614,25,290642,289817]
[615,162,107097,107966]
[616,235,481802,480898]
[617,110,414454,415739]
[618,220,117579,117647]
[619,77,689933,689684]
[620,195,377641,377122]
[621,139,198927,197731]
[622,84,281993,282388]
[623,271,388383,386906]
[624,111,409336,408725]
[625,254,346183,346266]
[626,248,691019,691641]
[627,223,687382,686338]
[628,208,531058,532499]
[629,106,76052,76850]
[630,257,445816,445143]
[631,176,333553,334337]
[632,255,665894,664552]
[633,63,431985,430594]
[634,240,636414,637058]
[635,63,549381,548916]
[636,196,715877,716008]
[637,227,95422,95096]
[638,212,319267,320153]
[639,34,105585,106660]
[640,235,573184,572057]
[641,73,188403,188313]
[642,48,588701,590078]
[643,165,193993,193114]
[644,239,251860,251762]
[645,223,111159,110455]
[646,51,4027,2674]
[647,193,122842,122406]
[648,98,266448,266814]
[649,131,670365,669914]
[650,219,343395,342675]
[651,218,368506,369448]
[652,144,110047,110444]
[653,1,111951,110833]
[654,193,665937,664574]
[655,251,18594,17305]
[656,145,427754,427403]
[657,6,202134,203256]
[658,92,505389,506412]
[659,217,614315,613896]
[660,59,562383,560920]
[661,167,651778,651447]
[662,197,714337,713782]
[663,105,319065,318217]
[664,7,113210,112727]
[665,269,274589,274420]
[666,196,554211,554995]
[667,200,518216,518777]
[668,179,606113,605415]
[669,276,725752,726450]
[670,160,569727,570273]
[671,9,461124,460713]
[672,270,676109,676957]
[673,2,202221,203032]
[674,260,204943,206275]
[675,103,634483,634242]
[676,92,293132,293980]
[677,229,311931,311595]
[678,121,370562,370474]
[679,11,252616,252407]
[680,113,247943,247551]
[681,23,246051,245974]
[682,74,357037,358074]
[683,114,290089,290471]
[684,71,134702,133968]
[685,78,506957,507610]
[686,8,481134,481350]
[687,139,185018,183691]
[688,222,279286,279709]
[689,213,76229,75863]
[690,104,220670,220911]
[691,143,137899,137033]
[692,257,428207,426760]
[693,278,434022,435340]
[694,118,227771,228842]
[695,115,29436,28873]
[696,153,237343,236703]
[697,135,378536,377092]
[698,95,364041,363336]
[699,248,32884,33438]
[700,88,138845,139249]
[701,127,458957,458335]
[702,145,106732,106155]
[703,12,34580,35246]
[704,135,10195,9588]
[705,133,547539,547408]
[706,113,655586,655194]
[707,181,510831,509914]
[708,6,322308,323763]
[709,77,686896,685566]
[710,193,462404,461794]
[711,215,598197,597134]
[712,33,378176,378021]
[713,113,563346,562629]
[714,64,196945,197086]
[715,67,573693,572796]
[716,65,341312,341114]
[717,208,347069,347921]
[718,154,240757,241009]
[719,218,172126,173210]
[720,36,710808,712022]
[721,197,255111,255012]
[722,238,556523,557094]
[723,116,363749,364784]
[724,243,493680,493008]
[725,13,700885,700746]
[726,201,61514,60671]
[727,126,134569,135610]
[728,31,522865,522121]
[729,187,626449,625054]
[730,134,554378,555727]
[731,36,60985,61134]
[732,150,456226,456370]
[733,209,218585,217822]
[734,100,548948,549127]
[735,96,39781,40753]
[736,93,143686,142595]
[737,248,520460,521928]
[738,179,382203,380959]
[739,260,329244,329374]
[740,178,513731,515078]
[741,263,641500,640845]
[742,51,13617,12932]
[743,220,30794,31613]
[744,123,169342,168504]
[745,164,295882,296064]
[746,217,605362,604043]
[747,217,44839,44610]
[748,232,715199,715965]
[749,220,289166,290621]
[750,179,587116,586962]
[751,254,25203,26274]
[752,219,597576,596732]
[753,128,445741,446658]
[754,196,199570,201010]
[755,50,88062,89515]
[756,83,338313,337241]
[757,130,410915,412114]
[758,5,496735,495279]
[759,151,604768,604183]
[760,198,561062,561606]
[761,186,539177,539229]
[762,203,44703,44659]
[763,225,660807,659706]
[764,172,700994,701286]
[765,115,726988,726627]
[766,167,433626,432734]
[767,137,504782,503598]
[768,278,83965,84004]
[769,239,263567,262516]
[770,13,108167,107950]
[771,155,237361,236598]
[772,271,557758,556671]
[773,159,311053,310872]
[774,60,415147,416122]
[775,226,429724,429918]
[776,176,519352,519731]
[777,269,42488,41473]
[778,106,77271,78344]
[779,269,632731,631711]
[780,58,89294,90466]
[781,120,326388,326442]
[782,181,615199,615049]
[783,179,325890,324745]
[784,132,437928,438060]
[785,242,339159,340269]
[786,246,103938,105262]
[787,226,146128,147551]
[788,137,226955,226405]
[789,33,562847,561593]
[790,10,242622,243748]
[791,243,644747,644634]
[792,156,465879,467136]
[793,144,228527,229198]
[794,274,625001,625586]
[795,54,580949,582241]
[796,54,276543,277160]
[797,204,528530,529040]
[798,96,249111,249354]
[799,225,400095,399035]
[800,159,97930,97392]
[801,113,419388,418006]
[802,117,252236,251566]
[803,248,712901,713043]
[804,52,531887,532543]
[805,263,174221,173213]
[806,74,669376,670532]
[807,191,15703,14824]
[808,205,546910,546217]
[809,240,480468,480851]
[810,190,607274,608258]
[811,209,175036,174542]
[812,187,724313,723796]
[813,122,25640,25694]
[814,93,276721,275382]
[815,163,676251,675817]
[816,130,55471,56205]
[817,177,252662,251611]
[818,123,311884,311748]
[819,13,432025,430927]
[820,97,179756,178755]
[821,153,464852,463977]
[822,63,263086,262177]
[823,21,277199,276702]
[824,261,204708,203472]
[825,29,511579,511151]
[826,139,303552,302948]
[827,58,704778,705500]
[828,253,270132,269553]
[829,16,702633,702908]
[830,108,594599,595261]
[831,186,417757,418750]
[832,104,110783,110842]
[833,92,89862,90826]
[834,162,697751,698923]
[835,12,634775,635830]
[836,89,236685,236336]
[837,232,15048,15815]
[838,201,86935,86136]
[839,236,703051,704511]
[840,159,705005,703696]
[841,273,172496,172193]
[842,182,704515,705472]
[843,167,684067,683645]
[844,61,603763,603263]
[845,194,428195,429626]
[846,118,134757,136061]
[847,49,669884,669459]
[848,132,429946,430361]
[849,170,260268,260380]
[850,8,186210,186547]
[851,133,614088,613361]
[852,219,309630,308220]
[853,176,73174,73223]
[854,54,717481,717607]
[855,173,665784,664516]
[856,84,301406,302525]
[857,7,564808,564550]
[858,195,598104,597448]
[859,130,597065,597211]
[860,65,612753,611626]
[861,187,61772,61565]
[862,231,224286,223828]
[863,69,5124,4899]
[864,247,715352,714970]
[865,104,194455,195582]
[866,156,8764,8798]
[867,55,518098,517671]
[868,5,103331,103194]
[869,264,393519,394259]
[870,222,182193,182493]
[871,118,591268,591808]
[872,190,289515,290998]
[873,151,344208,343514]
[874,229,281750,280391]
[875,137,246928,246716]
[876,246,92071,93373]
[877,213,474529,474066]
[878,2,715851,716710]
[879,102,312438,313100]
[880,124,70445,71132]
[881,249,456359,455916]
[882,194,647535,649000]
[883,247,666697,666305]
[884,70,655026,655784]
[885,102,309859,309966]
[886,198,72315,72856]
[887,23,698167,697572]
[888,255,584595,583986]
[889,180,233812,234975]
[890,43,132855,132002]
[891,29,720796,720293]
[892,39,226310,225916]
[893,239,163026,162521]
[894,262,597204,598551]
[895,175,59406,58993]
[896,164,440988,441843]
[897,72,112612,114021]
[898,110,59488,60230]
[899,205,406383,404896]
[900,209,57646,56958]
[901,184,154879,155080]
[902,6,488023,488141]
[903,195,44118,43044]
[904,212,638166,638527]
[905,53,555535,554148]
[906,191,365737,364323]
[907,278,23641,23859]
[908,131,381438,379950]
[909,19,194712,194579]
[910,32,505390,506851]
[911,115,589763,589378]
[912,87,725962,725494]
[913,188,663298,663490]
[914,269,212541,211556]
[915,143,607113,605761]
[916,136,661107,661641]
[917,19,633518,633249]
[918,22,442663,443475]
[919,137,266525,265872]
[920,54,723661,724917]
[921,258,291195,292631]
[922,3,233938,233018]
[923,45,162534,161864]
[924,194,704203,704893]
[925,238,288190,289534]
[926,81,490098,489144]
[927,168,699454,700742]
[928,187,120196,118759]
[929,141,559505,558307]
[930,46,530593,531412]
[931,269,176131,174862]
[932,229,280550,279062]
[933,277,361609,361389]
[934,219,429351,427932]
[935,145,327820,327681]
[936,30,7017,7472]
[937,135,465756,464577]
[938,53,491510,490552]
[939,166,657846,658631]
[940,158,657126,658255]
[941,146,100670,101045]
[942,39,350185,349047]
[943,187,53818,53483]
[944,254,653413,653956]
[945,63,655971,655278]
[946,130,709672,710943]
[947,249,152244,151480]
[948,180,446838,447964]
[949,218,490091,491216]
[950,121,142959,142006]
[951,117,361737,360494]
[952,247,280497,279718]
[953,126,333532,334485]
[954,22,130725,132057]
[955,122,103855,105106]
[956,68,405983,407244]
[957,138,682834,684111]
[958,239,187575,187048]
[959,193,165016,164286]
[960,117,546787,546533]
[961,114,86484,87862]
[962,151,142282,142166]
[963,134,191404,192589]
[964,20,709141,709671]
[965,11,551326,550838]
[966,235,180608,180282]
[967,139,271433,270983]
[968,172,646093,647437]
[969,229,230122,229806]
[970,222,112010,112922]
[971,83,630678,630260]
[972,47,438349,437337]
[973,254,608460,608802]
[974,66,378814,379948]
[975,114,170802,171419]
[976,215,452269,451726]
[977,50,315206,316390]
[978,159,587802,586319]
[979,95,606769,606282]
[980,194,462648,463789]
[981,82,14065,14822]
[982,3,535389,534032]
[983,3,614219,612903]
[984,50,120278,121056]
[985,132,225057,226095]
[986,254,286158,287080]
[987,219,724060,723431]
[988,194,166921,167346]
[989,22,479541,480847]
[990,237,47417,47236]
[991,205,726755,725627]
[992,230,301477,301697]
[993,191,634303,633812]
[994,118,613195,613857]
[995,31,714233,713532]
[996,277,299513,298766]
[997,182,219945,220670]
[998,159,405048,404644]
[999,272,257389,258745]
[1000,158,403779,404171]
[1001,7,211939,211131]
[1002,88,491198,491406]
[1003,209,622762,621847]
[1004,119,386348,385012]
[1005,124,93358,94021]
[1006,145,383605,383325]
[1007,71,164498,164343]
[1008,132,412691,413650]
[1009,51,561039,559715]
[1010,107,460260,459801]
[1011,112,460636,461916]
[1012,157,556740,556704]
[1013,224,119298,120346]
[1014,220,62068,63385]
[1015,119,211494,210006]
[1016,176,597601,598634]
[1017,11,690460,689757]
[1018,38,404392,404873]
[1019,123,247165,246195]
[1020,23,515101,513732]
[1021,175,9768,9040]
[1022,36,633299,634292]
[1023,271,448367,447833]
[1024,123,695870,694909]
[1025,218,78511,79564]
[1026,214,155724,156860]
[1027,49,174256,172849]
[1028,217,285237,284623]
[1029,178,486271,487539]
[1030,256,636425,637390]
[1031,80,112190,112556]
[1032,161,106091,105013]
[1033,153,710206,709820]
[1034,225,26614,26545]
[1035,26,662744,663935]
[1036,146,567685,568568]
[1037,199,38496,37611]
[1038,74,639422,640887]
[1039,192,162712,164155]
[1040,15,685162,684810]
[1041,97,498865,498615]
[1042,203,12075,10761]
[1043,218,399949,400168]
[1044,98,179038,180436]
[1045,124,421957,423360]
[1046,67,451231,451180]
[1047,130,299796,300788]
[1048,4,672403,672932]
[1049,186,152392,153388]
[1050,13,719197,718452]
[1051,262,306729,307706]
[1052,259,501035,500542]
[1053,267,303276,303221]
[1054,58,452256,453377]
[1055,30,440865,440901]
[1056,163,25494,25284]
[1057,22,189148,190645]
[1058,51,263101,262250]
[1059,80,284373,284976]
[1060,236,66005,66128]
[1061,16,437959,438341]
[1062,250,362986,363264]
[1063,81,537373,536943]
[1064,7,541695,541306]
[1065,174,212828,214003]
[1066,14,190082,190647]
[1067,80,420037,420759]
[1068,260,470607,470832]
[1069,252,547716,548700]
[1070,65,165264,164411]
[1071,109,570071,569142]
[1072,188,333239,334222]
[1073,86,282713,283077]
[1074,155,710729,709315]
[1075,170,529276,530560]
[1076,36,126655,126714]
[1077,113,187350,187099]
[1078,227,506561,505436]
[1079,257,54990,54000]
[1080,246,118274,119656]
[1081,151,360389,359091]
[1082,126,444854,446215]
[1083,188,60100,61327]
[1084,101,222016,221729]
[1085,257,194371,193032]
[1086,7,549399,548590]
[1087,254,142682,143684]
[1088,15,684864,683998]
[1089,145,245950,245706]
[1090,137,625334,624327]
[1091,157,184165,183835]
[1092,133,172912,171598]
[1093,274,387445,388508]
[1094,4,435056,435369]
[1095,19,36350,35145]
[1096,0,114410,115262]
[1097,187,159896,159414]
[1098,260,295183,295261]
[1099,141,377318,377040]
[1100,173,100971,100284]
[1101,59,516558,516161]
[1102,4,96827,98298]
[1103,206,582555,583730]
[1104,242,627857,629267]
[1105,214,554618,555065]
[1106,136,493376,493863]
[1107,42,123665,124010]
[1108,190,711200,711931]
[1109,264,22483,22898]
[1110,250,337336,338106]
[1111,76,173621,174712]
[1112,100,587985,588908]
[1113,214,675325,676270]
[1114,170,493347,494347]
[1115,68,284916,285200]
[1116,124,131782,133022]
[1117,240,109178,110419]
[1118,39,52150,50868]
[1119,157,351561,350898]
[1120,162,419534,420108]
[1121,196,481942,482343]
[1122,191,505239,505006]
[1123,115,8357,7731]
[1124,181,701658,700350]
[1125,112,515961,517158]
[1126,194,677566,677681]
[1127,58,349208,349371]
[1128,75,145515,145412]
[1129,123,388270,387767]
[1130,47,539237,538052]
[1131,122,666688,668094]
[1132,88,709698,710941]
[1133,96,26891,27003]
[1134,259,476835,475689]
[1135,58,209021,210300]
[1136,36,240601,241534]
[1137,52,345436,346258]
[1138,163,145012,144738]
[1139,252,260627,261161]
[1140,1,385914,385000]
[1141,246,715290,715852]
[1142,29,28190,27020]
[1143,135,91564,90643]
[1144,36,612359,612419]
[1145,211,59565,58138]
[1146,45,182576,182012]
[1147,175,114076,113626]
[1148,57,327358,326774]
[1149,59,87415,86025]
[1150,263,91356,90899]
[1151,95,570952,569710]
[1152,6,85299,86453]
[1153,71,119753,118966]
[1154,157,572178,571901]
[1155,250,630781,631208]
[1156,50,635987,637438]
[1157,123,244692,244185]
[1158,107,656105,655721]
[1159,33,222337,221509]
[1160,19,669819,669732]
[1161,95,54271,53243]
[1162,276,194244,194947]
[1163,74,7863,9003]
[1164,69,196228,196144]
[1165,158,197720,198860]
[1166,246,385981,386499]
[1167,25,475102,474556]
[1168,260,80255,81211]
[1169,11,68319,67543]
[1170,79,26176,24789]
[1171,29,655525,654229]
[1172,49,682964,682751]
[1173,44,148372,149023]
[1174,73,310861,310727]
[1175,82,248247,248736]
[1176,30,339668,339869]
[1177,77,197578,196810]
[1178,176,714378,714768]
[1179,206,356758,357549]
[1180,26,237698,238044]
[1181,241,490637,489331]
[1182,50,372149,373151]
[1183,275,501184,500648]
[1184,7,256193,255572]
[1185,187,192694,191982]
[1186,238,47404,48888]
[1187,264,221335,222647]
[1188,24,87852,88089]
[1189,16,292699,293032]
[1190,129,29887,29819]
[1191,254,165917,166080]
[1192,12,46519,47431]
[1193,63,187866,187624]
[1194,157,462894,462195]
[1195,209,216788,216203]
[1196,274,163011,163703]
[1197,131,151202,150158]
[1198,24,45275,46133]
[1199,117,139192,138898]
[1200,169,502188,501695]
[1201,201,387686,386348]
[1202,279,92868,92089]
[1203,103,218413,218371]
[1204,154,328252,328324]
[1205,21,331817,331745]
[1206,202,170918,171626]
[1207,278,84440,85786]
[1208,9,30124,29255]
[1209,76,412380,412607]
[1210,38,72288,72780]
[1211,172,91178,91359]
[1212,16,207731,207826]
[1213,162,1124,1523]
[1214,141,10501,10192]
[1215,67,614643,614306]
[1216,153,197995,196660]
[1217,176,209518,210528]
[1218,36,470020,470277]
[1219,267,78808,77345]
[1220,145,279276,278274]
[1221,187,5673,4863]
[1222,66,334973,336393]
[1223,266,589922,590195]
[1224,193,577228,575919]
[1225,39,37011,35633]
[1226,239,529846,528378]
[1227,236,636500,637001]
[1228,271,181529,180804]
[1229,14,561136,561519]
[1230,192,60551,60914]
[1231,49,597071,595646]
[1232,182,510807,511377]
[1233,27,278682,278389]
[1234,270,22929,23840]
[1235,142,697645,698987]
[1236,190,305530,306438]
[1237,159,214704,213568]
[1238,260,375875,376928]
[1239,262,17283,17976]
[1240,134,665812,666308]
[1241,260,502163,503374]
[1242,61,522457,521975]
[1243,30,201900,202415]
[1244,29,218121,216869]
[1245,269,244066,242854]
[1246,149,229471,228286]
[1247,43,343989,343588]
[1248,154,498697,499561]
[1249,108,159683,160057]
[1250,132,691169,692535]
[1251,49,68685,68498]
[1252,32,644715,645830]
[1253,273,109932,108608]
[1254,12,141968,142503]
[1255,65,370758,370553]
[1256,68,125546,127029]
[1257,234,59595,60101]
[1258,47,451874,451275]
[1259,203,542589,541598]
[1260,174,706130,707191]
[1261,150,52233,52851]
[1262,154,635612,637009]
[1263,206,245818,246078]
[1264,245,703840,702618]
[1265,5,690428,688987]
[1266,235,528316,527968]
[1267,38,400644,401007]
[1268,91,230196,229978]
[1269,71,504358,502948]
[1270,239,596318,595013]
[1271,12,182857,183808]
[1272,137,531428,530032]
[1273,170,540546,541236]
[1274,136,502324,503159]
[1275,125,428453,427257]
[1276,72,59186,60108]
[1277,28,319691,321103]
[1278,20,241132,242457]
[1279,121,332463,332367]
[1280,41,458020,457765]
[1281,39,435250,434165]
[1282,33,430424,429468]
[1283,134,61996,62112]
[1284,88,663674,663894]
[1285,122,294037,294258]
[1286,211,549260,548044]
[1287,43,648799,647529]
[1288,246,238169,238840]
[1289,166,715289,715892]
[1290,38,585825,586373]
[1291,171,305665,305037]
[1292,13,65688,64897]
[1293,149,708580,707452]
[1294,161,376462,375545]
[1295,0,653001,654341]
[1296,5,2385,1609]
[1297,90,540310,540910]
[1298,57,582785,581937]
[1299,266,299371,299589]
[1300,216,613398,613723]
[1301,125,730227,728747]
[1302,272,120416,120953]
[1303,74,367065,368468]
[1304,53,588070,587714]
[1305,36,658922,659023]
[1306,80,269986,270189]
[1307,9,597924,596867]
[1308,18,527137,527682]
[1309,48,314157,315473]
[1310,235,308383,308221]
[1311,66,536623,537669]
[1312,63,126410,124969]
[1313,138,94416,95847]
[1314,131,418962,418456]
[1315,135,237660,236188]
[1316,96,227421,228156]
[1317,241,426148,425232]
[1318,152,410829,410936]
[1319,219,112185,111886]
[1320,105,530450,529573]
[1321,120,556754,558008]
[1322,14,96894,97735]
[1323,173,338392,337184]
[1324,222,329824,331046]
[1325,253,310916,310738]
[1326,82,346016,346304]
[1327,64,431438,432041]
[1328,101,698116,697316]
[1329,263,142905,142548]
[1330,261,373439,372912]
[1331,227,371742,371347]
[1332,159,463342,462732]
[1333,147,397852,396716]
[1334,55,128137,127958]
[1335,93,148801,148108]
[1336,148,317520,317879]
[1337,69,349872,348728]
[1338,226,620944,621266]
[1339,129,558484,557528]
[1340,108,153291,153653]
[1341,14,525343,526718]
[1342,73,574017,572979]
[1343,72,201497,202503]
[1344,41,571040,570157]
[1345,217,38436,37813]
[1346,42,545532,545915]
[1347,91,437244,436065]
[1348,72,313873,314335]
[1349,88,144082,144436]
[1350,148,719833,720253]
[1351,64,107267,108228]
[1352,54,138136,138613]
[1353,1,293978,292827]
[1354,272,339103,340361]
[1355,269,489791,489209]
[1356,15,39009,38569]
[1357,270,542728,543050]
[1358,189,617263,616752]
[1359,250,304872,306021]
[1360,124,354393,355048]
[1361,69,415242,414494]
[1362,220,276952,278161]
[1363,24,88261,89498]
[1364,126,136495,137590]
[1365,112,505636,505798]
[1366,221,443774,442688]
[1367,99,115792,115679]
[1368,123,700894,700494]
[1369,266,628831,629453]
[1370,70,57039,58171]
[1371,163,616298,614942]
[1372,189,198019,197255]
[1373,173,248452,247113]
[1374,134,326124,326177]
[1375,30,311692,312197]
[1376,81,314128,313067]
[1377,35,502076,500945]
[1378,85,502970,501802]
[1379,33,357955,357663]
[1380,0,15038,15669]
[1381,209,380361,379339]
[1382,196,128012,129326]
[1383,234,281544,282511]
[1384,136,560204,561381]
[1385,256,600036,601241]
[1386,181,61332,60924]
[1387,214,581056,581519]
[1388,5,477254,476508]
[1389,97,57139,56195]
[1390,10,386256,386504]
[1391,125,625025,624454]
[1392,15,711340,710710]
[1393,27,425383,424263]
[1394,62,606421,606954]
[1395,132,447108,447405]
[1396,161,611535,610601]
[1397,0,240876,241904]
[1398,65,640661,639488]
[1399,132,431855,432527]
[1400,198,525094,526288]
