["head":"wrap","lpos","status"]
[274,710840,0]
["io count"]
[145]
["io":"id","wrap","startLpos","endLpos"]
[1,105,633874,632624]
[2,238,584909,585471]
[3,206,72112,73574]
[4,8,3786,4490]
[5,69,196421,195290]
[6,144,153669,154274]
[7,164,581165,582257]
[8,210,27341,27474]
[9,178,90796,92054]
[10,172,676382,676723]
[11,43,231321,231291]
[12,278,235686,236619]
[13,92,599936,600056]
[14,108,271060,272221]
[15,132,484487,485743]
[16,223,695985,694946]
[17,171,583466,583113]
[18,218,43348,43550]
[19,273,586151,585032]
[20,83,196909,196670]
[21,67,71543,71087]
[22,28,705502,706860]
[23,274,289794,290202]
[24,65,174893,173935]
[25,178,294807,296158]
[26,176,393809,394385]
[27,140,207950,208557]
[28,222,425542,426340]
[29,277,540348,540081]
[30,135,712389,712071]
[31,225,543463,543070]
[32,4,708143,709320]
[33,248,174168,175240]
[34,210,288976,290307]
[35,232,675721,676092]
[36,106,488205,488465]
[37,47,20711,20663]
[38,5,338243,337195]
[39,93,482271,482199]
[40,57,523683,522963]
[41,188,631373,631906]
[42,185,649756,648565]
[43,244,514503,515199]
[44,60,58437,59293]
[45,228,680193,680236]
[46,100,235467,235571]
[47,245,541599,541511]
[48,35,508014,507834]
[49,140,227304,227475]
[50,95,325954,325101]
[51,131,422911,422282]
[52,216,229925,231036]
[53,65,441214,439837]
[54,110,660938,662150]
[55,191,550029,549271]
[56,236,553409,554443]
[57,165,684778,684264]
[58,46,252129,252569]
[59,54,238302,239004]
[60,72,531688,532502]
[61,140,693300,693700]
[62,86,616712,617828]
[63,90,17465,18641]
[64,134,669893,670281]
[65,48,238282,238601]
[66,39,291167,290363]
[67,194,441427,441471]
[68,132,463255,463931]
[69,188,221829,222050]
[70,35,232437,232175]
[71,268,73222,73809]
[72,114,563280,564401]
[73,206,240665,242005]
[74,17,208636,207379]
[75,132,650061,651054]
[76,154,259025,260213]
[77,267,126789,126257]
[78,256,288944,289270]
[79,146,24830,25476]
[80,123,160102,159597]
[81,13,409905,409017]
[82,135,323138,322513]
[83,75,601112,599883]
[84,113,646214,645605]
[85,199,170126,169444]
[86,75,209243,208378]
[87,132,161115,161999]
[88,147,228069,227158]
[89,52,149819,151151]
[90,32,60630,61141]
[91,55,672720,671652]
[92,112,302208,302575]
[93,134,545486,545726]
[94,39,583650,583249]
[95,115,189050,187596]
[96,99,322511,322471]
[97,170,273407,274460]
[98,52,253005,254493]
[99,59,257513,256780]
[100,114,686373,687711]
[101,10,248380,249323]
[102,80,709802,710354]
[103,196,313610,314656]
[104,129,497592,496767]
[105,17,481181,479683]
[106,183,34936,34399]
[107,21,204076,203188]
[108,145,263564,263424]
[109,223,305092,304731]
[110,208,520341,521302]
[111,250,41242,41682]
[112,22,685061,685183]
[113,118,29986,30283]
[114,109,323245,322235]
[115,11,635757,634675]
[116,204,79817,79976]
[117,170,308772,310086]
[118,56,91501,92518]
[119,118,29611,30864]
[120,279,22916,22169]
[121,5,37433,36444]
[122,125,107160,106470]
[123,194,322698,322946]
[124,169,448456,447819]
[125,128,528789,529355]
[126,10,374270,375182]
[127,50,308065,309351]
[128,28,489031,490138]
[129,31,646269,645030]
[130,275,401720,401303]
[131,165,244679,243875]
[132,22,620522,621703]
[133,45,271654,271020]
[134,211,348919,348295]
[135,231,173241,173032]
[136,92,670447,671071]
[137,224,308684,309354]
[138,74,204540,204607]
[139,6,360659,361770]
[140,37,370818,370276]
[141,19,123916,123740]
[142,167,622636,621290]
[143,202,55554,55692]
[144,18,529878,530320]
[145,85,338422,338232]
