["head":"wrap","lpos","status"]
[197,614592,1]
["io count"]
[1450]
["io":"id","wrap","startLpos","endLpos"]
[1,195,447715,447664]
[2,160,471267,472175]
[3,224,517563,518880]
[4,172,131981,133479]
[5,218,545403,546300]
[6,204,300727,302088]
[7,207,170910,170450]
[8,12,348569,349035]
[9,275,395520,394540]
[10,186,423888,424860]
[11,179,503596,502908]
[12,212,650790,651838]
[13,29,211711,210387]
[14,129,409513,409225]
[15,28,717272,718325]
[16,131,706646,705897]
[17,126,41313,42057]
[18,1,283445,282406]
[19,39,33054,32100]
[20,196,350321,350900]
[21,72,83060,83915]
[22,118,104612,104801]
[23,36,400160,400689]
[24,244,179763,179878]
[25,70,598813,599867]
[26,194,490951,491342]
[27,125,51372,51268]
[28,173,331333,331298]
[29,128,604770,604943]
[30,220,344139,344592]
[31,90,390139,390774]
[32,121,477738,476686]
[33,114,439180,439718]
[34,106,678589,679830]
[35,240,425345,426739]
[36,16,353020,353885]
[37,153,50002,49197]
[38,32,555069,556396]
[39,249,680191,679114]
[40,121,537207,536854]
[41,118,520680,521277]
[42,98,216407,217181]
[43,182,453407,454007]
[44,149,190123,188722]
[45,96,146301,147364]
[46,183,5837,4704]
[47,190,4765,4921]
[48,38,574059,575268]
[49,144,25601,26181]
[50,132,323853,324739]
[51,178,604128,605204]
[52,182,529201,530668]
[53,175,163190,162609]
[54,62,73439,73678]
[55,174,496954,498335]
[56,47,15195,14387]
[57,79,29913,28731]
[58,167,141881,141779]
[59,76,542217,542456]
[60,128,172983,174353]
[61,113,467075,466791]
[62,209,53253,52068]
[63,179,74012,73290]
[64,135,108064,107096]
[65,86,208650,209680]
[66,55,109544,109455]
[67,150,409497,410171]
[68,145,146168,146093]
[69,56,362577,363065]
[70,187,543167,542114]
[71,98,134722,135728]
[72,149,150318,149551]
[73,183,508460,508184]
[74,265,282998,282519]
[75,18,725963,726308]
[76,235,544508,543684]
[77,94,523076,524253]
[78,107,434858,434291]
[79,61,391637,391309]
[80,106,497797,497983]
[81,100,179926,180963]
[82,93,642957,642759]
[83,24,292865,293868]
[84,235,184994,183991]
[85,178,347950,348087]
[86,50,500842,501704]
[87,275,9527,8548]
[88,255,477233,476420]
[89,45,198719,198263]
[90,259,349229,347972]
[91,247,64000,62536]
[92,180,570275,570452]
[93,186,217023,217811]
[94,249,716701,716118]
[95,108,254313,254389]
[96,104,590064,591491]
[97,199,405365,404744]
[98,177,117308,116134]
[99,186,371689,372605]
[100,216,380534,381879]
[101,223,73859,72933]
[102,39,725992,725553]
[103,77,418996,417987]
[104,143,426996,425778]
[105,26,94603,94804]
[106,215,493582,492273]
[107,90,456975,458316]
[108,70,371395,372880]
[109,189,7270,6637]
[110,21,447246,446204]
[111,272,173574,174081]
[112,170,268434,268901]
[113,167,404522,403317]
[114,89,470023,468707]
[115,267,352514,351224]
[116,248,95652,96837]
[117,141,36453,35339]
[118,189,511272,510707]
[119,95,412216,410870]
[120,214,513086,514416]
[121,22,58979,60013]
[122,115,308263,307318]
[123,202,468670,470126]
[124,84,130771,132017]
[125,271,137520,137252]
[126,123,264317,263665]
[127,101,136857,135748]
[128,68,278357,278692]
[129,161,390066,389264]
[130,135,13282,12626]
[131,199,282445,282396]
[132,211,388025,386646]
[133,268,420523,420603]
[134,190,464777,466200]
[135,132,193347,193600]
[136,163,675996,675560]
[137,168,717709,718000]
[138,176,33821,35151]
[139,124,129522,130049]
[140,102,724561,725521]
[141,48,175776,175814]
[142,225,406843,405913]
[143,39,656611,655231]
[144,255,19320,19005]
[145,19,113973,113568]
[146,35,103757,103615]
[147,197,45881,44591]
[148,209,125489,125150]
[149,194,94740,95485]
[150,15,331120,330541]
[151,69,537559,536836]
[152,175,304886,304052]
[153,258,89536,90712]
[154,135,656,486]
[155,205,720086,718946]
[156,189,501762,501124]
[157,238,628351,629617]
[158,23,531090,530778]
[159,164,339148,339819]
[160,67,38010,36585]
[161,95,405787,405385]
[162,20,470755,471034]
[163,217,159155,159111]
[164,55,451383,450370]
[165,7,462455,461870]
[166,162,373561,374161]
[167,171,262952,262211]
[168,118,91865,92684]
[169,79,540098,539529]
[170,52,273147,274379]
[171,126,691848,692941]
[172,160,71284,72180]
[173,247,646761,646327]
[174,227,516039,514570]
[175,157,666681,666000]
[176,41,677793,676607]
[177,156,602058,603221]
[178,41,625096,624140]
[179,161,640038,638933]
[180,182,614182,614879]
[181,200,715395,715875]
[182,212,389988,390387]
[183,220,250307,251349]
[184,1,605323,605185]
[185,4,321675,321750]
[186,117,655230,654111]
[187,182,127236,127510]
[188,27,602185,602153]
[189,40,213452,213694]
[190,199,261499,260631]
[191,58,480146,480776]
[192,92,228031,228532]
[193,177,719249,718200]
[194,118,277619,278558]
[195,154,600489,600648]
[196,77,53274,53142]
[197,237,314825,313955]
[198,81,394879,394210]
[199,237,132069,130784]
[200,2,320351,320400]
[201,120,263071,263698]
[202,90,393288,393548]
[203,89,341640,341504]
[204,83,207322,206430]
[205,204,673098,674578]
[206,42,523743,524764]
[207,26,356826,357253]
[208,143,531842,530819]
[209,167,109404,109338]
[210,251,341611,341427]
[211,184,596028,597206]
[212,11,456109,455704]
[213,176,451679,452659]
[214,105,470245,469788]
[215,61,476096,475189]
[216,5,411657,410646]
[217,242,27659,27861]
[218,143,258393,257509]
[219,16,150185,150586]
[220,83,644883,644331]
[221,95,394878,394509]
[222,113,625671,625552]
[223,34,329470,330043]
[224,57,99137,97968]
[225,127,356490,356214]
[226,270,171695,172316]
[227,53,54001,53651]
[228,267,676219,675521]
[229,236,516155,517032]
[230,134,172516,173074]
[231,199,373447,371982]
[232,261,543897,542468]
[233,205,582892,582546]
[234,24,57575,57812]
[235,266,518574,518729]
[236,168,630821,630983]
[237,232,243512,243595]
[238,260,564133,565630]
[239,33,400001,399232]
[240,149,103830,102795]
[241,22,41476,42000]
[242,58,694350,694829]
[243,83,307475,307151]
[244,25,478843,478633]
[245,247,371527,371433]
[246,48,538485,538771]
[247,36,567988,568341]
[248,267,449543,448305]
[249,61,725347,723876]
[250,44,45786,47119]
[251,149,506042,505496]
[252,52,116317,117299]
[253,68,340453,341085]
[254,185,519562,518771]
[255,159,111445,110780]
[256,185,598261,597286]
[257,161,674444,673373]
[258,94,572993,574138]
[259,44,19246,19376]
[260,249,467253,467176]
[261,62,217886,218149]
[262,13,426071,425746]
[263,189,506345,505558]
[264,29,434497,433365]
[265,152,590378,591447]
[266,102,604363,605625]
[267,233,678467,678123]
[268,195,452413,451133]
[269,46,208325,208704]
[270,61,456038,454737]
[271,127,269830,268357]
[272,203,183534,182779]
[273,43,18098,17639]
[274,109,692865,691979]
[275,185,47620,47406]
[276,150,698929,699981]
[277,248,208618,209491]
[278,132,525924,525980]
[279,43,691764,690424]
[280,3,670271,669859]
[281,276,321062,321899]
[282,55,100158,99580]
[283,241,695790,695261]
[284,241,204444,203438]
[285,84,142551,142792]
[286,58,390196,391069]
[287,278,415924,416239]
[288,200,19795,19930]
[289,124,576520,577558]
[290,44,135482,136765]
[291,253,358829,358116]
[292,156,483813,483977]
[293,193,685102,684086]
[294,273,430888,429512]
[295,172,624144,624993]
[296,76,391950,392595]
[297,15,619957,619339]
[298,9,728768,728048]
[299,81,330652,329428]
[300,73,174706,173865]
[301,55,114067,112976]
[302,190,264795,266143]
[303,18,128652,128875]
[304,215,370492,369727]
[305,86,356394,357392]
[306,19,398004,396909]
[307,28,409628,410956]
[308,203,470264,469782]
[309,52,113963,115145]
[310,65,98635,98347]
[311,98,606180,606397]
[312,28,111615,111811]
[313,278,477627,478232]
[314,113,613653,613029]
[315,72,286368,287393]
[316,232,261566,262893]
[317,248,291117,291371]
[318,72,509694,510043]
[319,158,536830,538189]
[320,205,593786,592302]
[321,42,434286,434663]
[322,258,49509,49588]
[323,201,556196,555672]
[324,104,60527,61407]
[325,10,630261,631324]
[326,18,84458,84765]
[327,20,636234,636400]
[328,264,639298,640783]
[329,22,341793,342057]
[330,201,274743,274614]
[331,113,206090,205231]
[332,58,687383,688798]
[333,218,463385,464825]
[334,82,197581,198237]
[335,36,165577,166766]
[336,54,371645,371837]
[337,208,408104,408899]
[338,134,173289,174673]
[339,45,394612,394489]
[340,105,501673,500781]
[341,57,681220,680453]
[342,34,349248,350294]
[343,244,343369,344676]
[344,265,464566,463097]
[345,30,607670,607992]
[346,278,403456,404910]
[347,62,144992,145036]
[348,36,646400,647440]
[349,167,128092,128037]
[350,65,107165,105996]
[351,52,676456,677118]
[352,84,605236,605452]
[353,153,378393,376925]
[354,31,370720,369661]
[355,73,190012,188592]
[356,42,253767,254208]
[357,83,182100,181676]
[358,211,394654,393643]
[359,200,41088,41232]
[360,28,542889,542941]
[361,174,328863,329298]
[362,62,539170,540428]
[363,229,326386,325526]
[364,19,72992,72081]
[365,270,607467,608600]
[366,41,161306,160273]
[367,17,5034,4222]
[368,150,368312,368961]
[369,269,10585,10320]
[370,240,685142,685908]
[371,86,672114,673556]
[372,16,206900,208066]
[373,261,155739,155063]
[374,110,569198,569758]
[375,32,181830,182240]
[376,89,329716,328973]
[377,4,683392,683767]
[378,152,102329,103626]
[379,177,148799,147793]
[380,144,166206,167170]
[381,117,183192,183069]
[382,104,188454,188625]
[383,5,184666,183712]
[384,241,372602,371809]
[385,207,358622,358312]
[386,203,432176,432137]
[387,274,580886,581822]
[388,71,399724,398924]
[389,66,183238,183359]
[390,241,689047,688829]
[391,249,473845,473805]
[392,32,456915,457301]
[393,218,247709,248938]
[394,47,502985,502356]
[395,102,154238,155406]
[396,121,26217,24865]
[397,242,534562,535399]
[398,137,422083,421080]
[399,113,295455,294567]
[400,4,627154,627423]
[401,11,367336,366765]
[402,244,252127,252922]
[403,100,346859,347591]
[404,263,668066,667562]
[405,186,371982,373044]
[406,18,696258,697251]
[407,222,693475,694087]
[408,102,340952,341407]
[409,14,387907,388844]
[410,227,667703,666285]
[411,111,587362,586435]
[412,274,697543,698677]
[413,97,262099,261716]
[414,185,313085,313050]
[415,10,494424,495670]
[416,57,73257,72478]
[417,101,566642,565923]
[418,32,189248,189870]
[419,101,326522,325372]
[420,246,309202,310435]
[421,76,237914,238964]
[422,192,427033,427409]
[423,228,52763,53123]
[424,178,97802,98905]
[425,135,243517,242859]
[426,265,478401,478229]
[427,118,75611,75794]
[428,103,622410,622149]
[429,253,313255,312424]
[430,123,121605,120921]
[431,259,124628,123494]
[432,48,106763,106935]
[433,137,518627,518175]
[434,58,480655,481267]
[435,129,248178,246849]
[436,139,622514,622000]
[437,41,539671,538820]
[438,132,206338,207705]
[439,206,105896,106917]
[440,105,305303,304137]
[441,11,88896,88839]
[442,180,163822,165061]
[443,188,123188,123311]
[444,216,123963,125154]
[445,214,505737,506409]
[446,192,555872,555936]
[447,272,645970,647418]
[448,106,179010,179576]
[449,93,437061,436804]
[450,140,571024,571451]
[451,61,209507,209026]
[452,66,130805,132056]
[453,241,407782,407624]
[454,24,301701,301799]
[455,55,679556,678656]
[456,174,133622,134985]
[457,40,134126,134401]
[458,138,508162,508219]
[459,168,250775,250990]
[460,229,302268,301921]
[461,125,30160,29035]
[462,222,722949,723194]
[463,11,296975,296650]
[464,95,441610,441053]
[465,132,585980,586350]
[466,259,718572,718461]
[467,228,174744,174846]
[468,71,47687,47486]
[469,143,172084,171321]
[470,260,727476,728353]
[471,189,681091,680670]
[472,144,54946,55113]
[473,103,144315,143259]
[474,152,522844,524204]
[475,215,611018,610794]
[476,130,656163,656500]
[477,185,377407,375984]
[478,145,605204,604664]
[479,71,63255,62755]
[480,255,187255,187089]
[481,137,520352,519230]
[482,161,300371,299503]
[483,275,343137,342457]
[484,169,456824,456621]
[485,156,349508,350520]
[486,163,290198,289553]
[487,157,478502,477331]
[488,0,304700,306064]
[489,224,469500,470928]
[490,113,470122,469903]
[491,183,414342,412915]
[492,21,411726,411195]
[493,82,201840,202640]
[494,178,582255,583115]
[495,242,555869,557210]
[496,35,194068,193878]
[497,42,274619,275349]
[498,15,294917,294049]
[499,255,542962,542903]
[500,54,447409,447735]
[501,206,354538,355155]
[502,252,214744,215883]
[503,107,507133,505777]
[504,176,74662,75712]
[505,268,321046,321510]
[506,42,16360,17813]
[507,91,36557,35836]
[508,172,204378,205049]
[509,2,248985,250293]
[510,138,565019,565212]
[511,82,344928,345442]
[512,186,397595,399075]
[513,34,267005,268328]
[514,128,715486,716791]
[515,209,101188,100610]
[516,110,689859,690999]
[517,185,247951,247485]
[518,78,234846,235433]
[519,128,533601,535025]
[520,124,693213,693921]
[521,134,270556,271233]
[522,15,262152,262116]
[523,61,663936,663472]
[524,163,532859,532709]
[525,50,88379,88416]
[526,2,722604,722952]
[527,72,171295,171760]
[528,35,16415,15269]
[529,274,486826,487481]
[530,23,173863,173182]
[531,197,63204,62096]
[532,153,708398,707825]
[533,275,629688,629039]
[534,61,571545,571210]
[535,203,190847,190162]
[536,23,181529,180621]
[537,215,319911,319218]
[538,197,408489,407226]
[539,7,470105,469529]
[540,109,274145,274041]
[541,109,210705,210437]
[542,100,188775,190139]
[543,268,222668,222885]
[544,275,345403,344127]
[545,19,267717,267618]
[546,62,287138,287725]
[547,264,576561,577650]
[548,114,223428,224318]
[549,11,459674,459009]
[550,91,158703,158399]
[551,12,578908,579780]
[552,142,428418,428488]
[553,132,72468,72972]
[554,187,144786,144401]
[555,227,511893,511543]
[556,31,606338,605479]
[557,67,291449,290289]
[558,125,84353,82956]
[559,177,269906,269701]
[560,45,537822,536892]
[561,160,441910,441940]
[562,203,431229,430016]
[563,261,607892,606469]
[564,87,154351,153352]
[565,235,330019,329236]
[566,56,255136,255609]
[567,140,638578,639957]
[568,64,104394,105539]
[569,164,458813,459994]
[570,129,143987,143783]
[571,244,430077,431540]
[572,81,18651,18260]
[573,56,457963,458443]
[574,73,690575,690078]
[575,78,370071,370880]
[576,131,418512,417581]
[577,238,593979,594325]
[578,130,714660,715218]
[579,182,631864,632122]
[580,39,344415,343974]
[581,130,65825,67078]
[582,162,13384,13894]
[583,107,426179,424725]
[584,38,651567,652944]
[585,172,155615,155803]
[586,148,346459,347618]
[587,18,266049,266550]
[588,82,687048,687866]
[589,97,423052,421735]
[590,247,500007,499430]
[591,96,223537,224082]
[592,153,333528,332310]
[593,163,685008,683777]
[594,7,378247,376765]
[595,140,656776,657090]
[596,90,116414,117905]
[597,180,413426,414497]
[598,128,705419,706110]
[599,275,188729,188137]
[600,271,196464,195317]
[601,121,548883,548098]
[602,123,536297,535821]
[603,184,401281,402166]
[604,6,153780,154690]
[605,21,619161,618108]
[606,36,530794,531211]
[607,197,112111,110886]
[608,223,308573,307150]
[609,119,328386,327634]
[610,215,378197,377954]
[611,20,41602,42976]
[612,112,675186,676180]
[613,125,461260,459981]
[614,79,612980,612204]
[615,150,155238,156389]
[616,11,49349,48714]
[617,168,31251,32531]
[618,27,364300,362891]
[619,35,637276,635876]
[620,30,22078,23467]
[621,222,289945,290051]
[622,199,175269,175181]
[623,95,254930,253862]
[624,125,207674,207024]
[625,177,96901,95856]
[626,279,442018,440713]
[627,48,116885,117466]
[628,263,689395,688587]
[629,127,617962,616463]
[630,270,697714,698581]
[631,232,590374,590721]
[632,35,570552,569761]
[633,256,536474,537168]
[634,70,51913,52257]
[635,201,465226,464943]
[636,57,152636,152154]
[637,241,180360,179976]
[638,93,269281,268377]
[639,72,590676,590916]
[640,235,261304,260805]
[641,112,663180,663504]
[642,52,343307,343448]
[643,58,674173,674608]
[644,131,217770,216848]
[645,99,298067,296759]
[646,278,6702,6754]
[647,173,411306,411163]
[648,2,604783,605136]
[649,144,617621,618246]
[650,119,313283,311926]
[651,43,653284,652987]
[652,196,249563,250222]
[653,25,167881,167002]
[654,227,265017,263598]
[655,46,293345,294182]
[656,146,21288,21911]
[657,57,685129,683771]
[658,62,632707,633252]
[659,152,376492,376774]
[660,269,541928,541046]
[661,70,681247,682607]
[662,5,644239,643133]
[663,210,583937,584398]
[664,157,296088,295000]
[665,48,600737,601407]
[666,88,329974,331278]
[667,258,321791,323026]
[668,43,667057,667027]
[669,2,311143,312017]
[670,175,663868,663632]
[671,130,635391,636434]
[672,167,718362,717999]
[673,260,74243,75359]
[674,253,557010,556500]
[675,229,514147,514100]
[676,231,236765,236276]
[677,82,649384,649839]
[678,199,335005,334940]
[679,127,114680,114415]
[680,153,599164,598174]
[681,143,542566,542338]
[682,124,166502,167145]
[683,69,698116,697228]
[684,267,191095,189990]
[685,201,593771,592448]
[686,43,154229,153816]
[687,189,152576,152021]
[688,93,119560,118730]
[689,259,712531,711498]
[690,128,280531,281215]
[691,19,633427,632029]
[692,114,685997,686344]
[693,38,101296,101460]
[694,259,76622,75135]
[695,51,296553,296240]
[696,164,553680,554715]
[697,71,10767,10550]
[698,146,422713,423125]
[699,143,601729,600754]
[700,52,519568,520125]
[701,140,114153,114735]
[702,120,73160,73852]
[703,207,370669,370614]
[704,56,266162,266961]
[705,262,634262,634765]
[706,162,289173,290521]
[707,215,502015,501126]
[708,151,478985,478842]
[709,91,668307,667252]
[710,62,243448,244650]
[711,64,598239,599518]
[712,241,91584,90844]
[713,246,77991,78325]
[714,63,271251,270519]
[715,264,704412,705130]
[716,203,255118,254200]
[717,153,353250,352081]
[718,66,153244,154209]
[719,97,179751,178323]
[720,55,728167,728018]
[721,197,677884,677534]
[722,102,585574,586579]
[723,213,83329,83095]
[724,114,157414,157546]
[725,59,18030,16838]
[726,151,180396,179550]
[727,44,57454,58346]
[728,85,66542,65683]
[729,37,121261,120563]
[730,264,446470,447245]
[731,16,202866,204036]
[732,185,443696,443643]
[733,56,555677,556350]
[734,276,644062,644734]
[735,239,673953,673210]
[736,149,575412,574181]
[737,237,512742,511612]
[738,112,683878,685375]
[739,279,230536,229878]
[740,72,546275,546817]
[741,65,566322,564832]
[742,151,230462,229850]
[743,266,552479,552549]
[744,255,614483,614266]
[745,38,506770,507705]
[746,272,68939,69269]
[747,77,279676,279488]
[748,168,117819,118146]
[749,124,395681,396415]
[750,175,429452,428610]
[751,165,606321,605316]
[752,176,374245,375362]
[753,14,719116,720091]
[754,241,660368,660070]
[755,52,167939,169047]
[756,115,193383,192267]
[757,259,29639,29608]
[758,222,303748,304226]
[759,170,388798,389977]
[760,178,317948,318583]
[761,201,628706,627432]
[762,226,656989,657949]
[763,45,352758,351437]
[764,46,258234,258998]
[765,164,327455,328026]
[766,120,713580,714383]
[767,125,618644,617381]
[768,7,346844,346316]
[769,243,82778,81975]
[770,89,249439,248181]
[771,237,267128,265895]
[772,100,433488,434972]
[773,6,599168,600562]
[774,146,322452,322982]
[775,55,544847,544530]
[776,258,478538,479911]
[777,108,195790,196375]
[778,171,130472,129360]
[779,9,489980,489786]
[780,50,420430,421749]
[781,97,502494,501050]
[782,166,387857,389090]
[783,124,89451,89677]
[784,279,565862,564620]
[785,220,424370,425472]
[786,32,387195,388021]
[787,79,471589,471235]
[788,151,334552,333845]
[789,50,91664,92839]
[790,25,714376,713471]
[791,224,172020,172528]
[792,241,73168,72073]
[793,268,624632,625924]
[794,14,272547,273535]
[795,91,124785,124392]
[796,89,404727,403527]
[797,64,622467,622665]
[798,278,450081,451505]
[799,34,451421,451942]
[800,52,74228,75400]
[801,87,660399,660015]
[802,93,334214,333186]
[803,15,697277,697197]
[804,94,485710,487111]
[805,41,515653,514715]
[806,96,24214,25077]
[807,277,206177,205243]
[808,131,83978,83098]
[809,254,83868,84034]
[810,130,671399,671944]
[811,143,92140,91029]
[812,176,395089,395180]
[813,107,662627,661379]
[814,27,659337,658802]
[815,273,643977,643623]
[816,155,261456,260176]
[817,250,718726,719483]
[818,59,244429,244140]
[819,213,588656,588010]
[820,103,53126,52911]
[821,69,449669,449315]
[822,203,27837,26381]
[823,268,645609,645959]
[824,124,511114,512504]
[825,232,152076,152392]
[826,9,265354,263890]
[827,147,465825,465077]
[828,64,1578,1959]
[829,59,323978,322884]
[830,224,677241,677752]
[831,44,510799,511593]
[832,28,209431,210595]
[833,172,708358,709533]
[834,126,64055,64422]
[835,130,728671,729576]
[836,279,220808,219437]
[837,225,597859,597057]
[838,208,495304,495887]
[839,173,97897,96669]
[840,66,475577,475913]
[841,53,259778,258869]
[842,111,700106,699713]
[843,236,157528,158402]
[844,83,182039,180950]
[845,87,714558,713463]
[846,107,588495,587621]
[847,239,435742,434392]
[848,50,14923,15800]
[849,14,580591,581503]
[850,140,172141,172548]
[851,205,14129,12903]
[852,31,645131,643943]
[853,244,616290,616484]
[854,197,440884,439898]
[855,132,7150,7560]
[856,246,42550,43359]
[857,141,285577,284248]
[858,74,410464,411048]
[859,146,267040,268275]
[860,239,126594,125433]
[861,171,198076,196780]
[862,278,721247,721292]
[863,230,20087,20995]
[864,259,296260,295657]
[865,46,199006,200311]
[866,135,182563,181547]
[867,86,542110,543542]
[868,88,181117,182497]
[869,162,641467,642693]
[870,41,411470,410436]
[871,180,47308,48416]
[872,67,52120,50965]
[873,221,225421,224173]
[874,18,278607,279288]
[875,173,624687,624015]
[876,5,27569,27387]
[877,69,314313,313633]
[878,31,375557,374673]
[879,51,480575,479748]
[880,134,418746,419099]
[881,141,680107,679645]
[882,64,558494,559944]
[883,70,205547,206351]
[884,197,685747,684477]
[885,79,416588,415559]
[886,9,685914,684869]
[887,181,302839,301983]
[888,188,284320,284499]
[889,276,97639,98683]
[890,178,359096,359327]
[891,277,231368,231333]
[892,107,99335,99005]
[893,278,575356,575570]
[894,159,690637,689411]
[895,191,558520,557732]
[896,167,356487,355074]
[897,223,238428,238376]
[898,227,139587,138346]
[899,116,371924,372788]
[900,44,344291,345656]
[901,216,571228,571696]
[902,35,354254,354198]
[903,268,546961,547860]
[904,55,383555,382387]
[905,192,653483,653642]
[906,257,725181,724081]
[907,269,520612,519713]
[908,37,150890,149541]
[909,269,322156,321398]
[910,178,676784,676857]
[911,255,361305,360462]
[912,175,72417,71607]
[913,268,594230,595468]
[914,87,483484,482736]
[915,141,432583,431742]
[916,239,332730,331415]
[917,200,677016,677514]
[918,142,42909,43543]
[919,44,621980,622441]
[920,51,103821,102342]
[921,37,532767,531832]
[922,52,324849,325160]
[923,54,162608,162664]
[924,188,219246,219831]
[925,167,288617,287736]
[926,249,276853,275462]
[927,81,712935,711789]
[928,182,710603,711371]
[929,189,453508,452898]
[930,257,58387,58235]
[931,268,271155,272377]
[932,216,324930,325190]
[933,92,670097,671139]
[934,128,365569,365924]
[935,0,623660,624116]
[936,84,613632,613984]
[937,234,283924,284023]
[938,147,134736,133988]
[939,53,460066,459506]
[940,138,241663,242528]
[941,196,521398,522789]
[942,198,475075,475541]
[943,219,365556,365323]
[944,121,51994,51639]
[945,192,15566,16672]
[946,203,363358,363075]
[947,56,206781,207407]
[948,259,549650,548239]
[949,7,148866,147735]
[950,127,635884,634630]
[951,57,376336,375583]
[952,28,103564,103991]
[953,144,373499,374344]
[954,271,710743,710455]
[955,210,16805,18021]
[956,203,77038,76268]
[957,171,597267,596920]
[958,171,408288,407342]
[959,66,289930,290111]
[960,120,343375,343615]
[961,149,464216,463220]
[962,3,86473,86154]
[963,133,517065,516580]
[964,23,394575,393487]
[965,116,113159,114571]
[966,63,503117,502732]
[967,93,86961,86602]
[968,157,128408,128125]
[969,91,328140,327576]
[970,76,46021,47228]
[971,56,424101,425008]
[972,144,390983,392007]
[973,69,701709,701638]
[974,82,529899,531203]
[975,207,521078,519673]
[976,46,626359,626581]
[977,94,248913,249318]
[978,12,372762,374084]
[979,22,245173,246651]
[980,10,380405,381119]
[981,108,109796,110381]
[982,227,155479,154088]
[983,14,421906,422873]
[984,181,547090,546143]
[985,121,138924,138812]
[986,181,126545,126445]
[987,21,531180,530024]
[988,241,46359,45236]
[989,42,271964,272149]
[990,173,211962,211600]
[991,274,465742,466536]
[992,147,392470,391117]
[993,53,13741,12454]
[994,57,585605,584934]
[995,47,55587,54266]
[996,227,281278,281094]
[997,7,11964,11903]
[998,238,161839,162831]
[999,78,376159,376774]
[1000,115,126673,126458]
[1001,210,622236,622706]
[1002,240,86194,87216]
[1003,182,566838,568073]
[1004,59,262430,262386]
[1005,266,176902,178232]
[1006,212,464460,465819]
[1007,7,38917,38693]
[1008,108,270163,270339]
[1009,43,484464,483431]
[1010,5,589222,587727]
[1011,222,527089,527232]
[1012,195,676800,676318]
[1013,171,224781,224609]
[1014,179,71341,70667]
[1015,64,399396,399541]
[1016,70,644460,645705]
[1017,131,84924,83795]
[1018,34,701347,702268]
[1019,203,342539,342040]
[1020,18,123023,124396]
[1021,37,248187,247280]
[1022,113,526199,525529]
[1023,258,360871,361100]
[1024,148,547718,548551]
[1025,82,560134,560589]
[1026,125,161607,161474]
[1027,137,701104,700111]
[1028,55,624306,624253]
[1029,190,447308,448065]
[1030,187,33572,33499]
[1031,51,634611,633207]
[1032,255,7400,6404]
[1033,12,573476,574961]
[1034,101,662787,662554]
[1035,136,302701,303602]
[1036,57,23578,22293]
[1037,104,2534,2665]
[1038,149,440128,439719]
[1039,18,165133,165368]
[1040,9,518485,518103]
[1041,99,572666,571542]
[1042,229,110165,110057]
[1043,151,400468,400079]
[1044,218,130999,132041]
[1045,248,244846,246292]
[1046,88,368660,369980]
[1047,131,61742,61040]
[1048,249,443902,443824]
[1049,165,57361,55967]
[1050,7,183514,182236]
[1051,40,74502,74631]
[1052,204,565717,566127]
[1053,273,622683,622103]
[1054,260,341089,342487]
[1055,276,153054,153958]
[1056,144,591497,592681]
[1057,82,271318,271394]
[1058,133,379872,379051]
[1059,168,201393,201733]
[1060,215,202950,201872]
[1061,240,605027,606351]
[1062,206,234551,235788]
[1063,118,718255,718736]
[1064,254,301947,303441]
[1065,0,559063,560466]
[1066,168,572349,572588]
[1067,209,323090,322070]
[1068,169,574055,573296]
[1069,155,569504,569363]
[1070,46,155657,156169]
[1071,40,8027,9453]
[1072,45,98363,97529]
[1073,234,265163,266273]
[1074,0,33557,33836]
[1075,189,472488,472169]
[1076,94,355126,356625]
[1077,142,221646,222235]
[1078,78,218626,218995]
[1079,175,99817,99678]
[1080,205,676083,675196]
[1081,168,243250,243703]
[1082,122,342986,344125]
[1083,157,153135,152220]
[1084,46,290996,291405]
[1085,210,26953,27710]
[1086,201,158023,156690]
[1087,142,513934,514957]
[1088,127,536354,535057]
[1089,233,182179,180739]
[1090,139,631179,630393]
[1091,236,55643,56194]
[1092,79,220077,219907]
[1093,167,634124,632954]
[1094,42,187260,187999]
[1095,35,113207,111771]
[1096,49,235160,234020]
[1097,254,600758,602095]
[1098,33,475765,474909]
[1099,59,45683,45394]
[1100,102,722620,723901]
[1101,90,554655,554890]
[1102,108,426348,427430]
[1103,29,527366,526197]
[1104,64,75504,75986]
[1105,33,123495,122473]
[1106,146,654147,655591]
[1107,26,258590,258631]
[1108,225,133328,132380]
[1109,45,167335,166635]
[1110,29,714058,712841]
[1111,94,164306,165772]
[1112,127,142597,141511]
[1113,123,80355,79835]
[1114,104,725819,727117]
[1115,82,450261,451017]
[1116,242,510811,511002]
[1117,75,571907,570469]
[1118,257,616137,614917]
[1119,12,100743,101229]
[1120,237,336593,335449]
[1121,258,454109,454667]
[1122,149,235688,234743]
[1123,233,117479,117214]
[1124,50,503754,504997]
[1125,174,104649,105120]
[1126,185,730325,729578]
[1127,236,413060,413139]
[1128,17,583397,582656]
[1129,40,706220,706467]
[1130,29,368851,367356]
[1131,54,682596,682920]
[1132,213,232794,232083]
[1133,205,471985,471687]
[1134,209,461860,461519]
[1135,273,565317,565053]
[1136,201,19173,18977]
[1137,80,518105,519431]
[1138,206,133884,135200]
[1139,127,204502,203163]
[1140,270,75547,76023]
[1141,49,252175,250835]
[1142,51,578319,577987]
[1143,234,556025,556604]
[1144,264,237327,238624]
[1145,117,300505,300052]
[1146,264,369817,370487]
[1147,50,280369,281329]
[1148,175,345248,344924]
[1149,156,440682,441340]
[1150,73,631577,630895]
[1151,61,271576,270329]
[1152,84,529931,531194]
[1153,100,478182,479061]
[1154,47,423429,423288]
[1155,179,393466,393099]
[1156,270,425328,425780]
[1157,64,266509,267432]
[1158,187,540417,540379]
[1159,185,572350,570906]
[1160,274,331531,332899]
[1161,206,246816,247375]
[1162,15,144117,143575]
[1163,11,54196,53770]
[1164,250,446769,447345]
[1165,187,166796,165881]
[1166,29,324970,324610]
[1167,175,53067,51992]
[1168,229,249164,247913]
[1169,136,168477,169573]
[1170,246,243653,244033]
[1171,96,665641,666327]
[1172,235,596615,595975]
[1173,274,18174,19445]
[1174,180,490968,491748]
[1175,126,399205,399446]
[1176,8,728056,729232]
[1177,213,497893,496661]
[1178,180,391301,391401]
[1179,66,180326,180936]
[1180,242,330522,330987]
[1181,91,45445,44824]
[1182,106,247828,248735]
[1183,161,368566,367386]
[1184,178,543999,544988]
[1185,206,67144,68632]
[1186,104,448792,448895]
[1187,181,432893,432392]
[1188,264,618650,619357]
[1189,127,168790,167871]
[1190,148,135936,137283]
[1191,111,163383,161953]
[1192,88,408540,409806]
[1193,132,180544,180706]
[1194,250,449195,450481]
[1195,37,148484,148100]
[1196,233,66344,65253]
[1197,238,566066,566287]
[1198,211,327294,326825]
[1199,186,121909,122662]
[1200,65,469772,469361]
[1201,155,255667,255333]
[1202,13,660936,659525]
[1203,97,285364,284486]
[1204,212,204367,204498]
[1205,172,25931,26670]
[1206,129,350737,349638]
[1207,131,267844,267018]
[1208,269,137162,136029]
[1209,174,185966,187338]
[1210,59,361545,361433]
[1211,2,460879,462116]
[1212,273,297675,297188]
[1213,12,270333,271226]
[1214,3,349818,348891]
[1215,56,265438,266145]
[1216,128,125665,126040]
[1217,54,212114,212726]
[1218,202,211304,211943]
[1219,200,47562,48105]
[1220,67,409926,409839]
[1221,21,553738,553149]
[1222,30,710933,712044]
[1223,184,257627,257872]
[1224,62,362146,362882]
[1225,34,485804,486272]
[1226,49,158803,157947]
[1227,99,494352,493002]
[1228,211,399825,398726]
[1229,167,86646,86028]
[1230,104,708118,708767]
[1231,161,401168,401081]
[1232,273,521054,519959]
[1233,8,289405,290426]
[1234,226,295121,296018]
[1235,179,603145,601743]
[1236,243,110328,109378]
[1237,67,226007,225663]
[1238,220,518531,519333]
[1239,122,97303,97486]
[1240,163,513259,512707]
[1241,30,240046,240104]
[1242,75,299474,299394]
[1243,121,642999,641872]
[1244,151,547754,547426]
[1245,73,545506,544781]
[1246,241,518360,518163]
[1247,71,12373,11168]
[1248,57,622510,622225]
[1249,66,714156,714954]
[1250,277,31641,30780]
[1251,77,42121,40863]
[1252,143,669081,667946]
[1253,63,179732,178548]
[1254,256,441172,442585]
[1255,183,421804,421349]
[1256,52,136687,136889]
[1257,91,505099,504556]
[1258,157,209791,209362]
[1259,108,193235,194189]
[1260,9,183581,182287]
[1261,246,489207,490363]
[1262,8,328353,328491]
[1263,40,707426,708206]
[1264,109,323392,322110]
[1265,220,23004,23505]
[1266,209,352180,351226]
[1267,40,538127,539537]
[1268,126,655206,656291]
[1269,146,426811,428024]
[1270,170,198414,199063]
[1271,122,340781,342076]
[1272,127,360713,360399]
[1273,126,687360,688820]
[1274,138,1996,2522]
[1275,109,375503,374547]
[1276,14,437058,437482]
[1277,235,541256,539994]
[1278,86,108668,110009]
[1279,210,360381,361798]
[1280,7,40424,40301]
[1281,112,61891,63324]
[1282,169,471414,471172]
[1283,241,342372,341498]
[1284,173,651631,651193]
[1285,48,348469,348784]
[1286,228,9073,9839]
[1287,52,9176,9841]
[1288,198,613057,613399]
[1289,14,541241,542225]
[1290,210,726875,727646]
[1291,60,199173,200396]
[1292,19,188891,188464]
[1293,220,517919,519093]
[1294,0,661248,661605]
[1295,252,432884,433721]
[1296,55,379527,378426]
[1297,209,617040,615597]
[1298,77,580435,579283]
[1299,66,514541,516041]
[1300,223,234537,233117]
[1301,256,285102,285186]
[1302,9,3515,3133]
[1303,21,588208,587747]
[1304,90,535512,536148]
[1305,88,678412,678717]
[1306,20,253066,253511]
[1307,108,258764,259250]
[1308,175,713581,712520]
[1309,166,281371,281807]
[1310,94,221070,221631]
[1311,154,353467,354087]
[1312,174,103886,104379]
[1313,30,702775,703917]
[1314,70,581433,581854]
[1315,40,337348,338243]
[1316,273,637794,636451]
[1317,245,628448,627716]
[1318,117,170779,169743]
[1319,84,225625,227000]
[1320,97,109278,108258]
[1321,274,200830,201608]
[1322,270,723851,724346]
[1323,141,358913,358278]
[1324,228,125091,125699]
[1325,163,278739,277405]
[1326,249,243922,243671]
[1327,6,717359,717407]
[1328,73,21076,19951]
[1329,211,618648,618400]
[1330,204,175859,176484]
[1331,32,338135,339567]
[1332,150,87976,88250]
[1333,276,228865,229945]
[1334,179,497712,496994]
[1335,49,48073,46783]
[1336,136,446814,447454]
[1337,75,136577,135274]
[1338,87,325660,324370]
[1339,218,38028,38798]
[1340,219,230302,229116]
[1341,106,5664,6961]
[1342,100,82119,82919]
[1343,210,596039,596507]
[1344,213,511584,510656]
[1345,33,406241,405251]
[1346,37,314391,313785]
[1347,192,563529,564414]
[1348,71,172156,170663]
[1349,86,35012,35979]
[1350,208,361045,361845]
[1351,39,54279,54203]
[1352,217,106420,105184]
[1353,163,71029,69816]
[1354,70,302021,303069]
[1355,26,670553,670691]
[1356,153,339359,338128]
[1357,175,259300,258785]
[1358,155,212648,212438]
[1359,48,122104,122581]
[1360,152,49202,49855]
[1361,32,289660,289935]
[1362,70,651220,651353]
[1363,145,127511,126776]
[1364,270,226609,227463]
[1365,104,339107,340215]
[1366,194,195268,195605]
[1367,15,80938,79714]
[1368,80,329280,330302]
[1369,170,601083,601329]
[1370,13,311111,310930]
[1371,133,668655,667372]
[1372,255,141868,140622]
[1373,279,408239,407104]
[1374,34,499228,499582]
[1375,262,673550,674725]
[1376,157,615601,614393]
[1377,115,556684,555515]
[1378,88,299236,299888]
[1379,110,340533,341110]
[1380,203,308068,307369]
[1381,119,87067,86347]
[1382,214,207942,208128]
[1383,239,707583,707123]
[1384,150,342938,343057]
[1385,163,205284,204693]
[1386,101,434342,433667]
[1387,36,181862,182626]
[1388,232,66948,67937]
[1389,207,103683,102500]
[1390,158,626844,628159]
[1391,12,403302,404602]
[1392,179,499953,499521]
[1393,59,393866,393188]
[1394,29,262530,261109]
[1395,157,491926,491172]
[1396,76,617281,617939]
[1397,109,576178,575052]
[1398,221,456923,456498]
[1399,115,350301,349447]
[1400,55,291698,290296]
[1401,62,435388,436813]
[1402,196,422414,423564]
[1403,274,578163,578275]
[1404,33,476971,476563]
[1405,53,533391,532437]
[1406,197,721139,720173]
[1407,276,523327,524077]
[1408,84,494635,495382]
[1409,5,707357,706243]
[1410,44,211452,212656]
[1411,10,348565,348769]
[1412,42,663053,663395]
[1413,86,451528,452271]
[1414,209,684997,684599]
[1415,37,519251,518053]
[1416,130,455887,456295]
[1417,134,605651,606098]
[1418,239,486913,485894]
[1419,242,143619,143972]
[1420,11,265296,264770]
[1421,69,310563,309483]
[1422,46,82463,83303]
[1423,11,102813,102102]
[1424,209,492632,491696]
[1425,221,28170,27606]
[1426,261,47248,46027]
[1427,105,385142,383796]
[1428,55,58157,57678]
[1429,4,627296,628312]
[1430,164,181689,182918]
[1431,242,478288,478795]
[1432,250,522071,523289]
[1433,152,288276,289160]
[1434,103,567982,567823]
[1435,122,367850,368200]
[1436,54,70647,71583]
[1437,8,599006,599661]
[1438,201,635941,634924]
[1439,212,140113,140255]
[1440,249,602823,602217]
[1441,59,198845,198118]
[1442,126,179754,181021]
[1443,86,194164,195490]
[1444,89,471972,470504]
[1445,191,544723,543674]
[1446,144,325682,326352]
[1447,64,428403,429398]
[1448,232,243590,244746]
[1449,258,260562,261594]
[1450,114,325132,325756]
