["head":"wrap","lpos","status"]
[262,644958,1]
["io count"]
[150]
["io":"id","wrap","startLpos","endLpos"]
[1,246,396704,397117]
[2,111,533526,532109]
[3,10,614118,615204]
[4,58,111455,112424]
[5,258,432878,433727]
[6,24,243777,244030]
[7,267,143267,142116]
[8,78,24968,25472]
[9,24,371974,372730]
[10,254,207392,208553]
[11,240,296941,298271]
[12,20,75692,76748]
[13,182,379312,379459]
[14,174,194352,195712]
[15,80,463221,463572]
[16,172,727336,728355]
[17,226,703231,704263]
[18,105,576864,575661]
[19,38,625735,626284]
[20,200,164352,165769]
[21,188,382805,383095]
[22,69,568582,568538]
[23,157,30184,29375]
[24,81,244629,244243]
[25,210,367663,368321]
[26,126,89154,89639]
[27,116,387414,388409]
[28,251,172226,171640]
[29,32,69924,70506]
[30,18,508540,509890]
[31,236,520165,520388]
[32,35,625516,624749]
[33,255,379859,379042]
[34,169,113760,112746]
[35,246,209368,210313]
[36,6,197852,199156]
[37,52,581773,582789]
[38,228,458900,459157]
[39,196,641950,642782]
[40,130,424036,424993]
[41,132,403802,404358]
[42,41,3921,2740]
[43,82,154212,154493]
[44,169,677291,676613]
[45,151,626099,625145]
[46,214,360483,361678]
[47,84,691349,692276]
[48,136,669703,670207]
[49,55,476845,475414]
[50,4,590409,590535]
[51,5,429163,428881]
[52,130,308349,309330]
[53,279,315170,313690]
[54,153,690132,689011]
[55,40,296867,297698]
[56,37,411834,410560]
[57,223,236978,235616]
[58,42,398836,399793]
[59,88,61595,61891]
[60,137,566691,565440]
[61,24,96006,96337]
[62,207,580917,580263]
[63,74,172937,174340]
[64,110,243772,245204]
[65,207,450328,449956]
[66,135,540064,538769]
[67,32,698175,699313]
[68,116,266584,267367]
[69,232,407958,408652]
[70,214,55524,57001]
[71,140,221840,222890]
[72,187,90655,89582]
[73,196,338699,339976]
[74,44,630554,631566]
[75,218,182033,182528]
[76,110,207832,208013]
[77,174,46931,47352]
[78,135,332268,331098]
[79,90,224367,224519]
[80,196,479891,481359]
[81,37,611241,610563]
[82,157,154208,154100]
[83,254,471089,472545]
[84,242,473406,474082]
[85,153,300569,300084]
[86,25,584791,583541]
[87,213,510736,509891]
[88,72,198565,199761]
[89,241,658858,658458]
[90,122,317739,318905]
[91,139,706035,705214]
[92,77,347599,346236]
[93,207,545019,544394]
[94,184,20956,22083]
[95,96,375793,376855]
[96,1,378658,378164]
[97,57,56168,56093]
[98,276,559115,559658]
[99,188,493326,493564]
[100,52,209645,211003]
[101,41,320463,319311]
[102,242,540631,541338]
[103,94,514680,515621]
[104,178,367311,368404]
[105,241,275948,275732]
[106,276,300455,301832]
[107,156,566145,566812]
[108,15,572850,571472]
[109,240,203395,204256]
[110,132,187327,187460]
[111,147,92199,90812]
[112,235,171716,171598]
[113,91,302325,301755]
[114,13,380616,380296]
[115,82,286704,287174]
[116,139,489072,488725]
[117,66,689280,690257]
[118,255,635195,634031]
[119,232,649911,650969]
[120,189,107157,106972]
[121,205,397490,396233]
[122,1,526795,526066]
[123,197,660107,659683]
[124,77,703077,702618]
[125,225,510389,509224]
[126,57,198393,198239]
[127,128,577512,578453]
[128,121,465090,464710]
[129,250,353695,353858]
[130,42,450944,452062]
[131,126,196584,196731]
[132,177,415928,415384]
[133,136,387323,387900]
[134,259,106509,106422]
[135,39,586363,585920]
[136,11,717102,716429]
[137,187,540863,539442]
[138,247,683549,682467]
[139,79,355197,354223]
[140,276,264935,265125]
[141,232,523318,523677]
[142,20,118269,119337]
[143,117,459729,459006]
[144,191,488929,488706]
[145,70,670221,671294]
[146,165,107280,106647]
[147,87,691154,689898]
[148,257,313613,313432]
[149,46,650082,650485]
[150,63,112958,112528]
