["head":"wrap","lpos","status"]
[66,416769,1]
["io count"]
[1500]
["io":"id","wrap","startLpos","endLpos"]
[1,254,96863,98056]
[2,128,218943,219345]
[3,84,30364,30853]
[4,99,38615,37320]
[5,247,182826,181386]
[6,182,523320,523463]
[7,78,46389,46481]
[8,215,5708,4324]
[9,241,94141,92870]
[10,197,258637,257832]
[11,169,510088,508882]
[12,74,695477,696722]
[13,231,285676,284549]
[14,100,77701,79129]
[15,73,347137,346181]
[16,249,618650,617928]
[17,79,41765,41214]
[18,257,223521,222418]
[19,136,513644,515114]
[20,249,515717,515173]
[21,172,659510,659736]
[22,179,276777,276462]
[23,275,476372,475863]
[24,221,210996,210205]
[25,172,528589,528836]
[26,254,59030,59856]
[27,184,456048,456469]
[28,160,233933,235051]
[29,212,299630,300645]
[30,216,680889,681393]
[31,152,605126,606446]
[32,69,390796,390375]
[33,259,280543,280016]
[34,196,482590,483375]
[35,198,125419,126297]
[36,201,604837,604235]
[37,99,36233,35077]
[38,96,592083,592977]
[39,136,253507,253898]
[40,29,321446,320887]
[41,45,194476,193857]
[42,96,416787,417197]
[43,205,668689,667731]
[44,34,24014,24524]
[45,193,640249,638788]
[46,19,483797,483539]
[47,166,267812,268366]
[48,276,60641,61018]
[49,246,81680,82828]
[50,61,479041,478948]
[51,97,62891,62611]
[52,200,485353,486664]
[53,191,19334,18158]
[54,249,327785,327642]
[55,101,258602,257423]
[56,127,514785,514015]
[57,51,497331,497107]
[58,171,614547,613050]
[59,43,310367,310069]
[60,165,296602,295662]
[61,111,688531,688414]
[62,158,353058,353193]
[63,247,389868,389152]
[64,74,560116,561415]
[65,113,590734,590590]
[66,42,311471,312026]
[67,143,514135,513789]
[68,196,311300,311667]
[69,4,175283,176258]
[70,14,370052,371223]
[71,176,92627,93153]
[72,28,500150,500241]
[73,255,359025,357867]
[74,53,408330,407493]
[75,257,116986,116640]
[76,270,214999,215981]
[77,17,492185,491273]
[78,188,443839,444970]
[79,67,498122,496671]
[80,116,80888,80942]
[81,205,35748,35527]
[82,57,351914,350902]
[83,236,609240,610608]
[84,219,633861,632490]
[85,220,346594,346854]
[86,266,313297,313401]
[87,54,335209,336327]
[88,53,103579,103270]
[89,108,640660,640710]
[90,169,404401,403083]
[91,223,385661,384247]
[92,114,225422,226854]
[93,25,608206,606928]
[94,83,444930,444818]
[95,175,498390,497906]
[96,191,311851,311127]
[97,105,572694,571203]
[98,102,406743,408021]
[99,153,300674,299461]
[100,0,62962,64095]
[101,270,650226,651548]
[102,112,357622,358830]
[103,117,181849,180541]
[104,130,440989,442066]
[105,66,540787,541871]
[106,153,717267,716862]
[107,53,540107,539742]
[108,42,43583,45051]
[109,55,428680,427685]
[110,173,402820,401873]
[111,268,501604,502327]
[112,50,411723,412127]
[113,114,310972,311028]
[114,234,146691,147719]
[115,166,143083,143647]
[116,65,372809,371723]
[117,34,554281,554454]
[118,261,187364,186904]
[119,77,225498,224918]
[120,33,470787,469871]
[121,275,393389,392812]
[122,177,503260,502115]
[123,21,138641,138273]
[124,60,132518,133310]
[125,238,616991,617438]
[126,251,539197,539089]
[127,47,387436,387028]
[128,96,563190,563588]
[129,201,206627,205850]
[130,197,636677,635343]
[131,21,709706,708428]
[132,252,562321,562730]
[133,150,671717,672616]
[134,81,729474,729266]
[135,268,5592,6402]
[136,91,526244,525022]
[137,269,282568,281811]
[138,72,422743,423277]
[139,171,452998,451977]
[140,43,472789,472622]
[141,17,67545,66393]
[142,121,269664,268770]
[143,110,169547,170992]
[144,232,472122,472501]
[145,128,677706,678992]
[146,223,195528,194356]
[147,24,575164,575931]
[148,109,182944,182251]
[149,262,633964,635394]
[150,263,381631,380722]
[151,230,486698,488147]
[152,39,80576,80266]
[153,17,293636,293169]
[154,151,212370,211498]
[155,80,468234,469562]
[156,238,273595,274655]
[157,63,428431,427945]
[158,151,401718,400593]
[159,119,434218,433795]
[160,165,676846,675360]
[161,168,601134,602201]
[162,241,603493,602623]
[163,206,125466,126060]
[164,116,193597,193973]
[165,24,239567,240396]
[166,246,248705,248899]
[167,173,362939,361887]
[168,123,160515,159511]
[169,163,670291,669527]
[170,229,652328,651856]
[171,277,352008,351624]
[172,212,331197,332456]
[173,12,519100,519257]
[174,135,411923,410671]
[175,148,261635,262736]
[176,77,281122,281015]
[177,140,268407,269879]
[178,154,369504,369985]
[179,88,153669,154991]
[180,187,94523,94463]
[181,21,193955,192694]
[182,150,296869,297836]
[183,249,343708,343658]
[184,252,37711,38581]
[185,168,381549,381686]
[186,218,75531,76783]
[187,256,521424,521739]
[188,68,329634,329700]
[189,87,153610,152459]
[190,245,100379,99313]
[191,166,656709,658024]
[192,238,165925,167342]
[193,77,283397,283134]
[194,8,452268,453581]
[195,150,668745,669653]
[196,201,228566,228339]
[197,164,36408,37028]
[198,199,713548,712615]
[199,242,175894,175961]
[200,134,683414,684241]
[201,7,175526,174197]
[202,229,200768,200138]
[203,158,573673,573876]
[204,165,362983,362287]
[205,255,517957,517536]
[206,65,584305,584019]
[207,116,403555,404311]
[208,89,111471,111226]
[209,22,570927,571068]
[210,14,363282,364519]
[211,118,248319,249143]
[212,140,323776,324485]
[213,243,509314,508784]
[214,83,162980,162146]
[215,236,711782,712107]
[216,187,97972,97422]
[217,9,505444,504040]
[218,244,517154,517645]
[219,146,302330,303335]
[220,234,316012,317374]
[221,185,514729,513453]
[222,156,154655,154740]
[223,99,182557,181832]
[224,191,640913,639979]
[225,7,277932,277462]
[226,278,103183,104181]
[227,20,423102,423809]
[228,267,563584,562936]
[229,50,255563,256170]
[230,175,533797,533190]
[231,88,363311,363427]
[232,255,379209,378600]
[233,245,483668,482249]
[234,101,298857,297370]
[235,72,435731,436139]
[236,209,165794,164803]
[237,236,663593,665061]
[238,120,534511,535438]
[239,6,602818,602982]
[240,77,211896,210515]
[241,112,537992,538360]
[242,121,310034,309417]
[243,234,516441,517321]
[244,275,675838,675164]
[245,279,416282,416077]
[246,88,616875,618354]
[247,106,41858,41891]
[248,101,41085,40033]
[249,127,447912,447483]
[250,4,615406,616217]
[251,133,647988,647532]
[252,31,318701,317221]
[253,232,679470,680007]
[254,216,593765,594935]
[255,47,100997,99863]
[256,243,126933,125956]
[257,189,478675,477755]
[258,217,107408,106258]
[259,114,492615,493607]
[260,206,481896,482354]
[261,206,52957,54073]
[262,233,719995,718503]
[263,91,50470,49841]
[264,193,370878,370781]
[265,174,413478,413656]
[266,98,545230,545494]
[267,140,148608,149222]
[268,157,529679,529190]
[269,11,635991,635429]
[270,93,671214,671038]
[271,210,36360,36906]
[272,16,45582,46743]
[273,32,605986,606916]
[274,255,162458,161024]
[275,209,65515,65202]
[276,183,702772,702516]
[277,201,7617,6975]
[278,108,719839,721081]
[279,80,653728,654969]
[280,78,312602,313500]
[281,145,691261,690101]
[282,123,168843,168261]
[283,262,556750,557937]
[284,170,61428,61767]
[285,182,40452,41674]
[286,135,659333,659171]
[287,242,429076,429438]
[288,61,337652,336678]
[289,39,709692,708780]
[290,278,159338,160762]
[291,273,269305,269086]
[292,257,97622,97466]
[293,129,727218,726360]
[294,170,460041,461369]
[295,120,458929,460095]
[296,164,29889,30513]
[297,30,607756,608755]
[298,1,680396,680019]
[299,177,336299,335957]
[300,98,547337,547890]
[301,217,472818,472446]
[302,75,12669,12622]
[303,74,83558,85037]
[304,274,476757,476820]
[305,232,686755,687367]
[306,166,338936,339999]
[307,61,539199,537871]
[308,232,145100,145190]
[309,3,697542,696426]
[310,221,92445,91700]
[311,78,202834,203208]
[312,121,729563,729237]
[313,47,438279,437454]
[314,82,350449,351781]
[315,262,650559,651683]
[316,61,315952,315327]
[317,3,410981,410750]
[318,89,550026,548669]
[319,266,270817,271186]
[320,211,575533,575160]
[321,224,59115,59539]
[322,196,641475,642101]
[323,138,474783,476039]
[324,77,627228,627031]
[325,50,642228,643588]
[326,100,381875,382903]
[327,48,252695,253913]
[328,28,320536,321908]
[329,81,379952,379148]
[330,77,113688,112898]
[331,256,416835,417018]
[332,43,106272,105074]
[333,141,673615,673560]
[334,181,36145,35157]
[335,17,212899,211949]
[336,96,707580,708258]
[337,75,664012,662734]
[338,134,302953,304099]
[339,90,149368,150820]
[340,155,556095,555524]
[341,98,166056,166978]
[342,160,679181,680476]
[343,128,46948,47313]
[344,202,65749,67141]
[345,273,442454,441532]
[346,267,474084,473012]
[347,178,138892,139482]
[348,165,281783,280611]
[349,195,513794,512416]
[350,162,190331,190628]
[351,240,290197,291339]
[352,211,308559,307735]
[353,68,581297,582319]
[354,16,382713,383891]
[355,235,555796,555704]
[356,69,670343,668866]
[357,220,694606,695705]
[358,226,391588,392927]
[359,20,560665,561235]
[360,200,612309,613254]
[361,27,167611,167254]
[362,115,126223,125104]
[363,79,159746,159177]
[364,174,343891,344016]
[365,124,87776,88954]
[366,90,573414,574407]
[367,16,148167,149252]
[368,48,112523,112729]
[369,261,209384,209023]
[370,1,381322,381180]
[371,117,616785,615747]
[372,171,324212,323431]
[373,92,7101,8567]
[374,211,620384,619992]
[375,112,11793,12801]
[376,72,324641,325219]
[377,63,346792,345864]
[378,87,156421,155037]
[379,129,146853,145490]
[380,190,20625,21086]
[381,21,299405,299309]
[382,195,123054,121930]
[383,109,435040,434651]
[384,251,414159,412962]
[385,91,698709,698175]
[386,203,490369,489297]
[387,241,434897,433766]
[388,193,521374,520812]
[389,85,519714,519118]
[390,205,16147,15226]
[391,255,252970,252157]
[392,196,692730,694085]
[393,200,172490,173983]
[394,217,1581,696]
[395,58,151809,152214]
[396,155,147548,146893]
[397,115,243279,242596]
[398,233,727462,727005]
[399,229,413966,412539]
[400,220,185434,185928]
[401,259,590083,589130]
[402,143,320585,319502]
[403,187,681357,680652]
[404,245,717416,716872]
[405,85,366961,366099]
[406,111,141316,140904]
[407,226,237252,238738]
[408,23,310626,310328]
[409,58,722679,724063]
[410,103,48825,47563]
[411,45,79906,78529]
[412,252,169400,169681]
[413,120,21000,22317]
[414,271,6623,5514]
[415,204,588511,589807]
[416,132,722590,722748]
[417,133,64613,63712]
[418,177,638384,637331]
[419,7,183815,182617]
[420,124,269398,269536]
[421,93,392124,391563]
[422,183,609486,608722]
[423,191,261880,261841]
[424,25,32087,30779]
[425,41,421315,420581]
[426,269,509330,509111]
[427,251,167275,165870]
[428,165,293386,293144]
[429,73,307780,306817]
[430,175,505363,504716]
[431,84,301963,303135]
[432,209,383140,382335]
[433,56,328833,329500]
[434,269,96203,95068]
[435,34,489960,490666]
[436,93,168309,167022]
[437,272,280249,281024]
[438,162,331331,331413]
[439,99,617836,616766]
[440,67,559193,557849]
[441,76,308882,309185]
[442,60,390617,390818]
[443,177,690789,689564]
[444,253,565430,564609]
[445,114,453092,453151]
[446,57,12832,11542]
[447,185,669286,668673]
[448,232,596608,597010]
[449,279,521023,519979]
[450,245,614288,612863]
[451,161,526286,525713]
[452,230,494990,495242]
[453,193,562957,561570]
[454,23,533597,532436]
[455,67,656957,656598]
[456,267,256429,255132]
[457,25,690071,689312]
[458,66,308477,308940]
[459,66,173758,174285]
[460,173,346434,346103]
[461,258,155004,155581]
[462,198,726876,727661]
[463,84,39733,40581]
[464,43,205285,205161]
[465,11,713229,712510]
[466,100,187075,188369]
[467,85,415306,414025]
[468,180,606804,607691]
[469,271,336331,335854]
[470,230,314368,314876]
[471,182,689152,690008]
[472,93,342157,341544]
[473,63,541013,540184]
[474,42,286911,288078]
[475,242,305158,306624]
[476,50,471164,471594]
[477,158,483558,483984]
[478,181,518585,517661]
[479,7,434008,433739]
[480,42,415967,416676]
[481,259,672182,671271]
[482,228,72236,73629]
[483,130,695125,696328]
[484,123,163333,163288]
[485,150,454033,454373]
[486,160,105632,105946]
[487,105,607336,606553]
[488,194,558641,560141]
[489,244,115420,115855]
[490,85,299445,299294]
[491,80,693904,694636]
[492,84,278114,278772]
[493,279,73586,72739]
[494,198,134262,135180]
[495,186,312141,313599]
[496,67,424204,423790]
[497,128,273577,273770]
[498,184,578157,578441]
[499,30,471166,471264]
[500,49,667719,667147]
[501,14,16025,17019]
[502,93,178105,176800]
[503,251,713292,712683]
[504,0,431710,433082]
[505,153,622327,621277]
[506,81,466445,465991]
[507,48,174258,174538]
[508,23,498037,496933]
[509,91,83811,82634]
[510,34,287889,289200]
[511,88,106660,106863]
[512,125,198873,198357]
[513,135,524999,524494]
[514,215,337242,336881]
[515,266,692757,694067]
[516,195,426009,425158]
[517,50,459024,460195]
[518,146,120298,120906]
[519,273,703204,701782]
[520,12,188479,188605]
[521,206,470209,470623]
[522,108,575508,576323]
[523,51,128396,127868]
[524,26,171600,172916]
[525,25,21469,21126]
[526,146,231912,232465]
[527,123,368352,367889]
[528,152,258585,258944]
[529,157,123424,122950]
[530,262,722991,723217]
[531,52,47737,48987]
[532,133,340936,340753]
[533,237,658319,656917]
[534,87,726095,725125]
[535,67,269065,267795]
[536,54,286355,286724]
[537,87,145851,145534]
[538,256,321928,322480]
[539,276,173657,174045]
[540,93,549166,548778]
[541,167,315970,314825]
[542,126,189598,190331]
[543,189,530505,530150]
[544,84,444129,444343]
[545,63,465732,464604]
[546,278,574839,575243]
[547,116,300163,301418]
[548,261,697596,696689]
[549,146,252795,253195]
[550,51,102046,101639]
[551,275,367362,367320]
[552,117,102357,101399]
[553,146,604159,604402]
[554,260,634820,635203]
[555,148,259174,260607]
[556,186,383614,384538]
[557,136,660830,662005]
[558,132,676292,677447]
[559,70,494985,496447]
[560,26,89552,90958]
[561,73,16409,15396]
[562,18,326762,327583]
[563,9,655141,654627]
[564,260,253930,255372]
[565,270,271390,271754]
[566,112,514534,515863]
[567,275,397003,396661]
[568,179,83753,83451]
[569,274,3849,4917]
[570,167,250284,248983]
[571,26,536624,537547]
[572,166,206731,208004]
[573,161,638024,637195]
[574,19,231274,230133]
[575,33,414630,413907]
[576,113,575423,575225]
[577,242,110557,110875]
[578,208,7286,7689]
[579,24,372673,373162]
[580,234,626587,628047]
[581,110,661499,662547]
[582,194,431583,432383]
[583,47,477823,477169]
[584,182,637501,637561]
[585,14,521637,521736]
[586,146,266945,267455]
[587,110,329077,329745]
[588,101,84676,83525]
[589,192,300406,300956]
[590,55,423814,423016]
[591,44,112664,112915]
[592,40,719183,720646]
[593,155,136778,135434]
[594,148,714316,715700]
[595,250,499164,500273]
[596,128,7608,8289]
[597,88,287201,287514]
[598,151,219325,218361]
[599,275,360937,360528]
[600,131,60555,60081]
[601,100,87656,88450]
[602,136,647979,649428]
[603,34,499678,499884]
[604,221,309192,308560]
[605,84,86061,87184]
[606,274,219129,219576]
[607,252,224731,226150]
[608,69,52110,51641]
[609,33,169962,168653]
[610,249,501897,501361]
[611,32,53801,55074]
[612,266,464284,464850]
[613,262,226623,227593]
[614,67,272964,272370]
[615,6,157369,157496]
[616,132,527827,529068]
[617,212,662885,663489]
[618,57,661664,661273]
[619,112,611153,612059]
[620,63,616807,616289]
[621,21,184709,183210]
[622,41,52572,51257]
[623,196,697974,698053]
[624,4,190227,190874]
[625,239,666336,665611]
[626,144,152063,152158]
[627,191,185032,184512]
[628,148,17659,17995]
[629,167,515456,514600]
[630,178,520513,520563]
[631,192,686806,687074]
[632,127,154752,154161]
[633,24,566518,567412]
[634,118,726098,727151]
[635,226,186734,187798]
[636,36,111637,112617]
[637,146,92926,93284]
[638,262,577095,578298]
[639,273,225952,225582]
[640,170,23409,24296]
[641,108,446893,447592]
[642,14,616625,617115]
[643,31,592937,592547]
[644,271,513714,512634]
[645,231,294495,293482]
[646,5,479088,477876]
[647,2,47783,48448]
[648,11,667331,667207]
[649,27,595580,594755]
[650,156,212346,213662]
[651,199,36080,34613]
[652,121,686441,685346]
[653,36,193144,194113]
[654,209,293844,292529]
[655,46,121875,122352]
[656,227,82473,81146]
[657,240,476007,476469]
[658,267,380876,380818]
[659,131,565373,563980]
[660,43,280310,278949]
[661,12,231135,231290]
[662,234,583473,584173]
[663,197,267189,266473]
[664,131,242918,242163]
[665,80,421640,423064]
[666,22,200759,202184]
[667,38,681831,682195]
[668,21,578992,578826]
[669,110,65939,66678]
[670,133,10208,9650]
[671,154,220706,221228]
[672,63,32023,30951]
[673,63,480998,480392]
[674,94,657256,658631]
[675,213,597079,596398]
[676,203,451074,450057]
[677,272,637631,638898]
[678,249,40878,40581]
[679,177,411676,411605]
[680,85,541685,541280]
[681,63,48262,47350]
[682,224,586134,586856]
[683,237,681306,679934]
[684,100,26209,27263]
[685,55,511185,511081]
[686,141,217780,216885]
[687,244,567030,568298]
[688,14,712747,712809]
[689,217,562624,561454]
[690,158,547937,549349]
[691,178,595681,596821]
[692,93,348988,348577]
[693,101,406069,404620]
[694,146,283324,284748]
[695,248,49503,50940]
[696,138,287792,289172]
[697,57,222203,221393]
[698,228,386089,386140]
[699,277,194341,193043]
[700,233,35999,35170]
[701,15,125125,124272]
[702,81,136638,135687]
[703,241,466872,465535]
[704,137,725623,725226]
[705,212,576003,577010]
[706,123,433791,432478]
[707,205,723997,723094]
[708,117,527805,526738]
[709,258,637596,637912]
[710,84,581339,582268]
[711,187,226161,225954]
[712,88,329000,330340]
[713,39,115191,114244]
[714,274,720072,720866]
[715,55,298702,297288]
[716,78,216469,217705]
[717,163,622700,621330]
[718,28,624993,626271]
[719,117,611875,611177]
[720,136,550132,550381]
[721,105,603309,603247]
[722,213,256325,255107]
[723,145,54043,53759]
[724,13,287307,285889]
[725,167,135435,134338]
[726,116,670751,672085]
[727,34,196328,196488]
[728,56,528619,529211]
[729,224,373625,374260]
[730,226,24565,24799]
[731,229,469481,469193]
[732,202,363549,364920]
[733,0,270708,271248]
[734,151,290333,288845]
[735,64,601857,601995]
[736,198,465983,466402]
[737,44,267412,268197]
[738,225,299077,298223]
[739,3,542696,542414]
[740,57,406448,405989]
[741,214,413679,414804]
[742,126,118826,119459]
[743,11,588096,587993]
[744,255,6756,6186]
[745,184,695575,696531]
[746,126,381740,382158]
[747,234,218713,219576]
[748,9,346382,345525]
[749,248,146576,147113]
[750,115,334345,334091]
[751,221,674633,674360]
[752,87,657007,656057]
[753,240,79933,81128]
[754,126,179503,180676]
[755,82,247921,248519]
[756,90,256520,257838]
[757,1,25506,25015]
[758,265,458815,458327]
[759,28,531436,532482]
[760,194,436013,436338]
[761,124,1456,2638]
[762,279,166091,164705]
[763,89,369379,367906]
[764,253,565768,565046]
[765,107,601461,601332]
[766,205,111107,109667]
[767,29,605775,605467]
[768,82,561331,561862]
[769,182,661463,662210]
[770,13,246941,246587]
[771,50,632740,633838]
[772,101,336778,335556]
[773,121,461043,459712]
[774,44,384956,385737]
[775,277,727527,726493]
[776,274,618562,619758]
[777,36,492693,492926]
[778,6,292377,293373]
[779,74,614758,615345]
[780,96,478678,479080]
[781,137,230594,230411]
[782,96,119277,120328]
[783,215,375400,374720]
[784,165,268604,267423]
[785,114,570739,570782]
[786,241,614784,613853]
[787,39,552900,551622]
[788,107,279032,277886]
[789,229,543558,543046]
[790,25,319367,319066]
[791,246,528201,528234]
[792,64,185577,186634]
[793,245,43315,42351]
[794,229,432592,432329]
[795,20,462870,463169]
[796,218,563781,564741]
[797,28,303533,304982]
[798,104,572439,572861]
[799,170,666373,667183]
[800,263,598900,598421]
[801,36,428865,429794]
[802,121,707461,706414]
[803,155,701816,700489]
[804,40,523579,524555]
[805,79,261124,260723]
[806,258,247646,248610]
[807,225,519176,518342]
[808,118,638866,638924]
[809,29,660554,659233]
[810,183,116840,115431]
[811,67,220438,219987]
[812,185,380626,380278]
[813,92,457293,458208]
[814,205,537908,536719]
[815,109,452763,451731]
[816,232,393424,393759]
[817,240,656449,656491]
[818,220,670890,672232]
[819,92,606322,606952]
[820,205,444661,443480]
[821,23,625784,624370]
[822,13,204441,203674]
[823,35,125792,125060]
[824,75,326794,326010]
[825,128,70023,70426]
[826,144,124627,125191]
[827,253,635563,634473]
[828,278,141185,141444]
[829,48,102085,103395]
[830,114,530340,530489]
[831,225,532148,531808]
[832,260,453361,453480]
[833,49,233995,232772]
[834,21,18276,17491]
[835,245,509080,508516]
[836,116,26669,27527]
[837,19,306494,306292]
[838,209,22731,21510]
[839,155,369333,368677]
[840,26,287433,287623]
[841,141,523389,523300]
[842,24,524636,525201]
[843,180,208671,209203]
[844,136,581225,582209]
[845,248,186544,186613]
[846,2,22561,23852]
[847,127,540571,539473]
[848,275,610462,609679]
[849,227,540487,540277]
[850,177,437850,436791]
[851,187,501674,501048]
[852,140,437702,438805]
[853,50,363438,364865]
[854,69,145638,145500]
[855,166,173449,173531]
[856,136,215109,216509]
[857,245,185911,185642]
[858,73,644332,644247]
[859,63,590397,589166]
[860,144,723050,723965]
[861,6,606655,608024]
[862,136,504996,506013]
[863,205,404707,403587]
[864,122,100734,100889]
[865,169,93846,92526]
[866,33,460852,460819]
[867,188,345660,346857]
[868,157,323539,322189]
[869,197,643034,641891]
[870,92,16958,17229]
[871,41,290552,290250]
[872,198,173764,174279]
[873,26,106145,106771]
[874,116,116666,117266]
[875,118,505982,507260]
[876,120,374775,375408]
[877,32,718335,718873]
[878,248,139653,139812]
[879,157,273620,272439]
[880,244,99128,100566]
[881,250,269571,270441]
[882,78,411918,413180]
[883,122,698388,698431]
[884,225,353008,352008]
[885,86,190243,191425]
[886,75,60696,59977]
[887,83,28328,27470]
[888,25,520312,519561]
[889,16,494472,494625]
[890,72,114025,114678]
[891,239,163589,162738]
[892,99,400666,399389]
[893,119,128590,128312]
[894,157,244722,244068]
[895,274,580488,580875]
[896,46,263116,263467]
[897,49,393307,392073]
[898,179,194810,194165]
[899,162,144501,144961]
[900,48,651913,651945]
[901,102,146745,147940]
[902,216,502874,503343]
[903,263,184407,183531]
[904,68,562229,563358]
[905,264,19018,19550]
[906,244,149413,150174]
[907,36,164507,165097]
[908,161,257402,257262]
[909,143,476488,475480]
[910,175,666801,665363]
[911,47,475967,475832]
[912,22,226798,227468]
[913,76,243308,244529]
[914,142,492245,493365]
[915,229,95594,95236]
[916,223,715847,715718]
[917,41,260789,260189]
[918,200,273396,273695]
[919,93,292029,291480]
[920,151,437726,436588]
[921,175,398090,397280]
[922,172,371384,371740]
[923,107,100677,99262]
[924,218,123477,124349]
[925,138,190733,191137]
[926,238,148601,149537]
[927,249,316300,315475]
[928,237,166864,165474]
[929,102,457238,458421]
[930,172,347372,347931]
[931,173,596537,596303]
[932,175,122647,121943]
[933,241,79154,77857]
[934,83,293387,292109]
[935,181,726908,726108]
[936,131,712374,711502]
[937,98,29270,30393]
[938,266,616142,616757]
[939,7,105740,105156]
[940,223,312137,311569]
[941,274,64475,65534]
[942,124,588962,589499]
[943,117,702568,701283]
[944,145,499714,498455]
[945,14,285797,286186]
[946,173,136176,136051]
[947,211,512786,512480]
[948,233,106188,104697]
[949,50,430715,430858]
[950,252,5446,5795]
[951,60,465992,466462]
[952,211,239268,237935]
[953,105,510553,510163]
[954,255,681245,681059]
[955,180,108685,109478]
[956,2,266174,266282]
[957,267,7771,6353]
[958,83,171552,170791]
[959,79,589903,589564]
[960,26,445061,446034]
[961,279,277294,276430]
[962,155,290462,289303]
[963,179,323391,322352]
[964,266,154417,155710]
[965,265,542252,542216]
[966,85,421137,420493]
[967,248,682736,684109]
[968,28,55941,57212]
[969,48,141562,141706]
[970,25,496657,496119]
[971,264,335023,336487]
[972,58,471615,471960]
[973,220,195208,196476]
[974,12,7152,7615]
[975,106,634427,635658]
[976,133,171481,170377]
[977,9,497504,497112]
[978,191,608205,608058]
[979,203,310281,308799]
[980,223,70393,68963]
[981,197,494853,494626]
[982,50,229775,230068]
[983,9,510240,509065]
[984,213,242137,240897]
[985,116,505485,505541]
[986,256,308191,309077]
[987,34,606685,606742]
[988,220,592459,593937]
[989,98,215284,215566]
[990,186,172798,173366]
[991,270,96601,97583]
[992,18,412784,413474]
[993,57,496388,495838]
[994,28,495913,497346]
[995,150,394937,396174]
[996,215,714035,712986]
[997,246,685088,685233]
[998,153,340308,339301]
[999,134,563973,564843]
[1000,250,134226,134539]
[1001,269,34827,33481]
[1002,60,531675,532356]
[1003,206,115093,115507]
[1004,141,432957,432109]
[1005,155,686303,685847]
[1006,179,452748,452606]
[1007,163,296185,295839]
[1008,48,535139,535338]
[1009,186,133465,134480]
[1010,238,644260,645642]
[1011,130,314052,314598]
[1012,103,580617,580236]
[1013,42,662004,662938]
[1014,249,303331,302219]
[1015,279,422948,422641]
[1016,40,12062,12692]
[1017,227,121703,121047]
[1018,44,356694,357535]
[1019,67,100144,99879]
[1020,68,459424,460133]
[1021,168,310568,312019]
[1022,210,685792,687221]
[1023,186,525627,526188]
[1024,263,365932,365207]
[1025,152,392497,392840]
[1026,42,501254,501894]
[1027,239,675787,674386]
[1028,84,15444,15475]
[1029,233,649151,648485]
[1030,125,607856,607720]
[1031,90,193876,195353]
[1032,210,209999,211131]
[1033,164,506010,507487]
[1034,93,5488,4766]
[1035,268,608286,608513]
[1036,76,617463,618388]
[1037,190,70364,70824]
[1038,90,396014,396715]
[1039,247,572365,571102]
[1040,23,655180,653996]
[1041,247,601802,601436]
[1042,147,220876,220330]
[1043,235,523811,523099]
[1044,22,58073,58941]
[1045,36,325565,325618]
[1046,249,142930,141915]
[1047,175,216750,216291]
[1048,223,610290,609827]
[1049,246,256107,257016]
[1050,123,354230,353739]
[1051,271,541565,540399]
[1052,261,653281,652565]
[1053,73,499886,499565]
[1054,185,329413,327987]
[1055,127,729675,729491]
[1056,71,442017,440612]
[1057,160,550791,551551]
[1058,73,337392,336866]
[1059,100,608677,609582]
[1060,190,561274,561317]
[1061,126,445633,446293]
[1062,272,650890,651835]
[1063,267,231830,230401]
[1064,123,196582,195391]
[1065,175,611920,611703]
[1066,202,256275,257454]
[1067,201,150023,149961]
[1068,95,365431,364260]
[1069,102,465223,466151]
[1070,48,404618,405664]
[1071,120,557422,558115]
[1072,174,227266,228154]
[1073,242,583690,585049]
[1074,64,572771,573319]
[1075,187,192031,191517]
[1076,232,43825,44673]
[1077,129,306781,306667]
[1078,16,16074,17171]
[1079,218,300820,301284]
[1080,59,511166,510788]
[1081,166,524590,525309]
[1082,255,358400,357564]
[1083,257,176369,175978]
[1084,207,229169,228031]
[1085,279,366053,364877]
[1086,49,63676,62662]
[1087,121,535692,535128]
[1088,261,584864,583644]
[1089,229,370685,369847]
[1090,260,480131,480676]
[1091,205,186576,185166]
[1092,224,557476,558519]
[1093,14,246675,247715]
[1094,147,213799,213265]
[1095,85,455217,453907]
[1096,256,5591,5927]
[1097,248,507211,507518]
[1098,112,628710,629707]
[1099,255,81111,80999]
[1100,74,560144,560845]
[1101,98,261922,262139]
[1102,146,470672,471796]
[1103,147,420161,419241]
[1104,205,693391,692909]
[1105,73,715385,714708]
[1106,23,363453,363244]
[1107,21,667402,666870]
[1108,180,668648,668844]
[1109,13,585997,585281]
[1110,142,573622,574459]
[1111,121,239697,238481]
[1112,63,228014,227887]
[1113,69,307421,306118]
[1114,206,404560,404943]
[1115,63,450419,450186]
[1116,73,687863,687040]
[1117,31,592216,590979]
[1118,89,376963,375656]
[1119,111,62517,61456]
[1120,164,4313,5001]
[1121,98,564389,565808]
[1122,268,683828,684371]
[1123,76,456495,457763]
[1124,92,456999,458094]
[1125,6,405849,406888]
[1126,10,277157,277767]
[1127,197,230539,230085]
[1128,99,294609,293319]
[1129,116,324836,326068]
[1130,89,450680,449577]
[1131,89,384760,384365]
[1132,34,266061,266805]
[1133,145,329404,328656]
[1134,265,214210,213852]
[1135,246,699338,699371]
[1136,270,421807,423251]
[1137,9,417195,415769]
[1138,190,477888,478054]
[1139,174,494327,494637]
[1140,117,168598,168295]
[1141,61,288863,288751]
[1142,242,578986,579742]
[1143,111,230945,230059]
[1144,43,672130,671738]
[1145,195,512507,511578]
[1146,130,710178,710382]
[1147,241,479073,479031]
[1148,40,501945,502040]
[1149,220,139398,140853]
[1150,247,543576,542955]
[1151,64,30931,31591]
[1152,214,481756,482143]
[1153,131,511242,509748]
[1154,264,310807,311499]
[1155,40,597741,598794]
[1156,144,267026,268063]
[1157,143,682632,682453]
[1158,236,710513,711282]
[1159,108,202667,203204]
[1160,140,172749,173544]
[1161,274,111611,112396]
[1162,86,722670,723171]
[1163,196,136862,137546]
[1164,41,579537,578335]
[1165,119,312375,312102]
[1166,149,333963,333765]
[1167,116,188296,189377]
[1168,188,393114,393307]
[1169,4,633827,634156]
[1170,209,622989,622053]
[1171,21,141830,141538]
[1172,107,473692,472909]
[1173,234,96840,97595]
[1174,238,398533,399608]
[1175,91,367268,366767]
[1176,56,661725,662653]
[1177,248,690578,691081]
[1178,246,696447,696702]
[1179,152,320344,321343]
[1180,18,353838,354083]
[1181,178,551248,552680]
[1182,122,265210,265684]
[1183,212,14311,14903]
[1184,20,549612,550069]
[1185,243,496185,495149]
[1186,130,497524,498481]
[1187,148,554427,555844]
[1188,70,89709,91088]
[1189,262,296530,296628]
[1190,39,401274,400702]
[1191,111,153416,153101]
[1192,58,508109,508295]
[1193,176,676679,678092]
[1194,49,89470,88633]
[1195,57,439045,438029]
[1196,167,607543,607264]
[1197,272,709015,709636]
[1198,148,436304,437113]
[1199,82,375536,375693]
[1200,88,32205,33043]
[1201,275,83524,83004]
[1202,277,647677,647091]
[1203,278,363856,364638]
[1204,247,23716,23635]
[1205,175,173747,173211]
[1206,147,124765,124526]
[1207,68,130259,130337]
[1208,66,36457,36668]
[1209,66,632179,633601]
[1210,175,294619,293616]
[1211,5,554018,553067]
[1212,0,337351,338144]
[1213,20,702575,702733]
[1214,86,446807,447781]
[1215,159,648226,647357]
[1216,234,214459,214665]
[1217,82,135778,136286]
[1218,25,408665,408520]
[1219,91,328638,327489]
[1220,175,545589,545424]
[1221,16,436832,437730]
[1222,103,350215,350005]
[1223,155,31481,30467]
[1224,140,237633,238589]
[1225,208,205654,206846]
[1226,95,96859,95381]
[1227,83,150399,150358]
[1228,270,513430,513897]
[1229,124,485612,486274]
[1230,204,433121,433894]
[1231,68,274856,275685]
[1232,32,222933,223315]
[1233,122,334082,334914]
[1234,117,472570,471875]
[1235,39,540145,538749]
[1236,215,359318,358125]
[1237,203,589867,588645]
[1238,144,19427,19484]
[1239,171,453187,452542]
[1240,174,511696,513175]
[1241,238,447663,448651]
[1242,191,369358,367920]
[1243,173,37085,36194]
[1244,65,469138,467662]
[1245,96,591994,593282]
[1246,239,244997,244251]
[1247,27,70994,69941]
[1248,182,237703,238230]
[1249,214,652138,653277]
[1250,245,170821,169559]
[1251,203,243348,242493]
[1252,7,537019,535949]
[1253,200,655935,657278]
[1254,144,276414,277872]
[1255,144,612479,613153]
[1256,122,519671,520926]
[1257,166,156518,157010]
[1258,53,657280,656723]
[1259,17,606510,605956]
[1260,26,598396,599038]
[1261,8,47365,47400]
[1262,244,469942,470077]
[1263,273,248066,247481]
[1264,211,10868,10146]
[1265,61,470494,469634]
[1266,25,65522,64540]
[1267,83,351359,350155]
[1268,241,7846,6906]
[1269,209,94033,92707]
[1270,235,94533,93958]
[1271,47,607381,606820]
[1272,133,119146,118855]
[1273,245,263141,262116]
[1274,133,283623,282172]
[1275,48,541182,542158]
[1276,3,325863,325817]
[1277,186,437846,439020]
[1278,222,49336,50329]
[1279,245,479100,478064]
[1280,182,81037,82016]
[1281,112,447973,448144]
[1282,48,375413,376393]
[1283,192,190171,190627]
[1284,262,162633,163299]
[1285,2,195225,196001]
[1286,122,270709,271729]
[1287,225,30595,29192]
[1288,266,517516,518870]
[1289,48,487129,488179]
[1290,123,1374,396]
[1291,177,379059,378111]
[1292,153,371216,371091]
[1293,70,427343,428739]
[1294,219,151254,150515]
[1295,110,284521,285507]
[1296,176,352538,353601]
[1297,137,358825,357339]
[1298,248,529351,529485]
[1299,63,268133,267677]
[1300,84,605828,606844]
[1301,109,707727,706273]
[1302,96,679701,681157]
[1303,224,121524,121708]
[1304,149,207074,206948]
[1305,165,634931,634129]
[1306,259,164296,163226]
[1307,124,199097,200193]
[1308,60,18679,19647]
[1309,238,34613,34794]
[1310,171,85135,84967]
[1311,275,629745,629311]
[1312,176,382225,382869]
[1313,242,238136,239490]
[1314,241,153840,153791]
[1315,64,598212,599467]
[1316,31,146839,145762]
[1317,105,350022,348940]
[1318,230,383527,384725]
[1319,194,582545,583677]
[1320,93,520344,520085]
[1321,172,508282,508821]
[1322,59,575038,574497]
[1323,30,523217,523859]
[1324,124,311826,312895]
[1325,230,585679,586350]
[1326,126,110535,111014]
[1327,157,208267,206785]
[1328,34,6013,6070]
[1329,177,74631,73636]
[1330,186,32112,32532]
[1331,146,176633,176985]
[1332,42,322463,323015]
[1333,137,653746,652586]
[1334,263,277326,275973]
[1335,214,359063,359449]
[1336,152,160608,161180]
[1337,242,293533,293695]
[1338,67,293073,291923]
[1339,199,159619,158505]
[1340,195,60337,59518]
[1341,73,300687,300622]
[1342,212,126494,127458]
[1343,137,56395,55794]
[1344,22,467876,468302]
[1345,239,534645,533557]
[1346,137,351432,350611]
[1347,68,490396,491108]
[1348,13,535141,534441]
[1349,108,17468,17571]
[1350,213,147476,146872]
[1351,250,293156,294138]
[1352,36,553909,554691]
[1353,209,31213,31101]
[1354,71,589582,589532]
[1355,113,377998,377583]
[1356,166,89970,90660]
[1357,228,207915,209031]
[1358,187,452274,451612]
[1359,201,276737,275451]
[1360,75,514349,512853]
[1361,122,699011,699496]
[1362,164,606498,606544]
[1363,211,509849,509574]
[1364,30,589582,591000]
[1365,197,326213,325556]
[1366,41,364957,363501]
[1367,34,594918,595182]
[1368,49,685602,684228]
[1369,28,609732,610337]
[1370,260,5950,7362]
[1371,31,134427,134373]
[1372,112,240265,241073]
[1373,249,231593,230209]
[1374,248,479425,480078]
[1375,202,699605,700563]
[1376,181,685390,684722]
[1377,45,500414,499132]
[1378,9,153153,152450]
[1379,123,653878,653606]
[1380,181,90267,89576]
[1381,185,6306,5693]
[1382,0,276952,278290]
[1383,211,38930,38394]
[1384,177,384470,383077]
[1385,257,580692,580037]
[1386,226,503431,504645]
[1387,174,280557,281426]
[1388,64,504169,505253]
[1389,135,479612,478494]
[1390,113,699922,698762]
[1391,63,83256,82546]
[1392,259,547653,546507]
[1393,223,382400,380935]
[1394,257,207929,206742]
[1395,204,301646,302286]
[1396,23,54066,53833]
[1397,157,421770,420787]
[1398,204,652959,653623]
[1399,102,423488,424753]
[1400,137,71471,70732]
[1401,214,560695,561076]
[1402,171,227805,227315]
[1403,98,626402,627486]
[1404,256,392687,392890]
[1405,23,449333,448942]
[1406,63,55556,54910]
[1407,51,468089,467630]
[1408,135,598309,598053]
[1409,271,167700,166779]
[1410,11,673766,672835]
[1411,122,154133,155178]
[1412,246,554461,555703]
[1413,124,402223,402636]
[1414,266,573982,575382]
[1415,125,260052,259897]
[1416,9,517627,516223]
[1417,9,313356,312954]
[1418,33,637540,636588]
[1419,54,540114,541316]
[1420,105,556646,556127]
[1421,32,533620,534122]
[1422,230,348430,348817]
[1423,103,613134,613032]
[1424,184,478329,478622]
[1425,258,646838,648315]
[1426,81,487658,487414]
[1427,187,79576,79334]
[1428,278,599821,600156]
[1429,198,202441,203685]
[1430,233,425736,425362]
[1431,96,525095,526061]
[1432,207,121927,120433]
[1433,181,28673,27444]
[1434,263,730549,730182]
[1435,210,530794,531811]
[1436,122,85452,86692]
[1437,259,131633,130576]
[1438,168,720012,720967]
[1439,42,61518,61712]
[1440,9,310471,309959]
[1441,24,193006,193131]
[1442,240,199817,200468]
[1443,43,700555,700297]
[1444,128,692178,692955]
[1445,131,295123,294208]
[1446,2,601221,601942]
[1447,184,377508,378457]
[1448,60,702682,703898]
[1449,98,700365,701725]
[1450,36,425047,425516]
[1451,271,390448,389110]
[1452,162,558350,558697]
[1453,143,631328,630720]
[1454,94,214212,214593]
[1455,276,435398,436346]
[1456,189,352195,351230]
[1457,173,98829,97387]
[1458,251,383813,383688]
[1459,187,28820,28251]
[1460,200,415375,416530]
[1461,180,602816,603080]
[1462,199,533387,533035]
[1463,125,32337,31615]
[1464,277,9251,7760]
[1465,215,176614,175947]
[1466,156,530975,532407]
[1467,145,717971,716822]
[1468,184,693541,693604]
[1469,123,164902,164063]
[1470,114,335386,336200]
[1471,20,416853,417250]
[1472,12,543818,543895]
[1473,94,203299,204054]
[1474,106,181101,181168]
[1475,215,658887,657637]
[1476,6,670979,672117]
[1477,147,434126,432727]
[1478,271,94013,93001]
[1479,196,347013,347180]
[1480,14,668958,669475]
[1481,234,86506,87383]
[1482,233,416648,415443]
[1483,117,696300,695702]
[1484,53,52156,51981]
[1485,56,556214,557557]
[1486,249,698060,697998]
[1487,15,145198,145009]
[1488,233,320194,320146]
[1489,116,350753,350816]
[1490,61,375858,375362]
[1491,154,635942,636096]
[1492,51,720790,720238]
[1493,131,131173,130130]
[1494,31,395476,394666]
[1495,247,355658,355269]
[1496,249,402004,401911]
[1497,53,304765,303360]
[1498,79,73069,72218]
[1499,240,530682,531770]
[1500,274,152667,152741]
