["head":"wrap","lpos","status"]
[43,450692,0]
["io count"]
[155]
["io":"id","wrap","startLpos","endLpos"]
[1,176,246603,248055]
[2,127,417217,416285]
[3,256,576257,577665]
[4,269,157321,157018]
[5,83,707078,706937]
[6,150,705039,705286]
[7,154,29306,29749]
[8,272,607918,608084]
[9,278,258446,259478]
[10,207,632304,631395]
[11,67,723192,722095]
[12,172,633781,633949]
[13,176,244826,245811]
[14,245,534449,534169]
[15,228,398751,399654]
[16,58,720668,720836]
[17,168,378956,379850]
[18,52,506132,507190]
[19,74,165021,166449]
[20,113,627284,626862]
[21,162,292499,292920]
[22,124,310636,310980]
[23,134,242251,243003]
[24,242,281400,281666]
[25,217,290140,289066]
[26,99,225523,224450]
[27,255,435576,434990]
[28,239,718063,716883]
[29,119,412974,412028]
[30,87,386866,385873]
[31,178,380492,381441]
[32,197,518346,517019]
[33,177,352766,352494]
[34,32,676814,676880]
[35,147,627477,626168]
[36,225,730528,729458]
[37,140,187063,187416]
[38,237,15212,14659]
[39,252,145447,146252]
[40,138,521892,523239]
[41,124,181219,182462]
[42,157,154740,154007]
[43,46,618878,620169]
[44,16,501705,501854]
[45,34,106033,107154]
[46,4,110419,111130]
[47,40,137322,137370]
[48,112,262424,263292]
[49,29,293449,292106]
[50,131,487018,486975]
[51,113,464120,462915]
[52,138,608291,608848]
[53,251,429408,427972]
[54,261,309165,308910]
[55,236,433875,435239]
[56,100,710997,711469]
[57,199,89585,88456]
[58,106,341408,341789]
[59,135,273665,272541]
[60,214,681194,681538]
[61,142,589663,590806]
[62,141,21777,20739]
[63,72,372012,373000]
[64,212,656735,657794]
[65,228,268726,269604]
[66,37,9160,7854]
[67,171,166478,165763]
[68,66,241533,241750]
[69,31,147188,146547]
[70,47,617953,617522]
[71,236,432046,432524]
[72,109,114933,114824]
[73,60,641109,642058]
[74,101,28975,28932]
[75,40,584899,585464]
[76,252,430265,430904]
[77,181,388981,387991]
[78,58,126014,126322]
[79,39,315837,314818]
[80,179,449032,448748]
[81,273,611883,611664]
[82,244,92247,92972]
[83,4,352422,353397]
[84,232,262834,262928]
[85,214,203749,205121]
[86,81,481380,480382]
[87,266,354407,355165]
[88,148,589800,590767]
[89,148,553552,554713]
[90,2,542823,543026]
[91,165,369316,368243]
[92,79,14661,13535]
[93,143,215443,214699]
[94,217,332946,332808]
[95,65,264783,264721]
[96,207,56097,55215]
[97,180,507506,508936]
[98,160,713614,715027]
[99,65,575750,574284]
[100,175,548403,547359]
[101,15,211272,210989]
[102,43,432263,431387]
[103,12,317233,318041]
[104,226,553991,554509]
[105,239,621841,620632]
[106,176,198025,198815]
[107,149,674394,673987]
[108,28,628658,629974]
[109,221,240738,240590]
[110,211,548652,548412]
[111,195,510455,509289]
[112,126,562433,562896]
[113,164,454100,455192]
[114,155,719582,718149]
[115,270,661127,661270]
[116,137,584933,584659]
[117,137,554256,553294]
[118,239,120571,119195]
[119,117,402520,401087]
[120,194,148150,148574]
[121,169,447013,445587]
[122,139,652136,651752]
[123,38,345263,346355]
[124,25,464013,463456]
[125,13,555461,555143]
[126,256,286974,287752]
[127,234,215094,215130]
[128,0,602750,604166]
[129,277,71755,70814]
[130,170,554238,555281]
[131,6,519057,519207]
[132,117,152056,151093]
[133,76,237232,238096]
[134,12,558345,559070]
[135,131,227522,226573]
[136,145,349541,348181]
[137,2,463003,463612]
[138,186,337402,337612]
[139,270,659772,660263]
[140,242,529484,529944]
[141,51,695408,695170]
[142,274,210314,211132]
[143,274,575305,576735]
[144,254,293896,294048]
[145,186,487231,487778]
[146,71,674652,674224]
[147,189,584200,583411]
[148,231,458247,456988]
[149,167,542086,541908]
[150,226,343969,344130]
[151,78,576032,577216]
[152,221,468955,468390]
[153,64,99474,99541]
[154,224,697720,698495]
[155,160,180454,181662]
