["head":"wrap","lpos","status"]
[257,684676,1]
["io count"]
[1550]
["io":"id","wrap","startLpos","endLpos"]
[1,204,216052,217467]
[2,58,693196,694207]
[3,8,306249,307028]
[4,9,186380,186327]
[5,86,614586,615918]
[6,56,600078,601042]
[7,37,359871,359608]
[8,47,12305,11384]
[9,15,57053,56654]
[10,226,671380,672638]
[11,222,303095,304139]
[12,160,548370,548506]
[13,189,272518,271851]
[14,169,545448,545004]
[15,271,114536,113703]
[16,16,131799,131924]
[17,195,266503,265726]
[18,29,11419,9945]
[19,90,698364,698514]
[20,17,436830,435755]
[21,183,409122,408083]
[22,175,611930,611243]
[23,22,166944,167516]
[24,59,438895,438326]
[25,260,237305,238760]
[26,26,408300,409361]
[27,269,74070,72980]
[28,188,125219,125272]
[29,125,562768,562431]
[30,51,52687,52396]
[31,82,334329,334473]
[32,277,377109,377055]
[33,55,623082,623011]
[34,35,515179,514246]
[35,86,278460,278569]
[36,170,60094,60611]
[37,9,67349,67282]
[38,233,375111,373647]
[39,192,538538,539930]
[40,150,33470,33995]
[41,110,373008,373640]
[42,127,598880,598524]
[43,0,621400,622046]
[44,92,508257,509212]
[45,163,190806,190068]
[46,273,615721,615286]
[47,19,314766,313280]
[48,100,338563,338697]
[49,85,282995,281565]
[50,257,712054,710939]
[51,80,258306,258422]
[52,279,72883,71992]
[53,73,516677,516532]
[54,9,409475,408024]
[55,230,503943,504089]
[56,253,657057,656348]
[57,77,673647,673250]
[58,81,426404,424976]
[59,217,30760,30470]
[60,52,351027,352413]
[61,186,289114,290229]
[62,104,496581,497689]
[63,72,174652,174936]
[64,215,35568,34925]
[65,274,573991,574301]
[66,119,666814,665651]
[67,143,670529,669885]
[68,219,186917,186674]
[69,95,447481,446983]
[70,184,143643,144651]
[71,40,435376,435828]
[72,143,219247,218494]
[73,246,145356,145561]
[74,60,305525,305957]
[75,180,281238,281276]
[76,129,111341,110158]
[77,143,202858,201442]
[78,90,64835,65871]
[79,153,42297,41190]
[80,45,721711,720486]
[81,50,706168,706640]
[82,11,673419,673222]
[83,119,114725,114488]
[84,68,393039,394299]
[85,261,82238,81854]
[86,240,124531,125985]
[87,108,154626,154842]
[88,156,457162,458114]
[89,36,387810,388763]
[90,23,403186,401714]
[91,19,71800,70834]
[92,109,222666,221583]
[93,39,556878,556434]
[94,208,674140,674729]
[95,261,146071,145829]
[96,255,104445,104018]
[97,145,578912,578144]
[98,3,288826,287672]
[99,8,496515,496613]
[100,156,294029,294683]
[101,39,7715,6511]
[102,175,125311,124768]
[103,152,153396,153505]
[104,152,209914,211085]
[105,239,718395,718080]
[106,12,11244,11818]
[107,99,187692,186621]
[108,15,283750,283266]
[109,75,636373,636304]
[110,271,678727,677553]
[111,125,516871,516826]
[112,146,8027,9144]
[113,256,660771,660991]
[114,112,668482,669217]
[115,218,578871,580155]
[116,169,302583,302006]
[117,13,65175,64954]
[118,89,366940,365655]
[119,169,136966,136582]
[120,136,471429,471640]
[121,24,629825,630375]
[122,196,188741,189445]
[123,53,157675,156838]
[124,103,234628,233521]
[125,158,318442,319206]
[126,131,674532,673078]
[127,136,528279,528340]
[128,2,453420,453602]
[129,81,555956,554561]
[130,56,330891,331589]
[131,36,358184,358510]
[132,145,150323,150194]
[133,248,511745,512466]
[134,163,729656,729579]
[135,180,335055,336306]
[136,53,55110,54225]
[137,140,514784,515749]
[138,260,217987,218040]
[139,62,207193,207704]
[140,276,195236,196239]
[141,16,627487,628397]
[142,207,416298,415320]
[143,174,676973,677830]
[144,122,364005,364149]
[145,268,41884,42736]
[146,74,43939,44838]
[147,206,32558,33695]
[148,63,228226,228185]
[149,219,636307,635229]
[150,35,233232,231882]
[151,266,261786,262464]
[152,259,227550,226563]
[153,170,662065,662204]
[154,119,462724,461571]
[155,235,253384,252645]
[156,235,522694,521852]
[157,126,541332,541399]
[158,44,326599,327458]
[159,134,7308,7462]
[160,157,615023,614760]
[161,48,587448,587777]
[162,86,415446,416769]
[163,195,44716,43320]
[164,79,211052,210089]
[165,123,698653,697487]
[166,165,434181,432851]
[167,136,571605,572537]
[168,133,717466,717115]
[169,220,237554,238161]
[170,15,29389,28566]
[171,30,85622,86307]
[172,158,577026,577877]
[173,136,710562,710613]
[174,277,178515,177589]
[175,230,317864,318561]
[176,229,57395,56091]
[177,91,463441,462442]
[178,121,21160,19810]
[179,180,535731,535791]
[180,5,163045,162454]
[181,88,101586,102775]
[182,78,641643,642435]
[183,44,604001,605191]
[184,237,6354,5836]
[185,3,497504,496426]
[186,186,364854,366144]
[187,32,184307,185377]
[188,68,380340,381260]
[189,9,575458,574653]
[190,185,278311,277361]
[191,210,102679,103114]
[192,16,640142,640932]
[193,239,543119,542895]
[194,15,153896,153445]
[195,145,416931,416409]
[196,244,664141,665009]
[197,177,205241,204601]
[198,84,241925,242777]
[199,237,405332,403916]
[200,40,408108,409451]
[201,169,46193,44950]
[202,8,203627,204804]
[203,268,482899,484172]
[204,67,94181,93250]
[205,135,682169,681215]
[206,53,639296,638763]
[207,275,602758,601731]
[208,138,532794,534080]
[209,267,473814,472510]
[210,168,444452,445571]
[211,265,559113,559018]
[212,96,699583,700935]
[213,185,479948,478637]
[214,279,557232,557178]
[215,0,207148,208353]
[216,72,181581,182760]
[217,160,254362,255611]
[218,54,493617,494544]
[219,174,698136,698887]
[220,88,423482,424338]
[221,253,447155,446252]
[222,189,140553,140344]
[223,246,290378,290987]
[224,215,34857,34025]
[225,70,233456,234886]
[226,107,666203,665198]
[227,15,249926,249744]
[228,59,396038,395611]
[229,240,351047,352220]
[230,233,470827,470601]
[231,258,624535,625188]
[232,250,589757,591180]
[233,146,376518,377554]
[234,57,145061,144527]
[235,236,179731,181214]
[236,263,526325,525283]
[237,220,454555,455365]
[238,25,536345,536292]
[239,41,121785,120836]
[240,154,26129,26642]
[241,174,475079,475213]
[242,99,608871,607485]
[243,143,26563,25152]
[244,202,506269,507322]
[245,113,706992,706600]
[246,94,688387,689625]
[247,263,526019,524544]
[248,61,373758,372609]
[249,169,323796,322478]
[250,222,503912,505177]
[251,61,697993,696507]
[252,24,352961,354342]
[253,52,415198,416477]
[254,220,37663,38835]
[255,47,77133,76337]
[256,107,217423,216192]
[257,15,320021,318813]
[258,193,22488,22408]
[259,11,320682,319321]
[260,272,483289,484365]
[261,16,153761,153993]
[262,92,619090,619954]
[263,165,691005,690212]
[264,39,411833,410775]
[265,271,715742,715693]
[266,110,658482,658756]
[267,175,234910,233454]
[268,114,708471,709266]
[269,184,530434,531090]
[270,143,621031,620620]
[271,0,553589,554792]
[272,22,622085,623443]
[273,213,630402,630222]
[274,8,236235,237662]
[275,143,82449,81087]
[276,82,158369,159077]
[277,27,334477,333968]
[278,31,125428,124883]
[279,59,187442,186280]
[280,117,726280,725433]
[281,198,159288,159780]
[282,64,586802,587559]
[283,88,624369,625040]
[284,137,478330,478297]
[285,39,13367,12398]
[286,77,654552,654016]
[287,180,319468,319843]
[288,69,302082,301575]
[289,264,205779,206031]
[290,22,335867,336327]
[291,215,622976,622392]
[292,174,531736,532148]
[293,128,469535,470726]
[294,5,714165,713847]
[295,191,134164,132685]
[296,185,601835,600961]
[297,48,405779,407106]
[298,130,153248,153400]
[299,40,541170,541327]
[300,109,265267,264007]
[301,200,120698,121940]
[302,148,400597,400842]
[303,113,656939,656481]
[304,129,184379,183242]
[305,184,310539,311030]
[306,29,382285,382148]
[307,138,675294,675594]
[308,107,375834,375524]
[309,37,469792,469408]
[310,223,487650,487314]
[311,140,530165,531454]
[312,32,633004,634246]
[313,48,492614,494022]
[314,79,269810,269385]
[315,80,114476,115694]
[316,77,176518,176158]
[317,109,129881,128771]
[318,224,145030,146495]
[319,261,586772,585541]
[320,275,639568,639376]
[321,101,337859,336776]
[322,91,322863,322722]
[323,214,668801,669793]
[324,168,638162,638850]
[325,95,256506,255330]
[326,3,24207,23304]
[327,16,574224,574861]
[328,28,622838,623342]
[329,63,246384,245224]
[330,266,447158,447814]
[331,89,195754,194940]
[332,237,487295,486340]
[333,198,687205,688483]
[334,5,321947,321607]
[335,195,333915,332570]
[336,45,704897,703833]
[337,137,546859,546032]
[338,151,77666,76333]
[339,76,413806,414387]
[340,142,295814,296604]
[341,27,291821,290850]
[342,149,474059,473857]
[343,248,111945,112861]
[344,127,559402,558284]
[345,40,681142,681530]
[346,22,689387,689721]
[347,222,84395,85391]
[348,186,141583,142838]
[349,159,620787,619369]
[350,133,529738,529340]
[351,252,622042,623045]
[352,136,291741,292087]
[353,170,17505,18891]
[354,210,495261,495564]
[355,212,42295,43224]
[356,184,258542,259784]
[357,166,399799,401150]
[358,23,447906,446824]
[359,219,157058,155765]
[360,100,205416,206294]
[361,142,694969,695539]
[362,179,554350,553201]
[363,101,36564,35355]
[364,69,371604,370225]
[365,224,623101,623852]
[366,276,528701,528768]
[367,60,728750,730092]
[368,218,555607,555666]
[369,210,520452,520521]
[370,69,212851,212623]
[371,23,208246,206906]
[372,183,707690,707571]
[373,74,286508,286564]
[374,178,325046,325212]
[375,223,140599,140531]
[376,70,432704,433511]
[377,230,726919,727993]
[378,243,375374,374672]
[379,147,532151,531104]
[380,195,475868,475226]
[381,262,230386,231119]
[382,18,51067,52257]
[383,200,350926,351710]
[384,233,383769,383401]
[385,70,286091,287538]
[386,187,529752,529042]
[387,64,668340,669624]
[388,46,11143,12580]
[389,231,523109,522544]
[390,236,29375,30871]
[391,78,411259,411944]
[392,64,655331,655847]
[393,5,687378,686398]
[394,200,282910,284395]
[395,194,599259,599372]
[396,166,520649,521628]
[397,206,496000,496800]
[398,234,599005,599892]
[399,166,6770,7028]
[400,193,234308,232985]
[401,59,502796,502749]
[402,143,638764,638366]
[403,9,553093,552917]
[404,7,630552,629288]
[405,247,253351,253143]
[406,267,67967,67027]
[407,119,605611,604171]
[408,278,429627,429806]
[409,163,642282,640991]
[410,143,533157,532653]
[411,274,257855,258837]
[412,218,683164,683564]
[413,72,433235,433542]
[414,6,55792,56483]
[415,81,372718,372631]
[416,43,403775,403468]
[417,197,434599,433307]
[418,154,365594,366898]
[419,10,557015,557945]
[420,185,285562,285034]
[421,237,648325,647987]
[422,268,536406,536507]
[423,247,654068,652657]
[424,156,403218,403433]
[425,52,451278,451376]
[426,233,299975,298968]
[427,49,158956,158677]
[428,15,69744,69354]
[429,225,422501,422431]
[430,221,603799,602655]
[431,84,635109,636256]
[432,55,355937,354816]
[433,34,78971,80126]
[434,54,309373,309729]
[435,168,515266,515437]
[436,256,550992,551373]
[437,106,460769,460976]
[438,120,472224,472490]
[439,26,556219,557087]
[440,274,134359,135825]
[441,37,105630,104508]
[442,126,651971,652561]
[443,35,228049,226906]
[444,36,163956,164749]
[445,35,456126,456074]
[446,93,463276,462264]
[447,101,559112,558887]
[448,75,547688,546952]
[449,223,549246,548816]
[450,181,235001,234121]
[451,75,722765,722304]
[452,55,426966,426831]
[453,120,644141,645028]
[454,234,98465,99879]
[455,123,467200,466826]
[456,111,729649,728377]
[457,16,607431,608538]
[458,41,199276,198174]
[459,80,556336,556846]
[460,103,271264,271043]
[461,235,482892,482076]
[462,170,221805,222515]
[463,231,138212,137386]
[464,181,5730,4491]
[465,116,404230,405128]
[466,57,613499,613065]
[467,166,728069,729471]
[468,279,342316,342053]
[469,11,108644,107411]
[470,47,389371,388384]
[471,9,343374,343230]
[472,157,271420,270722]
[473,166,157116,157461]
[474,15,258844,258789]
[475,150,32434,33367]
[476,45,468217,468087]
[477,92,515146,516534]
[478,33,665228,664711]
[479,91,650379,649396]
[480,141,287808,287647]
[481,164,619788,620202]
[482,37,449805,448920]
[483,10,297552,297731]
[484,148,133369,134585]
[485,37,471911,470772]
[486,169,561237,560695]
[487,37,683746,682616]
[488,134,612372,612484]
[489,133,530240,529845]
[490,64,593556,594175]
[491,97,482616,482142]
[492,178,90617,91732]
[493,80,698903,699225]
[494,83,597892,596931]
[495,21,330486,329089]
[496,142,256026,257129]
[497,6,638770,639202]
[498,205,260839,259733]
[499,80,83780,84766]
[500,261,124126,123903]
[501,241,273806,273662]
[502,171,60110,59238]
[503,104,709425,709705]
[504,263,648881,647758]
[505,167,677675,676305]
[506,82,373240,374197]
[507,72,489408,490736]
[508,71,141079,140041]
[509,62,316922,317258]
[510,80,51486,52032]
[511,211,433051,432439]
[512,163,449644,449417]
[513,271,594792,593430]
[514,8,54561,54803]
[515,16,367564,368946]
[516,228,161456,162139]
[517,63,218387,218346]
[518,150,719589,719752]
[519,103,102629,101819]
[520,16,573429,574541]
[521,24,495915,496545]
[522,48,514272,514423]
[523,49,674023,673625]
[524,14,393561,393905]
[525,145,430465,429579]
[526,64,384826,385739]
[527,3,562669,561868]
[528,16,297998,299347]
[529,77,584038,582586]
[530,118,333101,334194]
[531,170,534097,534238]
[532,234,247026,247817]
[533,12,459092,459691]
[534,203,234964,234802]
[535,278,150797,151459]
[536,203,502551,501703]
[537,271,23255,22792]
[538,180,619449,619840]
[539,237,623815,622794]
[540,130,411429,412078]
[541,154,501865,502082]
[542,5,660048,659086]
[543,56,435414,435801]
[544,44,193573,193858]
[545,95,561155,560958]
[546,245,127768,127341]
[547,36,217203,217961]
[548,119,421046,420949]
[549,109,178509,178347]
[550,31,641938,640794]
[551,55,473018,472975]
[552,254,596042,596514]
[553,94,537577,538324]
[554,229,543907,542459]
[555,38,7287,8692]
[556,183,504767,503600]
[557,83,486576,485780]
[558,107,661618,661137]
[559,174,479499,480518]
[560,120,222125,223353]
[561,64,111564,113007]
[562,12,201162,201272]
[563,14,69626,69689]
[564,236,77459,78189]
[565,145,368620,367664]
[566,161,707058,705988]
[567,185,558374,557312]
[568,200,16527,17180]
[569,90,538519,538892]
[570,58,630780,632220]
[571,42,57790,58366]
[572,48,365216,366693]
[573,235,335965,335319]
[574,56,708744,709133]
[575,57,282563,281174]
[576,47,163695,163324]
[577,146,705272,705354]
[578,47,710531,709642]
[579,138,70969,71670]
[580,119,336866,335627]
[581,213,701642,701505]
[582,89,462363,461745]
[583,98,532484,533519]
[584,127,618238,617803]
[585,100,275975,277098]
[586,173,662343,661101]
[587,220,691721,692349]
[588,220,196950,197990]
[589,201,380046,379808]
[590,140,717926,718745]
[591,43,21696,20457]
[592,204,667125,667653]
[593,12,246844,246952]
[594,244,681546,682075]
[595,216,55980,57282]
[596,189,528893,527551]
[597,104,333473,334048]
[598,268,67948,69362]
[599,216,513868,515044]
[600,8,115875,116200]
[601,241,197995,197857]
[602,214,293065,294271]
[603,38,13681,14923]
[604,230,228188,229210]
[605,208,145139,145321]
[606,1,319922,319693]
[607,64,178613,179745]
[608,21,245150,244014]
[609,227,508052,507520]
[610,214,143913,145159]
[611,133,14617,13664]
[612,179,252953,251754]
[613,92,643689,644722]
[614,225,295910,294996]
[615,276,171546,172523]
[616,250,160085,160455]
[617,207,453223,452864]
[618,89,90357,89088]
[619,236,424152,424582]
[620,136,492328,493597]
[621,77,585983,584676]
[622,201,217719,216655]
[623,225,604699,604176]
[624,144,249302,249616]
[625,91,686826,685645]
[626,146,191037,191461]
[627,270,129091,129680]
[628,151,615940,615509]
[629,228,444549,445320]
[630,193,581621,580376]
[631,49,304096,303249]
[632,55,286576,285794]
[633,163,208256,207169]
[634,161,689911,688872]
[635,145,550197,549975]
[636,144,147846,148824]
[637,153,409722,408438]
[638,209,630084,629258]
[639,268,707077,707168]
[640,220,393217,393830]
[641,126,262178,262756]
[642,124,314380,315030]
[643,156,688301,688899]
[644,174,131770,132460]
[645,253,562176,560901]
[646,55,306810,305341]
[647,77,136157,135899]
[648,143,239571,238146]
[649,172,715160,716368]
[650,3,522537,521486]
[651,154,311412,312205]
[652,257,467561,466267]
[653,2,257911,259237]
[654,152,379396,380024]
[655,63,103771,103303]
[656,206,328275,329480]
[657,86,116948,117634]
[658,232,436166,436922]
[659,15,612927,611966]
[660,217,153132,151835]
[661,92,692030,692479]
[662,229,26591,26007]
[663,121,660693,660153]
[664,38,302495,302816]
[665,41,479699,479528]
[666,111,219354,218600]
[667,98,255216,255675]
[668,143,200235,198766]
[669,199,191586,190854]
[670,103,669663,668334]
[671,211,10080,8829]
[672,221,95270,94394]
[673,13,173747,173681]
[674,195,539447,538067]
[675,80,436017,437311]
[676,6,460900,461856]
[677,160,260883,262037]
[678,163,32232,31664]
[679,151,413376,412308]
[680,11,565447,564376]
[681,196,97165,98459]
[682,156,414224,415209]
[683,126,436342,437614]
[684,51,251679,251500]
[685,10,671412,672294]
[686,129,58401,57019]
[687,155,654393,652989]
[688,275,373653,372495]
[689,137,491855,491187]
[690,50,454474,454595]
[691,180,227035,227129]
[692,18,48410,48522]
[693,101,670171,669148]
[694,43,641905,641540]
[695,112,473637,474365]
[696,235,368179,367931]
[697,215,173345,172942]
[698,131,446564,445934]
[699,229,586650,585934]
[700,36,379392,380350]
[701,210,357210,357461]
[702,22,495339,495566]
[703,137,543084,542335]
[704,92,86317,87314]
[705,155,730224,729057]
[706,22,499985,501339]
[707,181,304508,303411]
[708,251,224404,223985]
[709,90,590352,590428]
[710,121,295464,294456]
[711,209,617343,616592]
[712,131,136577,135877]
[713,182,576608,577276]
[714,234,504959,505973]
[715,248,306556,306620]
[716,121,36045,35811]
[717,123,385732,384363]
[718,74,520706,520933]
[719,236,48442,48918]
[720,57,647996,646988]
[721,56,573608,574009]
[722,64,620914,621020]
[723,30,625835,626226]
[724,112,209336,210651]
[725,148,306286,307085]
[726,42,97659,98534]
[727,66,566343,567543]
[728,271,14905,14098]
[729,57,5703,5351]
[730,259,670519,669573]
[731,120,485739,485794]
[732,129,85113,84727]
[733,122,102489,103588]
[734,238,404985,405543]
[735,245,136979,135803]
[736,114,602322,603382]
[737,30,708783,708826]
[738,96,160715,161534]
[739,70,415313,416720]
[740,55,355416,354408]
[741,18,354835,355972]
[742,226,394542,395780]
[743,29,317184,317148]
[744,266,468254,468331]
[745,270,388056,388464]
[746,257,612028,611415]
[747,245,117246,117127]
[748,142,138815,138919]
[749,189,649192,648149]
[750,188,621716,622030]
[751,109,154009,152876]
[752,176,248319,249373]
[753,235,102084,101754]
[754,38,570964,571105]
[755,107,16872,15548]
[756,50,207972,208499]
[757,193,199552,199204]
[758,139,417868,416438]
[759,6,20761,21033]
[760,105,44790,43759]
[761,217,563874,563122]
[762,247,498662,497398]
[763,199,267278,265991]
[764,144,723753,723885]
[765,227,570433,569825]
[766,272,638639,639613]
[767,233,691417,691351]
[768,239,707288,705852]
[769,194,676907,677136]
[770,9,296426,295192]
[771,162,521563,522427]
[772,44,729226,730097]
[773,48,69724,70290]
[774,252,219078,219926]
[775,195,193259,192503]
[776,246,727975,728457]
[777,6,116145,117215]
[778,93,527664,527607]
[779,229,391821,391380]
[780,132,434533,434772]
[781,74,583415,583799]
[782,173,474248,473447]
[783,133,55258,54125]
[784,194,448474,449336]
[785,11,697741,696726]
[786,113,372395,372088]
[787,101,328497,328240]
[788,188,72333,73342]
[789,81,217370,216155]
[790,23,721147,720450]
[791,273,358555,357466]
[792,181,263066,261772]
[793,220,277648,278176]
[794,221,240717,239745]
[795,13,513711,512414]
[796,23,481107,479857]
[797,96,403791,403961]
[798,1,608560,608512]
[799,159,190460,190158]
[800,8,604957,605629]
[801,36,232776,233520]
[802,13,147575,147008]
[803,244,614421,615812]
[804,161,285854,284794]
[805,174,4045,4794]
[806,105,312935,311778]
[807,262,490832,492146]
[808,113,679529,678706]
[809,140,682185,682598]
[810,52,259961,260981]
[811,89,426690,425335]
[812,199,224785,223524]
[813,269,150830,149974]
[814,66,432883,433614]
[815,208,475968,476138]
[816,159,3626,3165]
[817,236,339516,340966]
[818,270,630901,631981]
[819,82,347814,349174]
[820,215,78735,78172]
[821,231,266919,266434]
[822,227,569851,569405]
[823,198,146261,147160]
[824,198,231720,233206]
[825,2,401607,402855]
[826,239,500771,499458]
[827,1,523345,522554]
[828,171,319225,317797]
[829,278,401382,402377]
[830,40,343528,343574]
[831,221,8169,7485]
[832,157,8774,8236]
[833,188,361056,361640]
[834,196,22534,23854]
[835,154,403212,404100]
[836,151,617385,616960]
[837,93,727587,726821]
[838,245,176786,176264]
[839,157,722741,722216]
[840,161,450157,449061]
[841,66,205637,206127]
[842,124,29267,29693]
[843,275,410152,409862]
[844,185,30672,30616]
[845,232,150098,150318]
[846,16,112579,114058]
[847,172,693212,694515]
[848,204,251520,252562]
[849,224,465198,466303]
[850,152,665187,666101]
[851,89,442673,442286]
[852,165,598866,598423]
[853,140,121105,121400]
[854,111,596351,595692]
[855,167,530577,529103]
[856,83,542350,541325]
[857,28,701347,702629]
[858,215,713978,712743]
[859,250,84545,84833]
[860,39,363010,362251]
[861,193,86513,85306]
[862,127,105143,104584]
[863,221,511196,510316]
[864,90,359937,361426]
[865,27,467995,467036]
[866,169,595744,595486]
[867,133,207928,206782]
[868,38,142809,144253]
[869,255,149840,148477]
[870,247,692523,692311]
[871,17,521231,520722]
[872,115,177655,176672]
[873,200,548478,549625]
[874,192,457661,458299]
[875,181,689586,688449]
[876,140,221466,222698]
[877,261,725213,724699]
[878,164,111046,111620]
[879,45,469801,469656]
[880,19,618166,617770]
[881,195,714128,713877]
[882,94,2101,2977]
[883,49,140758,139395]
[884,88,477037,477853]
[885,94,549013,549423]
[886,154,414253,414393]
[887,277,706796,705779]
[888,241,399821,399601]
[889,29,598865,597595]
[890,163,551910,551771]
[891,168,358821,360051]
[892,274,719067,720141]
[893,71,187711,186494]
[894,2,564015,564075]
[895,126,148865,149095]
[896,88,652834,654299]
[897,142,654875,656017]
[898,135,126450,125519]
[899,73,231550,231303]
[900,166,430963,432386]
[901,273,481851,480383]
[902,268,12191,12775]
[903,249,572275,571886]
[904,133,131447,130447]
[905,49,201975,201004]
[906,133,372531,371661]
[907,181,350528,349501]
[908,152,57609,58536]
[909,138,211667,211801]
[910,13,87710,87395]
[911,180,292553,293280]
[912,48,290149,290312]
[913,218,350923,351165]
[914,100,547621,547793]
[915,65,486215,485605]
[916,233,595906,594482]
[917,144,384444,384926]
[918,188,354646,356130]
[919,223,456451,455006]
[920,5,556272,556130]
[921,216,143874,144436]
[922,114,658811,659645]
[923,268,568430,569345]
[924,274,522884,524364]
[925,110,707784,708816]
[926,98,311507,312687]
[927,203,259415,258202]
[928,113,492742,491471]
[929,102,290435,291517]
[930,177,607449,606180]
[931,104,154456,155170]
[932,178,221383,221975]
[933,10,686083,686197]
[934,266,282306,282919]
[935,13,74918,74114]
[936,121,3637,3150]
[937,125,676233,674992]
[938,66,637967,638318]
[939,201,610451,610121]
[940,222,293049,293156]
[941,122,241347,241828]
[942,43,508121,507220]
[943,111,42495,42323]
[944,154,455782,456418]
[945,107,188972,188270]
[946,139,650265,649956]
[947,249,69480,69306]
[948,192,481691,482003]
[949,218,2154,2940]
[950,71,460671,460267]
[951,141,598738,598493]
[952,24,93882,94855]
[953,176,387909,388490]
[954,73,274068,272753]
[955,48,640728,641418]
[956,138,511483,511664]
[957,165,80693,79783]
[958,213,63819,63024]
[959,48,243154,244400]
[960,155,226446,225586]
[961,135,298463,297400]
[962,120,113369,114066]
[963,190,682683,683578]
[964,194,303127,304260]
[965,79,24158,24008]
[966,1,715706,714483]
[967,176,544999,545972]
[968,279,9634,9113]
[969,66,421235,422195]
[970,215,319821,318549]
[971,167,463729,463077]
[972,38,119392,120207]
[973,271,495113,493779]
[974,8,514525,515784]
[975,253,633,82]
[976,83,326555,325740]
[977,209,442928,442265]
[978,178,47638,48934]
[979,115,604062,603684]
[980,95,468678,468473]
[981,193,492020,490682]
[982,117,378107,377977]
[983,132,37015,38442]
[984,73,87912,87055]
[985,61,215421,215156]
[986,70,396168,397091]
[987,227,188918,188107]
[988,202,614628,615851]
[989,146,105510,106110]
[990,212,172388,173872]
[991,234,594606,595523]
[992,229,248507,247274]
[993,214,46662,46713]
[994,140,221096,222288]
[995,33,458592,457279]
[996,123,466194,464719]
[997,238,611714,612447]
[998,155,325315,324695]
[999,13,96358,95865]
[1000,8,191367,191841]
[1001,23,270867,269438]
[1002,218,223679,224392]
[1003,245,639227,638992]
[1004,265,223173,221954]
[1005,73,342374,341161]
[1006,244,433705,435157]
[1007,28,557268,558148]
[1008,28,589569,590300]
[1009,138,271291,271807]
[1010,253,709651,708554]
[1011,103,453328,452364]
[1012,56,293815,294032]
[1013,9,313214,311944]
[1014,217,95842,94866]
[1015,66,642839,643179]
[1016,158,449645,450381]
[1017,0,91914,92708]
[1018,63,406740,406091]
[1019,213,309035,308975]
[1020,89,13491,13018]
[1021,267,146672,146475]
[1022,34,72575,73612]
[1023,132,163739,163931]
[1024,235,314536,314234]
[1025,111,141266,140517]
[1026,47,342290,341499]
[1027,42,217622,218855]
[1028,219,329730,328848]
[1029,120,602190,602513]
[1030,82,57681,59120]
[1031,40,48717,49197]
[1032,58,728254,728937]
[1033,107,643791,642861]
[1034,116,349097,349930]
[1035,225,599576,599481]
[1036,65,676619,675701]
[1037,3,593240,592710]
[1038,232,653969,655221]
[1039,142,666249,666459]
[1040,250,297276,298313]
[1041,174,473663,474666]
[1042,278,266297,266553]
[1043,189,514002,513658]
[1044,166,375024,375060]
[1045,0,53658,54116]
[1046,219,320353,320171]
[1047,247,471447,471041]
[1048,107,269581,268797]
[1049,220,435631,436644]
[1050,188,333659,334888]
[1051,140,177297,177393]
[1052,95,478594,477810]
[1053,114,550531,551254]
[1054,170,540988,542133]
[1055,250,170011,170877]
[1056,199,173899,172885]
[1057,231,195394,194766]
[1058,21,137923,137670]
[1059,5,419560,418704]
[1060,211,422849,422795]
[1061,3,217038,216447]
[1062,30,80217,80573]
[1063,256,531572,532838]
[1064,128,76522,76580]
[1065,21,361039,360581]
[1066,143,494162,493572]
[1067,137,524853,524179]
[1068,99,107524,106385]
[1069,248,671515,672883]
[1070,84,258526,259517]
[1071,250,154935,155940]
[1072,33,532102,531585]
[1073,250,535261,536321]
[1074,191,454910,453661]
[1075,180,177193,177579]
[1076,88,155095,156195]
[1077,227,42947,41879]
[1078,241,256248,255373]
[1079,199,675505,674457]
[1080,72,64642,65359]
[1081,196,544397,544894]
[1082,211,637038,635861]
[1083,238,632940,633837]
[1084,150,419019,420500]
[1085,163,495340,494015]
[1086,62,114321,114705]
[1087,109,709851,709165]
[1088,22,237578,238619]
[1089,38,181976,182084]
[1090,10,106087,106383]
[1091,91,97641,97320]
[1092,257,455717,454621]
[1093,13,641943,641552]
[1094,149,119160,118295]
[1095,222,225420,226569]
[1096,154,341072,342306]
[1097,104,442989,443870]
[1098,148,82573,83597]
[1099,64,585130,586072]
[1100,260,126336,127026]
[1101,15,375436,374644]
[1102,5,212969,212743]
[1103,55,151306,150006]
[1104,185,134265,132971]
[1105,172,334315,335790]
[1106,38,706448,706738]
[1107,244,420648,421664]
[1108,14,146086,146569]
[1109,154,350626,351279]
[1110,276,192139,192952]
[1111,20,51627,52174]
[1112,75,423327,422904]
[1113,255,597481,596062]
[1114,19,347751,347082]
[1115,1,388936,388118]
[1116,258,573134,574307]
[1117,123,615706,615198]
[1118,148,710160,711342]
[1119,55,344849,344651]
[1120,218,565382,565970]
[1121,188,601241,601384]
[1122,0,21086,21634]
[1123,72,671218,671591]
[1124,263,384567,383523]
[1125,133,141598,140874]
[1126,229,471362,470816]
[1127,22,703398,703475]
[1128,58,81536,81620]
[1129,152,487324,487533]
[1130,174,127214,128109]
[1131,181,135379,134812]
[1132,194,301340,302647]
[1133,223,332493,331788]
[1134,8,175532,176670]
[1135,212,357420,357730]
[1136,127,114023,113368]
[1137,12,399906,400870]
[1138,35,440653,440613]
[1139,188,68986,69467]
[1140,1,395583,394379]
[1141,266,385037,385506]
[1142,130,617940,618273]
[1143,163,701240,700655]
[1144,104,539739,540040]
[1145,159,711079,710475]
[1146,7,555932,554802]
[1147,181,237674,237554]
[1148,102,203188,203443]
[1149,111,482291,481596]
[1150,4,581376,581872]
[1151,41,330108,330023]
[1152,88,458303,458448]
[1153,19,48582,47181]
[1154,171,4181,2850]
[1155,13,232204,231072]
[1156,248,44150,45529]
[1157,216,622234,622444]
[1158,143,20248,19398]
[1159,11,574092,573631]
[1160,115,73456,72861]
[1161,227,539902,539306]
[1162,272,146590,147854]
[1163,76,145398,146138]
[1164,181,97206,96387]
[1165,65,332368,332225]
[1166,126,285156,285444]
[1167,40,137703,138777]
[1168,192,63045,63359]
[1169,43,666233,664973]
[1170,192,454507,455372]
[1171,80,94762,95456]
[1172,204,175044,176300]
[1173,278,482383,483469]
[1174,71,305398,304091]
[1175,130,633212,634096]
[1176,129,215983,214925]
[1177,103,231622,230661]
[1178,187,428295,427540]
[1179,15,96486,95741]
[1180,165,147647,146413]
[1181,12,586781,587038]
[1182,114,205008,205238]
[1183,160,499401,500051]
[1184,228,370773,371509]
[1185,26,107171,107715]
[1186,106,522828,523948]
[1187,87,308414,307120]
[1188,156,148258,149439]
[1189,202,333953,334735]
[1190,191,143699,142748]
[1191,155,692077,691292]
[1192,141,11750,11599]
[1193,108,549652,550996]
[1194,97,431794,431398]
[1195,48,26912,27473]
[1196,248,119744,120662]
[1197,172,63243,63516]
[1198,193,555649,555581]
[1199,188,215791,216120]
[1200,24,273498,273981]
[1201,275,163552,163058]
[1202,84,165441,165651]
[1203,149,122410,121143]
[1204,206,106175,106262]
[1205,231,331925,331742]
[1206,207,78651,78083]
[1207,156,417609,418431]
[1208,50,613404,614347]
[1209,269,459924,459284]
[1210,223,610186,608860]
[1211,14,431433,432002]
[1212,85,270483,269930]
[1213,213,725105,724059]
[1214,179,538038,537943]
[1215,89,234421,233242]
[1216,82,286060,287153]
[1217,81,468483,467423]
[1218,74,290648,291706]
[1219,126,130229,130881]
[1220,164,150477,151680]
[1221,205,642859,642522]
[1222,251,719033,718841]
[1223,211,705580,705229]
[1224,222,40746,41584]
[1225,185,399963,399553]
[1226,130,546343,546671]
[1227,59,13914,12945]
[1228,209,441056,440534]
[1229,197,727709,726826]
[1230,170,231706,232623]
[1231,107,6846,6274]
[1232,27,301414,300650]
[1233,228,692055,692847]
[1234,196,390932,392160]
[1235,243,710472,709284]
[1236,275,236372,235158]
[1237,135,306769,306531]
[1238,192,148616,148825]
[1239,62,437027,437204]
[1240,32,562393,562648]
[1241,79,615566,614444]
[1242,243,562010,561629]
[1243,145,520147,519939]
[1244,154,513439,513633]
[1245,135,350420,349365]
[1246,22,619911,621341]
[1247,241,44525,43501]
[1248,202,723124,723473]
[1249,155,127340,126857]
[1250,188,7585,7827]
[1251,119,92763,92495]
[1252,132,432327,432764]
[1253,143,320470,319801]
[1254,166,570222,571366]
[1255,189,163497,162200]
[1256,148,127316,128249]
[1257,268,621714,622860]
[1258,182,425171,425960]
[1259,68,195522,195697]
[1260,173,570707,569535]
[1261,146,501668,502575]
[1262,272,225771,226114]
[1263,75,179167,178649]
[1264,266,24578,25010]
[1265,11,714341,712978]
[1266,78,17833,18605]
[1267,171,313875,312537]
[1268,15,404757,404420]
[1269,170,169686,171010]
[1270,43,646341,645993]
[1271,37,1569,651]
[1272,49,295501,295168]
[1273,232,413380,414684]
[1274,128,541978,543395]
[1275,229,177853,177169]
[1276,158,535019,536283]
[1277,122,64556,65574]
[1278,6,407230,408592]
[1279,209,493446,492451]
[1280,268,135197,136219]
[1281,35,401077,400494]
[1282,170,512228,513560]
[1283,169,405995,405647]
[1284,97,552514,551328]
[1285,156,422680,422943]
[1286,50,245201,245756]
[1287,223,347303,346866]
[1288,191,205566,205278]
[1289,46,482519,483139]
[1290,104,86487,87399]
[1291,37,16537,16227]
[1292,143,323781,322875]
[1293,136,249808,250830]
[1294,218,629281,630238]
[1295,180,394678,395967]
[1296,159,659314,658094]
[1297,236,79159,80197]
[1298,81,138106,138069]
[1299,30,644588,646063]
[1300,10,171849,172854]
[1301,81,645113,644650]
[1302,123,357045,356202]
[1303,262,639891,639945]
[1304,141,65555,64880]
[1305,276,165237,166493]
[1306,36,656739,657609]
[1307,29,23027,22854]
[1308,126,718827,719209]
[1309,132,440450,440569]
[1310,68,725847,726736]
[1311,181,168542,167052]
[1312,255,37639,37561]
[1313,52,109742,109945]
[1314,166,173143,174477]
[1315,214,590456,591231]
[1316,33,408255,407491]
[1317,195,712586,711958]
[1318,187,641162,640252]
[1319,184,397275,398178]
[1320,50,138670,139875]
[1321,190,468943,470369]
[1322,155,185778,184981]
[1323,216,391240,391925]
[1324,24,82351,83789]
[1325,17,590189,589145]
[1326,265,210212,210023]
[1327,268,575777,577233]
[1328,68,505277,506629]
[1329,112,569151,570419]
[1330,28,92939,93835]
[1331,250,54545,55845]
[1332,256,542578,543083]
[1333,151,414481,413796]
[1334,57,121562,120074]
[1335,228,430586,430954]
[1336,167,411364,411111]
[1337,28,234953,236390]
[1338,64,357418,358648]
[1339,278,581678,582043]
[1340,125,380795,380526]
[1341,122,665557,665727]
[1342,28,634839,635205]
[1343,262,355312,355835]
[1344,61,46093,45955]
[1345,202,592339,593572]
[1346,92,485169,485277]
[1347,152,694887,695875]
[1348,6,246342,246472]
[1349,263,358594,357223]
[1350,8,267277,268660]
[1351,2,537303,537575]
[1352,194,219303,219890]
[1353,245,443511,442390]
[1354,38,159849,160883]
[1355,13,445892,444475]
[1356,225,565840,564751]
[1357,209,41200,40146]
[1358,26,472520,473722]
[1359,170,92350,93168]
[1360,228,583884,585246]
[1361,129,325729,324818]
[1362,148,103526,104256]
[1363,86,381462,382089]
[1364,267,637036,636828]
[1365,98,247451,247907]
[1366,16,558931,560083]
[1367,108,247840,248279]
[1368,250,384513,385287]
[1369,100,402967,404075]
[1370,223,48099,46606]
[1371,277,492974,492659]
[1372,219,665526,665413]
[1373,93,11045,9583]
[1374,226,413507,414437]
[1375,110,513578,514292]
[1376,254,436273,436587]
[1377,96,588401,589307]
[1378,221,395483,395277]
[1379,252,279850,280792]
[1380,38,590604,591699]
[1381,52,396437,396958]
[1382,160,177597,178064]
[1383,93,54193,52906]
[1384,117,499050,497775]
[1385,186,20839,21724]
[1386,232,169049,170283]
[1387,115,408611,408245]
[1388,269,274872,273933]
[1389,158,402371,402663]
[1390,35,49086,48726]
[1391,199,469924,468979]
[1392,127,458803,457753]
[1393,118,716556,716644]
[1394,187,335378,334117]
[1395,31,288989,288260]
[1396,58,368327,368764]
[1397,11,194346,193944]
[1398,279,256709,256639]
[1399,73,66481,65793]
[1400,152,722813,722993]
[1401,204,230407,230676]
[1402,216,679118,680595]
[1403,196,136423,137735]
[1404,50,208978,209091]
[1405,114,230156,231464]
[1406,276,470083,470255]
[1407,110,669391,670549]
[1408,236,374705,375718]
[1409,106,674498,674550]
[1410,167,105841,105674]
[1411,95,96555,95394]
[1412,249,544848,543538]
[1413,238,290578,291405]
[1414,254,538218,539047]
[1415,59,464956,464515]
[1416,125,171228,170585]
[1417,277,124528,124099]
[1418,145,90085,89414]
[1419,149,235638,234800]
[1420,0,457093,458116]
[1421,76,72,360]
[1422,159,261227,260893]
[1423,196,13838,14796]
[1424,68,601719,603041]
[1425,38,694622,695985]
[1426,121,708114,706915]
[1427,129,476582,476266]
[1428,56,508826,509556]
[1429,261,563907,562790]
[1430,198,455266,456122]
[1431,80,164123,164386]
[1432,231,576274,575034]
[1433,258,638171,639502]
[1434,182,657778,657841]
[1435,193,112463,111367]
[1436,22,290341,290506]
[1437,197,257480,256647]
[1438,13,547643,546847]
[1439,205,702172,701759]
[1440,81,79352,78684]
[1441,269,598614,597929]
[1442,46,533296,534405]
[1443,28,15867,16561]
[1444,263,644005,643855]
[1445,189,196616,195532]
[1446,206,647698,648703]
[1447,252,415215,416648]
[1448,143,659505,658556]
[1449,257,522718,522607]
[1450,203,677599,676283]
[1451,39,539858,538951]
[1452,7,545436,545391]
[1453,118,331156,332518]
[1454,184,179935,181188]
[1455,96,297682,299047]
[1456,273,133498,132144]
[1457,210,427955,428366]
[1458,110,170739,171658]
[1459,145,270752,269672]
[1460,246,444778,445073]
[1461,247,304204,304161]
[1462,147,88712,88443]
[1463,192,730483,730789]
[1464,174,330475,330697]
[1465,141,729150,728688]
[1466,204,346005,346895]
[1467,183,380434,379606]
[1468,268,366913,367890]
[1469,259,478199,477982]
[1470,258,113062,113326]
[1471,210,587495,587835]
[1472,72,438069,438397]
[1473,27,94281,93868]
[1474,126,381583,381977]
[1475,207,554009,553739]
[1476,198,344648,346119]
[1477,136,255396,255573]
[1478,37,253386,253076]
[1479,135,601515,600259]
[1480,214,609162,610366]
[1481,271,329226,328155]
[1482,236,60773,62196]
[1483,66,389965,390615]
[1484,153,548633,548450]
[1485,254,730708,730856]
[1486,106,395635,396638]
[1487,93,576970,575526]
[1488,77,320114,318827]
[1489,271,551002,550219]
[1490,230,471308,472051]
[1491,151,626302,625140]
[1492,211,10273,9086]
[1493,209,102331,101257]
[1494,256,42830,44007]
[1495,85,232453,232364]
[1496,114,699793,700684]
[1497,157,450555,450331]
[1498,45,611500,611356]
[1499,176,75711,76216]
[1500,151,677061,675665]
[1501,166,177912,177948]
[1502,252,678739,679728]
[1503,204,512851,513269]
[1504,203,232959,232586]
[1505,4,92775,93540]
[1506,279,34781,33426]
[1507,52,339344,339600]
[1508,211,326153,324746]
[1509,240,631669,632220]
[1510,256,453084,453923]
[1511,256,282263,283298]
[1512,182,455419,455528]
[1513,226,209818,210721]
[1514,9,355468,355344]
[1515,106,332216,332665]
[1516,254,468852,470260]
[1517,41,440394,440180]
[1518,187,660291,659926]
[1519,161,414052,414016]
[1520,184,102176,103258]
[1521,244,343130,344306]
[1522,54,158961,159358]
[1523,20,210624,212000]
[1524,65,43759,43268]
[1525,122,11695,12804]
[1526,89,707535,706656]
[1527,25,374391,373991]
[1528,71,136776,135298]
[1529,35,709478,708200]
[1530,213,152398,152289]
[1531,251,476570,475510]
[1532,241,245094,244552]
[1533,120,247293,248437]
[1534,267,348488,347615]
[1535,149,307606,307395]
[1536,118,526967,527307]
[1537,139,96182,95346]
[1538,276,105204,106048]
[1539,173,38453,37990]
[1540,14,484834,484888]
[1541,184,474796,475800]
[1542,85,164945,163594]
[1543,145,548924,548671]
[1544,93,567347,566526]
[1545,103,131670,130652]
[1546,262,693439,694221]
[1547,128,337285,338685]
[1548,265,55472,54042]
[1549,60,613945,615211]
[1550,7,623649,622844]
