["head":"wrap","lpos","status"]
[142,418685,1]
["io count"]
[160]
["io":"id","wrap","startLpos","endLpos"]
[1,226,567484,568215]
[2,69,331798,330585]
[3,37,72405,70989]
[4,168,489158,490265]
[5,151,663211,662310]
[6,7,79548,78190]
[7,169,387673,386324]
[8,210,53300,53404]
[9,26,332215,332853]
[10,93,272327,271197]
[11,109,456783,455996]
[12,217,251636,251086]
[13,243,97338,97040]
[14,91,152291,151380]
[15,120,324466,324866]
[16,16,122346,122600]
[17,91,148806,148191]
[18,220,271959,272165]
[19,229,2006,1122]
[20,74,143939,144940]
[21,146,627210,628000]
[22,71,710930,709918]
[23,193,245275,244595]
[24,142,515931,517204]
[25,177,608457,607192]
[26,134,625624,626969]
[27,174,14709,15608]
[28,206,559313,560388]
[29,112,541304,542763]
[30,183,210559,210514]
[31,94,245689,246265]
[32,230,194049,194430]
[33,249,398098,397472]
[34,146,111633,112728]
[35,125,628364,627746]
[36,115,220158,219255]
[37,197,280798,279343]
[38,244,669878,670879]
[39,162,495674,495707]
[40,19,437569,436571]
[41,159,200237,199224]
[42,7,432538,431836]
[43,160,521943,523193]
[44,119,406201,405794]
[45,17,240587,240494]
[46,220,72153,73365]
[47,77,651445,651085]
[48,21,623914,622748]
[49,214,134957,136228]
[50,257,338832,338739]
[51,274,152916,153499]
[52,57,105803,104603]
[53,86,340211,341330]
[54,126,539664,540953]
[55,172,420369,420684]
[56,152,62485,63007]
[57,109,288739,287288]
[58,135,327188,326979]
[59,213,617881,616616]
[60,181,707661,706399]
[61,106,317109,317319]
[62,209,517668,516450]
[63,236,335978,337412]
[64,30,606149,606846]
[65,157,125821,124408]
[66,20,7468,8111]
[67,42,196826,197123]
[68,116,397895,399255]
[69,41,682369,681276]
[70,257,370875,369894]
[71,21,429506,428297]
[72,16,118747,118975]
[73,118,152517,153877]
[74,74,200085,201232]
[75,217,536168,534731]
[76,112,318772,319410]
[77,104,609561,610675]
[78,124,201204,201528]
[79,56,593027,593987]
[80,274,507747,508809]
[81,145,418711,418574]
[82,54,48093,49479]
[83,159,729283,728972]
[84,238,650441,650813]
[85,87,555113,554980]
[86,269,221052,220162]
[87,224,620029,620292]
[88,203,677129,676595]
[89,215,427698,426249]
[90,241,436867,436457]
[91,75,529102,528563]
[92,229,485437,484425]
[93,122,297143,298335]
[94,115,405512,405202]
[95,193,35310,33943]
[96,89,218265,217674]
[97,68,725529,726600]
[98,79,295549,294274]
[99,255,439583,438845]
[100,32,536014,536604]
[101,168,74739,75861]
[102,175,670944,669997]
[103,273,522719,522539]
[104,129,151526,151394]
[105,109,499461,497995]
[106,152,205864,206451]
[107,145,63357,63196]
[108,131,716094,715374]
[109,158,283103,283926]
[110,220,473079,473296]
[111,247,527021,526936]
[112,112,445883,447196]
[113,128,287531,287939]
[114,102,297094,298471]
[115,50,619985,620696]
[116,262,629101,629778]
[117,99,506244,505766]
[118,42,487683,488361]
[119,215,609543,608964]
[120,169,687603,686204]
[121,58,591140,591750]
[122,127,221464,221050]
[123,113,609632,608267]
[124,7,545328,544035]
[125,192,241101,241488]
[126,16,157878,158397]
[127,255,665235,664383]
[128,198,80424,80968]
[129,263,675845,674498]
[130,170,384790,384926]
[131,190,512195,513630]
[132,35,10501,9567]
[133,210,591290,591739]
[134,175,563737,562859]
[135,1,627409,626538]
[136,20,629150,629893]
[137,218,330031,331280]
[138,69,492631,492359]
[139,101,175855,175157]
[140,62,19361,20251]
[141,245,413103,412443]
[142,13,483392,483152]
[143,3,183247,183048]
[144,159,297131,297067]
[145,127,240673,240459]
[146,31,158250,157558]
[147,18,481915,482839]
[148,91,335130,333688]
[149,203,603097,602026]
[150,167,265766,265210]
[151,132,727597,728805]
[152,108,147823,149145]
[153,181,529848,528751]
[154,143,425973,424931]
[155,89,404116,403188]
[156,251,256164,254761]
[157,237,448357,447193]
[158,23,537347,536350]
[159,237,162790,162513]
[160,225,226985,225857]
