["head":"wrap","lpos","status"]
[190,673304,1]
["io count"]
[1600]
["io":"id","wrap","startLpos","endLpos"]
[1,87,571707,571164]
[2,31,372602,372003]
[3,104,194820,194916]
[4,250,637716,639053]
[5,221,152560,151487]
[6,170,163914,164619]
[7,130,171846,172061]
[8,179,290026,288696]
[9,46,207298,207798]
[10,115,459762,458402]
[11,123,688302,687930]
[12,236,403127,403242]
[13,9,2167,1571]
[14,180,320738,320883]
[15,179,129690,128969]
[16,94,357332,358623]
[17,29,283654,282405]
[18,61,703676,702995]
[19,219,418957,418125]
[20,174,196789,197899]
[21,60,21345,22586]
[22,188,197592,198979]
[23,97,720414,719235]
[24,15,406638,406350]
[25,200,95347,95679]
[26,158,231748,233245]
[27,119,63272,63066]
[28,10,274679,275644]
[29,219,422477,422173]
[30,194,387905,389228]
[31,260,282841,284050]
[32,247,590979,589978]
[33,15,155116,154244]
[34,60,219908,220004]
[35,216,717887,718184]
[36,14,327284,327360]
[37,211,215416,215340]
[38,222,719467,719780]
[39,154,135692,136593]
[40,246,101845,102823]
[41,254,658682,659551]
[42,275,668771,668501]
[43,146,170352,170681]
[44,188,329384,329680]
[45,176,334,1530]
[46,259,313150,311894]
[47,225,523781,523602]
[48,133,10508,10106]
[49,139,635120,634810]
[50,175,334012,333969]
[51,190,696099,696949]
[52,205,365220,364313]
[53,142,315420,316628]
[54,213,699584,699206]
[55,203,251128,250878]
[56,271,244832,244709]
[57,227,425817,424927]
[58,257,691990,691724]
[59,210,461282,461885]
[60,108,351515,351943]
[61,203,594774,594511]
[62,253,244057,244007]
[63,201,655231,654733]
[64,77,426508,425744]
[65,188,384876,386164]
[66,197,652506,651264]
[67,273,68886,68370]
[68,197,81912,81341]
[69,136,39978,41361]
[70,40,228320,228617]
[71,85,664862,664598]
[72,50,46954,47112]
[73,149,655063,654273]
[74,90,25573,26140]
[75,98,134353,135376]
[76,276,71101,71730]
[77,152,16162,17481]
[78,246,303469,303577]
[79,274,595646,596342]
[80,36,450078,451279]
[81,221,208750,207438]
[82,125,238276,237125]
[83,250,292050,292849]
[84,59,460864,460321]
[85,173,723925,723653]
[86,70,558315,559731]
[87,53,201109,200589]
[88,31,415017,414045]
[89,128,79799,80744]
[90,129,204662,204420]
[91,50,241667,242073]
[92,223,207160,206690]
[93,248,429212,430630]
[94,51,509565,509377]
[95,15,439055,438426]
[96,263,629248,628309]
[97,55,65582,64134]
[98,212,569262,569413]
[99,90,178834,180101]
[100,16,201131,201817]
[101,0,128901,129574]
[102,275,615773,615522]
[103,45,552046,550627]
[104,14,423251,423334]
[105,3,355691,355571]
[106,256,706191,707565]
[107,99,124418,123743]
[108,108,442486,443840]
[109,177,332873,332265]
[110,263,148728,147341]
[111,132,390775,392240]
[112,166,248157,248241]
[113,212,352601,353005]
[114,270,566542,568023]
[115,235,314071,313242]
[116,107,302376,302141]
[117,255,675576,674797]
[118,158,548559,549216]
[119,251,606076,605797]
[120,8,687065,687270]
[121,277,618071,617051]
[122,216,425189,425614]
[123,227,694152,694083]
[124,59,394595,393710]
[125,201,624412,624376]
[126,204,149919,151077]
[127,241,441361,439994]
[128,232,407063,407757]
[129,152,391761,392066]
[130,55,542126,541146]
[131,253,344620,343135]
[132,74,680972,681561]
[133,163,408135,408095]
[134,238,266064,267129]
[135,119,508655,507253]
[136,198,302495,303956]
[137,209,532141,530868]
[138,177,105673,104786]
[139,85,712984,711691]
[140,274,572279,573139]
[141,184,474877,476204]
[142,278,568154,568328]
[143,242,299057,299465]
[144,39,390501,389798]
[145,91,32455,32309]
[146,229,63260,62521]
[147,79,358545,358208]
[148,255,47601,46747]
[149,76,210861,211957]
[150,93,225789,225471]
[151,206,62921,63701]
[152,12,89348,90769]
[153,258,573561,574132]
[154,57,187671,187589]
[155,5,156888,155759]
[156,69,655195,654157]
[157,239,36122,35816]
[158,97,123327,122802]
[159,242,237725,238105]
[160,53,511081,510899]
[161,81,645396,644156]
[162,116,525025,525633]
[163,262,448927,448958]
[164,242,68572,68916]
[165,77,211849,211159]
[166,59,97152,96261]
[167,252,395930,397394]
[168,23,451928,450607]
[169,164,696053,696569]
[170,233,272645,272513]
[171,166,607340,608567]
[172,166,351588,352082]
[173,203,499255,498887]
[174,21,345372,344143]
[175,130,110968,111758]
[176,16,241685,242643]
[177,166,351347,351929]
[178,217,83972,83138]
[179,53,410291,408878]
[180,37,263624,263117]
[181,32,656970,657820]
[182,110,189260,190551]
[183,134,685815,687117]
[184,19,171249,169937]
[185,207,662756,662435]
[186,112,638674,639359]
[187,156,70893,70949]
[188,184,254483,254824]
[189,40,318939,319977]
[190,51,470895,470688]
[191,81,176156,175189]
[192,44,220570,221589]
[193,271,548691,548518]
[194,117,385335,383952]
[195,72,322677,323200]
[196,213,595968,594489]
[197,172,7095,8576]
[198,179,566034,564559]
[199,40,418980,419860]
[200,60,648549,649616]
[201,52,440506,441278]
[202,271,215348,213855]
[203,265,556858,556021]
[204,193,600817,600715]
[205,120,35995,36472]
[206,183,213081,212636]
[207,77,512403,511014]
[208,165,359560,358330]
[209,186,517835,518137]
[210,132,559710,560813]
[211,88,346541,348005]
[212,185,271486,270829]
[213,60,514175,514213]
[214,163,134394,132911]
[215,81,290305,290095]
[216,1,690724,690227]
[217,29,181028,180527]
[218,197,454817,453664]
[219,18,566757,567044]
[220,205,194839,193526]
[221,72,104104,104391]
[222,126,303639,304986]
[223,107,408311,407348]
[224,256,64753,65862]
[225,111,384982,384874]
[226,65,377008,376706]
[227,49,349255,348107]
[228,13,640760,639788]
[229,179,653590,653188]
[230,118,702069,702711]
[231,99,63695,62207]
[232,7,117663,116511]
[233,271,657360,655996]
[234,92,138596,139578]
[235,183,495969,495485]
[236,31,225529,224079]
[237,240,427134,428147]
[238,179,49695,49188]
[239,44,554771,556269]
[240,144,615226,615741]
[241,66,718307,719567]
[242,218,648656,650055]
[243,26,390809,391161]
[244,48,244228,245697]
[245,114,244170,245309]
[246,110,387941,388603]
[247,31,488889,488555]
[248,0,645642,647065]
[249,172,506269,506783]
[250,127,181034,180545]
[251,124,460747,462042]
[252,58,396112,397373]
[253,217,340333,339822]
[254,226,385234,386650]
[255,29,180725,179413]
[256,94,398391,399416]
[257,198,700221,701618]
[258,19,347965,346892]
[259,109,227243,226542]
[260,108,611369,612634]
[261,77,273210,272602]
[262,207,657816,657366]
[263,14,619436,620487]
[264,11,605535,604964]
[265,31,197269,196392]
[266,43,25498,24384]
[267,72,39938,40979]
[268,222,401580,402723]
[269,220,525020,526476]
[270,58,163078,164084]
[271,70,100199,100416]
[272,1,526337,525092]
[273,14,135719,136531]
[274,0,588043,589499]
[275,90,718461,718812]
[276,49,19563,18235]
[277,190,269205,270233]
[278,172,611908,612213]
[279,204,128521,129464]
[280,272,152087,152569]
[281,109,130469,129749]
[282,122,400989,402456]
[283,218,616729,617348]
[284,186,563734,564185]
[285,177,152721,152284]
[286,188,613098,614327]
[287,144,193207,194060]
[288,200,719452,720884]
[289,18,281649,282315]
[290,225,442387,442258]
[291,25,592898,591884]
[292,189,328210,327936]
[293,83,52449,52233]
[294,149,531411,530362]
[295,166,650048,650341]
[296,241,126958,126145]
[297,107,614510,614218]
[298,261,38066,36764]
[299,70,344859,345662]
[300,213,382339,381806]
[301,72,120857,121630]
[302,196,202203,202600]
[303,26,299239,299969]
[304,212,461186,461871]
[305,230,464265,465258]
[306,273,298436,297841]
[307,91,26848,25858]
[308,193,557826,557581]
[309,141,85671,85104]
[310,55,591941,590825]
[311,241,27490,26803]
[312,216,728991,730190]
[313,98,691632,692514]
[314,261,452618,451185]
[315,180,396454,397902]
[316,171,516351,515516]
[317,172,145129,146193]
[318,139,587748,587233]
[319,159,474586,474068]
[320,278,58111,58799]
[321,250,500063,501098]
[322,265,52261,52045]
[323,141,29049,27576]
[324,187,614058,613323]
[325,277,4145,3897]
[326,161,242358,240965]
[327,47,345358,344187]
[328,88,322734,324133]
[329,145,166338,166177]
[330,173,441099,440508]
[331,122,602023,602203]
[332,278,647935,648536]
[333,213,471912,470653]
[334,161,286150,284749]
[335,249,507967,507513]
[336,205,357271,356018]
[337,89,40735,40531]
[338,63,66645,66495]
[339,183,199375,198743]
[340,86,1905,2394]
[341,78,394765,395577]
[342,172,531530,532804]
[343,269,158695,158001]
[344,30,291121,292514]
[345,191,198840,198345]
[346,254,421781,422166]
[347,175,420798,419756]
[348,213,361618,361353]
[349,15,536887,536385]
[350,229,692186,691091]
[351,8,683577,684636]
[352,22,566306,566684]
[353,127,121694,120585]
[354,235,268281,267354]
[355,8,299267,299486]
[356,181,98095,96975]
[357,35,6055,5884]
[358,125,562206,561590]
[359,212,349305,350034]
[360,144,560916,562072]
[361,157,713836,713702]
[362,153,97867,97195]
[363,278,167252,168292]
[364,112,181164,182106]
[365,269,606446,605803]
[366,28,256992,258389]
[367,212,598435,599893]
[368,160,331918,332073]
[369,200,582889,583214]
[370,208,301799,302698]
[371,224,463778,464211]
[372,35,330799,330709]
[373,278,4075,5372]
[374,71,555685,554326]
[375,91,720682,720551]
[376,56,414731,415321]
[377,179,366654,365353]
[378,183,525934,525130]
[379,276,15104,15978]
[380,163,615906,615510]
[381,135,700268,698919]
[382,48,416182,417143]
[383,9,22750,21871]
[384,51,237086,236763]
[385,89,89340,88435]
[386,117,113581,113506]
[387,262,49810,51304]
[388,1,655437,655015]
[389,64,142215,142751]
[390,224,274869,274981]
[391,113,151748,150403]
[392,176,136273,137386]
[393,181,179387,179210]
[394,62,476322,476606]
[395,20,345465,346905]
[396,254,609051,610450]
[397,138,573603,573671]
[398,201,166275,165382]
[399,48,365348,366033]
[400,27,89391,88429]
[401,23,607280,606110]
[402,231,49040,48630]
[403,0,604383,605156]
[404,110,296025,296928]
[405,250,445816,445850]
[406,0,588848,588930]
[407,119,493654,492738]
[408,182,229283,230220]
[409,265,354565,353220]
[410,127,391827,391046]
[411,250,224914,225065]
[412,14,363628,364810]
[413,279,687607,686149]
[414,225,464895,463455]
[415,69,129739,129098]
[416,192,360167,361326]
[417,104,597259,598182]
[418,49,224220,223574]
[419,73,280060,279639]
[420,199,331258,330902]
[421,152,29891,30091]
[422,157,232019,231899]
[423,217,402224,401146]
[424,70,52990,53493]
[425,221,432354,431383]
[426,197,606749,606026]
[427,130,282457,282625]
[428,126,142042,143407]
[429,26,578342,578883]
[430,165,51430,51030]
[431,137,324002,322638]
[432,111,181684,180904]
[433,19,154871,154640]
[434,160,638631,639623]
[435,34,599169,600105]
[436,97,714346,714280]
[437,57,52613,51995]
[438,133,681079,680384]
[439,244,277530,278857]
[440,40,382654,383742]
[441,186,519578,520137]
[442,117,222050,220784]
[443,142,512106,513190]
[444,141,164085,163884]
[445,53,373284,372497]
[446,113,165829,165517]
[447,83,532718,531852]
[448,236,106090,107221]
[449,121,114099,112626]
[450,99,666552,665538]
[451,209,349740,348560]
[452,22,468996,469373]
[453,21,191774,190702]
[454,154,551277,551603]
[455,175,698937,697617]
[456,37,520808,520083]
[457,101,720448,720252]
[458,36,629182,629613]
[459,218,513208,513595]
[460,231,62657,61938]
[461,40,42841,44319]
[462,276,510209,510261]
[463,95,625371,624609]
[464,170,617561,618869]
[465,231,617944,616687]
[466,25,563011,562815]
[467,223,274037,273022]
[468,30,25679,25828]
[469,122,625235,625601]
[470,209,303552,303192]
[471,274,667580,667680]
[472,84,593545,594349]
[473,142,45833,46804]
[474,180,13654,14766]
[475,61,496447,495494]
[476,12,136675,137119]
[477,234,119404,119999]
[478,279,130442,130387]
[479,96,445544,445574]
[480,66,367374,368826]
[481,96,689147,689356]
[482,124,218448,219657]
[483,39,121368,120422]
[484,193,283289,281989]
[485,41,483607,482243]
[486,97,658477,658392]
[487,267,680638,679249]
[488,220,66003,66147]
[489,34,533619,533995]
[490,186,179567,181058]
[491,55,141000,140894]
[492,67,50613,49229]
[493,106,667885,668218]
[494,239,694073,693784]
[495,185,542636,542529]
[496,165,438229,438117]
[497,114,334088,334928]
[498,90,83038,84514]
[499,86,347248,348359]
[500,142,176257,176506]
[501,172,399438,399714]
[502,99,139995,139648]
[503,181,649507,648561]
[504,174,13382,13662]
[505,175,368821,367463]
[506,199,119936,119261]
[507,261,565850,565690]
[508,127,723993,723179]
[509,246,681325,682078]
[510,51,392595,391364]
[511,271,227840,227318]
[512,222,463427,463704]
[513,53,622260,622175]
[514,203,612724,612228]
[515,144,275436,275570]
[516,243,224672,224160]
[517,4,308053,309101]
[518,94,462374,463792]
[519,44,298838,299328]
[520,134,151599,151856]
[521,270,462077,463339]
[522,277,66308,65968]
[523,18,515233,516607]
[524,45,98299,97047]
[525,109,375031,374806]
[526,260,558983,560219]
[527,129,6945,6810]
[528,27,548958,547817]
[529,149,105737,105647]
[530,70,319656,320187]
[531,252,21216,21846]
[532,4,617870,618088]
[533,165,672436,671043]
[534,162,500622,501943]
[535,2,36951,37364]
[536,213,240508,239264]
[537,138,351383,352615]
[538,93,180837,180556]
[539,257,390588,389616]
[540,46,699589,699639]
[541,241,648759,648591]
[542,202,662489,662726]
[543,119,609069,608545]
[544,226,610288,611635]
[545,167,604154,602716]
[546,47,292418,291714]
[547,134,425060,425413]
[548,266,586091,587565]
[549,184,326730,326898]
[550,19,80559,79523]
[551,43,517494,517014]
[552,120,401528,402758]
[553,46,156937,157294]
[554,271,211685,211112]
[555,244,460173,461553]
[556,51,453356,452045]
[557,1,358443,358020]
[558,83,392904,392242]
[559,91,691147,690026]
[560,147,31538,30362]
[561,198,194013,195380]
[562,193,79061,78164]
[563,96,661257,662326]
[564,50,46206,47656]
[565,277,186672,185897]
[566,220,20829,21724]
[567,187,638229,638148]
[568,166,567793,569178]
[569,135,257290,257007]
[570,87,432357,431102]
[571,189,615736,614858]
[572,69,301396,299934]
[573,158,96825,97246]
[574,244,302661,303767]
[575,138,403805,404467]
[576,193,685725,684612]
[577,48,428177,429223]
[578,33,481015,479981]
[579,91,639092,638966]
[580,216,163302,163544]
[581,82,448453,448727]
[582,52,654158,654357]
[583,133,725898,725148]
[584,103,338649,338294]
[585,272,318508,319298]
[586,206,450222,451616]
[587,124,333920,333984]
[588,207,253452,252358]
[589,213,270492,269608]
[590,76,514083,514433]
[591,257,216552,215829]
[592,116,490304,491696]
[593,55,319029,318128]
[594,174,371973,372151]
[595,77,619712,619412]
[596,257,606931,606742]
[597,69,65418,64504]
[598,261,172815,172106]
[599,51,534418,534071]
[600,71,207321,206087]
[601,99,212325,211894]
[602,244,197757,198321]
[603,145,679260,677805]
[604,238,673031,673078]
[605,172,492426,492539]
[606,135,66982,66881]
[607,238,593984,595285]
[608,32,20934,21288]
[609,269,152210,151751]
[610,239,339560,339513]
[611,68,276715,277771]
[612,149,137996,136958]
[613,178,437623,438639]
[614,150,608841,610006]
[615,18,155362,155932]
[616,149,620875,620482]
[617,114,381221,382492]
[618,272,538247,538764]
[619,159,304160,303847]
[620,69,252163,250830]
[621,220,632092,633019]
[622,110,730174,730682]
[623,131,362860,361848]
[624,47,686143,684991]
[625,96,108927,109350]
[626,20,676493,677737]
[627,174,584183,584704]
[628,266,447262,448030]
[629,232,707387,708438]
[630,86,296270,297707]
[631,105,203539,202053]
[632,211,409340,408249]
[633,24,407786,408645]
[634,239,479046,478972]
[635,127,171915,170612]
[636,272,321542,322099]
[637,247,610703,609597]
[638,151,614545,613212]
[639,244,604481,605090]
[640,68,363482,363691]
[641,268,475693,475911]
[642,221,193349,192919]
[643,74,541689,542512]
[644,153,202113,200797]
[645,96,43808,44884]
[646,127,251466,250213]
[647,204,570521,571240]
[648,46,262691,262845]
[649,150,299563,300930]
[650,266,672858,673518]
[651,155,325310,324958]
[652,230,383810,385083]
[653,273,286924,286808]
[654,145,248640,248041]
[655,58,652548,653685]
[656,115,479775,478777]
[657,116,74821,74925]
[658,193,694043,692671]
[659,5,102985,102743]
[660,57,113631,113254]
[661,125,531213,530125]
[662,23,587371,587260]
[663,217,531000,529922]
[664,6,446665,447827]
[665,152,104941,105658]
[666,243,418461,418362]
[667,140,438477,439396]
[668,106,88322,89398]
[669,103,225811,225285]
[670,129,219308,218330]
[671,109,538034,536944]
[672,267,670276,669764]
[673,115,262445,261407]
[674,69,397218,396178]
[675,277,415245,414474]
[676,14,102265,102832]
[677,145,302607,301927]
[678,240,452324,452881]
[679,211,645291,643917]
[680,39,288185,287166]
[681,254,502408,502461]
[682,26,325415,325541]
[683,204,412018,412161]
[684,225,541424,540255]
[685,163,580550,580358]
[686,208,464689,465483]
[687,217,648576,648336]
[688,237,381828,380356]
[689,48,368868,369765]
[690,137,306704,306257]
[691,19,686277,686240]
[692,2,649957,650733]
[693,11,440493,439569]
[694,260,29845,30759]
[695,250,225682,226671]
[696,111,184137,183350]
[697,217,385434,384067]
[698,155,507379,506566]
[699,116,643367,643658]
[700,76,42618,43095]
[701,238,723040,723619]
[702,120,221814,222741]
[703,133,560503,559180]
[704,262,654899,655874]
[705,110,690960,691563]
[706,195,91311,89953]
[707,17,18256,17022]
[708,128,182177,182759]
[709,134,239770,240523]
[710,278,598439,599236]
[711,133,24710,23821]
[712,187,561263,560682]
[713,220,165974,166231]
[714,59,488186,486829]
[715,144,20490,20762]
[716,277,554910,554112]
[717,265,54625,53325]
[718,174,623857,625020]
[719,212,324659,325390]
[720,78,585853,586056]
[721,248,421886,423313]
[722,35,104216,102787]
[723,30,98387,99114]
[724,79,521822,521765]
[725,183,520799,519764]
[726,31,508377,507038]
[727,198,462717,463562]
[728,28,651938,652927]
[729,228,487240,487730]
[730,257,493626,492636]
[731,270,34312,35222]
[732,155,585981,585822]
[733,245,29211,28382]
[734,171,271422,270884]
[735,23,36048,34984]
[736,167,329049,327914]
[737,1,709621,709247]
[738,190,276822,277431]
[739,119,580305,579870]
[740,84,298520,299078]
[741,116,374247,374600]
[742,100,650669,650982]
[743,190,468378,468869]
[744,216,304569,304641]
[745,217,294673,294095]
[746,200,584119,584449]
[747,164,352319,352645]
[748,8,601383,602822]
[749,41,300810,299875]
[750,129,425117,424028]
[751,68,540496,541231]
[752,175,710364,709341]
[753,183,418068,417410]
[754,25,335669,335503]
[755,198,76430,77539]
[756,213,423017,422256]
[757,131,683951,683347]
[758,65,503432,501935]
[759,265,349502,349237]
[760,257,489927,488505]
[761,32,394069,395128]
[762,77,242279,242240]
[763,91,338674,338574]
[764,215,27068,27032]
[765,248,271540,272680]
[766,34,72091,73285]
[767,193,574274,573068]
[768,167,402255,401552]
[769,78,426889,427146]
[770,196,428702,429256]
[771,234,254281,255259]
[772,58,548630,549131]
[773,265,419466,418822]
[774,178,681982,682367]
[775,240,342344,343660]
[776,118,705496,705823]
[777,150,8222,8310]
[778,138,504569,505808]
[779,45,312081,310684]
[780,111,38167,37956]
[781,234,715859,716525]
[782,81,370477,369957]
[783,158,652077,652173]
[784,258,107723,108034]
[785,233,239455,239288]
[786,127,660811,659492]
[787,111,228828,228197]
[788,65,707940,706993]
[789,99,358780,357537]
[790,207,581687,581123]
[791,28,595751,596039]
[792,169,406916,406162]
[793,207,536776,536161]
[794,237,605487,604609]
[795,1,211688,210379]
[796,111,48826,48726]
[797,224,215626,217122]
[798,218,209524,209713]
[799,71,2061,1357]
[800,133,556484,555005]
[801,132,543258,544604]
[802,120,558533,558897]
[803,262,377733,378722]
[804,83,706385,706157]
[805,223,417886,417794]
[806,17,377466,376735]
[807,51,260599,259652]
[808,186,368363,368771]
[809,127,719387,718433]
[810,15,185650,185549]
[811,31,175146,174554]
[812,12,25805,26676]
[813,254,257614,258021]
[814,71,167231,165875]
[815,155,638119,637771]
[816,153,350980,350918]
[817,3,93829,92729]
[818,5,671805,671729]
[819,238,610734,610966]
[820,50,615832,616842]
[821,63,358556,357711]
[822,195,366692,365791]
[823,237,649241,648294]
[824,112,194574,194632]
[825,262,103847,104349]
[826,101,491528,490472]
[827,215,498180,497426]
[828,34,45740,45837]
[829,253,615876,615488]
[830,46,559418,560137]
[831,22,437487,438347]
[832,250,546676,546802]
[833,120,346643,347451]
[834,31,691330,691074]
[835,146,675087,675722]
[836,250,196606,198104]
[837,8,579423,580742]
[838,212,201026,202249]
[839,102,614755,615471]
[840,130,454721,455943]
[841,155,414572,413884]
[842,123,525960,524761]
[843,264,222582,223055]
[844,22,43151,43943]
[845,100,412734,413768]
[846,198,621687,622374]
[847,175,82122,81022]
[848,114,38867,39693]
[849,108,107673,109114]
[850,271,503803,502773]
[851,73,46465,45570]
[852,211,338377,337367]
[853,209,362190,360928]
[854,107,124106,123001]
[855,189,169816,168474]
[856,87,437325,436928]
[857,196,234654,235322]
[858,202,452850,453451]
[859,146,6299,7003]
[860,166,121435,122866]
[861,79,384233,383229]
[862,252,405624,406105]
[863,254,664724,664927]
[864,177,245656,244259]
[865,94,330993,332173]
[866,204,543486,544909]
[867,196,270936,271277]
[868,199,656962,656212]
[869,87,65964,65493]
[870,79,606545,605379]
[871,38,365827,367298]
[872,53,607387,606556]
[873,215,26524,26408]
[874,126,164863,165186]
[875,75,656697,656547]
[876,153,189939,189523]
[877,131,632074,631403]
[878,173,432983,432364]
[879,219,397889,397052]
[880,242,654859,655578]
[881,194,124534,124570]
[882,215,564936,564785]
[883,278,543849,544250]
[884,84,377300,377623]
[885,109,246166,244960]
[886,105,51831,51421]
[887,109,184917,183935]
[888,249,238597,238252]
[889,120,44139,44195]
[890,182,321901,323100]
[891,180,612171,612464]
[892,157,437053,435591]
[893,74,352760,353557]
[894,97,645326,643936]
[895,253,370983,370164]
[896,33,326256,325131]
[897,133,438548,437261]
[898,273,13007,12898]
[899,129,154526,153443]
[900,206,617403,618368]
[901,84,216653,217874]
[902,202,426819,427069]
[903,45,633228,632484]
[904,41,251167,250786]
[905,150,378244,378571]
[906,208,127720,127972]
[907,189,374829,373522]
[908,19,639311,637967]
[909,223,255384,254131]
[910,138,649387,650880]
[911,90,440029,440477]
[912,53,122394,122206]
[913,32,439919,440108]
[914,133,92915,91629]
[915,261,379392,378858]
[916,107,85209,84666]
[917,232,692156,692912]
[918,98,510478,510525]
[919,92,18621,19340]
[920,142,271724,272979]
[921,234,425493,425670]
[922,94,698234,699142]
[923,129,121547,121443]
[924,107,646762,646728]
[925,274,697327,698685]
[926,222,17264,18105]
[927,1,54544,53344]
[928,46,283101,283689]
[929,168,97167,98003]
[930,86,693540,694355]
[931,127,206544,205326]
[932,93,32405,31850]
[933,251,517856,516563]
[934,92,270586,271677]
[935,117,116621,115747]
[936,99,637878,637284]
[937,119,438079,436958]
[938,120,690595,691372]
[939,54,193875,194051]
[940,17,142618,141860]
[941,163,39001,37587]
[942,179,25403,24586]
[943,46,492365,493700]
[944,135,659974,658722]
[945,74,70413,71636]
[946,216,484885,485395]
[947,13,169770,168363]
[948,50,635926,636731]
[949,212,306200,306614]
[950,239,56565,55718]
[951,229,609583,608614]
[952,139,574990,574285]
[953,154,485713,486679]
[954,214,438008,439385]
[955,33,111305,110162]
[956,118,105677,106973]
[957,102,502561,503933]
[958,61,244232,244187]
[959,181,378600,377304]
[960,152,689628,690255]
[961,183,678956,677674]
[962,232,698113,698345]
[963,73,480584,480014]
[964,172,100786,101334]
[965,213,435546,435024]
[966,278,552667,553543]
[967,230,87226,87429]
[968,48,246144,247569]
[969,239,23353,22450]
[970,211,27908,27166]
[971,55,625772,625605]
[972,17,629755,628285]
[973,248,577341,578467]
[974,10,603038,604066]
[975,147,496750,496383]
[976,9,641178,640678]
[977,135,315134,313933]
[978,126,668199,669060]
[979,151,97610,96306]
[980,223,255096,254167]
[981,242,597896,598925]
[982,211,68640,67585]
[983,243,31112,30090]
[984,205,241509,240896]
[985,209,559367,557892]
[986,77,597445,596277]
[987,20,679662,681044]
[988,157,169989,169653]
[989,165,496357,495658]
[990,0,683747,684257]
[991,195,437177,436131]
[992,131,185290,185145]
[993,269,70483,69766]
[994,78,35574,35735]
[995,201,264980,263875]
[996,36,449725,450740]
[997,32,472331,473675]
[998,14,157104,158537]
[999,108,652630,653730]
[1000,218,630070,630164]
[1001,131,559393,558273]
[1002,8,306010,306629]
[1003,257,433899,432770]
[1004,8,12449,13533]
[1005,38,90512,91151]
[1006,210,103521,104082]
[1007,114,727953,728379]
[1008,197,267469,267183]
[1009,258,86215,86948]
[1010,148,377574,377906]
[1011,202,115206,116002]
[1012,181,125807,125300]
[1013,132,516739,517695]
[1014,245,523116,522611]
[1015,269,292936,292854]
[1016,176,709847,711237]
[1017,80,102473,102580]
[1018,147,706245,705674]
[1019,173,550014,549350]
[1020,158,366346,367110]
[1021,159,229225,228028]
[1022,157,552470,552275]
[1023,66,377279,377461]
[1024,223,122285,121022]
[1025,121,98427,97231]
[1026,51,365570,365185]
[1027,118,64544,65167]
[1028,78,368876,369659]
[1029,133,427916,427596]
[1030,82,680838,682153]
[1031,199,471466,471339]
[1032,253,432713,432165]
[1033,68,218782,219200]
[1034,80,513724,514505]
[1035,223,339403,338800]
[1036,60,545766,547203]
[1037,240,643795,644116]
[1038,216,870,1975]
[1039,247,545263,544765]
[1040,237,567593,566519]
[1041,238,579102,579594]
[1042,120,56505,57160]
[1043,64,400332,401074]
[1044,165,670935,669818]
[1045,202,713111,714519]
[1046,51,536212,535145]
[1047,192,48819,48864]
[1048,9,563065,562452]
[1049,256,26132,27550]
[1050,20,110425,111572]
[1051,116,66263,67716]
[1052,166,676053,676926]
[1053,94,360976,362299]
[1054,265,514131,513456]
[1055,88,46034,46252]
[1056,79,643432,642526]
[1057,254,599235,600086]
[1058,172,168740,169064]
[1059,203,405662,404305]
[1060,131,528504,527519]
[1061,254,280062,280116]
[1062,273,291396,290132]
[1063,66,150587,151427]
[1064,112,573294,573718]
[1065,162,642326,643564]
[1066,224,133126,134102]
[1067,46,170780,171157]
[1068,210,314161,315431]
[1069,174,503953,504704]
[1070,111,516370,514918]
[1071,115,577652,576865]
[1072,218,656302,657473]
[1073,175,163619,162584]
[1074,48,442011,442963]
[1075,89,722810,721969]
[1076,4,255924,257001]
[1077,58,145100,145689]
[1078,151,522711,522550]
[1079,13,283621,283286]
[1080,100,73433,74668]
[1081,155,713350,712792]
[1082,14,679653,680625]
[1083,47,235458,234226]
[1084,78,383064,383186]
[1085,60,18692,19175]
[1086,190,229100,230212]
[1087,178,220325,220474]
[1088,226,282597,284010]
[1089,200,289298,290753]
[1090,46,479660,481044]
[1091,93,253501,253437]
[1092,226,441878,442683]
[1093,95,248884,247969]
[1094,1,394903,394579]
[1095,80,311144,312500]
[1096,109,540606,540548]
[1097,111,131800,131232]
[1098,189,230663,230062]
[1099,192,141324,141661]
[1100,62,12156,12597]
[1101,13,387544,386613]
[1102,216,260676,261871]
[1103,277,669725,669370]
[1104,29,183505,183381]
[1105,194,221456,221799]
[1106,141,682022,681814]
[1107,209,515133,514853]
[1108,57,362457,361625]
[1109,160,525940,526493]
[1110,109,632203,631828]
[1111,185,312072,311601]
[1112,150,203669,204084]
[1113,129,230403,229137]
[1114,276,610339,611662]
[1115,85,113778,113354]
[1116,23,561324,559993]
[1117,144,311898,312087]
[1118,159,100677,99764]
[1119,224,613573,613956]
[1120,153,102388,101635]
[1121,255,546503,545783]
[1122,191,655511,654034]
[1123,167,695293,694338]
[1124,80,681294,682671]
[1125,259,38679,37438]
[1126,204,138543,139527]
[1127,275,641807,640885]
[1128,7,4980,4149]
[1129,197,540450,540145]
[1130,143,356471,355933]
[1131,3,414591,413641]
[1132,106,648138,648578]
[1133,147,442579,442506]
[1134,12,645806,646325]
[1135,169,583105,582190]
[1136,134,398978,399687]
[1137,105,255585,254190]
[1138,273,201912,200719]
[1139,12,393558,393601]
[1140,40,91866,92238]
[1141,95,198335,198064]
[1142,244,373813,375137]
[1143,60,360530,361589]
[1144,180,259199,260401]
[1145,164,185859,186848]
[1146,184,149843,151113]
[1147,238,118640,119174]
[1148,128,542647,543340]
[1149,248,494833,495801]
[1150,21,246256,245462]
[1151,33,723934,723361]
[1152,46,373150,374602]
[1153,272,635173,635318]
[1154,272,260455,261490]
[1155,133,384688,384334]
[1156,86,501201,501893]
[1157,210,278104,279451]
[1158,54,718498,718775]
[1159,167,166300,165542]
[1160,52,67922,68427]
[1161,270,249041,250292]
[1162,196,684563,686054]
[1163,274,360445,361931]
[1164,137,274112,272754]
[1165,66,610683,611135]
[1166,155,119315,117853]
[1167,275,379435,377980]
[1168,146,289296,290564]
[1169,150,107150,107830]
[1170,140,365520,366663]
[1171,180,153890,154513]
[1172,157,380311,379093]
[1173,95,652481,651181]
[1174,133,196327,196065]
[1175,190,292696,293010]
[1176,184,725459,725759]
[1177,124,570457,570714]
[1178,238,393513,393627]
[1179,102,92344,92566]
[1180,151,279252,278357]
[1181,102,515226,515584]
[1182,14,41200,42462]
[1183,188,521542,522384]
[1184,230,592530,593881]
[1185,129,705310,704612]
[1186,6,452242,453044]
[1187,88,9480,9599]
[1188,153,411113,410810]
[1189,200,593130,594568]
[1190,13,40649,39551]
[1191,107,224961,224038]
[1192,1,133338,132298]
[1193,259,525141,523905]
[1194,22,101108,101695]
[1195,233,470699,470022]
[1196,51,514720,513572]
[1197,98,494305,495768]
[1198,256,416459,417297]
[1199,90,199115,200590]
[1200,29,357670,356251]
[1201,17,329896,328736]
[1202,140,514335,514721]
[1203,154,526153,527038]
[1204,179,658032,656832]
[1205,60,693650,695059]
[1206,104,344869,345036]
[1207,66,717462,718189]
[1208,97,494847,494313]
[1209,185,12851,12280]
[1210,162,440828,441897]
[1211,128,450532,451980]
[1212,129,359628,358695]
[1213,67,677022,676451]
[1214,170,83132,83474]
[1215,134,268255,268408]
[1216,109,375414,375282]
[1217,167,410379,409293]
[1218,107,411213,409724]
[1219,72,302940,304390]
[1220,101,711763,710664]
[1221,33,726369,724984]
[1222,117,490877,490279]
[1223,102,251891,253232]
[1224,76,653105,654351]
[1225,40,29273,29506]
[1226,158,331376,331783]
[1227,128,612683,613332]
[1228,276,72803,73535]
[1229,115,414422,413498]
[1230,190,119142,119449]
[1231,93,269430,268089]
[1232,15,37509,36748]
[1233,163,358184,356961]
[1234,3,683018,682511]
[1235,54,725108,725859]
[1236,203,377586,377333]
[1237,39,570610,569734]
[1238,160,229872,230493]
[1239,40,75837,75979]
[1240,150,186929,187815]
[1241,249,665933,665339]
[1242,238,375461,376218]
[1243,21,548381,547661]
[1244,33,91277,90843]
[1245,269,648035,647361]
[1246,207,153978,153344]
[1247,33,59292,58614]
[1248,68,108189,109681]
[1249,76,611358,612551]
[1250,109,282137,280704]
[1251,38,133955,134870]
[1252,94,476085,476770]
[1253,225,426921,425454]
[1254,252,42572,42977]
[1255,247,350473,349408]
[1256,96,224336,225684]
[1257,44,538194,538530]
[1258,123,435826,434557]
[1259,167,573097,572447]
[1260,176,8100,8563]
[1261,270,236027,236910]
[1262,168,325771,325983]
[1263,83,241978,240706]
[1264,276,174007,175376]
[1265,200,143357,144118]
[1266,59,274624,273150]
[1267,161,117277,116448]
[1268,244,350444,351565]
[1269,61,108831,108668]
[1270,276,81958,83335]
[1271,215,127068,125867]
[1272,264,659903,660323]
[1273,158,630236,630961]
[1274,270,451783,451855]
[1275,51,468740,468335]
[1276,157,479488,478697]
[1277,56,681647,682065]
[1278,12,518978,519152]
[1279,114,193004,193619]
[1280,34,556520,556586]
[1281,63,238672,237498]
[1282,197,724417,723806]
[1283,235,532698,531831]
[1284,181,3348,3140]
[1285,95,542175,540843]
[1286,42,336938,337109]
[1287,140,359433,359861]
[1288,107,578797,578170]
[1289,67,362914,361532]
[1290,195,133285,132123]
[1291,200,433978,434639]
[1292,239,379355,379220]
[1293,254,418641,419053]
[1294,143,140915,140806]
[1295,173,238842,238782]
[1296,4,358309,358391]
[1297,139,718951,718776]
[1298,199,688557,688110]
[1299,227,461623,460391]
[1300,102,544467,545425]
[1301,40,617733,618812]
[1302,28,395918,397117]
[1303,125,341921,340999]
[1304,77,621869,620635]
[1305,238,248781,248990]
[1306,215,269857,269188]
[1307,144,718770,718905]
[1308,154,382995,384433]
[1309,106,426591,427595]
[1310,135,324668,323311]
[1311,264,329437,330621]
[1312,134,695954,696682]
[1313,270,226612,227592]
[1314,27,356792,356314]
[1315,91,261426,260709]
[1316,221,370013,368924]
[1317,101,575610,574705]
[1318,8,276862,277242]
[1319,178,126653,126777]
[1320,234,23437,23756]
[1321,33,374981,373631]
[1322,240,596004,597353]
[1323,140,27138,28414]
[1324,210,524579,525139]
[1325,247,267134,266095]
[1326,224,336016,336894]
[1327,3,45480,44456]
[1328,1,139433,139152]
[1329,10,172742,174131]
[1330,129,344433,344251]
[1331,154,137026,137869]
[1332,257,131558,130219]
[1333,249,467644,466676]
[1334,135,22623,22525]
[1335,84,357624,358005]
[1336,187,389885,388564]
[1337,43,89484,88341]
[1338,147,527329,526023]
[1339,23,100416,99000]
[1340,42,573317,574779]
[1341,224,241445,241690]
[1342,236,215052,216404]
[1343,201,9583,8083]
[1344,4,299261,299782]
[1345,236,714809,715841]
[1346,148,662145,662474]
[1347,6,190560,190992]
[1348,277,727689,726354]
[1349,114,187805,188847]
[1350,162,242469,243362]
[1351,83,238062,237337]
[1352,244,714454,714873]
[1353,273,361764,361638]
[1354,55,446814,445973]
[1355,152,124731,125960]
[1356,65,420741,419770]
[1357,221,164807,163826]
[1358,137,249723,248850]
[1359,57,371242,370874]
[1360,34,156177,156574]
[1361,206,234584,235111]
[1362,43,593232,592762]
[1363,150,426858,427049]
[1364,7,246233,245523]
[1365,244,65565,66441]
[1366,173,695762,694472]
[1367,52,484097,484983]
[1368,6,153577,154158]
[1369,144,187887,188424]
[1370,86,470232,470363]
[1371,259,100375,100146]
[1372,248,54196,54473]
[1373,126,576627,576781]
[1374,119,713673,712654]
[1375,150,567931,568224]
[1376,153,515661,515169]
[1377,132,214582,214843]
[1378,146,202730,203630]
[1379,10,162563,162664]
[1380,172,218378,218447]
[1381,81,656639,656356]
[1382,110,631527,632666]
[1383,7,392863,392128]
[1384,43,651735,650427]
[1385,88,439327,439878]
[1386,192,473971,475066]
[1387,81,388117,387910]
[1388,249,725775,724637]
[1389,51,454979,454448]
[1390,62,506798,508279]
[1391,258,496667,498146]
[1392,161,507466,506503]
[1393,176,642284,643057]
[1394,251,551177,551132]
[1395,166,513270,514499]
[1396,126,338776,340054]
[1397,99,234178,233100]
[1398,200,84963,85378]
[1399,45,666358,666257]
[1400,154,317509,318014]
[1401,159,25693,24803]
[1402,63,546864,545924]
[1403,69,387368,386447]
[1404,155,714491,712996]
[1405,268,79571,79992]
[1406,142,512051,513524]
[1407,39,229953,229290]
[1408,146,502731,503000]
[1409,254,6560,7338]
[1410,270,418294,419288]
[1411,171,395142,394871]
[1412,126,618623,619221]
[1413,80,144894,145242]
[1414,184,207535,208812]
[1415,179,409677,409179]
[1416,175,134081,133247]
[1417,198,28187,29651]
[1418,205,403576,402903]
[1419,36,250808,251195]
[1420,35,100458,99615]
[1421,28,511878,512389]
[1422,74,563612,564735]
[1423,272,286309,286786]
[1424,43,230593,230522]
[1425,174,101441,102331]
[1426,111,451658,450356]
[1427,10,482263,482808]
[1428,152,673773,674051]
[1429,244,633679,634151]
[1430,53,508191,507934]
[1431,86,64767,65035]
[1432,45,234255,233126]
[1433,42,374659,375910]
[1434,127,579551,578896]
[1435,229,218393,217097]
[1436,214,9223,10072]
[1437,8,103574,104161]
[1438,98,196966,197712]
[1439,237,191373,190703]
[1440,127,145508,145184]
[1441,182,496811,497038]
[1442,275,460052,459665]
[1443,213,575547,575080]
[1444,272,397461,398284]
[1445,120,666706,667321]
[1446,216,682699,682774]
[1447,73,661920,661228]
[1448,103,259618,259409]
[1449,253,650943,650188]
[1450,187,264003,263455]
[1451,220,312295,312698]
[1452,0,454511,455020]
[1453,17,160966,160023]
[1454,50,603331,604648]
[1455,144,448982,449602]
[1456,206,527572,527662]
[1457,86,682165,682443]
[1458,17,193456,192198]
[1459,261,186898,186534]
[1460,225,267572,266883]
[1461,230,658127,658793]
[1462,178,109149,109862]
[1463,220,185428,186704]
[1464,119,637026,635894]
[1465,202,285080,286349]
[1466,18,571561,571968]
[1467,259,565444,565147]
[1468,45,616053,615446]
[1469,256,274811,276121]
[1470,29,308145,306892]
[1471,128,718706,718774]
[1472,71,597098,595914]
[1473,177,291003,290758]
[1474,53,329334,328646]
[1475,140,385929,386842]
[1476,67,235085,233910]
[1477,82,113883,115226]
[1478,115,130554,129588]
[1479,220,239327,239661]
[1480,196,123827,124335]
[1481,149,615839,615560]
[1482,91,623949,622588]
[1483,18,412499,413864]
[1484,111,620274,620059]
[1485,276,82090,83451]
[1486,163,129194,128757]
[1487,237,399047,398031]
[1488,120,110885,111975]
[1489,206,467000,467038]
[1490,248,375693,375862]
[1491,156,273703,275190]
[1492,179,389237,388135]
[1493,129,160555,160132]
[1494,147,420127,419835]
[1495,11,322881,322586]
[1496,104,710557,711468]
[1497,70,20633,22127]
[1498,155,316265,316138]
[1499,37,385483,384146]
[1500,127,204336,204298]
[1501,129,509847,509496]
[1502,273,223099,221966]
[1503,202,516786,517499]
[1504,30,560861,562332]
[1505,173,277682,276677]
[1506,274,612063,612220]
[1507,214,635393,635924]
[1508,87,469016,467907]
[1509,11,560067,558690]
[1510,182,135808,137294]
[1511,197,361977,360832]
[1512,28,326018,326764]
[1513,279,412789,411514]
[1514,94,565870,566555]
[1515,115,115402,115329]
[1516,26,660868,661258]
[1517,16,211132,212060]
[1518,21,331101,330334]
[1519,92,694317,695147]
[1520,83,490221,488936]
[1521,157,190468,189457]
[1522,152,372000,373452]
[1523,100,308697,310074]
[1524,96,680518,681971]
[1525,71,592673,592640]
[1526,192,525412,526405]
[1527,94,257080,257904]
[1528,129,141203,140399]
[1529,205,354351,353744]
[1530,189,598179,597149]
[1531,273,673350,672642]
[1532,107,721841,720499]
[1533,32,298721,299327]
[1534,195,460276,459044]
[1535,181,507885,506751]
[1536,150,682966,683080]
[1537,190,294356,295274]
[1538,266,410656,411270]
[1539,117,136087,135317]
[1540,224,180080,180986]
[1541,197,628051,627436]
[1542,169,125032,123664]
[1543,148,174554,176009]
[1544,192,294823,295248]
[1545,221,109358,107914]
[1546,97,300626,299558]
[1547,172,268770,269566]
[1548,192,574243,575597]
[1549,121,365636,364867]
[1550,164,40166,41519]
[1551,237,35087,34426]
[1552,213,222666,222196]
[1553,39,534980,533868]
[1554,245,102951,102379]
[1555,30,459623,460525]
[1556,272,614326,615160]
[1557,242,368047,369381]
[1558,55,433979,432616]
[1559,148,618838,619981]
[1560,15,712928,712859]
[1561,23,565872,564616]
[1562,134,581033,582472]
[1563,123,74127,73079]
[1564,106,114571,115366]
[1565,37,29707,28275]
[1566,58,73836,74463]
[1567,162,342257,342306]
[1568,166,470499,471020]
[1569,241,237658,236299]
[1570,155,227059,226622]
[1571,51,266894,266641]
[1572,130,64887,65320]
[1573,86,719866,720208]
[1574,215,11130,11079]
[1575,37,324684,323665]
[1576,114,76716,77158]
[1577,25,457129,456860]
[1578,203,621266,620248]
[1579,164,334242,334286]
[1580,270,75871,76307]
[1581,274,81675,83019]
[1582,175,122464,121197]
[1583,238,380009,380065]
[1584,204,467568,468863]
[1585,97,392384,391271]
[1586,234,721712,721753]
[1587,184,628556,629730]
[1588,239,185063,183731]
[1589,76,229105,230526]
[1590,201,478612,478517]
[1591,232,390378,391016]
[1592,255,131499,130707]
[1593,279,54856,54231]
[1594,187,230383,230110]
[1595,201,678554,678177]
[1596,166,510443,511325]
[1597,148,363513,363647]
[1598,176,359742,359784]
[1599,116,538590,539610]
[1600,262,718859,720156]
