["head":"wrap","lpos","status"]
[4,252419,1]
["io count"]
[165]
["io":"id","wrap","startLpos","endLpos"]
[1,227,44638,43690]
[2,247,352056,351777]
[3,261,153375,152086]
[4,62,693659,694023]
[5,162,493413,494746]
[6,189,255357,255127]
[7,272,264425,264991]
[8,70,581713,582732]
[9,1,571328,570283]
[10,221,616860,616013]
[11,64,394586,395179]
[12,88,574648,575713]
[13,220,642428,643689]
[14,189,105147,104065]
[15,108,525308,526711]
[16,278,46472,47170]
[17,149,129372,128911]
[18,192,123427,124510]
[19,114,696188,697563]
[20,95,618304,617215]
[21,15,671127,669711]
[22,105,432502,431243]
[23,266,2759,3478]
[24,253,510530,510401]
[25,219,536346,536047]
[26,53,321768,321447]
[27,126,310872,312174]
[28,9,664169,663494]
[29,71,12314,11118]
[30,211,387982,387812]
[31,231,389283,388306]
[32,217,27376,26911]
[33,212,173288,173870]
[34,250,357991,358592]
[35,109,191466,191011]
[36,224,541796,542996]
[37,104,447203,447858]
[38,30,296134,297616]
[39,165,238933,238127]
[40,244,580015,581513]
[41,153,3057,2166]
[42,117,195394,194701]
[43,146,174894,176268]
[44,112,707961,708566]
[45,220,335645,335826]
[46,45,51368,50446]
[47,122,442425,443623]
[48,275,26256,25593]
[49,114,589916,590904]
[50,38,381432,382269]
[51,13,530144,529229]
[52,60,63483,64707]
[53,62,176533,176921]
[54,13,91151,91117]
[55,273,127300,126774]
[56,186,727153,728288]
[57,216,517040,518161]
[58,141,128047,126852]
[59,70,296690,297813]
[60,175,454487,453719]
[61,81,43674,43395]
[62,29,182408,181670]
[63,212,259797,261018]
[64,224,211576,212953]
[65,151,509837,509515]
[66,212,552417,552681]
[67,165,179285,178090]
[68,218,255580,256498]
[69,32,259613,260932]
[70,277,634841,633727]
[71,127,401770,400993]
[72,123,600063,598812]
[73,61,572502,571560]
[74,158,198629,198907]
[75,106,324852,326312]
[76,202,601374,602599]
[77,216,611767,612178]
[78,271,623333,622240]
[79,4,261290,261741]
[80,95,56583,56235]
[81,59,333014,332133]
[82,159,86951,86313]
[83,131,54296,52863]
[84,61,480109,479190]
[85,208,722000,722329]
[86,222,214722,215905]
[87,133,356918,356000]
[88,166,216029,217480]
[89,168,559271,559562]
[90,125,413286,412314]
[91,39,175330,175015]
[92,104,206350,207624]
[93,249,381585,380937]
[94,92,4162,5455]
[95,33,712556,712117]
[96,264,612778,614133]
[97,159,168303,167849]
[98,221,296018,294915]
[99,265,478783,477460]
[100,270,557743,558210]
[101,114,114676,115258]
[102,277,78800,78535]
[103,237,411785,410325]
[104,70,568913,569868]
[105,92,48153,48503]
[106,245,514259,512942]
[107,208,263744,264783]
[108,238,715764,717237]
[109,3,99536,98707]
[110,38,621746,622042]
[111,196,276798,277828]
[112,263,278846,277702]
[113,277,682310,680988]
[114,31,726463,725538]
[115,237,38716,37582]
[116,126,14727,15994]
[117,67,225206,224713]
[118,15,624310,623360]
[119,70,304888,305806]
[120,267,271391,270819]
[121,217,401216,401055]
[122,77,187684,187061]
[123,219,375904,375773]
[124,173,47758,47430]
[125,110,500156,500982]
[126,22,302326,302853]
[127,212,142598,142757]
[128,261,647113,646633]
[129,9,359482,358859]
[130,253,639507,639088]
[131,265,609685,609352]
[132,24,637886,638508]
[133,84,543985,544161]
[134,83,207706,206238]
[135,15,382074,381233]
[136,9,235093,233886]
[137,24,479021,479374]
[138,72,34680,36132]
[139,49,120107,118816]
[140,185,628143,627446]
[141,219,709731,708354]
[142,96,356561,358008]
[143,224,483628,484206]
[144,5,44841,44217]
[145,137,381538,381262]
[146,143,340770,340526]
[147,173,35339,34469]
[148,202,550868,551719]
[149,20,146382,147093]
[150,143,334316,333446]
[151,198,416868,417522]
[152,237,588279,587561]
[153,136,645677,646792]
[154,176,134995,136303]
[155,159,557507,556531]
[156,19,136004,135648]
[157,88,682148,683293]
[158,265,292266,291174]
[159,189,434825,433932]
[160,95,146847,146400]
[161,61,468470,467743]
[162,238,508095,508381]
[163,47,688303,687628]
[164,253,36885,36384]
[165,260,351849,352993]
