["head":"wrap","lpos","status"]
[218,707760,0]
["io count"]
[1650]
["io":"id","wrap","startLpos","endLpos"]
[1,153,511259,509952]
[2,152,347649,348886]
[3,108,196052,196679]
[4,204,106473,107620]
[5,34,29383,30110]
[6,148,344487,345453]
[7,81,484435,484145]
[8,180,410784,411309]
[9,14,260127,260331]
[10,5,88618,87357]
[11,147,153969,152788]
[12,127,122402,122120]
[13,277,400138,399854]
[14,223,352168,351911]
[15,278,690492,691897]
[16,195,257944,257687]
[17,124,712436,713283]
[18,82,118680,118813]
[19,169,555120,553979]
[20,47,557214,556475]
[21,130,231922,231974]
[22,118,173838,174653]
[23,17,172247,170951]
[24,157,53324,52872]
[25,165,20819,19537]
[26,242,224463,224991]
[27,279,445629,445220]
[28,189,325728,324449]
[29,232,482570,483040]
[30,179,509634,508857]
[31,72,199277,199914]
[32,130,538949,539525]
[33,57,518647,517549]
[34,99,615052,614770]
[35,15,441154,440056]
[36,238,507728,508652]
[37,171,33721,32658]
[38,174,569011,569884]
[39,68,413672,414642]
[40,134,80079,81460]
[41,264,309487,310137]
[42,267,551670,551548]
[43,234,117790,119113]
[44,116,723428,723662]
[45,201,430642,430501]
[46,48,718741,718849]
[47,65,311320,311201]
[48,160,32470,33774]
[49,119,720759,719513]
[50,239,421577,421233]
[51,61,68727,68338]
[52,91,355464,354924]
[53,76,429945,431350]
[54,227,637845,636999]
[55,214,636567,636854]
[56,163,175160,174977]
[57,224,651837,653229]
[58,206,575184,576605]
[59,53,228933,228767]
[60,13,94215,93846]
[61,179,456197,455131]
[62,88,458682,460133]
[63,130,389130,389214]
[64,164,253725,254015]
[65,107,209062,208253]
[66,51,585398,585113]
[67,141,203919,202473]
[68,173,115822,114770]
[69,132,652022,652722]
[70,59,10454,9228]
[71,157,6077,5044]
[72,28,205027,205504]
[73,0,376231,376562]
[74,156,498459,498833]
[75,65,549791,549346]
[76,29,177129,176268]
[77,88,405875,406113]
[78,56,457724,458524]
[79,25,112045,111056]
[80,220,725607,726526]
[81,264,276443,277064]
[82,239,23223,21864]
[83,277,400401,399191]
[84,120,27114,27592]
[85,53,292422,291802]
[86,15,218288,217665]
[87,65,42928,42555]
[88,115,485889,485713]
[89,92,433074,434301]
[90,105,47072,46277]
[91,265,423051,421966]
[92,154,647927,649220]
[93,201,203428,202173]
[94,212,107462,108434]
[95,4,307669,308568]
[96,219,419308,418499]
[97,61,34976,34797]
[98,100,729034,729105]
[99,6,373501,374709]
[100,180,535888,536648]
[101,263,496972,495809]
[102,140,574055,574225]
[103,184,99800,100119]
[104,181,553324,552267]
[105,125,313350,312677]
[106,175,445686,445575]
[107,43,646113,645201]
[108,251,499692,499353]
[109,226,403381,404542]
[110,159,204920,203861]
[111,255,485512,484978]
[112,91,441944,441911]
[113,122,599888,600710]
[114,131,702533,702217]
[115,49,701099,699678]
[116,247,19514,18710]
[117,259,110271,108787]
[118,157,437769,437593]
[119,88,182883,182932]
[120,32,624865,625446]
[121,276,294087,294231]
[122,130,30052,30108]
[123,144,289682,290481]
[124,94,293377,294383]
[125,86,101413,101853]
[126,126,510659,511555]
[127,199,138316,138116]
[128,17,267366,266618]
[129,69,474833,473547]
[130,187,548712,547804]
[131,249,704252,703901]
[132,31,609897,609471]
[133,11,556165,556128]
[134,86,456222,457657]
[135,21,576340,575130]
[136,275,652306,651039]
[137,120,62264,63431]
[138,250,487157,487864]
[139,183,232043,230782]
[140,234,497393,497991]
[141,36,285971,286333]
[142,205,40846,40467]
[143,6,654954,656087]
[144,120,515882,516086]
[145,131,91567,91531]
[146,268,671417,671865]
[147,93,481242,479749]
[148,3,179787,179449]
[149,74,466121,467611]
[150,248,444480,445173]
[151,257,366150,365097]
[152,240,29474,30220]
[153,227,73467,72953]
[154,259,657219,656410]
[155,86,519931,520440]
[156,59,519096,518787]
[157,244,66729,67754]
[158,50,334672,335213]
[159,67,484428,484017]
[160,57,417740,416286]
[161,258,234841,236202]
[162,132,154931,155868]
[163,6,442399,442912]
[164,150,550199,550858]
[165,195,662611,662546]
[166,181,246089,245253]
[167,143,51516,50658]
[168,95,393711,392977]
[169,13,551738,551566]
[170,134,55489,56051]
[171,3,537238,536192]
[172,147,255661,254364]
[173,181,607176,606791]
[174,11,207744,207032]
[175,63,561245,560551]
[176,272,192507,192559]
[177,128,292832,293486]
[178,223,177745,176720]
[179,112,141852,142095]
[180,4,511900,512441]
[181,109,653865,653396]
[182,61,426177,426120]
[183,278,706240,706285]
[184,259,651485,650809]
[185,232,9942,10879]
[186,26,578374,579852]
[187,253,319248,318155]
[188,92,16940,17687]
[189,185,263711,262950]
[190,253,162264,161834]
[191,184,507096,507384]
[192,271,460361,459731]
[193,252,481637,482322]
[194,102,562430,562474]
[195,150,481773,482489]
[196,210,579351,579893]
[197,81,539524,538814]
[198,102,709121,709752]
[199,128,263536,264249]
[200,125,557611,556583]
[201,279,522243,521061]
[202,197,522662,521167]
[203,68,164824,165756]
[204,118,107299,107845]
[205,52,278421,279824]
[206,267,473340,471998]
[207,175,484493,483280]
[208,277,298200,297872]
[209,16,625543,625988]
[210,241,253889,253756]
[211,267,170431,170155]
[212,65,64641,63631]
[213,91,266389,265571]
[214,45,128433,127365]
[215,46,384885,385747]
[216,40,236506,238004]
[217,102,157013,157401]
[218,271,82398,81094]
[219,121,408758,407445]
[220,21,331721,331132]
[221,213,15269,14310]
[222,237,716725,715981]
[223,172,78604,79437]
[224,34,186592,187010]
[225,56,338032,338327]
[226,144,483107,483920]
[227,108,12523,13971]
[228,107,510250,509925]
[229,151,298919,298837]
[230,105,679981,678964]
[231,27,636522,635715]
[232,57,674674,674534]
[233,44,427314,427824]
[234,145,377526,376486]
[235,78,5514,6497]
[236,261,660240,658999]
[237,148,443225,443980]
[238,10,157637,158553]
[239,60,555533,555715]
[240,150,444800,445053]
[241,142,479980,481324]
[242,182,553965,554498]
[243,208,192226,193423]
[244,198,688552,689062]
[245,207,389634,389475]
[246,268,457592,458173]
[247,260,468373,469105]
[248,168,546788,546886]
[249,90,298091,299412]
[250,157,240439,239252]
[251,39,670998,669776]
[252,143,195360,194686]
[253,31,259212,258059]
[254,225,582343,581005]
[255,153,63038,62984]
[256,110,75906,77322]
[257,89,571280,570477]
[258,161,412019,410619]
[259,189,68237,67420]
[260,221,531632,531579]
[261,8,480505,480800]
[262,262,628898,629859]
[263,15,431223,429954]
[264,35,597069,596532]
[265,38,675017,675831]
[266,225,111165,110374]
[267,114,238709,239058]
[268,279,162484,162351]
[269,158,358518,359169]
[270,71,67164,66095]
[271,177,384845,384463]
[272,84,166106,167589]
[273,219,260238,259432]
[274,52,397811,399087]
[275,189,21860,20613]
[276,182,175351,176570]
[277,67,52895,52722]
[278,89,13407,12838]
[279,167,457168,456811]
[280,85,390158,389443]
[281,212,292018,292303]
[282,244,133468,133849]
[283,66,513306,514290]
[284,12,65787,66865]
[285,222,423079,423704]
[286,224,433608,433876]
[287,18,514065,514250]
[288,165,638800,637559]
[289,15,390677,389946]
[290,233,325971,325304]
[291,224,507021,508287]
[292,33,534960,533990]
[293,116,555188,555742]
[294,246,85129,85763]
[295,257,384848,383932]
[296,85,129947,128718]
[297,250,710537,711622]
[298,264,593469,594483]
[299,163,599237,598052]
[300,174,84845,86136]
[301,250,498274,499228]
[302,109,21683,20492]
[303,29,427871,426591]
[304,91,135907,135848]
[305,14,648023,648768]
[306,79,393753,392401]
[307,16,211682,212361]
[308,6,198452,199870]
[309,98,711422,712470]
[310,227,273479,272382]
[311,62,335416,336113]
[312,22,248034,249005]
[313,81,255350,254055]
[314,57,457167,457111]
[315,278,417314,417710]
[316,14,310316,311725]
[317,251,368574,367360]
[318,99,169067,168290]
[319,11,217375,216758]
[320,81,369559,368762]
[321,8,564946,565105]
[322,173,542279,542138]
[323,187,228446,227428]
[324,158,595484,596178]
[325,52,281762,283088]
[326,230,112443,113575]
[327,231,89614,88400]
[328,145,215690,214398]
[329,94,284878,286075]
[330,117,697153,697099]
[331,80,167501,167871]
[332,136,162222,163430]
[333,168,694700,695382]
[334,90,695718,696984]
[335,58,379,1613]
[336,239,280505,279775]
[337,143,329622,328790]
[338,25,515879,515719]
[339,65,180818,179431]
[340,168,252096,252734]
[341,46,580319,581466]
[342,241,684691,683380]
[343,27,389379,388947]
[344,115,656683,656193]
[345,11,616204,615463]
[346,267,83588,82625]
[347,171,32341,31597]
[348,222,391443,392899]
[349,9,308748,307504]
[350,100,73873,74531]
[351,47,65660,65619]
[352,143,79444,78797]
[353,164,496873,497809]
[354,86,721471,721687]
[355,63,422773,421801]
[356,186,311021,311384]
[357,55,224550,223392]
[358,197,627258,627066]
[359,244,90556,90759]
[360,198,428037,428399]
[361,24,7867,9244]
[362,80,214374,214815]
[363,40,256297,257402]
[364,145,366205,365397]
[365,172,65298,65499]
[366,2,312514,313012]
[367,144,49400,50794]
[368,121,165292,164809]
[369,117,216042,214723]
[370,101,256476,255093]
[371,111,225382,225102]
[372,104,492197,492318]
[373,30,98894,98936]
[374,152,537853,539113]
[375,77,341251,340798]
[376,248,680941,681856]
[377,268,352169,353669]
[378,166,52377,53561]
[379,99,51652,50955]
[380,206,353196,353404]
[381,185,625977,624752]
[382,220,415,754]
[383,192,646396,647668]
[384,43,265733,265005]
[385,90,636863,637766]
[386,31,539922,539889]
[387,29,586539,585058]
[388,226,32423,32761]
[389,138,48095,48464]
[390,117,637034,635548]
[391,19,519426,519010]
[392,12,282545,283209]
[393,3,401144,399909]
[394,163,616796,616001]
[395,162,206511,207843]
[396,153,247246,246737]
[397,19,421669,420545]
[398,169,71137,69930]
[399,69,88297,87560]
[400,170,477810,479025]
[401,175,616935,616243]
[402,246,647102,647719]
[403,68,232641,233148]
[404,142,679038,679848]
[405,239,395570,394455]
[406,1,708954,708237]
[407,149,368506,368254]
[408,72,144068,144560]
[409,221,180579,179756]
[410,60,88331,88651]
[411,231,562544,561296]
[412,152,81723,82742]
[413,197,65062,64647]
[414,235,650906,650093]
[415,153,578883,577869]
[416,19,425079,424901]
[417,35,500186,499366]
[418,162,186148,187108]
[419,81,265454,264272]
[420,127,580428,579169]
[421,258,339494,340671]
[422,213,104935,104026]
[423,276,334415,334898]
[424,229,334606,333815]
[425,265,221367,220536]
[426,58,347398,348447]
[427,14,513243,513700]
[428,15,588290,587332]
[429,51,657710,656416]
[430,34,60580,60650]
[431,234,529078,530034]
[432,171,258155,257565]
[433,164,252888,253685]
[434,99,696461,695402]
[435,219,513490,512610]
[436,269,454391,454337]
[437,39,62637,61933]
[438,104,259771,260875]
[439,231,599745,598656]
[440,8,148083,149018]
[441,122,413334,413508]
[442,131,142418,141933]
[443,209,330746,329385]
[444,75,543200,543000]
[445,227,330539,330161]
[446,33,14513,13593]
[447,31,470149,469986]
[448,232,411099,411249]
[449,55,164279,163883]
[450,18,313365,314854]
[451,228,77160,77412]
[452,132,599318,600544]
[453,0,194502,195768]
[454,82,456239,456862]
[455,218,224751,226145]
[456,160,670721,670883]
[457,152,562617,564098]
[458,142,579164,579757]
[459,113,97811,96634]
[460,26,142818,143827]
[461,22,350419,350506]
[462,80,629264,629400]
[463,219,523944,523564]
[464,90,213441,213606]
[465,131,278481,278213]
[466,163,634065,633037]
[467,126,37735,39015]
[468,50,27312,28416]
[469,139,153926,153683]
[470,14,214045,214869]
[471,165,637359,636615]
[472,9,45758,45101]
[473,146,37780,37867]
[474,147,693052,692324]
[475,273,163990,162651]
[476,138,384972,385590]
[477,208,335838,335909]
[478,46,24075,24368]
[479,7,200047,198698]
[480,139,302215,301286]
[481,24,519985,521342]
[482,213,484036,483807]
[483,196,157316,158689]
[484,181,427089,426004]
[485,278,661115,661952]
[486,60,116588,116946]
[487,18,417494,418409]
[488,208,305172,306189]
[489,128,94498,95958]
[490,93,475604,475355]
[491,1,138622,138322]
[492,247,621979,620871]
[493,238,95488,95637]
[494,132,458727,460103]
[495,95,709231,708378]
[496,108,231487,231785]
[497,193,126541,125942]
[498,87,10539,10374]
[499,24,363687,364274]
[500,221,562765,561608]
[501,229,187540,186073]
[502,146,696310,696423]
[503,221,278404,278022]
[504,10,469363,470474]
[505,28,211792,212273]
[506,250,71605,71695]
[507,62,384674,385477]
[508,124,634056,634822]
[509,275,436708,435211]
[510,13,119140,118908]
[511,226,108241,109522]
[512,84,518645,518695]
[513,245,205733,205530]
[514,44,103794,104672]
[515,89,662617,661986]
[516,220,483421,484921]
[517,239,462447,461449]
[518,261,326174,326107]
[519,204,697328,697671]
[520,61,349993,348901]
[521,232,535494,536834]
[522,263,386572,386181]
[523,150,125035,125940]
[524,186,618519,618967]
[525,87,628473,627343]
[526,99,321450,321066]
[527,253,289580,288667]
[528,21,713688,713395]
[529,173,465878,464825]
[530,153,182476,182036]
[531,93,623869,623828]
[532,110,142718,143845]
[533,5,70240,70171]
[534,99,486541,485466]
[535,133,699916,698418]
[536,147,705926,705065]
[537,220,499342,500764]
[538,236,267709,268990]
[539,175,174296,173686]
[540,236,164279,165028]
[541,152,395766,396038]
[542,253,677802,677066]
[543,22,643657,644757]
[544,57,138747,138456]
[545,245,411209,410592]
[546,14,117725,119072]
[547,163,404683,404580]
[548,8,675302,676043]
[549,83,708010,706607]
[550,169,594537,593083]
[551,32,489982,490497]
[552,259,626189,624925]
[553,145,205787,204628]
[554,191,579596,578430]
[555,228,722815,723838]
[556,162,59714,59981]
[557,129,429855,429301]
[558,129,112331,111634]
[559,210,627420,628796]
[560,251,36761,36471]
[561,279,94016,93089]
[562,248,24978,25389]
[563,275,692321,692239]
[564,244,21612,22267]
[565,39,577251,576057]
[566,173,536903,536375]
[567,109,27143,26662]
[568,137,720406,719911]
[569,209,497959,497918]
[570,174,18448,19484]
[571,180,117014,118047]
[572,258,76947,77585]
[573,164,721335,722262]
[574,88,311925,312189]
[575,84,465400,465980]
[576,25,284969,283863]
[577,138,219884,221228]
[578,94,177691,178125]
[579,190,344359,345281]
[580,111,709664,708459]
[581,240,594945,595840]
[582,266,453138,454063]
[583,124,73933,75280]
[584,210,85002,85156]
[585,9,218048,218009]
[586,140,219062,219120]
[587,120,611272,612283]
[588,75,148435,147175]
[589,56,693694,694132]
[590,151,654897,654527]
[591,278,604807,605483]
[592,168,139798,140567]
[593,65,90074,90011]
[594,140,552371,552775]
[595,108,542568,543542]
[596,77,314934,314787]
[597,201,62276,61227]
[598,65,404346,402932]
[599,52,668257,669151]
[600,24,51265,52075]
[601,138,276878,277729]
[602,273,248512,247303]
[603,232,58787,59503]
[604,249,671176,670121]
[605,123,657164,656679]
[606,220,406032,407253]
[607,198,588182,589267]
[608,28,668901,668949]
[609,14,447794,448811]
[610,208,722124,723110]
[611,166,722710,723162]
[612,203,208399,207505]
[613,255,635640,635381]
[614,86,114606,115842]
[615,214,175699,176180]
[616,129,337191,336167]
[617,218,376275,377671]
[618,43,569473,568138]
[619,234,87185,88091]
[620,210,465201,465563]
[621,229,223837,222956]
[622,112,610785,611254]
[623,254,558173,559488]
[624,215,444842,444653]
[625,105,39436,38196]
[626,259,185014,183653]
[627,75,264510,263866]
[628,116,600212,601483]
[629,71,635203,633750]
[630,91,449537,448720]
[631,69,55189,53806]
[632,4,17598,17709]
[633,36,254335,255257]
[634,220,241092,241581]
[635,9,221312,220533]
[636,237,633447,632303]
[637,257,54185,53088]
[638,186,405524,405597]
[639,21,200611,200171]
[640,128,312857,313576]
[641,100,450236,450949]
[642,223,639763,639229]
[643,73,624945,624257]
[644,143,211887,210818]
[645,82,160682,162180]
[646,121,504753,503423]
[647,54,359686,360593]
[648,190,204403,204591]
[649,50,688929,690428]
[650,138,138067,138210]
[651,180,490454,490980]
[652,179,198636,198413]
[653,234,88759,89150]
[654,217,650801,649792]
[655,142,472242,472466]
[656,212,185322,186722]
[657,167,32513,32475]
[658,118,713468,714409]
[659,90,352115,352277]
[660,174,226990,228295]
[661,125,457914,457187]
[662,54,174047,174124]
[663,146,396413,396584]
[664,150,559378,560698]
[665,57,661878,661688]
[666,52,576456,577721]
[667,207,412999,412764]
[668,221,399136,398767]
[669,172,595015,595050]
[670,182,529903,530109]
[671,100,601534,602116]
[672,228,23084,24365]
[673,274,30244,31338]
[674,223,304446,304145]
[675,138,94991,95936]
[676,33,319429,319161]
[677,113,544148,542951]
[678,196,196363,197313]
[679,63,623573,623338]
[680,25,32173,31947]
[681,54,362029,363174]
[682,84,98062,98588]
[683,251,58708,57505]
[684,158,82557,82889]
[685,279,189747,188267]
[686,196,391525,391765]
[687,266,438371,439466]
[688,36,144196,145163]
[689,182,119040,120517]
[690,142,542807,543130]
[691,276,686932,688347]
[692,260,563437,564279]
[693,54,387284,387320]
[694,274,205194,205649]
[695,264,172822,173540]
[696,92,4656,6042]
[697,176,517404,518155]
[698,215,438708,437331]
[699,55,392868,391938]
[700,3,370484,370438]
[701,171,680594,680533]
[702,69,178381,177065]
[703,130,360993,361598]
[704,182,393448,394904]
[705,216,561153,562532]
[706,104,108215,109447]
[707,103,144478,144214]
[708,164,672699,674094]
[709,54,442138,443169]
[710,215,580211,579617]
[711,160,74438,75327]
[712,24,666793,667068]
[713,20,574701,576003]
[714,243,628403,627076]
[715,247,441776,440533]
[716,185,301872,300957]
[717,243,429258,427994]
[718,240,671240,672313]
[719,23,653583,652693]
[720,238,242181,242560]
[721,11,17107,16228]
[722,82,536222,537191]
[723,50,136730,136836]
[724,80,574839,575843]
[725,165,264253,264078]
[726,97,96700,95787]
[727,188,636228,636838]
[728,155,564088,562789]
[729,171,578018,577357]
[730,55,294446,292987]
[731,196,300552,301190]
[732,5,502963,502618]
[733,195,154328,153438]
[734,103,440808,439996]
[735,17,27174,26183]
[736,194,284662,286047]
[737,101,511431,510015]
[738,221,216116,216029]
[739,59,89535,89369]
[740,257,188425,186993]
[741,50,668983,669417]
[742,85,455044,453706]
[743,180,704642,704826]
[744,211,196250,194851]
[745,98,462694,463565]
[746,59,275665,274467]
[747,116,633827,635107]
[748,104,573781,574564]
[749,164,36369,36439]
[750,139,356586,355691]
[751,168,304261,304676]
[752,238,364690,365940]
[753,231,178024,177340]
[754,49,63650,62226]
[755,274,173208,174166]
[756,39,644796,644238]
[757,127,34997,34035]
[758,238,382798,383201]
[759,120,201145,201644]
[760,225,356497,356305]
[761,194,25293,26047]
[762,107,273052,272056]
[763,1,703485,703009]
[764,118,242203,242335]
[765,95,223980,223498]
[766,264,642469,642890]
[767,194,668773,669456]
[768,109,281283,280564]
[769,121,234874,233890]
[770,13,62834,62221]
[771,224,122018,122714]
[772,195,220242,219554]
[773,34,303621,305084]
[774,213,328992,327727]
[775,226,389881,391059]
[776,94,151267,152356]
[777,76,45972,47096]
[778,24,25538,26276]
[779,222,479863,481011]
[780,220,721970,723427]
[781,127,330814,330437]
[782,22,149802,150691]
[783,40,41607,42826]
[784,148,373839,374643]
[785,86,542748,542964]
[786,120,617114,617663]
[787,176,711779,712037]
[788,172,17884,18897]
[789,166,108769,109123]
[790,87,478232,477524]
[791,82,686077,687404]
[792,136,319446,320572]
[793,46,121012,122277]
[794,8,601841,602964]
[795,24,128565,128651]
[796,205,508279,508155]
[797,244,138069,138111]
[798,51,531724,531179]
[799,205,614367,613247]
[800,158,421439,421573]
[801,269,16161,15971]
[802,27,574852,573518]
[803,11,728069,727360]
[804,3,306688,306211]
[805,84,275187,276671]
[806,159,293325,292427]
[807,3,337493,337071]
[808,12,454585,454870]
[809,207,143367,143218]
[810,133,430348,430081]
[811,154,588704,589874]
[812,41,620348,619510]
[813,126,315439,315626]
[814,26,373484,374468]
[815,170,475924,476691]
[816,149,466153,464767]
[817,115,57605,57549]
[818,271,711243,710672]
[819,29,333875,332421]
[820,182,348563,349674]
[821,214,405774,406091]
[822,246,84214,84643]
[823,203,8754,8691]
[824,131,108404,107892]
[825,81,308007,306846]
[826,116,287763,289126]
[827,236,298210,299180]
[828,27,433755,433563]
[829,252,623595,624971]
[830,119,8918,8436]
[831,155,629772,628845]
[832,88,434243,435541]
[833,33,89592,88746]
[834,103,339862,339075]
[835,68,40572,41596]
[836,206,480431,481101]
[837,93,730,232]
[838,263,135950,135340]
[839,108,660659,661963]
[840,162,638592,638802]
[841,72,663139,664406]
[842,147,92172,92025]
[843,90,87138,87915]
[844,236,22857,23063]
[845,224,259705,260666]
[846,97,709244,708864]
[847,43,110379,109134]
[848,152,348301,349553]
[849,163,400544,399949]
[850,93,358757,357486]
[851,77,48459,48297]
[852,149,579010,578743]
[853,191,337791,336401]
[854,261,466570,465578]
[855,121,332989,332352]
[856,277,531590,530299]
[857,93,15351,15109]
[858,114,103357,103812]
[859,30,503581,504165]
[860,259,37708,37578]
[861,51,487869,487658]
[862,201,513942,512974]
[863,166,438646,438987]
[864,245,256259,255278]
[865,228,584832,585905]
[866,195,205329,204360]
[867,73,202744,202147]
[868,211,104623,103571]
[869,236,630141,630295]
[870,240,221544,222372]
[871,35,113688,112550]
[872,117,513338,512729]
[873,104,504021,504970]
[874,161,402378,401835]
[875,45,112423,112066]
[876,201,189924,188905]
[877,179,660806,659994]
[878,162,292232,293287]
[879,10,35798,36508]
[880,27,475282,473797]
[881,150,57244,58187]
[882,243,427224,425946]
[883,80,624568,625985]
[884,45,651664,651514]
[885,208,74393,75030]
[886,146,169893,171342]
[887,211,277297,275827]
[888,26,74392,74992]
[889,236,293308,293857]
[890,65,620619,619490]
[891,125,137552,136139]
[892,24,188149,188798]
[893,247,92066,90582]
[894,219,701355,701056]
[895,212,596745,596918]
[896,218,381969,382391]
[897,10,87776,88157]
[898,239,6861,6700]
[899,30,177584,178183]
[900,154,652979,653293]
[901,48,577819,578511]
[902,6,548524,548729]
[903,214,325774,325982]
[904,237,230265,228889]
[905,148,254684,255834]
[906,206,232508,233045]
[907,133,669863,669776]
[908,141,80335,79165]
[909,32,387818,388912]
[910,259,194327,193429]
[911,109,49366,48313]
[912,144,2252,2700]
[913,51,279169,278113]
[914,192,272763,273953]
[915,174,522962,523009]
[916,65,531102,529968]
[917,94,571439,572327]
[918,146,351375,352491]
[919,173,510017,509588]
[920,152,350120,350206]
[921,184,390443,391591]
[922,179,179121,178003]
[923,202,687630,687914]
[924,224,506934,508292]
[925,129,433040,431637]
[926,63,56308,55892]
[927,46,547055,547333]
[928,72,185533,186256]
[929,94,129382,129995]
[930,35,342559,342046]
[931,90,283199,283969]
[932,135,614547,613630]
[933,240,350754,351977]
[934,207,456515,455816]
[935,29,514107,512854]
[936,50,101293,102408]
[937,73,318574,317704]
[938,174,107220,108176]
[939,16,501671,502681]
[940,145,488749,487427]
[941,26,620848,621337]
[942,141,712700,711338]
[943,255,442851,442265]
[944,2,372812,372940]
[945,61,490182,489699]
[946,189,565736,564508]
[947,150,722856,723154]
[948,178,375282,376039]
[949,59,477484,477356]
[950,273,723815,722996]
[951,213,69684,69626]
[952,148,192407,193323]
[953,84,253620,254048]
[954,138,278625,279090]
[955,162,473951,475080]
[956,247,680639,680237]
[957,67,164699,164517]
[958,23,590692,590525]
[959,91,311365,310298]
[960,29,643614,643492]
[961,111,198400,197116]
[962,48,463905,465307]
[963,110,362636,362984]
[964,247,362776,362434]
[965,84,134484,134659]
[966,89,558199,557061]
[967,22,197134,197322]
[968,212,668418,668743]
[969,181,674697,674593]
[970,207,289874,289449]
[971,150,439267,439617]
[972,263,17392,16954]
[973,80,35434,36929]
[974,46,525622,526577]
[975,102,669630,670553]
[976,35,45595,44121]
[977,95,635058,634322]
[978,60,321568,322026]
[979,37,377069,376550]
[980,110,301672,302486]
[981,188,492016,493369]
[982,140,478018,479333]
[983,5,14589,13403]
[984,24,169273,169358]
[985,36,588742,589891]
[986,230,221244,221701]
[987,204,440546,441135]
[988,16,4270,5023]
[989,44,680013,680812]
[990,98,130756,131355]
[991,244,494958,495196]
[992,138,268916,270242]
[993,243,491482,490105]
[994,112,623926,625154]
[995,212,604892,605423]
[996,179,393090,392000]
[997,145,603094,602153]
[998,56,213346,214366]
[999,170,407122,408329]
[1000,236,616381,616780]
[1001,37,206793,205615]
[1002,108,501098,502110]
[1003,32,102080,102599]
[1004,184,481280,481889]
[1005,222,521137,522503]
[1006,187,127346,126089]
[1007,133,251626,250897]
[1008,160,98074,98676]
[1009,135,703610,702778]
[1010,253,292636,291515]
[1011,238,376406,377646]
[1012,184,241631,241739]
[1013,111,130921,129617]
[1014,138,402549,403158]
[1015,193,679459,678668]
[1016,246,205896,206835]
[1017,111,260836,260106]
[1018,253,384900,384835]
[1019,128,159988,161467]
[1020,11,465362,464022]
[1021,249,700952,699487]
[1022,246,483629,484425]
[1023,259,467393,466607]
[1024,258,682989,683989]
[1025,86,342205,342532]
[1026,171,20195,19191]
[1027,163,637582,637354]
[1028,9,347547,346273]
[1029,20,548799,549337]
[1030,156,596122,596869]
[1031,72,559463,560346]
[1032,54,442574,443121]
[1033,3,684503,683017]
[1034,68,676244,677234]
[1035,43,691949,691050]
[1036,260,136389,137778]
[1037,139,613464,613287]
[1038,272,402366,402988]
[1039,136,547308,547851]
[1040,65,452633,451225]
[1041,204,566803,568180]
[1042,2,221063,221148]
[1043,80,239800,240078]
[1044,165,204922,203424]
[1045,146,189446,189852]
[1046,270,697609,698370]
[1047,210,395808,396585]
[1048,232,447588,448259]
[1049,79,543177,542444]
[1050,101,589080,588659]
[1051,26,702930,703683]
[1052,143,101827,101328]
[1053,54,615612,616759]
[1054,11,570700,569382]
[1055,191,597010,596136]
[1056,154,30231,30546]
[1057,212,668354,669700]
[1058,213,333503,332437]
[1059,184,409410,410420]
[1060,160,296692,297081]
[1061,246,329074,329464]
[1062,60,386802,387871]
[1063,208,215610,216083]
[1064,257,258637,257812]
[1065,232,525350,526000]
[1066,237,24354,23029]
[1067,201,337575,337085]
[1068,153,42861,42399]
[1069,25,36016,35482]
[1070,168,139964,140337]
[1071,198,194829,196248]
[1072,29,678620,677667]
[1073,259,21735,20759]
[1074,195,600613,599717]
[1075,211,308562,307931]
[1076,125,486715,485248]
[1077,86,571321,572647]
[1078,197,35335,35046]
[1079,274,507392,507745]
[1080,19,488789,488733]
[1081,50,30065,31010]
[1082,265,282377,280953]
[1083,265,568607,567467]
[1084,184,601318,602671]
[1085,269,97628,96987]
[1086,215,563502,562315]
[1087,37,65095,63774]
[1088,32,420356,420454]
[1089,162,511395,512307]
[1090,14,608671,608875]
[1091,117,233702,233048]
[1092,51,163699,162954]
[1093,201,136724,135424]
[1094,206,602215,602419]
[1095,21,372462,371746]
[1096,0,476987,477952]
[1097,268,270217,270740]
[1098,140,383724,384072]
[1099,220,31346,31625]
[1100,218,183214,184198]
[1101,109,482946,482552]
[1102,243,328450,328168]
[1103,216,416614,417927]
[1104,275,267656,266707]
[1105,50,531834,531878]
[1106,230,92543,93582]
[1107,122,597331,597861]
[1108,122,596354,597734]
[1109,243,684802,683992]
[1110,229,67450,66458]
[1111,44,108133,109238]
[1112,261,464307,464211]
[1113,123,693507,693002]
[1114,190,578009,578419]
[1115,202,721334,722758]
[1116,91,74811,74625]
[1117,188,102905,103394]
[1118,63,286053,285553]
[1119,78,648726,649198]
[1120,79,101713,101203]
[1121,141,370074,368615]
[1122,178,251216,252414]
[1123,168,502000,502442]
[1124,27,290324,290071]
[1125,90,90989,91406]
[1126,93,358556,358401]
[1127,212,33578,34805]
[1128,206,537070,537328]
[1129,127,92388,92147]
[1130,166,7468,7792]
[1131,38,464901,465886]
[1132,79,79016,78218]
[1133,241,191319,190963]
[1134,124,185464,185596]
[1135,47,68206,66814]
[1136,110,410751,410862]
[1137,4,533620,533823]
[1138,114,432144,433216]
[1139,272,12095,12461]
[1140,65,190243,189472]
[1141,191,695975,695455]
[1142,0,330660,331222]
[1143,217,283598,282279]
[1144,82,147544,148185]
[1145,192,367121,368448]
[1146,163,440304,440196]
[1147,211,278713,277852]
[1148,165,99912,99866]
[1149,113,410922,410157]
[1150,161,476451,475082]
[1151,16,315286,316205]
[1152,13,279977,278541]
[1153,230,228980,229013]
[1154,137,223003,221593]
[1155,245,320069,318581]
[1156,191,36453,35734]
[1157,22,329782,329926]
[1158,161,85800,85172]
[1159,136,73233,74274]
[1160,268,650565,650789]
[1161,274,187568,188590]
[1162,148,553477,553642]
[1163,247,552149,550694]
[1164,38,511483,512173]
[1165,170,436158,437128]
[1166,5,639191,638397]
[1167,157,244639,243965]
[1168,124,619407,620083]
[1169,27,154219,154040]
[1170,166,472464,473587]
[1171,166,717373,717635]
[1172,13,636195,634983]
[1173,235,190795,189942]
[1174,161,289699,288448]
[1175,270,699002,699837]
[1176,9,43329,42883]
[1177,242,549257,549779]
[1178,0,3065,3431]
[1179,269,216060,214899]
[1180,232,31527,32922]
[1181,62,676467,677726]
[1182,19,310513,309111]
[1183,147,37181,35817]
[1184,80,649689,650516]
[1185,116,605215,605554]
[1186,197,612093,610804]
[1187,242,253257,253748]
[1188,83,537028,536468]
[1189,46,211747,212823]
[1190,51,366153,364664]
[1191,170,291273,292682]
[1192,67,72499,71327]
[1193,23,39613,38460]
[1194,147,476722,475491]
[1195,243,401118,400797]
[1196,126,166660,167848]
[1197,156,247284,248674]
[1198,190,132338,132623]
[1199,192,242163,243175]
[1200,91,391292,389852]
[1201,83,700028,699669]
[1202,8,138641,139361]
[1203,38,134143,135339]
[1204,196,4817,6024]
[1205,255,211858,211719]
[1206,230,511386,512679]
[1207,178,589044,589263]
[1208,164,96647,97651]
[1209,194,222205,222561]
[1210,89,692234,692019]
[1211,243,299035,298625]
[1212,58,487552,488358]
[1213,246,725229,725733]
[1214,175,648403,647814]
[1215,221,516182,515682]
[1216,152,239612,241019]
[1217,255,341582,340440]
[1218,234,432623,434013]
[1219,233,22329,21128]
[1220,222,146149,147080]
[1221,193,62219,61144]
[1222,38,612146,612772]
[1223,67,395673,395113]
[1224,186,219738,219964]
[1225,115,248047,246600]
[1226,45,2300,1870]
[1227,183,6862,5830]
[1228,123,86797,86702]
[1229,142,493210,494131]
[1230,18,284619,285721]
[1231,38,390647,391285]
[1232,154,261554,262244]
[1233,160,391334,392071]
[1234,74,650762,651194]
[1235,14,675961,676342]
[1236,123,14903,14166]
[1237,72,703900,705351]
[1238,39,153561,152169]
[1239,165,205442,205215]
[1240,275,295940,295202]
[1241,245,587406,586784]
[1242,105,460051,459373]
[1243,21,382390,381556]
[1244,107,246051,245322]
[1245,156,668857,669701]
[1246,7,88471,88298]
[1247,205,443581,443059]
[1248,225,15770,15729]
[1249,28,235027,236002]
[1250,150,468177,469327]
[1251,182,332354,333013]
[1252,22,395675,397031]
[1253,5,369486,368539]
[1254,142,524532,525150]
[1255,105,390229,388750]
[1256,187,219337,219118]
[1257,207,18670,17866]
[1258,164,267233,267867]
[1259,162,532698,533159]
[1260,272,148608,149758]
[1261,55,232652,232046]
[1262,16,151542,152867]
[1263,67,152628,151199]
[1264,34,259471,260187]
[1265,278,646658,646983]
[1266,240,48668,49551]
[1267,38,18195,18814]
[1268,16,52482,53441]
[1269,201,220253,219622]
[1270,53,361200,361131]
[1271,129,202537,201837]
[1272,252,524246,525630]
[1273,230,365900,366484]
[1274,202,413772,413848]
[1275,74,632122,632697]
[1276,150,383838,384390]
[1277,203,334642,333904]
[1278,151,518247,517285]
[1279,100,218969,219366]
[1280,26,392442,393760]
[1281,170,393063,393945]
[1282,2,138307,139475]
[1283,185,157136,156345]
[1284,266,621488,622827]
[1285,6,118533,119505]
[1286,55,389097,388601]
[1287,173,611470,610496]
[1288,263,450262,449126]
[1289,255,681595,680405]
[1290,69,332850,332273]
[1291,60,402856,403340]
[1292,157,312520,311237]
[1293,190,262183,262490]
[1294,215,455457,455028]
[1295,27,277594,276740]
[1296,68,41211,41638]
[1297,16,52855,53635]
[1298,192,180190,180220]
[1299,248,172927,173595]
[1300,185,621646,620890]
[1301,145,81376,80288]
[1302,189,106951,106790]
[1303,35,96278,95903]
[1304,84,468013,468440]
[1305,260,284465,285443]
[1306,148,723277,724281]
[1307,93,146229,145218]
[1308,105,455836,455623]
[1309,116,186996,187783]
[1310,137,228536,227621]
[1311,56,705869,706921]
[1312,117,461512,461231]
[1313,69,578656,578305]
[1314,2,248107,249562]
[1315,85,448848,447469]
[1316,207,360005,359805]
[1317,227,262382,261794]
[1318,68,644376,645516]
[1319,273,183389,182387]
[1320,170,176975,177216]
[1321,81,437619,436989]
[1322,132,90130,90191]
[1323,61,445756,445541]
[1324,261,293008,292174]
[1325,117,518560,517637]
[1326,199,507201,506952]
[1327,103,445960,445557]
[1328,227,319481,318587]
[1329,213,589835,589024]
[1330,198,135622,135985]
[1331,112,254176,254829]
[1332,133,253882,252621]
[1333,28,674276,675700]
[1334,5,298486,297712]
[1335,229,97649,96487]
[1336,148,102949,104356]
[1337,121,522873,522581]
[1338,107,233150,232677]
[1339,158,383418,383928]
[1340,110,681653,681758]
[1341,179,315490,315233]
[1342,239,593213,591720]
[1343,24,509551,509664]
[1344,85,432092,430769]
[1345,205,398590,397464]
[1346,217,666919,666885]
[1347,190,705156,705409]
[1348,90,437525,437708]
[1349,75,240616,239790]
[1350,252,560292,560851]
[1351,47,613155,611819]
[1352,5,483654,482708]
[1353,8,729023,730499]
[1354,92,458943,460205]
[1355,53,321704,321591]
[1356,10,75464,75631]
[1357,172,272328,272874]
[1358,132,202700,202934]
[1359,7,439868,438621]
[1360,270,652099,652258]
[1361,128,310135,311517]
[1362,36,24050,24164]
[1363,64,226254,227718]
[1364,150,477938,479273]
[1365,201,569229,568724]
[1366,3,113658,113050]
[1367,274,325927,327419]
[1368,170,263585,264301]
[1369,30,526930,527412]
[1370,26,301288,301564]
[1371,171,139163,138212]
[1372,118,473312,473660]
[1373,221,338791,338655]
[1374,219,159211,158555]
[1375,204,383922,384696]
[1376,142,655661,656030]
[1377,265,388600,387554]
[1378,2,486853,487375]
[1379,215,217114,216845]
[1380,135,540774,539427]
[1381,232,538119,538659]
[1382,70,167146,168128]
[1383,93,470073,469702]
[1384,261,326175,325615]
[1385,38,577102,577821]
[1386,82,578726,579730]
[1387,261,261063,260274]
[1388,234,81928,83016]
[1389,210,531873,533252]
[1390,239,311719,310232]
[1391,11,225052,223687]
[1392,105,298324,297545]
[1393,39,90941,90572]
[1394,256,379181,379660]
[1395,99,290070,289101]
[1396,259,626310,624813]
[1397,238,372388,373840]
[1398,252,371873,372186]
[1399,38,231048,231588]
[1400,19,48378,47830]
[1401,63,359211,358045]
[1402,255,211343,210492]
[1403,198,492838,492933]
[1404,182,565129,566596]
[1405,274,385479,385577]
[1406,216,542719,542763]
[1407,260,38676,39528]
[1408,256,545025,546426]
[1409,56,344366,345784]
[1410,112,610068,610532]
[1411,3,501748,501482]
[1412,187,603050,601894]
[1413,174,728428,729054]
[1414,8,8511,8956]
[1415,159,572124,571171]
[1416,81,681641,680490]
[1417,258,419262,420449]
[1418,46,407551,408201]
[1419,86,200865,201337]
[1420,75,184218,184140]
[1421,196,134060,135256]
[1422,96,215929,216997]
[1423,200,579722,580530]
[1424,103,312245,311454]
[1425,131,34497,34175]
[1426,199,322341,321938]
[1427,52,347139,348219]
[1428,111,36931,35700]
[1429,27,400618,400364]
[1430,29,278222,277809]
[1431,26,334177,335662]
[1432,117,319105,317684]
[1433,144,705110,706394]
[1434,36,577356,578216]
[1435,83,347199,346897]
[1436,246,218763,219284]
[1437,239,289783,289169]
[1438,93,597708,597112]
[1439,56,224019,224847]
[1440,151,233599,232764]
[1441,111,134693,134551]
[1442,57,56189,54957]
[1443,154,94449,95167]
[1444,43,191041,190963]
[1445,157,339088,338022]
[1446,101,12725,12354]
[1447,58,674521,675859]
[1448,183,381834,380521]
[1449,44,454740,455163]
[1450,199,495823,494987]
[1451,80,148836,149886]
[1452,6,132032,132782]
[1453,160,23792,25144]
[1454,186,686345,687117]
[1455,76,34859,36153]
[1456,63,569439,568105]
[1457,169,200203,198749]
[1458,75,272121,271963]
[1459,180,244799,245171]
[1460,232,267787,268547]
[1461,155,89435,88093]
[1462,125,218384,217962]
[1463,117,226835,226118]
[1464,229,693621,693268]
[1465,32,236301,237076]
[1466,231,475859,475477]
[1467,35,323318,323138]
[1468,67,631565,631258]
[1469,233,718559,718105]
[1470,81,41853,41629]
[1471,81,376489,375094]
[1472,53,728188,727407]
[1473,69,450989,450044]
[1474,237,220972,220491]
[1475,182,15668,16794]
[1476,35,85678,85239]
[1477,66,288321,288804]
[1478,43,448347,446849]
[1479,8,5472,6630]
[1480,40,396040,396238]
[1481,229,154078,153372]
[1482,276,313043,314485]
[1483,182,332799,333003]
[1484,88,546270,547406]
[1485,81,360116,358896]
[1486,124,617539,618914]
[1487,88,167937,168025]
[1488,13,347559,347374]
[1489,62,576170,576867]
[1490,37,267777,267575]
[1491,236,137778,138476]
[1492,19,693205,692036]
[1493,48,660722,660845]
[1494,33,435408,434273]
[1495,278,206173,206450]
[1496,41,143293,142406]
[1497,255,410008,409884]
[1498,23,522915,522652]
[1499,60,371180,372067]
[1500,16,258755,260182]
[1501,216,432006,432513]
[1502,181,219609,218891]
[1503,209,395074,394481]
[1504,66,629774,631107]
[1505,88,122124,123016]
[1506,72,109615,109950]
[1507,234,504315,505106]
[1508,14,602310,602692]
[1509,215,446859,445879]
[1510,174,212511,213323]
[1511,151,332107,331538]
[1512,215,448858,448062]
[1513,253,436651,436454]
[1514,115,540711,539943]
[1515,206,641720,643055]
[1516,78,186979,188071]
[1517,207,422010,421897]
[1518,86,397543,398303]
[1519,249,140527,140043]
[1520,16,515007,515834]
[1521,27,639866,639023]
[1522,170,402561,403460]
[1523,157,398011,396511]
[1524,70,90455,91565]
[1525,210,158836,160254]
[1526,49,255824,255049]
[1527,12,146783,147876]
[1528,15,398424,396983]
[1529,5,668530,667942]
[1530,110,631238,632592]
[1531,211,483796,483212]
[1532,127,345594,344443]
[1533,72,252892,253892]
[1534,268,352063,352306]
[1535,22,59175,59383]
[1536,21,628177,627803]
[1537,65,322171,322122]
[1538,253,572911,571508]
[1539,161,662185,661506]
[1540,50,697791,698677]
[1541,231,423207,422116]
[1542,133,686705,685686]
[1543,87,408539,407495]
[1544,51,15712,14456]
[1545,151,178183,177538]
[1546,106,702912,703598]
[1547,227,147031,146859]
[1548,46,309214,310096]
[1549,220,261613,262667]
[1550,168,231181,231830]
[1551,27,396212,395691]
[1552,98,221726,222121]
[1553,123,298457,297597]
[1554,152,246436,247794]
[1555,110,656697,658129]
[1556,126,494439,494585]
[1557,105,357231,356696]
[1558,263,168223,167914]
[1559,238,252960,253764]
[1560,110,212165,212807]
[1561,219,572524,571062]
[1562,18,147818,148588]
[1563,235,67783,66607]
[1564,275,38473,37939]
[1565,229,73144,71931]
[1566,214,228981,230098]
[1567,5,498606,498489]
[1568,61,272656,271993]
[1569,142,381557,382937]
[1570,26,236961,238064]
[1571,91,591509,590203]
[1572,110,75733,77163]
[1573,135,722451,722002]
[1574,256,122411,122960]
[1575,196,80198,81315]
[1576,78,368579,368871]
[1577,2,429449,430744]
[1578,276,340501,340868]
[1579,236,708219,709422]
[1580,69,258176,257161]
[1581,257,160320,160136]
[1582,255,301816,301559]
[1583,215,535310,534366]
[1584,117,662411,662164]
[1585,83,476149,475340]
[1586,101,596701,595387]
[1587,54,201321,202327]
[1588,188,639982,640056]
[1589,204,306818,308048]
[1590,34,564122,564743]
[1591,65,6729,5944]
[1592,39,460115,459529]
[1593,38,273512,274697]
[1594,139,263489,263373]
[1595,214,573788,574891]
[1596,138,583822,584245]
[1597,175,368367,367719]
[1598,59,13197,12406]
[1599,42,609402,610520]
[1600,135,508356,507326]
[1601,188,154066,155179]
[1602,3,711185,711092]
[1603,261,91493,90671]
[1604,73,189529,188830]
[1605,152,603083,604095]
[1606,30,305560,305913]
[1607,178,214021,214172]
[1608,31,351250,350131]
[1609,129,423891,423838]
[1610,41,571900,571865]
[1611,43,161732,160484]
[1612,146,4550,4996]
[1613,193,118238,117271]
[1614,21,689031,687538]
[1615,24,577382,578070]
[1616,29,155473,154293]
[1617,31,283332,282203]
[1618,117,713400,712828]
[1619,38,634959,636183]
[1620,119,176555,176376]
[1621,75,538761,537748]
[1622,174,423248,424034]
[1623,107,452368,451586]
[1624,210,214939,216308]
[1625,37,224878,224769]
[1626,200,230356,231246]
[1627,228,297450,297826]
[1628,268,1571,1789]
[1629,28,215316,215395]
[1630,270,151654,153137]
[1631,183,190393,189175]
[1632,31,547730,546464]
[1633,8,108330,108781]
[1634,196,469178,469929]
[1635,82,436848,438179]
[1636,218,243088,243236]
[1637,278,55204,55307]
[1638,96,491431,492115]
[1639,235,376412,375242]
[1640,241,660561,659628]
[1641,136,719179,719875]
[1642,154,420172,420525]
[1643,171,166157,165665]
[1644,49,134187,133528]
[1645,35,616980,616091]
[1646,45,368042,367198]
[1647,223,376662,375512]
[1648,157,287246,286433]
[1649,74,46730,48013]
[1650,56,519548,520239]
