["head":"wrap","lpos","status"]
[217,275339,1]
["io count"]
[170]
["io":"id","wrap","startLpos","endLpos"]
[1,58,381976,382252]
[2,9,568978,568013]
[3,208,587716,588458]
[4,266,437565,438652]
[5,223,585684,585079]
[6,274,154188,155685]
[7,140,503617,503703]
[8,167,658807,657392]
[9,186,126538,126793]
[10,223,160047,159685]
[11,105,234679,233280]
[12,112,608982,609684]
[13,14,673844,674940]
[14,186,639262,639906]
[15,224,200905,202022]
[16,30,84280,85044]
[17,39,105036,103713]
[18,159,392791,391779]
[19,264,508145,508649]
[20,237,27414,26625]
[21,53,568362,567568]
[22,185,139675,138842]
[23,36,302374,303560]
[24,119,658972,658603]
[25,11,415893,414683]
[26,273,537064,536693]
[27,205,493026,492246]
[28,108,634013,635103]
[29,210,423715,424238]
[30,207,707287,706365]
[31,207,6821,6461]
[32,107,66345,65980]
[33,76,10920,11787]
[34,76,455796,456710]
[35,167,655163,654855]
[36,237,146609,145309]
[37,12,613926,614631]
[38,22,461732,462503]
[39,24,338454,338746]
[40,128,189822,190896]
[41,115,553796,553730]
[42,108,419991,421458]
[43,80,327819,328764]
[44,224,251865,253239]
[45,167,358685,357865]
[46,260,87651,88271]
[47,157,289435,288332]
[48,5,400189,399179]
[49,118,633769,635000]
[50,210,395515,395591]
[51,221,315049,314691]
[52,125,386565,385757]
[53,131,181527,180760]
[54,189,621666,621293]
[55,105,413583,412549]
[56,127,402091,401742]
[57,157,310515,309331]
[58,140,505511,506661]
[59,59,147481,146181]
[60,209,507842,507477]
[61,155,318147,317642]
[62,152,609199,610523]
[63,204,659845,660101]
[64,62,144478,145042]
[65,54,436180,437250]
[66,55,454199,453996]
[67,159,244568,243630]
[68,248,572926,573678]
[69,191,583997,583296]
[70,247,308825,308574]
[71,23,227623,227210]
[72,80,718757,719554]
[73,231,75925,75026]
[74,125,596130,594744]
[75,65,454105,452730]
[76,42,159836,160231]
[77,127,4398,3314]
[78,33,641479,640038]
[79,259,177124,175778]
[80,13,396008,395604]
[81,120,42060,43512]
[82,201,186796,186582]
[83,234,618135,619585]
[84,62,186487,186971]
[85,171,174552,173529]
[86,101,98558,97734]
[87,34,660450,660547]
[88,34,438453,439676]
[89,193,539443,538559]
[90,116,642283,643553]
[91,0,2486,3294]
[92,9,292731,291474]
[93,250,427176,428575]
[94,139,364616,363130]
[95,109,297085,296987]
[96,160,182116,182253]
[97,271,520337,520239]
[98,28,308035,308346]
[99,178,507274,508503]
[100,83,404350,403767]
[101,217,412146,411404]
[102,50,246648,247059]
[103,38,105089,105154]
[104,192,537356,538580]
[105,251,547297,545872]
[106,37,92579,92481]
[107,110,572723,573597]
[108,214,111151,111229]
[109,83,487232,486296]
[110,62,465679,466170]
[111,236,496367,497446]
[112,179,395596,394281]
[113,157,583061,582901]
[114,211,690811,689563]
[115,37,232181,231449]
[116,259,133732,132781]
[117,156,4349,4617]
[118,153,492886,492145]
[119,63,242571,241467]
[120,153,41594,40952]
[121,252,26343,26601]
[122,227,70499,69440]
[123,24,118753,120007]
[124,97,552836,551679]
[125,30,516419,517618]
[126,19,526579,526199]
[127,224,250190,250221]
[128,279,254533,253760]
[129,180,708979,709267]
[130,162,58952,59222]
[131,166,385938,386628]
[132,202,588389,589292]
[133,17,176270,174793]
[134,271,460556,460499]
[135,184,664496,665139]
[136,198,232173,232603]
[137,10,450351,451036]
[138,278,459356,460214]
[139,17,306043,305404]
[140,266,521803,523032]
[141,112,502091,503285]
[142,114,9195,9531]
[143,233,56483,55510]
[144,84,425600,426740]
[145,15,664798,664152]
[146,99,63719,62614]
[147,184,292673,293352]
[148,259,89109,88237]
[149,218,235629,236758]
[150,234,446431,446749]
[151,277,723376,722005]
[152,205,271814,271744]
[153,139,311620,311148]
[154,117,115278,114202]
[155,162,599341,600539]
[156,153,559540,559287]
[157,44,12587,13245]
[158,254,454737,455871]
[159,180,319442,320591]
[160,221,48571,48427]
[161,106,549702,550049]
[162,263,461301,461080]
[163,258,295898,296291]
[164,220,387451,388673]
[165,43,201728,200443]
[166,116,659615,661077]
[167,212,389387,390269]
[168,251,291091,291011]
[169,17,696022,694843]
[170,126,406574,407492]
