["head":"wrap","lpos","status"]
[137,115970,0]
["io count"]
[1700]
["io":"id","wrap","startLpos","endLpos"]
[1,204,47680,47891]
[2,98,329751,331071]
[3,30,11611,12755]
[4,129,456667,456617]
[5,241,2596,1286]
[6,5,261667,260696]
[7,14,80866,81932]
[8,136,302450,303609]
[9,0,666261,666763]
[10,260,704436,705359]
[11,98,262396,262531]
[12,74,661375,662025]
[13,13,582101,580952]
[14,124,699843,700614]
[15,134,36552,36729]
[16,126,324886,325376]
[17,262,255356,256650]
[18,267,713745,712489]
[19,266,357084,357836]
[20,239,710035,709778]
[21,252,359731,360514]
[22,175,3679,3574]
[23,130,473481,474296]
[24,31,682141,681079]
[25,215,46352,45833]
[26,189,526124,525568]
[27,28,154607,155495]
[28,36,496346,497368]
[29,32,328987,329993]
[30,89,349624,348444]
[31,159,317066,315954]
[32,57,311104,310049]
[33,255,339455,338537]
[34,215,603892,603613]
[35,37,318146,316688]
[36,158,402538,403425]
[37,196,528949,529177]
[38,276,106081,107023]
[39,100,58111,59333]
[40,193,554831,554122]
[41,64,291745,292091]
[42,181,592239,590748]
[43,209,141380,140767]
[44,128,224072,225088]
[45,49,417531,417266]
[46,203,429161,427868]
[47,62,346702,346905]
[48,5,379525,378865]
[49,29,142625,141299]
[50,12,325656,325840]
[51,188,376639,376865]
[52,196,665202,666213]
[53,136,470068,470344]
[54,58,566606,568041]
[55,12,63704,65141]
[56,93,369832,369294]
[57,249,180337,179061]
[58,246,320970,321544]
[59,271,657489,656096]
[60,134,112285,113625]
[61,52,292006,292060]
[62,96,214893,215032]
[63,3,65553,65455]
[64,20,129413,130340]
[65,138,550229,550394]
[66,23,705845,705145]
[67,170,676918,677218]
[68,117,181250,180107]
[69,155,309629,309586]
[70,48,618780,619816]
[71,8,87063,87298]
[72,187,571990,571491]
[73,263,107349,105947]
[74,211,649517,648153]
[75,220,516344,517468]
[76,41,555505,554036]
[77,61,130637,129208]
[78,205,329602,329027]
[79,232,82098,82666]
[80,108,388845,389822]
[81,99,571887,571160]
[82,162,39652,40073]
[83,188,706346,706809]
[84,24,375361,375519]
[85,221,383172,382009]
[86,2,213323,213641]
[87,90,354159,355584]
[88,154,637060,637311]
[89,236,536968,537710]
[90,255,60011,59081]
[91,232,387241,387607]
[92,47,567920,567587]
[93,169,69296,69008]
[94,236,257852,258527]
[95,153,505181,504571]
[96,108,448167,449427]
[97,91,505442,504982]
[98,225,252705,251816]
[99,220,689915,690498]
[100,25,174733,174652]
[101,135,91198,90356]
[102,134,501346,501769]
[103,135,269783,269023]
[104,76,685179,685215]
[105,95,90819,89358]
[106,268,653805,653925]
[107,233,681747,681248]
[108,11,437680,437381]
[109,99,196166,195635]
[110,211,617943,616830]
[111,13,724742,723923]
[112,83,201576,200244]
[113,122,310262,310933]
[114,235,670208,670085]
[115,34,273285,273514]
[116,131,100285,100179]
[117,253,627202,627085]
[118,152,716863,717246]
[119,99,150325,149328]
[120,275,347725,347543]
[121,228,106828,107473]
[122,252,217014,218322]
[123,166,218569,220040]
[124,32,376091,377450]
[125,234,540944,541218]
[126,176,104118,105336]
[127,20,426890,428318]
[128,277,103819,103657]
[129,49,419210,417955]
[130,186,563003,564066]
[131,127,109098,107676]
[132,225,50411,49637]
[133,209,462250,462187]
[134,109,243082,242278]
[135,243,77829,76733]
[136,75,360181,359412]
[137,124,160690,161570]
[138,241,135527,134503]
[139,105,335713,335428]
[140,55,384728,383668]
[141,127,158221,157875]
[142,25,272646,271299]
[143,32,327603,328037]
[144,28,143013,143634]
[145,220,609982,610547]
[146,138,159752,160676]
[147,229,159767,158783]
[148,259,261287,259869]
[149,29,634399,633056]
[150,193,400902,399535]
[151,52,651888,653032]
[152,218,335517,335643]
[153,211,455158,454772]
[154,2,16702,17716]
[155,135,199341,198711]
[156,48,33337,34369]
[157,104,260657,261376]
[158,267,167294,166438]
[159,266,717560,718903]
[160,233,361075,360735]
[161,15,718318,717994]
[162,6,254022,254570]
[163,17,459939,458500]
[164,178,45767,46850]
[165,191,62587,61121]
[166,59,386957,386344]
[167,247,249760,248522]
[168,38,556396,556977]
[169,5,62499,61854]
[170,170,274219,275107]
[171,180,168682,169716]
[172,24,552049,553514]
[173,51,327151,325773]
[174,167,256371,255554]
[175,4,594154,595102]
[176,0,90954,91523]
[177,268,35875,36222]
[178,228,17409,18116]
[179,81,283193,282302]
[180,210,210792,211150]
[181,227,14699,13848]
[182,205,307726,307288]
[183,185,443058,441888]
[184,144,493956,494492]
[185,59,159126,158104]
[186,273,141531,140741]
[187,57,398409,398234]
[188,113,304642,303328]
[189,134,592075,592286]
[190,243,316760,315560]
[191,185,253316,251881]
[192,217,444980,443992]
[193,61,613290,612994]
[194,153,576487,576427]
[195,240,243506,244487]
[196,161,478463,477878]
[197,69,678396,677175]
[198,225,459325,458128]
[199,232,688710,689407]
[200,236,438264,438762]
[201,42,46952,47382]
[202,229,443712,443430]
[203,93,687378,687124]
[204,230,617814,617929]
[205,82,180092,181435]
[206,146,155150,155424]
[207,171,612871,612586]
[208,4,64750,65989]
[209,237,307131,305641]
[210,55,503705,502885]
[211,52,178388,179778]
[212,28,118111,118894]
[213,204,287192,288233]
[214,15,707233,705888]
[215,65,44338,43788]
[216,148,659183,660452]
[217,73,290072,289874]
[218,173,359140,359036]
[219,10,572081,573387]
[220,55,351437,350701]
[221,115,123818,123106]
[222,35,278926,278208]
[223,250,312599,313175]
[224,97,254043,253019]
[225,274,491282,492389]
[226,7,73484,73026]
[227,175,135440,135204]
[228,262,87443,88083]
[229,219,60499,59151]
[230,238,285211,286272]
[231,224,483489,484904]
[232,100,24419,25780]
[233,120,187875,188041]
[234,90,58658,59986]
[235,204,540944,541759]
[236,279,266465,265467]
[237,84,542146,542206]
[238,61,704420,703510]
[239,255,560598,559669]
[240,3,52789,51918]
[241,97,722965,722229]
[242,264,712208,712904]
[243,151,559899,559281]
[244,8,295105,295899]
[245,99,372185,371877]
[246,171,158843,157435]
[247,2,712833,713445]
[248,115,415569,414325]
[249,113,380051,379540]
[250,238,122683,123682]
[251,90,719901,720299]
[252,147,127394,127181]
[253,214,707575,708212]
[254,238,72514,73377]
[255,123,359004,357773]
[256,133,80513,79528]
[257,95,551709,550432]
[258,60,501370,502060]
[259,93,709491,708597]
[260,139,103637,102520]
[261,182,96443,96646]
[262,114,311420,312061]
[263,198,30241,31107]
[264,277,314170,314001]
[265,108,81721,82922]
[266,77,84246,83281]
[267,220,613907,614935]
[268,242,623704,623772]
[269,13,324102,322638]
[270,147,666194,665867]
[271,267,427476,426456]
[272,179,611413,610139]
[273,111,103218,103052]
[274,226,15504,16164]
[275,31,405755,404937]
[276,122,488892,489820]
[277,202,391871,392099]
[278,200,23724,23770]
[279,98,381935,383433]
[280,259,477944,476524]
[281,56,549379,549884]
[282,249,153137,151691]
[283,147,606377,605237]
[284,78,511418,512150]
[285,5,609001,607506]
[286,178,373393,373727]
[287,182,10682,10939]
[288,143,66206,65358]
[289,47,234646,234448]
[290,205,539327,538194]
[291,53,358137,357457]
[292,183,708872,708627]
[293,43,579440,578757]
[294,205,168259,167587]
[295,140,434677,435172]
[296,63,94147,93337]
[297,19,566369,565758]
[298,90,586246,586389]
[299,143,678632,677581]
[300,144,614353,614819]
[301,16,250975,251045]
[302,38,451052,451092]
[303,173,466269,465967]
[304,119,442164,440826]
[305,44,553949,554021]
[306,103,570730,570026]
[307,17,21136,21089]
[308,232,355511,356127]
[309,210,38343,39327]
[310,201,641820,641392]
[311,230,268190,268766]
[312,197,606856,606726]
[313,199,59739,59012]
[314,201,569868,568642]
[315,42,579719,579957]
[316,11,241815,241701]
[317,92,283408,284565]
[318,160,314588,315262]
[319,35,699453,698368]
[320,68,556764,558131]
[321,190,30815,32018]
[322,116,317311,318147]
[323,151,439843,439572]
[324,149,457048,456715]
[325,268,161590,161965]
[326,102,544982,545531]
[327,92,402172,403405]
[328,170,199480,200629]
[329,86,162300,162844]
[330,239,607602,606978]
[331,30,285245,286741]
[332,272,425758,426830]
[333,17,460502,460062]
[334,67,620462,619099]
[335,277,523216,522644]
[336,237,512680,512571]
[337,122,302816,303398]
[338,86,702339,702565]
[339,163,660465,660415]
[340,58,290712,291130]
[341,26,411903,413107]
[342,209,508111,506669]
[343,12,400770,401365]
[344,91,190511,189332]
[345,184,248055,248339]
[346,220,443534,444647]
[347,66,398875,399268]
[348,190,299923,300280]
[349,21,556455,556188]
[350,210,343294,343921]
[351,279,570368,569609]
[352,136,333325,334745]
[353,258,621363,622010]
[354,246,465553,465930]
[355,33,242660,241648]
[356,7,677939,677066]
[357,90,226182,226560]
[358,278,160789,161932]
[359,54,299394,299566]
[360,269,440151,439969]
[361,189,416270,414981]
[362,254,373232,373862]
[363,61,261928,260682]
[364,82,722788,724214]
[365,250,314039,314507]
[366,21,707395,706535]
[367,227,528561,527233]
[368,268,361323,362625]
[369,123,560845,559358]
[370,191,14993,14621]
[371,274,661003,661944]
[372,61,357988,357921]
[373,214,486970,488447]
[374,144,465161,466190]
[375,268,541381,541480]
[376,247,689471,689160]
[377,125,723689,723659]
[378,166,477015,477206]
[379,117,536894,535716]
[380,2,309749,310668]
[381,123,29178,28041]
[382,146,268368,268772]
[383,83,126234,125417]
[384,9,607230,606624]
[385,243,187612,187170]
[386,169,538712,538462]
[387,62,209122,210452]
[388,61,393572,392577]
[389,141,300139,299236]
[390,93,449747,449648]
[391,216,520761,521790]
[392,117,703347,702604]
[393,57,578296,577068]
[394,81,278273,278222]
[395,0,157537,158680]
[396,160,723686,724163]
[397,124,189135,190263]
[398,8,294335,295440]
[399,56,485550,486918]
[400,35,470185,468858]
[401,13,92544,91360]
[402,233,610376,610124]
[403,239,128390,127939]
[404,32,491396,492275]
[405,256,414219,415447]
[406,49,27932,26667]
[407,150,521235,522730]
[408,2,184375,184483]
[409,226,15920,16524]
[410,121,189457,188785]
[411,250,267637,268251]
[412,275,599183,598915]
[413,186,486978,487129]
[414,37,336519,335648]
[415,202,580691,580792]
[416,102,689711,689982]
[417,116,572674,573959]
[418,266,453909,455156]
[419,17,222826,221752]
[420,235,386119,385011]
[421,260,480766,481342]
[422,271,242046,240724]
[423,141,216130,214683]
[424,142,21255,22696]
[425,59,355159,354305]
[426,270,263122,264577]
[427,33,262009,260637]
[428,264,114209,114337]
[429,229,369052,367743]
[430,251,183363,182276]
[431,69,493628,492563]
[432,132,686891,687087]
[433,170,722792,723989]
[434,70,685040,686094]
[435,133,225348,224700]
[436,156,184206,184725]
[437,199,382945,381478]
[438,250,330953,331615]
[439,172,661713,662923]
[440,221,398775,397940]
[441,248,42486,43542]
[442,51,459683,458387]
[443,151,528180,527846]
[444,79,503069,502167]
[445,146,287015,287517]
[446,267,63453,62478]
[447,201,218447,217946]
[448,189,581928,581288]
[449,59,538613,537430]
[450,135,463697,463242]
[451,175,388366,386894]
[452,234,720156,720620]
[453,228,227122,227610]
[454,81,603840,603525]
[455,55,712473,711141]
[456,241,549801,549732]
[457,149,112302,111470]
[458,77,266201,265517]
[459,202,110774,111606]
[460,274,556985,557151]
[461,71,657872,656413]
[462,174,570941,571425]
[463,234,488066,489224]
[464,62,231826,231946]
[465,108,642478,642586]
[466,76,251879,252334]
[467,114,260887,262162]
[468,279,137945,136580]
[469,229,213520,213294]
[470,51,89224,88179]
[471,43,585707,584941]
[472,76,121310,122640]
[473,260,716216,716590]
[474,212,169264,169552]
[475,2,707017,707404]
[476,218,173780,175127]
[477,173,505217,503920]
[478,193,391190,390517]
[479,266,458532,459478]
[480,276,623172,623618]
[481,277,723334,722993]
[482,96,677439,678637]
[483,278,380229,380414]
[484,41,287352,285975]
[485,31,532010,531367]
[486,36,513365,514704]
[487,12,642595,642712]
[488,69,198170,196929]
[489,22,223229,223484]
[490,63,396641,395805]
[491,279,717220,715775]
[492,57,248355,248093]
[493,42,539436,540165]
[494,46,388536,389666]
[495,90,543721,544116]
[496,46,353295,354352]
[497,229,470217,469129]
[498,131,445878,444971]
[499,264,658703,659935]
[500,65,49790,49594]
[501,235,524096,523823]
[502,99,294617,294138]
[503,240,466948,467060]
[504,107,554229,553498]
[505,43,511105,510896]
[506,9,197755,197433]
[507,209,675809,674689]
[508,9,252793,251471]
[509,266,596294,596723]
[510,117,388120,386797]
[511,278,386038,386333]
[512,121,316517,315915]
[513,249,440344,439517]
[514,22,554658,555560]
[515,74,235371,235758]
[516,12,513622,514265]
[517,238,5298,5457]
[518,257,121439,120651]
[519,191,384328,384233]
[520,203,29090,28710]
[521,151,426711,425898]
[522,98,388068,388866]
[523,241,358481,357919]
[524,69,172640,171333]
[525,271,286227,285765]
[526,156,232129,233349]
[527,178,383982,385180]
[528,187,421572,420137]
[529,177,163324,162851]
[530,108,577744,578358]
[531,221,477363,476090]
[532,272,51674,52527]
[533,45,728245,727293]
[534,67,12671,11874]
[535,114,468386,469608]
[536,48,530509,530635]
[537,142,674847,675645]
[538,58,633534,634871]
[539,60,549802,551173]
[540,166,448317,448478]
[541,219,461495,461101]
[542,233,89350,89295]
[543,54,275520,276420]
[544,250,366129,366255]
[545,54,419107,420219]
[546,23,17923,16840]
[547,166,134301,135761]
[548,49,579409,578189]
[549,233,159781,158757]
[550,56,153070,153428]
[551,9,654996,653701]
[552,239,410827,409357]
[553,52,702325,702473]
[554,12,241051,241697]
[555,155,154898,153768]
[556,87,670233,669468]
[557,13,171493,170820]
[558,227,363424,362898]
[559,230,305854,306810]
[560,82,589461,590295]
[561,143,368976,367605]
[562,185,130288,129599]
[563,57,618565,617274]
[564,205,119083,118425]
[565,182,487637,488204]
[566,25,684002,683813]
[567,61,226309,225530]
[568,70,254793,256079]
[569,154,244193,244353]
[570,212,514956,515379]
[571,170,74982,75181]
[572,261,607108,606202]
[573,134,250544,251655]
[574,91,590456,590332]
[575,135,268103,267785]
[576,179,682027,681865]
[577,228,396568,397295]
[578,91,442573,441328]
[579,7,469489,468903]
[580,31,208873,208120]
[581,133,237589,237002]
[582,89,308581,307338]
[583,166,577628,577984]
[584,275,648302,646918]
[585,186,88179,89081]
[586,241,263537,263130]
[587,218,229601,230088]
[588,180,402785,403983]
[589,265,94139,92992]
[590,168,335816,336213]
[591,175,605926,605178]
[592,4,511225,512464]
[593,228,201172,202522]
[594,38,574326,575297]
[595,32,117271,117337]
[596,270,511901,512842]
[597,225,518249,517354]
[598,120,465364,466618]
[599,83,480169,479876]
[600,157,579543,578594]
[601,145,333631,333560]
[602,140,258083,259397]
[603,63,659461,658647]
[604,185,212745,211998]
[605,215,96643,96033]
[606,70,651234,651295]
[607,242,340052,341298]
[608,220,440145,441323]
[609,232,120492,120772]
[610,243,533766,532618]
[611,238,678554,678878]
[612,174,684702,686066]
[613,186,679288,680556]
[614,86,259537,260250]
[615,27,716265,715704]
[616,163,201586,200839]
[617,164,628752,629458]
[618,99,341286,340800]
[619,74,701869,702030]
[620,48,429891,430717]
[621,9,100567,99933]
[622,237,618573,617940]
[623,149,289549,288255]
[624,147,669523,668420]
[625,93,42380,41268]
[626,86,303719,303842]
[627,67,605345,604483]
[628,206,441630,442562]
[629,19,529997,529266]
[630,187,618316,617255]
[631,246,512350,512609]
[632,271,508879,508661]
[633,144,59,452]
[634,145,473354,472034]
[635,151,79761,78446]
[636,232,541384,542430]
[637,229,28965,28732]
[638,109,205634,205279]
[639,39,340706,340135]
[640,38,535788,537265]
[641,140,713103,713901]
[642,122,233422,234857]
[643,70,322685,323469]
[644,193,371328,370526]
[645,74,385903,386975]
[646,116,417697,418740]
[647,168,417543,418490]
[648,141,365326,365013]
[649,252,363565,364289]
[650,36,160976,162394]
[651,7,433383,433251]
[652,178,36393,37696]
[653,226,656090,656495]
[654,217,47368,47029]
[655,146,307237,308050]
[656,82,680929,681757]
[657,152,507975,509233]
[658,115,715435,714709]
[659,45,113022,111951]
[660,237,148547,148102]
[661,27,145329,143881]
[662,14,58186,58963]
[663,30,73474,73585]
[664,274,95535,96783]
[665,102,610056,610625]
[666,12,373191,374176]
[667,93,326071,324968]
[668,152,178785,179710]
[669,146,347588,347706]
[670,149,175849,174486]
[671,214,310653,310999]
[672,141,272512,272260]
[673,7,218588,217863]
[674,14,207891,208809]
[675,196,431692,432859]
[676,93,154087,152762]
[677,12,150130,151092]
[678,118,292410,292816]
[679,255,535988,535475]
[680,215,318060,316979]
[681,179,318380,317964]
[682,159,214485,213207]
[683,52,681239,681494]
[684,71,274427,273057]
[685,265,728714,728378]
[686,227,412757,412468]
[687,24,634247,635135]
[688,158,578828,579618]
[689,68,416074,417006]
[690,179,490167,488727]
[691,7,585022,583552]
[692,262,181390,182557]
[693,279,23544,23295]
[694,13,442534,442412]
[695,118,318636,319530]
[696,229,643815,642515]
[697,114,364072,364597]
[698,40,465561,465801]
[699,180,324311,325079]
[700,99,475762,474334]
[701,48,148713,149119]
[702,47,330948,329557]
[703,164,550218,550769]
[704,264,643563,644933]
[705,104,353773,353824]
[706,224,338474,338756]
[707,78,288090,289527]
[708,116,472143,472870]
[709,229,147379,146140]
[710,266,281387,281492]
[711,185,655981,654511]
[712,157,648033,647736]
[713,182,552672,553887]
[714,128,68024,69286]
[715,79,544274,544183]
[716,209,696852,696563]
[717,195,398361,397530]
[718,223,136879,135948]
[719,127,668192,668001]
[720,42,218925,220047]
[721,118,512935,513397]
[722,158,190429,191843]
[723,204,607198,607814]
[724,279,253594,252768]
[725,194,231093,232189]
[726,140,352067,352497]
[727,65,299283,298313]
[728,233,545552,545002]
[729,276,374404,375790]
[730,17,226648,226302]
[731,21,705566,705184]
[732,189,176318,175101]
[733,210,43605,44002]
[734,154,598660,599316]
[735,19,279681,279362]
[736,251,34596,34351]
[737,94,668115,668230]
[738,264,509991,510266]
[739,101,656598,656551]
[740,85,5789,4822]
[741,124,620108,620903]
[742,10,590437,591083]
[743,125,228748,227774]
[744,99,492893,491401]
[745,150,280363,280401]
[746,165,320964,320596]
[747,75,37258,37071]
[748,2,212457,213560]
[749,35,321996,320665]
[750,20,330091,331280]
[751,198,337759,338920]
[752,43,292150,292120]
[753,30,142836,144309]
[754,55,451141,450866]
[755,86,459315,459526]
[756,142,163457,164231]
[757,26,565816,566103]
[758,197,605763,605472]
[759,210,386061,387130]
[760,221,295162,293759]
[761,19,261366,260007]
[762,136,710216,710839]
[763,183,287977,287774]
[764,90,720819,722149]
[765,232,648877,649907]
[766,140,87583,88231]
[767,22,537024,538405]
[768,15,72032,71705]
[769,78,349466,350522]
[770,201,106520,105213]
[771,180,516487,517783]
[772,79,353629,352272]
[773,273,500898,500474]
[774,3,519166,517768]
[775,82,705407,705677]
[776,35,486707,485729]
[777,8,654130,654953]
[778,199,319096,318706]
[779,130,193256,193876]
[780,42,91200,91363]
[781,256,230912,231347]
[782,165,183008,181996]
[783,127,559808,558390]
[784,68,18664,19392]
[785,58,68658,69757]
[786,218,490909,491979]
[787,41,639683,638365]
[788,62,245740,246014]
[789,275,229694,229147]
[790,138,306291,306770]
[791,188,496760,497762]
[792,94,88782,90239]
[793,210,422443,423099]
[794,40,14309,15708]
[795,2,620611,621089]
[796,20,397289,397645]
[797,244,395710,396109]
[798,219,370236,370092]
[799,36,352308,353067]
[800,135,159949,159138]
[801,239,123817,123366]
[802,128,718779,719567]
[803,114,556927,557794]
[804,85,29326,29240]
[805,30,333535,334832]
[806,10,12031,13126]
[807,116,150754,152151]
[808,81,461534,461472]
[809,179,368336,368216]
[810,115,719780,718732]
[811,17,679126,678831]
[812,5,31237,31103]
[813,23,80352,80096]
[814,199,329967,329436]
[815,61,322433,321575]
[816,225,384865,383372]
[817,131,57894,56438]
[818,210,474702,475899]
[819,234,395666,396543]
[820,82,347778,348526]
[821,70,17744,18550]
[822,176,17359,18484]
[823,205,261919,260636]
[824,55,317796,316629]
[825,24,219196,219644]
[826,191,41165,40107]
[827,32,626546,627005]
[828,54,321450,322558]
[829,105,313516,313431]
[830,37,191218,190837]
[831,239,217078,215916]
[832,19,217806,217118]
[833,81,627732,627635]
[834,156,203747,204006]
[835,128,202835,203285]
[836,97,47080,46850]
[837,81,709711,709245]
[838,69,188188,186867]
[839,205,709802,708728]
[840,100,92959,94321]
[841,277,333603,332451]
[842,40,158253,158717]
[843,209,66722,65445]
[844,106,403498,404645]
[845,266,62738,63948]
[846,277,137766,136345]
[847,232,716132,717144]
[848,150,235717,236171]
[849,154,536277,537713]
[850,253,679900,679705]
[851,67,211614,210122]
[852,145,715908,715356]
[853,216,496176,497437]
[854,154,463225,463374]
[855,126,287872,288005]
[856,164,158127,158605]
[857,266,348261,348631]
[858,141,245480,245343]
[859,72,562595,562952]
[860,83,462316,461804]
[861,275,492201,491921]
[862,251,388675,387810]
[863,189,549935,549168]
[864,25,128910,128603]
[865,22,207705,209152]
[866,151,270101,269857]
[867,243,127427,126313]
[868,192,257911,258064]
[869,125,230327,228929]
[870,6,623384,624278]
[871,233,101486,100506]
[872,31,85639,84829]
[873,199,455934,454456]
[874,61,678279,677014]
[875,197,261418,261130]
[876,253,288787,288393]
[877,87,201622,200404]
[878,138,505181,505988]
[879,203,301959,301904]
[880,136,723413,723625]
[881,108,264794,264976]
[882,189,304921,303643]
[883,221,76378,75848]
[884,157,548792,548089]
[885,42,642079,642927]
[886,240,713045,713337]
[887,109,473807,473503]
[888,174,223483,224613]
[889,250,558530,558833]
[890,182,264705,266110]
[891,224,557539,558573]
[892,253,598469,597587]
[893,203,527079,526221]
[894,146,412347,412981]
[895,73,484026,483029]
[896,23,179264,178546]
[897,236,500644,500778]
[898,46,324798,325175]
[899,142,543217,543833]
[900,124,193358,194241]
[901,199,683026,681796]
[902,145,90888,90189]
[903,2,372165,373487]
[904,268,243231,243297]
[905,106,355838,357181]
[906,97,324702,323391]
[907,44,81498,81897]
[908,25,336836,335979]
[909,53,121309,119989]
[910,87,434371,433749]
[911,233,599945,598998]
[912,89,209792,209238]
[913,273,351582,351118]
[914,49,680566,679868]
[915,230,688896,689128]
[916,157,465789,464730]
[917,215,526119,524846]
[918,195,666509,665098]
[919,188,308126,308537]
[920,254,248827,249325]
[921,12,549629,550609]
[922,208,293636,294499]
[923,168,104065,105482]
[924,181,504377,502919]
[925,248,572704,573054]
[926,228,442806,443566]
[927,259,397821,397245]
[928,67,100482,99893]
[929,209,511420,510899]
[930,36,265475,266189]
[931,87,275104,274657]
[932,18,468039,469123]
[933,203,146549,145720]
[934,46,340368,341197]
[935,230,394543,395835]
[936,45,716073,715654]
[937,276,380818,382042]
[938,207,665240,664968]
[939,152,638998,640245]
[940,13,519947,519740]
[941,161,474350,473723]
[942,159,306463,305227]
[943,30,100759,101081]
[944,0,342109,343350]
[945,5,297210,295795]
[946,228,213197,213280]
[947,127,137740,136716]
[948,64,422677,423622]
[949,7,218919,218260]
[950,237,432658,431752]
[951,101,632863,631843]
[952,58,296715,297820]
[953,52,485140,486066]
[954,43,44183,43013]
[955,266,61552,62506]
[956,7,261894,261422]
[957,174,644335,645243]
[958,277,94012,92513]
[959,228,531534,531810]
[960,77,558915,557823]
[961,231,99256,99035]
[962,157,296592,295490]
[963,72,456065,456257]
[964,98,76810,77885]
[965,5,701649,701125]
[966,69,118422,117144]
[967,256,335862,336530]
[968,75,703054,702987]
[969,263,567403,566338]
[970,109,139865,138558]
[971,232,247041,247602]
[972,272,341298,341421]
[973,247,160582,159734]
[974,94,440458,441272]
[975,35,592695,591482]
[976,153,28304,27506]
[977,41,658517,657685]
[978,12,491642,492382]
[979,219,508037,506834]
[980,97,470022,469015]
[981,7,112574,111232]
[982,179,588879,588844]
[983,43,340112,339427]
[984,108,419735,420133]
[985,33,445730,444933]
[986,245,459583,458167]
[987,198,293210,294167]
[988,11,434468,434051]
[989,147,228879,228479]
[990,10,538098,538241]
[991,139,70663,69452]
[992,187,328188,327505]
[993,156,709273,709647]
[994,208,91353,92051]
[995,230,453156,454476]
[996,172,566068,566475]
[997,137,707877,707742]
[998,81,332123,331871]
[999,98,633822,634035]
[1000,213,204853,204709]
[1001,4,172382,172447]
[1002,57,12624,11479]
[1003,219,3543,3282]
[1004,197,94478,93058]
[1005,137,512620,512489]
[1006,48,445234,445649]
[1007,128,508274,508763]
[1008,88,91249,92148]
[1009,213,300639,300478]
[1010,244,261697,261756]
[1011,250,612295,612474]
[1012,238,233035,233346]
[1013,279,252524,251828]
[1014,62,359267,360439]
[1015,112,444828,445489]
[1016,61,678105,677481]
[1017,172,535211,535417]
[1018,57,639150,637876]
[1019,150,572871,573833]
[1020,179,350047,349002]
[1021,28,259835,260087]
[1022,197,514484,513815]
[1023,34,308929,309206]
[1024,31,696098,695037]
[1025,129,407295,406621]
[1026,217,417572,417436]
[1027,220,503353,503408]
[1028,138,347560,347843]
[1029,234,110844,111980]
[1030,248,212427,212738]
[1031,152,501419,502828]
[1032,253,68131,66952]
[1033,147,178644,177879]
[1034,64,546252,546779]
[1035,71,223840,222561]
[1036,83,342943,342819]
[1037,156,498396,499206]
[1038,273,377599,376565]
[1039,2,94089,94721]
[1040,35,707313,706955]
[1041,213,105852,105446]
[1042,145,112779,112051]
[1043,91,355093,354149]
[1044,243,17055,15902]
[1045,219,117837,116631]
[1046,148,193220,194678]
[1047,178,691471,691864]
[1048,152,416964,417819]
[1049,73,440065,438970]
[1050,172,127679,128689]
[1051,204,354863,356232]
[1052,254,370858,371447]
[1053,260,178868,179987]
[1054,16,135520,137003]
[1055,138,688344,689322]
[1056,166,725008,725438]
[1057,242,66073,67386]
[1058,206,725666,726352]
[1059,152,280317,280917]
[1060,192,184616,185808]
[1061,84,54424,55613]
[1062,196,501196,502090]
[1063,38,305150,305783]
[1064,72,139490,140593]
[1065,140,136307,137687]
[1066,108,569941,570039]
[1067,156,626750,626870]
[1068,222,668491,669519]
[1069,109,590465,589342]
[1070,100,689379,689839]
[1071,44,322143,322548]
[1072,183,485917,484424]
[1073,209,645777,644552]
[1074,248,82926,83365]
[1075,76,708172,708757]
[1076,168,352773,353862]
[1077,181,413029,412277]
[1078,166,650166,651614]
[1079,269,691652,690684]
[1080,144,523277,523423]
[1081,10,121553,122023]
[1082,239,722129,721011]
[1083,196,264821,265112]
[1084,253,493915,492522]
[1085,275,558617,557609]
[1086,25,579579,578295]
[1087,61,617817,617085]
[1088,121,6068,5099]
[1089,167,75026,74122]
[1090,98,296885,297773]
[1091,9,613088,611692]
[1092,170,8988,9127]
[1093,268,475279,476619]
[1094,271,440136,439050]
[1095,100,182773,183849]
[1096,144,137663,139160]
[1097,86,409528,410149]
[1098,262,383140,384379]
[1099,253,712126,711536]
[1100,68,188727,189795]
[1101,279,504199,504000]
[1102,164,670717,670974]
[1103,34,243811,244758]
[1104,236,650679,651301]
[1105,25,522846,521768]
[1106,126,587827,588687]
[1107,236,257530,259020]
[1108,15,336191,334767]
[1109,256,719407,720259]
[1110,96,332901,333451]
[1111,239,698159,697988]
[1112,95,556842,556284]
[1113,222,572139,573166]
[1114,85,661948,660684]
[1115,163,527780,526665]
[1116,23,271298,270913]
[1117,78,70317,71779]
[1118,187,525689,525454]
[1119,49,321340,320048]
[1120,264,259357,260232]
[1121,212,124364,125095]
[1122,7,318779,317683]
[1123,272,416123,417277]
[1124,249,149375,148411]
[1125,194,21411,21811]
[1126,93,673128,671820]
[1127,186,103381,104070]
[1128,228,135406,136408]
[1129,12,689151,690192]
[1130,185,155500,154770]
[1131,218,505649,506252]
[1132,222,590659,591575]
[1133,47,480312,479865]
[1134,245,673338,672065]
[1135,145,443656,443419]
[1136,67,236382,236266]
[1137,224,133489,133707]
[1138,138,383956,384899]
[1139,159,690292,689896]
[1140,166,587011,587329]
[1141,202,373848,374693]
[1142,232,326143,326781]
[1143,215,534094,533239]
[1144,122,228441,228784]
[1145,57,173255,172203]
[1146,269,225626,224826]
[1147,115,614103,612707]
[1148,105,185934,185904]
[1149,171,516009,515861]
[1150,193,102187,101429]
[1151,235,324180,323741]
[1152,85,102381,101218]
[1153,6,637962,638190]
[1154,27,580025,579626]
[1155,90,460664,460797]
[1156,193,150233,149526]
[1157,13,372516,372217]
[1158,40,83531,83683]
[1159,8,722370,723661]
[1160,263,216119,215124]
[1161,144,97850,98069]
[1162,90,503358,503563]
[1163,124,703154,703224]
[1164,30,324262,325735]
[1165,80,391177,392084]
[1166,90,436115,437390]
[1167,71,483282,481847]
[1168,73,105877,104390]
[1169,240,529442,529960]
[1170,159,146159,145452]
[1171,247,169002,167977]
[1172,151,305187,304714]
[1173,132,513046,513360]
[1174,210,488773,488900]
[1175,198,256753,257578]
[1176,191,606892,606323]
[1177,70,557261,558716]
[1178,155,480085,479887]
[1179,183,255842,254758]
[1180,148,660749,661610]
[1181,49,698044,697660]
[1182,224,353836,354757]
[1183,95,608954,608288]
[1184,214,220594,220650]
[1185,64,728756,729355]
[1186,224,89343,89766]
[1187,2,55292,56624]
[1188,198,305634,306279]
[1189,136,370521,371432]
[1190,108,370497,371278]
[1191,7,157551,156641]
[1192,247,353734,353030]
[1193,218,486619,487287]
[1194,138,491743,491963]
[1195,97,336638,335627]
[1196,165,355520,354991]
[1197,268,573658,573973]
[1198,28,358020,358353]
[1199,132,201802,202308]
[1200,238,448061,448829]
[1201,146,673789,674606]
[1202,20,495574,495945]
[1203,0,302332,303120]
[1204,211,703475,703222]
[1205,274,471522,472800]
[1206,164,331116,332190]
[1207,181,66747,66267]
[1208,62,90410,91664]
[1209,193,259639,259072]
[1210,245,583947,582886]
[1211,251,57105,56273]
[1212,81,498361,497358]
[1213,90,324697,324950]
[1214,46,173914,174806]
[1215,272,714993,716037]
[1216,104,154858,155116]
[1217,131,294613,294371]
[1218,207,516752,515510]
[1219,161,609861,608694]
[1220,215,175562,175052]
[1221,186,326884,327466]
[1222,248,594179,594740]
[1223,278,310032,310395]
[1224,142,515389,516099]
[1225,271,387094,386661]
[1226,42,69741,70195]
[1227,23,394212,394087]
[1228,54,472396,473169]
[1229,11,531913,530765]
[1230,274,204918,205180]
[1231,240,105009,105301]
[1232,226,553982,555471]
[1233,119,288916,287605]
[1234,49,570491,570025]
[1235,112,289189,290530]
[1236,239,39903,39279]
[1237,107,332272,332046]
[1238,113,209893,208606]
[1239,53,513828,512560]
[1240,56,181661,182504]
[1241,18,249993,251284]
[1242,125,404070,402849]
[1243,126,627726,629092]
[1244,71,294100,293726]
[1245,258,129172,130136]
[1246,269,110367,109371]
[1247,266,281203,281571]
[1248,66,170584,170987]
[1249,162,419443,420009]
[1250,99,670490,670427]
[1251,134,189659,190410]
[1252,130,428863,429002]
[1253,65,694625,694282]
[1254,73,71752,71646]
[1255,31,184976,184609]
[1256,43,420166,418958]
[1257,0,615763,615816]
[1258,261,327899,327826]
[1259,52,576287,577024]
[1260,200,683612,684778]
[1261,218,242902,244310]
[1262,4,498165,499060]
[1263,83,37961,37310]
[1264,123,218768,217396]
[1265,219,130010,128520]
[1266,63,694411,693483]
[1267,150,538757,539031]
[1268,120,575357,576651]
[1269,234,172434,173911]
[1270,49,321626,320746]
[1271,126,607975,609378]
[1272,152,414293,414402]
[1273,137,691379,690058]
[1274,86,306490,307932]
[1275,83,112338,111328]
[1276,275,609181,607778]
[1277,26,474387,474854]
[1278,131,671635,671209]
[1279,148,528567,529025]
[1280,80,655242,656511]
[1281,80,128250,128556]
[1282,31,310458,309742]
[1283,110,39966,40925]
[1284,41,308583,307549]
[1285,63,372557,371782]
[1286,272,592119,593119]
[1287,196,533378,534207]
[1288,129,511063,510955]
[1289,250,201357,201653]
[1290,203,304434,303697]
[1291,129,163805,163601]
[1292,246,573970,574571]
[1293,25,317232,316009]
[1294,54,629168,629559]
[1295,18,128125,128988]
[1296,226,565937,567300]
[1297,175,558034,557453]
[1298,56,711815,713164]
[1299,12,277907,278075]
[1300,197,532454,531795]
[1301,257,607366,607226]
[1302,236,304769,305793]
[1303,193,203100,203027]
[1304,58,421324,422820]
[1305,119,550006,549561]
[1306,83,441033,440683]
[1307,152,569946,570420]
[1308,110,83141,84012]
[1309,124,496330,497119]
[1310,206,514021,514644]
[1311,136,54241,54651]
[1312,30,596678,597636]
[1313,153,161909,161791]
[1314,63,142343,142246]
[1315,3,661990,661722]
[1316,138,157910,158620]
[1317,188,427235,427988]
[1318,114,464384,464959]
[1319,263,527372,526632]
[1320,159,11408,10958]
[1321,244,374619,375555]
[1322,138,689550,690139]
[1323,261,260703,259987]
[1324,124,695432,695617]
[1325,234,553343,554154]
[1326,72,107123,108402]
[1327,174,71597,72360]
[1328,75,318984,318332]
[1329,167,48014,46734]
[1330,252,525643,526537]
[1331,64,245703,246649]
[1332,139,199843,199274]
[1333,45,493426,491932]
[1334,48,628596,628632]
[1335,65,529012,528597]
[1336,214,482472,483792]
[1337,110,345857,346816]
[1338,102,315292,315343]
[1339,6,413924,415223]
[1340,145,381896,381596]
[1341,149,4825,4064]
[1342,256,215412,215667]
[1343,242,257227,257958]
[1344,178,451104,452249]
[1345,158,20344,20763]
[1346,150,30494,31103]
[1347,60,420969,421986]
[1348,268,183718,184089]
[1349,249,228958,227628]
[1350,37,638301,638218]
[1351,56,701213,702026]
[1352,118,343229,344692]
[1353,152,73968,74162]
[1354,79,150059,149769]
[1355,234,345298,346369]
[1356,198,59674,60942]
[1357,63,153179,152269]
[1358,128,717586,718610]
[1359,161,16224,15591]
[1360,8,152100,153387]
[1361,221,402146,401686]
[1362,12,627307,628014]
[1363,19,603299,602713]
[1364,81,271413,270822]
[1365,104,590975,591557]
[1366,200,182969,183576]
[1367,86,480013,480692]
[1368,86,195732,196992]
[1369,189,277391,277135]
[1370,166,541155,541508]
[1371,124,201194,201920]
[1372,85,454707,453730]
[1373,193,92877,92755]
[1374,187,298490,297751]
[1375,67,649390,648527]
[1376,155,182437,182327]
[1377,17,219804,219062]
[1378,273,88863,87390]
[1379,230,245207,245752]
[1380,127,408478,407542]
[1381,210,516931,518423]
[1382,75,616854,616367]
[1383,123,178516,177719]
[1384,216,659563,660329]
[1385,55,163995,163035]
[1386,237,594878,593787]
[1387,265,676917,676686]
[1388,202,384121,384199]
[1389,166,206694,207529]
[1390,278,460502,461260]
[1391,16,359415,360615]
[1392,61,113083,112140]
[1393,89,578455,577166]
[1394,120,665444,666665]
[1395,89,244640,243341]
[1396,132,2705,2953]
[1397,277,309952,309169]
[1398,124,223032,223653]
[1399,261,462774,461554]
[1400,153,199299,199129]
[1401,215,366384,365361]
[1402,31,401740,400780]
[1403,139,624964,624030]
[1404,109,521836,521462]
[1405,86,594401,594740]
[1406,236,119269,120757]
[1407,253,58188,56896]
[1408,144,436688,437041]
[1409,159,676216,674875]
[1410,110,529982,531382]
[1411,100,606814,607587]
[1412,75,332921,332386]
[1413,77,588139,586908]
[1414,205,458271,457207]
[1415,190,331124,332261]
[1416,217,441884,440913]
[1417,265,244263,244029]
[1418,215,457198,456818]
[1419,242,465588,466144]
[1420,279,270044,269247]
[1421,275,161859,161798]
[1422,81,576218,575079]
[1423,69,70114,69130]
[1424,13,531362,530870]
[1425,273,37097,36607]
[1426,61,169999,169636]
[1427,22,20399,21757]
[1428,176,226738,227111]
[1429,231,630242,629192]
[1430,3,642558,642460]
[1431,270,518015,518980]
[1432,202,122004,122259]
[1433,216,622391,623817]
[1434,85,443335,442795]
[1435,146,136408,137827]
[1436,17,724246,723446]
[1437,16,560249,561572]
[1438,238,670697,671236]
[1439,107,661395,661061]
[1440,58,486128,486763]
[1441,201,568154,566887]
[1442,125,598136,598001]
[1443,72,645446,646569]
[1444,270,692424,692900]
[1445,25,210290,209952]
[1446,94,427729,427760]
[1447,278,219929,221120]
[1448,38,328417,328725]
[1449,158,512391,513873]
[1450,208,43382,44196]
[1451,228,637108,638238]
[1452,209,650761,649812]
[1453,241,250404,249211]
[1454,57,532368,531290]
[1455,217,232653,231681]
[1456,64,719032,720410]
[1457,245,423338,422253]
[1458,16,59192,59313]
[1459,155,292217,291312]
[1460,279,618004,616551]
[1461,52,600583,601490]
[1462,69,257818,256446]
[1463,263,691261,689853]
[1464,93,55013,53819]
[1465,219,635230,634204]
[1466,158,579800,580668]
[1467,113,40628,39902]
[1468,107,603745,602541]
[1469,134,503223,504017]
[1470,189,561350,561258]
[1471,247,178234,177334]
[1472,83,47210,46927]
[1473,202,346062,346565]
[1474,229,718087,717143]
[1475,53,193021,192608]
[1476,21,479700,479430]
[1477,181,440788,440370]
[1478,178,271704,272121]
[1479,247,4895,4403]
[1480,72,178467,179851]
[1481,117,239919,238880]
[1482,37,150436,149929]
[1483,111,729893,729420]
[1484,119,124750,124047]
[1485,177,286631,285131]
[1486,147,660596,660351]
[1487,189,305123,303789]
[1488,99,532238,531176]
[1489,12,362967,363533]
[1490,160,157561,158044]
[1491,73,671637,671386]
[1492,155,180080,178624]
[1493,193,92199,91237]
[1494,26,370628,370994]
[1495,117,3186,2615]
[1496,129,327329,326328]
[1497,94,416195,416673]
[1498,212,649023,650029]
[1499,194,455274,455667]
[1500,62,582844,583104]
[1501,4,432204,433575]
[1502,184,171961,173293]
[1503,116,55926,57263]
[1504,6,319768,320228]
[1505,208,524297,525410]
[1506,46,46361,47017]
[1507,9,93344,92652]
[1508,206,46733,47076]
[1509,71,159946,158986]
[1510,156,306572,306619]
[1511,31,541143,540664]
[1512,144,269809,270469]
[1513,232,503631,503705]
[1514,76,280645,280913]
[1515,203,637141,635957]
[1516,228,281881,282420]
[1517,165,177737,177191]
[1518,246,379399,379588]
[1519,238,184632,184693]
[1520,105,317238,316700]
[1521,144,15962,17368]
[1522,225,287444,286509]
[1523,62,524024,524207]
[1524,182,460232,461466]
[1525,164,275136,275454]
[1526,236,408317,409198]
[1527,154,576990,577632]
[1528,219,66278,65945]
[1529,231,215784,215586]
[1530,149,312511,311733]
[1531,62,375251,376290]
[1532,59,100757,100709]
[1533,98,370883,371543]
[1534,180,251167,252336]
[1535,162,598605,599621]
[1536,279,316827,316604]
[1537,60,412555,412823]
[1538,198,196,1521]
[1539,178,288202,288249]
[1540,199,312214,311653]
[1541,183,626564,625651]
[1542,252,187870,188154]
[1543,136,661175,662285]
[1544,11,266224,265131]
[1545,161,73468,72370]
[1546,249,436970,436422]
[1547,192,567459,567685]
[1548,235,619952,619408]
[1549,259,672883,672104]
[1550,234,414384,415481]
[1551,220,465119,465205]
[1552,233,283197,282604]
[1553,141,367425,366864]
[1554,217,394721,393526]
[1555,214,635001,635341]
[1556,265,596744,595578]
[1557,85,4905,4786]
[1558,71,730855,730808]
[1559,155,8298,8037]
[1560,34,93839,95211]
[1561,225,404398,403123]
[1562,218,606161,607193]
[1563,27,88715,87549]
[1564,73,75412,75290]
[1565,245,139431,138915]
[1566,77,299279,298216]
[1567,111,397824,396740]
[1568,176,145244,146454]
[1569,38,13004,13481]
[1570,104,156352,156924]
[1571,259,266114,265172]
[1572,206,627104,628299]
[1573,54,418633,419368]
[1574,95,57912,57026]
[1575,275,305847,304666]
[1576,205,31504,30679]
[1577,90,148059,149465]
[1578,29,407726,406616]
[1579,53,567271,566616]
[1580,197,295335,294249]
[1581,161,190562,190294]
[1582,62,665017,665482]
[1583,102,325944,325999]
[1584,177,486254,486201]
[1585,210,485004,485865]
[1586,43,450601,450149]
[1587,74,377907,378880]
[1588,256,92662,93032]
[1589,11,623117,621750]
[1590,96,573209,573719]
[1591,246,347268,347544]
[1592,89,328781,328379]
[1593,120,132607,133544]
[1594,15,438776,438625]
[1595,208,611157,612533]
[1596,6,201356,202755]
[1597,169,579241,579035]
[1598,12,703088,703994]
[1599,61,535482,535025]
[1600,255,523470,522501]
[1601,159,349265,348555]
[1602,34,113502,114743]
[1603,10,103282,103712]
[1604,6,480854,481228]
[1605,236,184737,186000]
[1606,66,219793,220576]
[1607,68,581850,582235]
[1608,99,490289,489865]
[1609,215,387130,386900]
[1610,1,90263,89609]
[1611,24,275285,275626]
[1612,95,642117,641761]
[1613,262,364244,364887]
[1614,123,693635,692422]
[1615,174,241956,242177]
[1616,247,383451,382340]
[1617,141,533841,532651]
[1618,147,416150,415696]
[1619,36,140513,140768]
[1620,241,262243,261818]
[1621,177,127535,126586]
[1622,255,359954,358692]
[1623,154,396060,397214]
[1624,241,541010,539534]
[1625,32,700751,701659]
[1626,155,27085,26176]
[1627,242,105029,105839]
[1628,135,398915,397862]
[1629,186,71530,72474]
[1630,276,347971,348503]
[1631,189,368024,367335]
[1632,150,297961,298583]
[1633,52,44695,45767]
[1634,89,599393,599318]
[1635,57,279254,278707]
[1636,263,689955,688672]
[1637,17,248395,247258]
[1638,254,320704,320765]
[1639,196,677567,677832]
[1640,97,322421,322225]
[1641,57,609619,608480]
[1642,143,599790,598867]
[1643,198,381831,382121]
[1644,63,183034,181988]
[1645,77,358076,357591]
[1646,192,649901,650296]
[1647,270,41664,42619]
[1648,193,480712,480434]
[1649,43,226086,225801]
[1650,26,370942,370999]
[1651,255,346117,344893]
[1652,103,378024,376570]
[1653,195,398371,397075]
[1654,180,714012,715332]
[1655,132,158907,160167]
[1656,52,509400,509635]
[1657,146,503126,503337]
[1658,76,635112,635181]
[1659,64,725647,726529]
[1660,122,520578,520740]
[1661,31,371554,370929]
[1662,26,259596,259993]
[1663,265,307713,307604]
[1664,214,118069,118738]
[1665,154,240611,240656]
[1666,59,141450,140038]
[1667,109,469975,469677]
[1668,46,647362,648504]
[1669,90,503383,504207]
[1670,103,140259,140063]
[1671,208,77642,78608]
[1672,260,352245,352908]
[1673,50,279078,279782]
[1674,128,618566,620008]
[1675,203,465934,465784]
[1676,47,217377,216034]
[1677,5,573444,572638]
[1678,164,392292,392815]
[1679,79,216031,215874]
[1680,218,673529,674200]
[1681,269,410902,409447]
[1682,146,366509,366710]
[1683,147,116934,115954]
[1684,144,412995,413481]
[1685,184,708805,708974]
[1686,31,310287,310192]
[1687,206,564334,564895]
[1688,196,438878,439040]
[1689,240,415676,416827]
[1690,172,189774,190691]
[1691,56,126843,128081]
[1692,143,480679,479765]
[1693,200,277381,277843]
[1694,206,376842,377124]
[1695,243,326746,326596]
[1696,225,460491,460280]
[1697,1,150347,149327]
[1698,158,486903,487324]
[1699,211,233444,233045]
[1700,100,678333,678419]
