["head":"wrap","lpos","status"]
[12,410259,1]
["io count"]
[175]
["io":"id","wrap","startLpos","endLpos"]
[1,9,464508,463714]
[2,223,62612,62144]
[3,146,592637,592722]
[4,150,486784,487910]
[5,89,152426,152170]
[6,144,186387,186458]
[7,61,542953,541812]
[8,65,716283,714866]
[9,150,359243,359497]
[10,265,494146,492924]
[11,3,373056,372111]
[12,277,251749,250687]
[13,35,645968,645902]
[14,189,702819,701443]
[15,18,336206,337340]
[16,118,252239,253148]
[17,176,394407,394636]
[18,158,6572,7719]
[19,141,154004,153969]
[20,71,379678,378296]
[21,99,681551,680276]
[22,106,456302,456742]
[23,224,350585,350657]
[24,225,310074,309993]
[25,116,50078,51102]
[26,180,351164,352647]
[27,160,285010,286205]
[28,112,103327,103681]
[29,217,276796,276581]
[30,199,281418,280036]
[31,261,61594,60873]
[32,115,95541,95307]
[33,41,308713,307848]
[34,220,436676,437272]
[35,247,132290,131844]
[36,240,199547,200434]
[37,243,353587,353052]
[38,266,60446,60858]
[39,160,523131,523546]
[40,202,719398,720833]
[41,212,356994,357845]
[42,207,260730,260123]
[43,159,180103,179186]
[44,57,158210,156898]
[45,2,690578,690961]
[46,141,730855,729393]
[47,261,491768,491198]
[48,200,27163,27852]
[49,25,300988,300042]
[50,125,352945,352173]
[51,173,315688,315574]
[52,262,553992,555118]
[53,93,505323,504689]
[54,23,590384,590143]
[55,32,247938,248438]
[56,245,549730,549570]
[57,50,409207,409422]
[58,238,108430,109138]
[59,103,446369,445986]
[60,222,100391,100722]
[61,50,124430,125612]
[62,279,375928,375525]
[63,48,399337,399767]
[64,259,491255,490889]
[65,173,602081,600694]
[66,192,56450,56728]
[67,41,162178,161295]
[68,33,315175,314895]
[69,272,621554,621837]
[70,206,420860,421774]
[71,199,390055,388869]
[72,66,699723,701064]
[73,112,301025,302445]
[74,185,552106,551087]
[75,250,627695,627843]
[76,35,25817,25106]
[77,38,269703,269943]
[78,165,503385,502330]
[79,241,573654,572603]
[80,256,270290,271565]
[81,134,531091,531383]
[82,188,562480,563747]
[83,51,724967,723523]
[84,195,674830,674316]
[85,209,311373,310949]
[86,0,543420,543484]
[87,91,317748,316722]
[88,63,678664,677452]
[89,124,29661,30105]
[90,61,60160,59258]
[91,155,103008,102431]
[92,17,297915,297683]
[93,193,656033,655184]
[94,209,273569,272473]
[95,68,512770,513716]
[96,96,39681,40450]
[97,25,205404,205004]
[98,114,605163,606575]
[99,154,462856,463279]
[100,198,367803,368529]
[101,32,716502,716588]
[102,261,712199,711223]
[103,36,170712,171612]
[104,165,670967,669500]
[105,220,285191,285773]
[106,58,12009,12290]
[107,110,150469,150506]
[108,176,488924,490190]
[109,11,422163,421250]
[110,257,109173,107944]
[111,277,419013,418422]
[112,180,18886,19396]
[113,44,428294,428505]
[114,176,531886,532041]
[115,102,673200,674047]
[116,148,525002,525882]
[117,229,74013,72657]
[118,113,517888,516618]
[119,23,621986,621646]
[120,203,12494,11435]
[121,7,386909,386291]
[122,271,450821,450167]
[123,178,194210,195040]
[124,120,71420,71910]
[125,135,651649,650278]
[126,33,207627,206958]
[127,200,676608,677632]
[128,204,109135,109818]
[129,262,549174,550542]
[130,212,98579,98999]
[131,139,144689,143192]
[132,77,263940,263444]
[133,116,253541,254746]
[134,0,415645,416286]
[135,177,355430,354530]
[136,189,70344,69626]
[137,122,606169,606962]
[138,228,72081,72293]
[139,142,336829,337784]
[140,244,675951,677240]
[141,96,427601,429039]
[142,8,516548,516785]
[143,99,163562,162199]
[144,113,459906,459789]
[145,82,276513,277749]
[146,31,504568,504155]
[147,181,196814,195722]
[148,223,457264,456678]
[149,98,534641,536116]
[150,33,507853,507381]
[151,58,533786,534449]
[152,19,722200,721059]
[153,68,652784,652937]
[154,252,81369,82370]
[155,236,588615,589020]
[156,221,146134,145209]
[157,81,148539,148319]
[158,184,329108,329947]
[159,227,593985,593234]
[160,113,255860,255560]
[161,276,394446,395454]
[162,43,646105,645629]
[163,186,223073,223643]
[164,11,403796,403318]
[165,105,246854,245939]
[166,142,314358,315471]
[167,0,342728,343952]
[168,164,171542,172714]
[169,135,150173,150124]
[170,42,563283,563870]
[171,95,341362,339936]
[172,59,422557,422089]
[173,190,438891,440163]
[174,139,636805,636588]
[175,177,701898,700666]
