["head":"wrap","lpos","status"]
[124,675814,1]
["io count"]
[1750]
["io":"id","wrap","startLpos","endLpos"]
[1,220,386824,388176]
[2,96,199792,200678]
[3,191,552413,551364]
[4,194,305604,306210]
[5,244,424033,424505]
[6,112,410455,411229]
[7,160,196341,196399]
[8,85,441847,441746]
[9,228,166651,167126]
[10,49,659435,658481]
[11,269,358446,357714]
[12,155,521613,520235]
[13,38,362872,363371]
[14,71,303535,302459]
[15,243,447,54]
[16,189,181960,180586]
[17,32,529508,530038]
[18,246,328615,330115]
[19,168,152711,154169]
[20,227,181264,180090]
[21,82,178867,179576]
[22,198,101130,102054]
[23,204,19843,20090]
[24,238,248272,249541]
[25,199,419316,418944]
[26,240,252232,252827]
[27,223,247141,246771]
[28,0,617192,617751]
[29,49,501785,501142]
[30,221,69773,69691]
[31,106,96365,97634]
[32,123,149440,149211]
[33,25,716484,716200]
[34,62,272249,273548]
[35,148,676174,677563]
[36,53,65339,64113]
[37,240,439809,440065]
[38,198,591657,592187]
[39,134,71597,72688]
[40,176,32934,33276]
[41,18,106189,107053]
[42,257,14427,13058]
[43,131,68039,67398]
[44,122,444699,444839]
[45,168,340404,341879]
[46,147,35087,34572]
[47,93,226987,225752]
[48,18,675364,676791]
[49,264,374056,374753]
[50,279,261864,260466]
[51,73,453627,453192]
[52,252,77581,78671]
[53,226,314459,314903]
[54,28,615176,615362]
[55,34,57743,58726]
[56,204,601254,601597]
[57,241,22826,21835]
[58,276,299191,299488]
[59,68,446904,448016]
[60,152,497474,497890]
[61,191,328614,328451]
[62,44,168208,169611]
[63,237,19740,18541]
[64,274,564353,564856]
[65,45,70857,69540]
[66,109,449709,448226]
[67,18,653984,655138]
[68,7,301929,300970]
[69,185,526270,525611]
[70,253,142576,142457]
[71,213,710812,710434]
[72,238,510210,511574]
[73,35,124194,124022]
[74,232,265631,266927]
[75,75,709338,708822]
[76,41,199751,198831]
[77,201,679280,677875]
[78,253,32240,31872]
[79,25,81197,80163]
[80,24,95212,95515]
[81,65,176027,174776]
[82,176,373252,374670]
[83,57,85522,84326]
[84,58,28841,29794]
[85,208,462138,463315]
[86,269,23544,23375]
[87,147,634662,633593]
[88,53,171704,171434]
[89,235,224011,222867]
[90,237,137337,136873]
[91,241,648768,648388]
[92,154,508870,509352]
[93,18,296330,296616]
[94,210,200742,202132]
[95,107,650976,650304]
[96,20,48033,48240]
[97,83,363997,363909]
[98,222,126144,127004]
[99,207,405899,405811]
[100,104,551831,552030]
[101,168,5292,5767]
[102,279,667861,667763]
[103,239,194296,194211]
[104,1,69072,68442]
[105,118,305186,305759]
[106,229,389011,387919]
[107,73,248718,247533]
[108,234,513975,515390]
[109,231,278541,277309]
[110,48,494662,495358]
[111,38,310061,310789]
[112,149,223627,222395]
[113,87,730953,730155]
[114,43,673880,673372]
[115,272,196141,196383]
[116,183,465793,465101]
[117,7,562626,561493]
[118,184,351015,351278]
[119,125,408377,407938]
[120,163,650417,649734]
[121,79,267012,265798]
[122,271,105565,104857]
[123,96,512647,513771]
[124,19,354443,353322]
[125,201,630366,629160]
[126,110,614285,614949]
[127,263,585036,583637]
[128,6,595387,596447]
[129,75,309488,308542]
[130,19,376994,375924]
[131,58,627493,627827]
[132,144,241842,243073]
[133,227,660549,659509]
[134,176,422600,423672]
[135,251,201900,200952]
[136,90,274055,274172]
[137,106,482078,482349]
[138,246,453892,454695]
[139,55,396417,396272]
[140,185,350330,350251]
[141,61,437723,436802]
[142,186,699688,700124]
[143,255,337692,337253]
[144,220,435689,437014]
[145,41,248087,247418]
[146,250,585442,586276]
[147,142,114895,115528]
[148,11,241514,241330]
[149,158,713110,713239]
[150,128,162751,163449]
[151,135,470316,469174]
[152,121,646720,645906]
[153,166,356128,356499]
[154,186,116757,117633]
[155,101,8819,7479]
[156,130,346208,346323]
[157,146,642280,643741]
[158,15,533020,532416]
[159,120,201867,202541]
[160,167,258777,258378]
[161,129,513188,512850]
[162,80,579588,580986]
[163,207,349360,349067]
[164,151,511618,511411]
[165,279,46363,44916]
[166,83,587938,587329]
[167,30,502125,502644]
[168,208,359330,359988]
[169,270,416082,416558]
[170,188,487452,488126]
[171,186,679557,680686]
[172,71,432365,431190]
[173,129,130586,129164]
[174,163,195874,194995]
[175,45,448614,447912]
[176,52,52718,53852]
[177,119,164065,162878]
[178,155,658093,657643]
[179,40,373685,374263]
[180,129,112956,111664]
[181,76,576901,577233]
[182,5,237787,237476]
[183,89,544646,543853]
[184,196,476623,477577]
[185,48,674747,674897]
[186,274,132634,133101]
[187,131,690372,690254]
[188,192,599755,600933]
[189,175,126856,126302]
[190,67,59059,58145]
[191,171,9514,8247]
[192,189,555128,554217]
[193,137,309481,308033]
[194,59,704420,704141]
[195,246,6230,6809]
[196,78,369377,370831]
[197,126,117347,117898]
[198,181,282049,281213]
[199,153,691782,690780]
[200,177,15238,15125]
[201,262,666606,667526]
[202,277,701186,701118]
[203,4,186204,186404]
[204,48,535498,535818]
[205,43,593455,592095]
[206,236,528099,528986]
[207,46,616134,617580]
[208,50,444030,445481]
[209,124,461503,461960]
[210,193,457680,456709]
[211,56,271785,272308]
[212,214,182012,182986]
[213,173,544939,544772]
[214,220,122084,123105]
[215,107,523728,522605]
[216,62,554403,555244]
[217,277,689578,688273]
[218,179,433291,432945]
[219,170,299964,300937]
[220,242,265565,265907]
[221,6,307565,308046]
[222,8,568072,568510]
[223,82,94666,95693]
[224,197,362355,361193]
[225,249,60256,60068]
[226,253,372752,371925]
[227,238,694914,695119]
[228,81,115628,114840]
[229,86,565616,567109]
[230,85,690989,689677]
[231,66,449868,451339]
[232,173,573478,572640]
[233,76,509924,510672]
[234,169,189476,187989]
[235,51,619773,619420]
[236,132,331742,333106]
[237,101,722914,721903]
[238,98,429754,431112]
[239,112,464073,464156]
[240,59,729972,729706]
[241,201,622488,621901]
[242,76,644582,646052]
[243,234,332824,333640]
[244,129,126029,125552]
[245,34,480256,481661]
[246,229,236075,234576]
[247,9,433419,433117]
[248,42,425375,426445]
[249,210,693048,693393]
[250,99,458576,458019]
[251,152,285444,286715]
[252,192,641616,642491]
[253,166,495577,496695]
[254,59,223706,223197]
[255,115,15461,14105]
[256,238,212431,213082]
[257,85,496376,496226]
[258,232,697494,698767]
[259,203,329125,327670]
[260,203,632562,631421]
[261,81,261162,260376]
[262,67,109639,109365]
[263,164,405505,406219]
[264,169,103440,102086]
[265,213,65581,65096]
[266,258,513829,514127]
[267,245,201887,201342]
[268,26,201377,202451]
[269,239,153522,152847]
[270,272,395777,396991]
[271,17,537469,537135]
[272,113,189093,188292]
[273,178,442510,443414]
[274,121,233207,232748]
[275,193,98779,98439]
[276,38,689391,689703]
[277,131,411201,411158]
[278,221,591247,589814]
[279,168,729504,730009]
[280,11,138955,138130]
[281,166,530002,530064]
[282,34,196281,197740]
[283,240,534981,535353]
[284,153,370291,370158]
[285,264,597322,598060]
[286,254,527159,528617]
[287,88,701436,701906]
[288,207,601369,600929]
[289,181,232699,231272]
[290,254,560782,561665]
[291,157,296283,295682]
[292,24,694841,695622]
[293,59,458164,457220]
[294,228,103809,104801]
[295,66,133364,133875]
[296,121,605803,605102]
[297,24,72128,73344]
[298,206,134406,135344]
[299,199,209948,209499]
[300,98,393416,393941]
[301,40,109352,109898]
[302,19,719550,719177]
[303,79,252373,252095]
[304,23,248726,247936]
[305,264,410091,410311]
[306,263,413726,413434]
[307,131,275735,274933]
[308,51,437244,435924]
[309,221,120717,119820]
[310,168,440385,440760]
[311,239,341242,341019]
[312,133,460464,460098]
[313,41,251815,250930]
[314,154,326887,327628]
[315,177,258180,256714]
[316,113,202788,202524]
[317,274,98979,99467]
[318,74,555874,555967]
[319,184,242443,243872]
[320,28,636810,637547]
[321,273,3331,2553]
[322,100,301226,301879]
[323,219,266213,265697]
[324,62,132817,134072]
[325,274,436470,437000]
[326,191,124020,122989]
[327,4,323137,323503]
[328,196,136903,137465]
[329,155,542208,541048]
[330,127,162622,161888]
[331,105,2623,1764]
[332,37,522912,521441]
[333,128,45646,46077]
[334,277,80801,80415]
[335,162,453375,454808]
[336,156,439333,439435]
[337,42,682157,682388]
[338,231,336978,336091]
[339,250,614271,615684]
[340,159,207658,206371]
[341,160,574932,575707]
[342,54,696475,697600]
[343,96,190451,190995]
[344,273,244663,243248]
[345,105,559542,558295]
[346,275,39386,39071]
[347,194,292290,292975]
[348,249,481356,481218]
[349,269,435589,434440]
[350,173,139425,138604]
[351,201,28333,28213]
[352,77,90667,89414]
[353,110,174068,174566]
[354,127,21110,20656]
[355,71,26286,25652]
[356,186,254991,256096]
[357,238,321910,322322]
[358,50,572094,573502]
[359,51,134074,133438]
[360,260,31822,32893]
[361,42,609425,609521]
[362,91,213225,212798]
[363,164,604302,604742]
[364,127,486081,485355]
[365,179,366497,366369]
[366,158,342421,343110]
[367,170,165253,166093]
[368,43,248310,247990]
[369,224,230887,231937]
[370,30,726722,728009]
[371,260,725036,726400]
[372,127,61823,60492]
[373,32,722361,723858]
[374,104,322486,323736]
[375,89,189886,188429]
[376,136,264954,266401]
[377,228,223695,224067]
[378,17,109782,109709]
[379,103,654598,654434]
[380,209,696843,696687]
[381,131,428898,428697]
[382,93,617327,617211]
[383,129,684584,683840]
[384,41,717988,716883]
[385,185,88985,87664]
[386,253,399868,398862]
[387,271,344816,344409]
[388,233,395260,393953]
[389,271,580130,579944]
[390,150,124908,125163]
[391,202,721576,723048]
[392,134,112552,113938]
[393,267,139482,138422]
[394,208,236494,237335]
[395,195,615580,615452]
[396,223,718261,717213]
[397,177,508297,507858]
[398,255,155004,153982]
[399,192,605462,606396]
[400,157,473780,472507]
[401,188,573000,573402]
[402,69,486813,486682]
[403,229,69285,68409]
[404,173,130155,129531]
[405,67,49808,48673]
[406,174,214795,215263]
[407,218,282636,283218]
[408,180,92158,93448]
[409,266,354681,355405]
[410,163,459851,459016]
[411,23,83563,82498]
[412,33,673422,672024]
[413,122,364581,365738]
[414,60,650132,651256]
[415,139,148025,146531]
[416,227,129489,128553]
[417,94,273044,273412]
[418,176,520711,521823]
[419,245,681266,679817]
[420,170,590915,591973]
[421,101,368800,367365]
[422,240,533448,533633]
[423,261,256749,255927]
[424,36,312932,314418]
[425,190,107403,107904]
[426,158,39000,39458]
[427,94,706872,707475]
[428,75,388933,388283]
[429,40,530206,530259]
[430,211,79792,79472]
[431,30,237107,238217]
[432,76,189077,189564]
[433,47,184508,184022]
[434,32,22725,23914]
[435,222,581719,581986]
[436,62,557868,557978]
[437,267,286458,285446]
[438,197,624516,624064]
[439,90,339076,339437]
[440,17,279169,278766]
[441,25,164985,164502]
[442,273,583129,581908]
[443,11,432566,432027]
[444,279,535907,535321]
[445,69,436940,435749]
[446,139,611812,611782]
[447,153,208349,208319]
[448,2,382285,382478]
[449,251,688137,687910]
[450,214,634009,634560]
[451,27,422800,422053]
[452,117,444340,443873]
[453,170,502101,503315]
[454,159,549258,547888]
[455,199,482819,482647]
[456,44,237634,237927]
[457,83,164541,163223]
[458,101,526729,526520]
[459,237,471013,469923]
[460,103,472880,472576]
[461,239,323890,323464]
[462,94,237969,239299]
[463,220,280022,280478]
[464,270,116176,116788]
[465,183,484789,484371]
[466,182,191231,191740]
[467,140,166947,167133]
[468,163,691870,690752]
[469,104,199200,199710]
[470,270,722608,723220]
[471,142,371890,373179]
[472,214,214828,215898]
[473,146,337446,338567]
[474,245,392985,391924]
[475,277,592411,591774]
[476,52,607546,608822]
[477,6,326026,326654]
[478,249,482073,481504]
[479,68,244031,244580]
[480,156,550624,552099]
[481,212,493857,494686]
[482,150,326174,326942]
[483,275,111816,110782]
[484,187,373685,372523]
[485,78,632714,634097]
[486,122,466440,467822]
[487,110,351099,351142]
[488,268,340041,340759]
[489,111,237763,237632]
[490,206,399822,400652]
[491,181,577948,576512]
[492,222,243137,243254]
[493,278,431866,433366]
[494,192,176608,176727]
[495,140,389784,389976]
[496,145,370849,370090]
[497,121,708136,707393]
[498,210,307458,307872]
[499,70,705408,706534]
[500,108,225055,226071]
[501,229,283222,282750]
[502,278,359264,360527]
[503,227,632761,632016]
[504,207,413688,412493]
[505,215,503760,502598]
[506,240,42130,42652]
[507,222,374147,374593]
[508,25,689478,688684]
[509,34,165516,166317]
[510,129,352222,351875]
[511,193,695412,694194]
[512,235,685752,685707]
[513,152,86789,88053]
[514,271,715195,715012]
[515,212,458933,459050]
[516,128,195264,196729]
[517,125,478538,477862]
[518,233,139676,139038]
[519,221,162407,162149]
[520,225,93693,93454]
[521,126,294731,295875]
[522,181,217975,216596]
[523,240,269591,270117]
[524,88,268193,268254]
[525,155,358743,358643]
[526,250,11904,12155]
[527,6,348527,348991]
[528,62,583200,584598]
[529,74,694459,695798]
[530,176,619614,620155]
[531,141,343117,342917]
[532,116,152439,152845]
[533,31,540189,539843]
[534,269,498282,496953]
[535,46,411173,411790]
[536,185,708650,707923]
[537,12,482494,483669]
[538,224,514838,515271]
[539,231,296178,295078]
[540,160,475034,476275]
[541,222,122789,123290]
[542,118,641781,643055]
[543,120,19394,20587]
[544,113,248717,247832]
[545,198,417372,417928]
[546,91,678008,677162]
[547,97,4321,4092]
[548,166,462908,464166]
[549,106,527683,528931]
[550,144,552941,553760]
[551,8,485156,486180]
[552,104,726783,727637]
[553,195,206899,206711]
[554,213,368757,368257]
[555,112,719128,720141]
[556,30,198210,198712]
[557,66,80213,81128]
[558,50,376384,376824]
[559,109,607363,607191]
[560,88,25016,26461]
[561,241,381723,381603]
[562,178,81709,82948]
[563,121,673310,672132]
[564,115,720377,719227]
[565,47,520388,519561]
[566,31,174781,174688]
[567,182,309958,311114]
[568,214,177509,178544]
[569,256,404050,404712]
[570,205,353515,352618]
[571,234,425007,426180]
[572,216,84318,84448]
[573,31,664493,663854]
[574,56,331809,333272]
[575,191,153907,152890]
[576,151,345205,344264]
[577,259,338106,337203]
[578,211,613974,613429]
[579,201,631062,630140]
[580,84,580768,581380]
[581,251,429537,429166]
[582,1,638207,638117]
[583,232,696245,696324]
[584,42,683034,683198]
[585,172,206056,206402]
[586,120,9366,9406]
[587,21,596535,596151]
[588,239,516587,515353]
[589,52,582902,582992]
[590,164,73957,75029]
[591,74,535816,536599]
[592,159,730013,729469]
[593,12,173698,174848]
[594,224,334466,335331]
[595,99,33184,32850]
[596,111,615094,614943]
[597,175,91642,90947]
[598,215,325438,324915]
[599,204,511172,511811]
[600,196,68984,69761]
[601,267,138163,136803]
[602,106,291860,292597]
[603,181,674955,674064]
[604,38,639796,640934]
[605,206,361932,363000]
[606,11,211405,211261]
[607,246,547287,547852]
[608,36,697220,697553]
[609,69,8833,7634]
[610,159,382492,381479]
[611,84,387497,388010]
[612,109,214659,214215]
[613,205,418656,417642]
[614,4,221923,223184]
[615,197,604709,604140]
[616,241,359885,359197]
[617,220,437774,438425]
[618,154,172695,173176]
[619,166,531648,532994]
[620,201,119801,118658]
[621,129,664932,663626]
[622,109,232438,232366]
[623,216,689749,689959]
[624,245,592545,592401]
[625,33,65793,65120]
[626,9,414946,414748]
[627,149,57896,56424]
[628,211,60021,59266]
[629,202,231986,232302]
[630,29,708610,708384]
[631,64,682430,682871]
[632,118,544588,544971]
[633,267,305952,305746]
[634,205,594920,594371]
[635,257,247729,246768]
[636,95,415151,413715]
[637,270,553093,554574]
[638,128,554667,554872]
[639,100,445279,445848]
[640,118,644692,646084]
[641,266,635862,636370]
[642,269,279843,279383]
[643,222,241429,241485]
[644,232,450498,450792]
[645,249,503620,502637]
[646,66,483893,485323]
[647,155,284031,282599]
[648,108,324765,326072]
[649,39,361955,361354]
[650,217,346651,346077]
[651,196,703726,704928]
[652,105,440129,438874]
[653,167,334952,333896]
[654,10,587227,587295]
[655,175,617310,615883]
[656,41,593095,592459]
[657,263,131035,131005]
[658,169,701109,700398]
[659,189,208378,206968]
[660,223,205903,205686]
[661,62,19469,19814]
[662,133,458553,457355]
[663,124,16486,16768]
[664,166,165862,166695]
[665,38,120564,120817]
[666,228,62643,63174]
[667,106,387222,387582]
[668,13,166962,166701]
[669,38,575045,576175]
[670,58,300707,301838]
[671,218,291016,291624]
[672,139,164254,162983]
[673,141,195523,194418]
[674,160,404702,405685]
[675,279,605100,604512]
[676,5,603856,602801]
[677,206,376479,377312]
[678,39,209742,208732]
[679,151,301644,300868]
[680,111,316971,316545]
[681,220,580687,581493]
[682,26,594736,595665]
[683,14,511409,512239]
[684,236,29907,31406]
[685,248,172352,173776]
[686,149,632611,631319]
[687,159,371873,371118]
[688,128,576745,577348]
[689,193,600444,599087]
[690,244,163077,163428]
[691,199,588588,587813]
[692,182,526829,526936]
[693,13,200170,200125]
[694,229,179009,177757]
[695,256,393708,395044]
[696,144,562791,563675]
[697,107,15448,14517]
[698,11,232329,231256]
[699,14,532220,533574]
[700,232,574903,576301]
[701,69,357941,356673]
[702,126,160636,161533]
[703,68,26856,28212]
[704,91,666900,666290]
[705,128,32719,33196]
[706,227,109432,108949]
[707,127,599498,598079]
[708,239,717111,716584]
[709,89,557365,556836]
[710,184,381599,382488]
[711,216,420699,420998]
[712,213,449614,448988]
[713,168,598356,599276]
[714,59,730107,730077]
[715,74,341685,341871]
[716,2,563268,564587]
[717,20,654188,654578]
[718,34,306542,307373]
[719,227,88125,87488]
[720,7,390743,389432]
[721,224,342169,342376]
[722,248,421124,421779]
[723,139,362678,362437]
[724,190,213840,215289]
[725,120,369216,369537]
[726,61,598959,598184]
[727,177,601873,601730]
[728,197,324239,323230]
[729,124,264000,265134]
[730,94,94859,96223]
[731,10,296484,296857]
[732,253,674839,674583]
[733,3,692434,692100]
[734,253,460453,460380]
[735,4,387708,387790]
[736,274,137289,138089]
[737,201,147550,146307]
[738,36,468171,468298]
[739,126,255283,256625]
[740,237,722166,721661]
[741,133,502507,502133]
[742,129,139316,138726]
[743,113,581125,580864]
[744,72,469351,469833]
[745,78,664215,665132]
[746,188,200283,201631]
[747,240,305361,306606]
[748,275,383910,383098]
[749,240,311566,311661]
[750,210,304330,305147]
[751,56,427514,427597]
[752,180,605930,606734]
[753,17,65122,64795]
[754,64,646724,647433]
[755,93,614448,614167]
[756,155,189245,187807]
[757,250,248643,249401]
[758,100,240060,240527]
[759,35,568244,568072]
[760,203,8230,6939]
[761,191,399144,397800]
[762,124,545867,546835]
[763,230,49657,49986]
[764,59,595166,593692]
[765,259,435115,434801]
[766,229,547613,546534]
[767,204,7018,7870]
[768,239,547419,547048]
[769,185,244154,244033]
[770,262,193891,195156]
[771,208,94416,94764]
[772,168,86048,87445]
[773,192,612702,613067]
[774,5,72522,72480]
[775,249,400749,399806]
[776,153,523862,523168]
[777,34,218708,219673]
[778,258,716411,717730]
[779,130,273248,273924]
[780,133,69595,68967]
[781,225,576923,575679]
[782,235,312442,311181]
[783,192,29364,30562]
[784,181,375393,374392]
[785,248,683905,684114]
[786,10,148691,150158]
[787,76,635545,637006]
[788,12,506305,507799]
[789,124,225751,227005]
[790,226,677234,677379]
[791,126,74304,74957]
[792,190,267649,268060]
[793,11,636650,635627]
[794,63,35539,35153]
[795,17,708266,707456]
[796,275,397507,397341]
[797,11,517060,516949]
[798,5,3292,2730]
[799,113,552811,551763]
[800,241,448144,446794]
[801,269,93088,92636]
[802,170,672915,673949]
[803,19,594766,593360]
[804,95,592357,591235]
[805,239,393193,393145]
[806,31,701796,700636]
[807,119,165003,163876]
[808,210,398569,399441]
[809,69,269377,268465]
[810,133,315204,314833]
[811,30,34548,34746]
[812,146,217699,218535]
[813,206,436751,438115]
[814,186,270823,270921]
[815,73,423568,423535]
[816,279,49617,49106]
[817,31,193868,193204]
[818,102,542426,543057]
[819,17,585425,584589]
[820,233,148399,147973]
[821,44,469046,469447]
[822,218,219124,219744]
[823,76,694109,695141]
[824,126,418015,418092]
[825,193,259162,258902]
[826,41,716519,716440]
[827,254,127036,128213]
[828,147,668061,666941]
[829,113,491465,490147]
[830,170,655994,657483]
[831,36,237805,238212]
[832,276,358579,359177]
[833,126,685447,685664]
[834,148,410840,411109]
[835,83,15663,15598]
[836,125,315029,314155]
[837,228,250286,251536]
[838,92,411030,411183]
[839,190,710603,711977]
[840,181,383549,382840]
[841,213,443022,441662]
[842,192,246720,246924]
[843,89,690460,689457]
[844,131,563278,562285]
[845,208,536236,537359]
[846,212,330088,330734]
[847,50,385052,386138]
[848,18,499760,500430]
[849,29,476147,475550]
[850,84,93137,93390]
[851,257,19106,18014]
[852,60,39307,39973]
[853,266,670931,672060]
[854,35,488463,487790]
[855,125,293671,293590]
[856,39,112802,111872]
[857,162,169477,170520]
[858,118,422165,423025]
[859,90,434809,436021]
[860,268,325524,326458]
[861,84,451617,452272]
[862,93,375241,374867]
[863,18,596432,596930]
[864,71,287044,287005]
[865,69,371180,370004]
[866,115,11610,10910]
[867,180,720438,721206]
[868,58,529228,529848]
[869,126,69418,69929]
[870,10,9409,10619]
[871,258,9031,9263]
[872,14,77625,78687]
[873,124,285502,286787]
[874,19,318460,317999]
[875,193,608230,607452]
[876,258,710890,711319]
[877,64,234678,234727]
[878,161,239519,238139]
[879,0,593602,595100]
[880,174,662903,663621]
[881,12,271557,272717]
[882,75,171881,170437]
[883,29,536376,536022]
[884,136,513491,514107]
[885,201,140480,140256]
[886,188,536758,537496]
[887,17,500019,499716]
[888,29,155695,154538]
[889,101,214689,214148]
[890,252,36918,37230]
[891,115,528902,527568]
[892,201,8016,6821]
[893,237,526102,525390]
[894,183,6844,5986]
[895,13,401878,401700]
[896,219,274235,273404]
[897,29,433859,432364]
[898,240,202518,203148]
[899,154,432881,433421]
[900,200,556316,557727]
[901,179,312598,312115]
[902,60,727182,727412]
[903,245,642092,641769]
[904,0,363133,364123]
[905,94,542683,543672]
[906,56,298006,299187]
[907,45,586329,586216]
[908,271,616381,615463]
[909,158,436350,436568]
[910,10,655162,656227]
[911,31,501449,500433]
[912,183,427666,426568]
[913,185,412040,410824]
[914,122,130207,130988]
[915,131,280085,279782]
[916,29,51095,50155]
[917,166,144479,145634]
[918,113,588909,588873]
[919,159,456015,455781]
[920,83,701088,700963]
[921,64,434884,435429]
[922,231,117887,117821]
[923,204,149970,151414]
[924,134,502675,504095]
[925,43,342104,341594]
[926,260,601271,602430]
[927,34,536056,536942]
[928,139,336332,336169]
[929,10,466281,467400]
[930,225,631219,629778]
[931,129,237381,235887]
[932,9,499825,498844]
[933,18,95177,95228]
[934,79,530288,529611]
[935,48,537254,537640]
[936,102,482905,483858]
[937,254,126059,126410]
[938,109,389965,388962]
[939,259,299642,298711]
[940,17,262916,261789]
[941,184,670612,671773]
[942,8,340069,340843]
[943,167,466401,465265]
[944,205,670156,669383]
[945,247,467199,467094]
[946,25,370327,369488]
[947,187,176453,176058]
[948,90,599698,600935]
[949,269,674706,674601]
[950,153,449680,448797]
[951,190,120517,120744]
[952,54,267708,268122]
[953,228,452506,452933]
[954,10,335222,336582]
[955,13,56736,55625]
[956,8,290612,292087]
[957,217,452000,451397]
[958,126,23825,23912]
[959,210,592624,593632]
[960,204,394791,396065]
[961,168,223457,224632]
[962,258,641172,642231]
[963,169,420079,418850]
[964,265,456848,455471]
[965,259,112390,111196]
[966,252,484058,484765]
[967,275,673013,671964]
[968,275,564801,564130]
[969,218,462509,462763]
[970,208,237137,237627]
[971,64,404731,404832]
[972,160,309903,311141]
[973,167,401849,400429]
[974,55,672982,671823]
[975,111,212910,212808]
[976,59,450205,449470]
[977,183,405341,403941]
[978,20,659296,660152]
[979,128,494627,494690]
[980,181,81922,80534]
[981,271,356191,355782]
[982,43,507474,507369]
[983,17,243001,242028]
[984,272,142966,144178]
[985,89,69135,68339]
[986,233,78222,77228]
[987,254,261639,261700]
[988,125,455433,454173]
[989,209,124187,123590]
[990,178,77254,78615]
[991,128,594615,595111]
[992,76,384537,385943]
[993,41,323004,322203]
[994,200,265895,266711]
[995,249,367488,366043]
[996,48,679098,679557]
[997,25,530019,529761]
[998,166,62641,64072]
[999,210,341561,341819]
[1000,54,658419,659689]
[1001,191,534268,533335]
[1002,12,279468,280547]
[1003,77,368527,367770]
[1004,98,420257,421430]
[1005,70,125454,125537]
[1006,114,8996,9222]
[1007,64,110419,111386]
[1008,269,548356,547515]
[1009,210,388403,389696]
[1010,21,618461,618298]
[1011,241,121655,121355]
[1012,125,131333,130559]
[1013,170,148133,148594]
[1014,117,17913,17289]
[1015,77,185312,185018]
[1016,33,547270,546971]
[1017,234,592183,592953]
[1018,68,502289,502676]
[1019,83,690817,689813]
[1020,104,292766,293673]
[1021,66,154707,154927]
[1022,177,181627,181543]
[1023,263,155492,154272]
[1024,210,588939,590343]
[1025,193,701580,701292]
[1026,264,363935,365159]
[1027,253,343418,341995]
[1028,54,591012,591480]
[1029,219,82474,81325]
[1030,215,694631,694252]
[1031,105,168678,167577]
[1032,2,673528,673803]
[1033,182,717357,717799]
[1034,156,2250,3038]
[1035,79,44267,43503]
[1036,190,708028,708212]
[1037,16,292241,292811]
[1038,83,477609,476472]
[1039,77,356772,355591]
[1040,208,345419,345977]
[1041,240,242627,243173]
[1042,86,117494,118331]
[1043,4,33195,33844]
[1044,206,77226,78711]
[1045,218,466714,467433]
[1046,154,514636,515480]
[1047,267,42676,41254]
[1048,48,408040,409087]
[1049,273,12204,12172]
[1050,174,685231,685896]
[1051,62,315731,316950]
[1052,183,505755,505486]
[1053,248,408871,409107]
[1054,179,39005,38678]
[1055,4,722058,723211]
[1056,47,493739,493627]
[1057,67,99499,99022]
[1058,54,188438,189163]
[1059,221,566862,566085]
[1060,147,178058,177441]
[1061,62,317654,319025]
[1062,102,12697,13061]
[1063,184,109906,110040]
[1064,33,224394,224102]
[1065,249,543461,543184]
[1066,250,65721,66010]
[1067,131,500667,499312]
[1068,193,495401,495136]
[1069,19,642757,642472]
[1070,97,680359,680110]
[1071,127,85390,85297]
[1072,162,595760,596895]
[1073,115,535236,534254]
[1074,173,556141,555579]
[1075,7,638656,637315]
[1076,3,44261,44210]
[1077,210,325171,325402]
[1078,163,542510,541692]
[1079,124,311520,311703]
[1080,164,530638,531785]
[1081,222,150874,151128]
[1082,122,149617,149673]
[1083,162,609762,611100]
[1084,261,145828,145219]
[1085,233,423188,422496]
[1086,88,596362,596490]
[1087,243,176456,176178]
[1088,179,187199,186416]
[1089,17,328519,327228]
[1090,188,17948,18431]
[1091,235,552845,552057]
[1092,30,104714,104918]
[1093,87,79272,78220]
[1094,6,551173,552490]
[1095,207,437616,436435]
[1096,146,34994,35767]
[1097,190,147140,148488]
[1098,16,86937,87823]
[1099,138,661966,662245]
[1100,248,267579,267807]
[1101,23,105661,105530]
[1102,224,70825,71381]
[1103,250,3105,3576]
[1104,168,481027,481402]
[1105,19,587818,586368]
[1106,32,596010,596091]
[1107,207,373294,373184]
[1108,132,486003,486071]
[1109,252,190618,191880]
[1110,186,473442,474275]
[1111,259,665832,664416]
[1112,108,327351,328039]
[1113,264,125549,126435]
[1114,153,650600,649903]
[1115,38,224117,225007]
[1116,275,622551,621425]
[1117,56,90045,90279]
[1118,62,4209,4415]
[1119,240,169337,170569]
[1120,69,396635,395485]
[1121,265,197338,196485]
[1122,263,590564,589644]
[1123,40,370396,371060]
[1124,33,130532,130386]
[1125,46,478701,479977]
[1126,219,350612,349345]
[1127,31,137640,137308]
[1128,248,206218,206273]
[1129,271,687928,687184]
[1130,82,577177,578095]
[1131,88,525481,526756]
[1132,1,415500,414096]
[1133,118,492309,492574]
[1134,252,709110,710548]
[1135,195,586600,585426]
[1136,255,468531,468191]
[1137,80,465194,466326]
[1138,269,42329,41811]
[1139,62,218401,219081]
[1140,77,419907,418774]
[1141,184,154041,155482]
[1142,174,197472,198618]
[1143,240,672046,672268]
[1144,244,259501,259907]
[1145,18,299522,300062]
[1146,273,411257,409876]
[1147,156,261573,262175]
[1148,35,295213,294221]
[1149,86,148915,149422]
[1150,171,25699,24777]
[1151,2,473263,473611]
[1152,247,366464,366334]
[1153,130,97978,98032]
[1154,231,299683,299047]
[1155,0,398218,399185]
[1156,129,434892,434067]
[1157,179,428493,428276]
[1158,45,428294,427374]
[1159,222,290993,291264]
[1160,189,132941,131986]
[1161,65,488563,487355]
[1162,14,156854,157790]
[1163,262,448744,450007]
[1164,176,259873,260006]
[1165,242,290388,291035]
[1166,84,301395,302563]
[1167,114,472086,473493]
[1168,171,718563,718205]
[1169,123,321751,320696]
[1170,181,586279,585102]
[1171,261,246097,245140]
[1172,238,175850,177204]
[1173,36,561518,562062]
[1174,143,375389,374490]
[1175,42,29448,30058]
[1176,260,104161,104974]
[1177,136,394578,394697]
[1178,264,164449,164980]
[1179,251,430258,429926]
[1180,252,302286,302333]
[1181,141,468452,467695]
[1182,30,179003,179668]
[1183,265,313141,313068]
[1184,112,501231,502151]
[1185,236,292247,292733]
[1186,123,444171,443332]
[1187,188,626461,627708]
[1188,118,30737,31920]
[1189,183,721076,720528]
[1190,141,16268,15790]
[1191,29,565865,565617]
[1192,266,131322,132112]
[1193,208,210989,212422]
[1194,55,475652,474865]
[1195,98,665100,665187]
[1196,247,708002,706989]
[1197,73,404293,403357]
[1198,12,359511,360098]
[1199,84,694962,696239]
[1200,215,19800,18678]
[1201,11,361281,360439]
[1202,40,717512,718417]
[1203,136,582883,584368]
[1204,88,246506,247856]
[1205,161,365119,364282]
[1206,121,341066,339841]
[1207,267,46270,45469]
[1208,106,703411,704172]
[1209,218,379361,379506]
[1210,268,376897,378143]
[1211,156,712618,712858]
[1212,109,258951,257918]
[1213,65,233271,233102]
[1214,166,486099,486763]
[1215,61,705905,704823]
[1216,195,197760,196586]
[1217,0,269137,270317]
[1218,81,707660,706634]
[1219,44,394026,395096]
[1220,259,620826,619841]
[1221,234,728741,729635]
[1222,153,104495,104236]
[1223,49,228642,227421]
[1224,16,522734,523414]
[1225,6,183839,185119]
[1226,231,361912,361290]
[1227,27,225259,225076]
[1228,4,156308,157078]
[1229,174,108432,108789]
[1230,57,673260,672169]
[1231,60,53640,54657]
[1232,237,389909,389541]
[1233,240,387568,388130]
[1234,141,457247,456146]
[1235,108,395359,396082]
[1236,36,74492,75109]
[1237,269,609562,608832]
[1238,35,483904,483170]
[1239,147,570658,570110]
[1240,197,472214,471842]
[1241,116,309153,309913]
[1242,146,667295,668053]
[1243,238,11085,11305]
[1244,122,300796,301953]
[1245,3,287884,287353]
[1246,234,561120,562077]
[1247,18,585009,585598]
[1248,111,163203,162373]
[1249,255,403584,402962]
[1250,238,85131,85371]
[1251,95,138260,136817]
[1252,195,613766,613645]
[1253,31,581454,581080]
[1254,0,123174,123353]
[1255,21,126234,124997]
[1256,5,307950,306952]
[1257,214,149485,150031]
[1258,150,679720,681133]
[1259,127,121552,120422]
[1260,249,534900,534823]
[1261,15,440636,439516]
[1262,193,71670,70416]
[1263,180,340855,342041]
[1264,119,606347,605973]
[1265,241,618260,617774]
[1266,197,482537,481372]
[1267,188,140626,140966]
[1268,276,406835,406896]
[1269,65,484981,483975]
[1270,195,218729,218691]
[1271,228,606651,607126]
[1272,104,596343,597809]
[1273,48,121062,121436]
[1274,275,302748,302691]
[1275,263,22466,22256]
[1276,135,424142,423400]
[1277,227,432868,432367]
[1278,206,610607,611584]
[1279,274,247107,247535]
[1280,74,56228,56833]
[1281,278,140664,141065]
[1282,100,595737,596402]
[1283,91,14659,13190]
[1284,72,676572,677509]
[1285,206,18531,18892]
[1286,108,75426,76061]
[1287,190,696013,696759]
[1288,254,327512,327944]
[1289,43,699572,698424]
[1290,124,706173,706835]
[1291,174,78517,78616]
[1292,215,577461,576057]
[1293,75,197549,196782]
[1294,108,528953,529620]
[1295,118,466829,466902]
[1296,112,363115,364263]
[1297,20,441117,441828]
[1298,88,463694,463888]
[1299,208,269140,270042]
[1300,276,384572,384866]
[1301,200,637629,638422]
[1302,150,259595,260774]
[1303,197,387492,386648]
[1304,262,69241,70248]
[1305,264,212762,213966]
[1306,253,16347,15430]
[1307,28,220245,221323]
[1308,72,727181,727704]
[1309,215,109229,109122]
[1310,123,311581,311018]
[1311,182,374380,374586]
[1312,219,580926,580767]
[1313,100,671918,672776]
[1314,76,343725,344872]
[1315,216,108441,108950]
[1316,100,186376,186856]
[1317,98,443702,445088]
[1318,33,354322,353709]
[1319,46,273742,274414]
[1320,186,115038,115815]
[1321,195,692731,691992]
[1322,278,272029,272408]
[1323,100,719895,720797]
[1324,165,399185,397794]
[1325,114,488564,489781]
[1326,84,445076,445902]
[1327,107,442721,442189]
[1328,192,59009,59530]
[1329,66,483621,484909]
[1330,115,87960,87035]
[1331,149,271605,270311]
[1332,228,619515,619563]
[1333,151,49423,49032]
[1334,79,357201,355875]
[1335,165,126797,126756]
[1336,56,578214,579605]
[1337,272,153498,154956]
[1338,123,610044,609423]
[1339,39,719707,719431]
[1340,71,31736,31302]
[1341,276,296579,296757]
[1342,30,557109,557549]
[1343,121,709076,708016]
[1344,13,317653,316165]
[1345,60,439350,439457]
[1346,247,379603,379451]
[1347,182,164122,165319]
[1348,166,171374,171881]
[1349,68,659426,660036]
[1350,198,516306,517161]
[1351,210,205082,206017]
[1352,236,360768,361383]
[1353,194,530466,531626]
[1354,51,301610,300542]
[1355,9,19367,18015]
[1356,184,194448,195522]
[1357,164,549630,550455]
[1358,221,460549,459196]
[1359,131,81871,81106]
[1360,215,721065,719645]
[1361,253,46110,46007]
[1362,186,540425,540920]
[1363,166,93400,93873]
[1364,71,694215,693413]
[1365,148,495967,496462]
[1366,228,449351,449789]
[1367,71,141656,140814]
[1368,54,608629,610054]
[1369,197,197770,197055]
[1370,45,625813,625240]
[1371,276,221167,221915]
[1372,41,398145,397108]
[1373,221,591939,590747]
[1374,197,559995,559498]
[1375,84,471263,472741]
[1376,145,698074,698018]
[1377,118,493192,493672]
[1378,129,390922,390032]
[1379,93,62597,61152]
[1380,127,99551,99058]
[1381,249,420825,420714]
[1382,101,183607,182461]
[1383,56,273788,275198]
[1384,237,24556,24496]
[1385,238,9386,9972]
[1386,5,710634,709423]
[1387,181,81264,80760]
[1388,210,520855,520942]
[1389,179,515735,515552]
[1390,146,38660,38775]
[1391,250,515443,515562]
[1392,218,297779,298639]
[1393,246,241369,242711]
[1394,224,286959,288004]
[1395,187,5738,4366]
[1396,33,496802,495899]
[1397,50,53210,54325]
[1398,111,88614,88212]
[1399,126,676197,676301]
[1400,46,232897,233880]
[1401,227,132408,131473]
[1402,230,406841,406941]
[1403,33,340445,340303]
[1404,214,356085,356284]
[1405,3,115025,114926]
[1406,121,184664,184446]
[1407,163,302643,301269]
[1408,77,278789,278523]
[1409,116,297717,299030]
[1410,33,60139,58777]
[1411,127,121564,120785]
[1412,210,681756,682637]
[1413,75,42907,42079]
[1414,197,100104,99272]
[1415,89,409981,409949]
[1416,52,677891,679315]
[1417,148,78835,80303]
[1418,169,564142,563036]
[1419,258,387959,389229]
[1420,248,428967,429080]
[1421,226,91656,92735]
[1422,107,492704,491870]
[1423,0,609583,610981]
[1424,15,452150,451315]
[1425,237,669769,668844]
[1426,273,572737,572567]
[1427,218,113438,114163]
[1428,84,423026,424318]
[1429,23,275663,274179]
[1430,65,128854,128044]
[1431,254,513362,513414]
[1432,79,638118,636978]
[1433,34,228487,228622]
[1434,131,302187,301362]
[1435,104,39167,39448]
[1436,89,198230,197386]
[1437,267,654543,654446]
[1438,101,153596,152306]
[1439,251,122616,122123]
[1440,162,423548,423769]
[1441,267,389205,388727]
[1442,14,664315,664769]
[1443,150,247860,248069]
[1444,273,448820,448156]
[1445,18,531995,533441]
[1446,74,12151,12461]
[1447,154,452041,452499]
[1448,149,564249,564101]
[1449,157,410638,409372]
[1450,104,306353,307677]
[1451,55,583182,582906]
[1452,171,225929,224816]
[1453,26,424107,424825]
[1454,53,511355,510912]
[1455,100,420139,420855]
[1456,226,627582,627943]
[1457,228,202001,202843]
[1458,25,79113,78558]
[1459,167,370030,369980]
[1460,256,44972,46031]
[1461,249,66702,66652]
[1462,227,564880,564643]
[1463,53,429636,429345]
[1464,208,446432,446526]
[1465,7,337577,336324]
[1466,243,574119,572873]
[1467,29,480905,480504]
[1468,188,85791,86536]
[1469,205,541155,541002]
[1470,133,129557,128801]
[1471,68,598507,598856]
[1472,40,555096,556175]
[1473,164,82954,83697]
[1474,0,611203,611681]
[1475,250,265686,265786]
[1476,176,397905,398207]
[1477,177,470669,469446]
[1478,186,717066,717542]
[1479,199,223534,222772]
[1480,85,167357,166523]
[1481,76,406403,406828]
[1482,215,209504,208868]
[1483,91,300366,300128]
[1484,267,73808,72468]
[1485,133,284242,283033]
[1486,24,627108,628556]
[1487,244,16795,17974]
[1488,192,204134,205135]
[1489,68,28341,28433]
[1490,197,492579,491452]
[1491,179,362298,361791]
[1492,129,33053,32206]
[1493,16,483525,483687]
[1494,218,463203,464202]
[1495,4,95070,96493]
[1496,78,449168,450337]
[1497,239,217896,217786]
[1498,191,176019,175031]
[1499,94,18106,18292]
[1500,188,266316,267057]
[1501,173,421360,420767]
[1502,266,295072,295315]
[1503,266,308001,308745]
[1504,119,247977,247504]
[1505,248,67281,68129]
[1506,269,436479,435185]
[1507,17,274472,274209]
[1508,26,434655,435766]
[1509,209,649898,648874]
[1510,199,169870,169448]
[1511,80,206098,206291]
[1512,3,710017,709753]
[1513,53,209476,209258]
[1514,89,188857,188141]
[1515,73,108000,106688]
[1516,244,162730,163152]
[1517,182,87360,87533]
[1518,165,581951,581670]
[1519,171,125867,125620]
[1520,99,200441,199722]
[1521,52,613305,613728]
[1522,231,258683,258083]
[1523,108,524636,525335]
[1524,19,160750,159258]
[1525,105,261464,261159]
[1526,251,109299,108863]
[1527,148,180557,180627]
[1528,269,549724,549560]
[1529,131,26473,24988]
[1530,267,135737,135401]
[1531,20,260461,260515]
[1532,200,278241,278840]
[1533,48,406045,406649]
[1534,4,228272,228560]
[1535,119,653146,653008]
[1536,23,207401,206620]
[1537,38,569173,569311]
[1538,118,543970,544427]
[1539,131,138411,138380]
[1540,76,618189,618264]
[1541,85,342920,342704]
[1542,144,353531,354489]
[1543,169,726285,725937]
[1544,97,13726,12384]
[1545,273,270376,269113]
[1546,145,152194,152084]
[1547,271,335879,335117]
[1548,14,449537,450759]
[1549,175,14305,13094]
[1550,84,612459,613234]
[1551,24,436863,437222]
[1552,203,15152,14546]
[1553,163,354130,353370]
[1554,226,210299,210678]
[1555,10,594297,594351]
[1556,102,696695,697819]
[1557,124,54138,55617]
[1558,62,360422,360760]
[1559,1,573209,572234]
[1560,148,249647,250304]
[1561,35,548373,547533]
[1562,91,604721,604258]
[1563,44,445910,446689]
[1564,91,380809,379422]
[1565,141,442721,442430]
[1566,276,525672,527041]
[1567,208,311372,311497]
[1568,119,452627,451189]
[1569,91,712479,711698]
[1570,265,152783,152007]
[1571,103,55255,54629]
[1572,94,573204,574171]
[1573,51,361112,360622]
[1574,185,237036,236695]
[1575,272,531756,531820]
[1576,238,1126,2000]
[1577,102,10366,11150]
[1578,97,12402,11379]
[1579,278,348887,349936]
[1580,229,631575,630429]
[1581,248,313045,313547]
[1582,72,397737,398826]
[1583,152,405701,407176]
[1584,246,227736,228666]
[1585,241,299242,298990]
[1586,188,556038,557209]
[1587,100,67101,68423]
[1588,262,278346,278983]
[1589,192,554289,555025]
[1590,120,173728,174397]
[1591,217,339773,338440]
[1592,77,134260,132823]
[1593,263,649675,648490]
[1594,266,620188,621057]
[1595,254,243440,243479]
[1596,222,360042,360097]
[1597,242,724738,725018]
[1598,201,478138,477331]
[1599,129,58610,58568]
[1600,133,338183,338049]
[1601,182,547760,549091]
[1602,16,252148,253084]
[1603,126,493584,494297]
[1604,124,626175,626562]
[1605,4,695462,696452]
[1606,110,459519,460245]
[1607,210,312352,312947]
[1608,172,537211,538674]
[1609,191,231859,230685]
[1610,138,90419,91027]
[1611,128,312373,312948]
[1612,272,83889,84340]
[1613,26,518766,518895]
[1614,9,416147,415388]
[1615,213,184930,183460]
[1616,129,341404,340204]
[1617,103,195883,194389]
[1618,250,523035,523328]
[1619,80,12495,13045]
[1620,41,604179,603758]
[1621,117,644058,643795]
[1622,59,488691,488609]
[1623,278,241672,241814]
[1624,143,68569,67701]
[1625,278,338650,339055]
[1626,102,415520,416621]
[1627,167,272045,271957]
[1628,169,514992,514506]
[1629,224,50198,51579]
[1630,242,505471,505927]
[1631,220,608201,608551]
[1632,175,558038,557935]
[1633,248,392143,392737]
[1634,8,116051,117476]
[1635,92,636760,637800]
[1636,51,381466,380374]
[1637,80,11702,13168]
[1638,172,329752,330393]
[1639,43,712056,711435]
[1640,105,71161,69700]
[1641,207,611757,611503]
[1642,45,429923,429089]
[1643,141,253022,251978]
[1644,91,443015,442258]
[1645,273,60375,59020]
[1646,168,169893,171241]
[1647,30,455527,456594]
[1648,228,685508,685566]
[1649,161,295448,294287]
[1650,76,17321,17785]
[1651,110,463625,464881]
[1652,81,275237,274291]
[1653,162,162409,163244]
[1654,61,321679,320318]
[1655,121,408213,407431]
[1656,8,38921,39569]
[1657,13,98851,97720]
[1658,120,454770,454865]
[1659,97,472834,472506]
[1660,205,237582,237112]
[1661,98,365077,365561]
[1662,124,96315,96807]
[1663,61,604499,603161]
[1664,226,446571,446844]
[1665,233,386726,385764]
[1666,258,109560,110548]
[1667,14,404305,404701]
[1668,269,37721,36388]
[1669,247,187537,187182]
[1670,102,494952,496105]
[1671,107,722427,721441]
[1672,243,250863,249713]
[1673,160,300691,301901]
[1674,82,440582,442015]
[1675,103,631784,630935]
[1676,78,406359,407121]
[1677,139,293302,292581]
[1678,251,698209,697134]
[1679,62,143833,145011]
[1680,40,476971,477699]
[1681,164,146918,147929]
[1682,14,234774,235982]
[1683,51,364587,363376]
[1684,218,113203,113961]
[1685,99,264325,263433]
[1686,8,36991,37045]
[1687,136,97110,97517]
[1688,213,430384,429377]
[1689,169,605516,605269]
[1690,98,384151,385054]
[1691,180,308946,308990]
[1692,51,560116,559061]
[1693,16,451488,451659]
[1694,56,698632,699792]
[1695,118,612678,613393]
[1696,215,478787,477336]
[1697,11,84012,83225]
[1698,77,326880,326388]
[1699,266,718989,719131]
[1700,143,210482,210297]
[1701,153,669318,669093]
[1702,58,90690,91257]
[1703,279,169203,167767]
[1704,63,593010,592757]
[1705,241,657355,656576]
[1706,231,580040,579982]
[1707,188,628917,629801]
[1708,236,60661,62134]
[1709,247,245006,243657]
[1710,237,229393,229023]
[1711,178,672458,672856]
[1712,161,620212,619747]
[1713,7,244223,243969]
[1714,82,579497,579925]
[1715,142,74568,75791]
[1716,123,430268,429975]
[1717,232,179378,180272]
[1718,122,323418,323955]
[1719,221,709086,707779]
[1720,229,425156,424524]
[1721,220,636593,638010]
[1722,73,50223,49218]
[1723,176,495192,496141]
[1724,195,546200,544908]
[1725,186,358857,359028]
[1726,88,550038,550356]
[1727,134,143693,145014]
[1728,148,648053,648094]
[1729,109,234576,234172]
[1730,121,578040,577576]
[1731,22,402481,403419]
[1732,57,295617,294233]
[1733,95,34017,33578]
[1734,227,33420,32299]
[1735,74,680974,682209]
[1736,74,390932,392103]
[1737,275,414136,413939]
[1738,129,552622,552098]
[1739,124,611569,612157]
[1740,173,473459,472561]
[1741,105,247082,245845]
[1742,215,180481,179544]
[1743,167,194249,192978]
[1744,173,48456,47213]
[1745,129,543812,543196]
[1746,247,252775,251679]
[1747,140,588761,589850]
[1748,133,483154,482277]
[1749,205,500589,500080]
[1750,97,563958,562748]
