["head":"wrap","lpos","status"]
[93,102018,1]
["io count"]
[180]
["io":"id","wrap","startLpos","endLpos"]
[1,62,290165,291226]
[2,200,541077,541337]
[3,84,638779,639525]
[4,0,251565,251818]
[5,126,724665,725637]
[6,226,458149,459130]
[7,279,208637,207553]
[8,166,511411,511911]
[9,68,10818,11089]
[10,267,321020,320660]
[11,128,149444,150415]
[12,194,7743,8661]
[13,268,351939,352904]
[14,101,632804,632109]
[15,251,390686,390333]
[16,268,412629,412903]
[17,119,264097,263401]
[18,171,384042,383888]
[19,265,154799,153490]
[20,229,40970,39637]
[21,75,31669,30978]
[22,265,529208,528651]
[23,172,192885,193527]
[24,40,469150,470429]
[25,60,370063,371147]
[26,123,101806,101542]
[27,276,532696,532881]
[28,200,158767,159592]
[29,260,416939,417842]
[30,41,47415,46560]
[31,189,454853,453443]
[32,129,127241,126883]
[33,248,307752,308481]
[34,190,319936,321371]
[35,277,619506,618151]
[36,202,453555,453959]
[37,67,168580,168295]
[38,56,354265,354934]
[39,59,308356,307635]
[40,160,391637,392350]
[41,5,339981,338736]
[42,13,213396,212323]
[43,110,591722,592396]
[44,46,203397,204805]
[45,214,496163,497075]
[46,253,466277,465573]
[47,137,117741,117486]
[48,205,423189,422969]
[49,236,317438,318642]
[50,176,440439,440684]
[51,21,525380,524586]
[52,60,450750,451320]
[53,113,557269,556524]
[54,235,610976,609831]
[55,202,472026,472354]
[56,211,115063,114585]
[57,49,64154,63947]
[58,35,663799,662329]
[59,62,193564,194738]
[60,261,201503,201024]
[61,109,366629,365495]
[62,121,115911,115483]
[63,271,201799,201088]
[64,191,265115,264957]
[65,246,623877,625052]
[66,131,647072,645890]
[67,128,336974,337652]
[68,28,532863,533730]
[69,118,60484,61327]
[70,57,357801,357717]
[71,10,434975,435216]
[72,244,705089,706512]
[73,275,229109,229076]
[74,201,123145,122110]
[75,159,468034,467253]
[76,111,126491,125812]
[77,170,683647,683735]
[78,242,576292,576430]
[79,210,590525,590624]
[80,197,565383,564393]
[81,11,688301,687468]
[82,241,178581,177731]
[83,11,287039,285601]
[84,18,490184,490299]
[85,160,483345,484293]
[86,271,392242,390952]
[87,252,69790,70665]
[88,134,713651,713742]
[89,221,369304,369100]
[90,186,171690,171829]
[91,159,154285,154250]
[92,114,633437,634621]
[93,78,237162,238476]
[94,86,240815,242171]
[95,19,51301,50158]
[96,47,335329,334900]
[97,279,720918,720840]
[98,247,144597,144321]
[99,168,534334,535535]
[100,113,273035,272898]
[101,99,338991,338385]
[102,156,376409,376533]
[103,92,701401,702577]
[104,56,71892,72327]
[105,71,586808,585524]
[106,158,347857,348084]
[107,22,622443,622750]
[108,197,690160,689629]
[109,104,552638,553028]
[110,120,638630,639043]
[111,146,352358,353623]
[112,119,716774,716173]
[113,263,669272,668200]
[114,114,266387,267516]
[115,131,270493,269724]
[116,259,594679,593967]
[117,27,509074,507599]
[118,167,516443,515360]
[119,272,436562,436818]
[120,265,218729,218439]
[121,220,470528,471864]
[122,249,543658,542792]
[123,101,655753,655431]
[124,108,688345,688783]
[125,226,491152,491527]
[126,270,153357,153678]
[127,43,190911,189962]
[128,105,483656,483235]
[129,27,92558,91449]
[130,93,598436,598292]
[131,155,549164,548786]
[132,166,596984,598378]
[133,139,129010,128056]
[134,94,711773,712452]
[135,144,519229,519495]
[136,61,487122,486479]
[137,51,397993,397790]
[138,59,261354,261096]
[139,127,480777,479575]
[140,171,422009,421405]
[141,229,674207,673216]
[142,43,722844,721483]
[143,52,14286,15648]
[144,139,6320,5302]
[145,110,53216,53286]
[146,220,94244,95389]
[147,71,467675,466638]
[148,246,113885,115143]
[149,7,218841,217865]
[150,105,97829,96359]
[151,134,588354,589519]
[152,81,214804,213471]
[153,17,369857,369097]
[154,196,228257,229641]
[155,188,401275,401443]
[156,190,361728,361899]
[157,114,73126,73274]
[158,107,730050,729619]
[159,252,465017,465902]
[160,74,444509,445254]
[161,163,103718,103186]
[162,29,592882,592176]
[163,22,728596,729052]
[164,0,220687,220968]
[165,190,46523,46696]
[166,161,458974,458116]
[167,251,117605,117320]
[168,75,34101,33094]
[169,76,21610,22165]
[170,46,476653,477298]
[171,0,404998,406112]
[172,66,190129,191552]
[173,150,260173,260669]
[174,59,368616,367248]
[175,194,702749,703236]
[176,257,296582,296469]
[177,215,219831,218954]
[178,154,661123,661736]
[179,161,497032,495884]
[180,110,637020,637590]
