["head":"wrap","lpos","status"]
[27,636594,1]
["io count"]
[1800]
["io":"id","wrap","startLpos","endLpos"]
[1,117,508002,507438]
[2,242,272756,274052]
[3,24,101565,102846]
[4,122,222348,223495]
[5,126,158589,159974]
[6,265,682655,681813]
[7,93,710293,708800]
[8,26,212811,213282]
[9,272,249794,250819]
[10,64,22068,22630]
[11,115,387266,386273]
[12,26,89466,89608]
[13,158,98065,99207]
[14,78,428745,429647]
[15,265,683828,682457]
[16,264,530778,530980]
[17,22,320631,321912]
[18,19,280134,279525]
[19,50,536543,536629]
[20,119,299223,298967]
[21,24,253853,255325]
[22,265,58628,57250]
[23,188,500147,500694]
[24,239,612754,612329]
[25,204,435708,436988]
[26,237,675238,673827]
[27,70,712521,712635]
[28,79,676283,675047]
[29,218,109538,110555]
[30,34,458404,458851]
[31,216,160632,161926]
[32,130,61647,62633]
[33,54,332047,333458]
[34,193,707493,707122]
[35,255,89557,88811]
[36,15,615477,615230]
[37,21,665961,665892]
[38,163,518504,517216]
[39,227,727792,726541]
[40,188,74486,75808]
[41,80,166050,166319]
[42,49,368466,367218]
[43,75,323426,321991]
[44,62,390383,391139]
[45,216,190281,190782]
[46,17,342678,341509]
[47,5,349445,348796]
[48,193,283493,282092]
[49,129,284322,283800]
[50,226,618971,619077]
[51,240,669824,670900]
[52,152,11633,12267]
[53,23,556941,556273]
[54,65,388794,387402]
[55,249,186250,184863]
[56,172,720723,721280]
[57,226,524758,525869]
[58,192,117642,117930]
[59,95,408822,408688]
[60,161,726431,724961]
[61,260,150026,151145]
[62,268,721654,722980]
[63,228,497451,498057]
[64,198,413571,414215]
[65,122,138764,139945]
[66,65,292588,291987]
[67,85,662110,661457]
[68,53,44662,43189]
[69,103,324826,324421]
[70,109,529651,528612]
[71,21,693726,692342]
[72,260,415304,416459]
[73,50,427317,427988]
[74,36,439080,439208]
[75,238,196978,197321]
[76,204,405225,405539]
[77,8,300396,300788]
[78,52,23924,24382]
[79,168,3610,4303]
[80,28,561617,561938]
[81,255,327360,326903]
[82,241,229565,228725]
[83,250,255137,256187]
[84,20,491095,491909]
[85,256,361426,361880]
[86,141,706709,706228]
[87,161,582046,581761]
[88,271,514904,514686]
[89,230,41171,41630]
[90,76,416623,417496]
[91,260,417150,417574]
[92,151,450191,448848]
[93,12,557316,558558]
[94,81,265063,263861]
[95,49,322243,321336]
[96,223,712991,712275]
[97,43,196755,195412]
[98,89,726840,725543]
[99,133,653950,653816]
[100,87,90488,89680]
[101,101,725671,725056]
[102,95,70779,69463]
[103,277,401524,400218]
[104,167,384303,383001]
[105,235,137988,137927]
[106,258,121568,123051]
[107,115,250560,250076]
[108,13,271094,269964]
[109,234,539461,539714]
[110,269,495902,494994]
[111,252,8748,10212]
[112,70,475275,475496]
[113,155,390373,388958]
[114,244,448849,449050]
[115,239,204470,204030]
[116,55,296901,296309]
[117,126,549612,550312]
[118,150,642910,642995]
[119,121,366592,366364]
[120,65,417656,416994]
[121,21,725146,724149]
[122,50,699348,700072]
[123,259,266172,264898]
[124,112,719999,721044]
[125,162,532681,533840]
[126,200,621627,621899]
[127,56,275245,275931]
[128,267,581812,580516]
[129,139,316488,315559]
[130,27,315531,314447]
[131,34,599461,599783]
[132,124,696806,697604]
[133,31,89893,88507]
[134,269,172757,171779]
[135,46,463246,463325]
[136,121,219037,217918]
[137,40,400787,401432]
[138,54,156158,156832]
[139,154,559811,560579]
[140,181,35978,35881]
[141,79,301549,300737]
[142,3,617845,616641]
[143,161,53653,52468]
[144,35,717782,716794]
[145,62,537845,539015]
[146,247,32611,32389]
[147,30,393693,394223]
[148,128,74206,74422]
[149,159,690970,690825]
[150,203,607213,606585]
[151,121,234880,234830]
[152,2,47695,48803]
[153,145,630165,629605]
[154,206,176606,177972]
[155,104,477582,478871]
[156,278,44001,44260]
[157,165,713611,712588]
[158,18,176600,177724]
[159,100,402749,403025]
[160,100,347046,347324]
[161,220,692462,693854]
[162,160,108942,110350]
[163,113,375915,375506]
[164,34,60257,60442]
[165,87,472980,471520]
[166,183,77966,76846]
[167,260,375033,375070]
[168,241,208397,206979]
[169,99,478169,478069]
[170,5,429751,429207]
[171,148,416375,417649]
[172,167,441824,441420]
[173,6,521103,522496]
[174,131,219080,217673]
[175,176,721440,722878]
[176,232,47578,47747]
[177,95,264394,262894]
[178,96,605186,605958]
[179,278,307917,307991]
[180,129,624589,624425]
[181,51,108684,107214]
[182,107,532723,531255]
[183,209,251048,250889]
[184,8,356077,356134]
[185,146,293942,294616]
[186,52,274267,275331]
[187,221,478674,477618]
[188,169,213719,212955]
[189,88,582051,582554]
[190,242,670231,671152]
[191,24,470969,471307]
[192,247,542313,541401]
[193,206,583509,584082]
[194,36,640692,641823]
[195,123,257779,257708]
[196,141,281002,280585]
[197,104,243098,243406]
[198,150,179030,179604]
[199,53,666799,665859]
[200,188,678713,679209]
[201,184,673395,673737]
[202,208,404138,404199]
[203,154,179948,180187]
[204,78,263513,265004]
[205,243,648944,647558]
[206,30,689631,690991]
[207,162,335765,336943]
[208,95,560471,559005]
[209,241,566826,565950]
[210,156,683271,683949]
[211,20,26617,28017]
[212,180,388426,389221]
[213,95,661845,660635]
[214,210,69390,69466]
[215,45,579432,578036]
[216,186,155446,155828]
[217,67,250734,249367]
[218,279,240550,239317]
[219,213,112051,111501]
[220,27,206877,206352]
[221,115,588206,587480]
[222,196,296334,296870]
[223,170,651310,652233]
[224,196,62504,62905]
[225,238,60390,61873]
[226,145,217472,216051]
[227,34,516117,517179]
[228,36,208967,209771]
[229,237,330140,329338]
[230,217,244070,242886]
[231,72,617170,618132]
[232,259,188153,187548]
[233,52,498838,499451]
[234,188,341312,342138]
[235,101,31460,31129]
[236,41,19826,19220]
[237,253,711390,710738]
[238,233,337082,336806]
[239,155,636879,636219]
[240,120,367346,368794]
[241,198,132801,133772]
[242,272,371095,371576]
[243,30,238500,239335]
[244,222,618641,620035]
[245,154,216666,217703]
[246,46,110418,111005]
[247,116,306445,307850]
[248,71,429631,428650]
[249,19,298499,298348]
[250,17,328336,327112]
[251,277,689247,688809]
[252,137,444452,443310]
[253,138,72022,73047]
[254,64,82537,82958]
[255,39,473127,472858]
[256,5,569350,567909]
[257,92,365782,366214]
[258,2,700198,701631]
[259,137,428016,427608]
[260,166,365649,365984]
[261,11,513891,513208]
[262,245,93720,92978]
[263,22,299669,300593]
[264,82,557217,558168]
[265,245,30419,29200]
[266,244,134517,135558]
[267,139,438308,437519]
[268,14,23637,24626]
[269,201,463742,462912]
[270,103,464173,463009]
[271,167,413453,412441]
[272,242,576921,578024]
[273,50,435655,436956]
[274,180,121328,122236]
[275,193,646845,646174]
[276,149,375876,375420]
[277,105,177340,175990]
[278,40,326351,326442]
[279,192,716972,717477]
[280,204,401214,401713]
[281,248,71063,72070]
[282,184,595936,597412]
[283,248,647946,649409]
[284,82,220436,221805]
[285,184,529897,530445]
[286,160,521324,522644]
[287,224,336464,336762]
[288,277,615291,614996]
[289,231,2845,1743]
[290,74,84857,84895]
[291,220,435698,436488]
[292,32,705829,707158]
[293,24,325606,326951]
[294,178,143030,144018]
[295,126,256864,258364]
[296,114,360032,361312]
[297,205,60666,60108]
[298,278,44679,45473]
[299,94,403565,404011]
[300,204,467090,468361]
[301,0,685475,686006]
[302,42,221921,223337]
[303,256,446471,446711]
[304,82,67613,67922]
[305,226,674966,675234]
[306,220,447418,448147]
[307,69,249776,248535]
[308,29,447246,446202]
[309,69,721679,721122]
[310,228,679861,681321]
[311,12,172314,173193]
[312,81,160075,159071]
[313,58,608103,609569]
[314,145,618457,617872]
[315,246,333286,334159]
[316,81,53006,52136]
[317,78,508988,509762]
[318,275,328764,328018]
[319,190,207157,208402]
[320,28,315185,315368]
[321,128,413970,414527]
[322,249,610637,610435]
[323,13,333799,332350]
[324,232,29683,30697]
[325,251,538119,536805]
[326,244,20862,21654]
[327,188,535628,536962]
[328,228,454992,455283]
[329,116,184542,185171]
[330,213,79672,78440]
[331,201,508473,508026]
[332,113,559009,558043]
[333,92,410369,410712]
[334,211,446832,446713]
[335,274,526063,527385]
[336,69,493143,492002]
[337,90,320472,320666]
[338,190,68399,68919]
[339,47,573387,572834]
[340,81,8340,7575]
[341,106,720775,720815]
[342,104,484076,484720]
[343,140,642985,643485]
[344,184,342357,342621]
[345,130,331844,332492]
[346,96,323754,324582]
[347,183,496484,496322]
[348,233,44618,43512]
[349,236,7960,8263]
[350,265,558200,557830]
[351,160,175496,176858]
[352,225,521263,519849]
[353,121,163924,162588]
[354,146,582167,583460]
[355,10,504957,506287]
[356,65,385070,384833]
[357,200,665030,665342]
[358,103,654253,653165]
[359,72,417923,418630]
[360,163,154889,153705]
[361,202,534643,535247]
[362,110,197662,198242]
[363,82,393223,393599]
[364,157,473781,472363]
[365,119,696449,695524]
[366,265,554860,554583]
[367,117,407547,407243]
[368,6,309696,310872]
[369,263,19961,18770]
[370,141,538633,537427]
[371,194,658996,659116]
[372,162,56493,57399]
[373,272,145879,146413]
[374,272,183332,184578]
[375,36,341016,342008]
[376,215,152517,151890]
[377,255,264373,263736]
[378,172,387053,387652]
[379,17,58042,57846]
[380,5,37318,36509]
[381,160,416327,417750]
[382,34,199716,200571]
[383,205,431550,431014]
[384,269,368993,368429]
[385,176,378019,378368]
[386,44,477403,477660]
[387,39,452520,451490]
[388,195,729853,728818]
[389,39,413322,412251]
[390,109,143862,143479]
[391,160,352257,352610]
[392,222,416773,416924]
[393,17,703489,702818]
[394,158,370261,371065]
[395,65,21904,21664]
[396,165,510380,508974]
[397,106,229966,230135]
[398,216,377603,378468]
[399,202,583635,584226]
[400,81,485390,485019]
[401,102,7941,8610]
[402,127,528788,527915]
[403,82,272946,273383]
[404,72,155467,155653]
[405,18,61360,62094]
[406,252,91480,91683]
[407,159,549444,548040]
[408,95,93899,92908]
[409,268,77315,78612]
[410,95,282167,281204]
[411,157,554931,554509]
[412,104,455404,456163]
[413,279,302683,302191]
[414,222,30693,31908]
[415,234,391771,392507]
[416,85,460898,460783]
[417,96,641359,642300]
[418,253,456865,455813]
[419,83,702935,702679]
[420,269,594725,594105]
[421,106,525981,526132]
[422,260,443217,443952]
[423,153,696552,695157]
[424,8,315051,315421]
[425,46,331542,331867]
[426,206,490687,491521]
[427,101,614054,613785]
[428,201,416624,415343]
[429,37,667487,666686]
[430,135,238040,236683]
[431,148,481948,482411]
[432,225,586205,585682]
[433,139,555113,553731]
[434,136,596292,596356]
[435,86,300178,300385]
[436,205,186109,184684]
[437,85,287175,285810]
[438,130,625431,625919]
[439,197,665697,664237]
[440,228,564458,564926]
[441,244,641311,642424]
[442,44,542012,542412]
[443,202,40327,41771]
[444,89,503979,502859]
[445,169,553553,552150]
[446,235,321027,320422]
[447,181,438293,436812]
[448,64,247381,247582]
[449,253,511705,510457]
[450,136,178236,178876]
[451,44,176175,176763]
[452,266,47410,47924]
[453,266,359679,360778]
[454,63,481399,480002]
[455,183,542901,542818]
[456,219,147254,146985]
[457,52,199298,200072]
[458,88,68357,68741]
[459,226,139428,140683]
[460,179,119628,118647]
[461,211,30634,29404]
[462,146,57232,57330]
[463,269,194155,193638]
[464,137,38485,37842]
[465,2,236318,236529]
[466,235,472055,470688]
[467,108,602160,602612]
[468,267,75578,75237]
[469,71,404437,403728]
[470,59,119800,118941]
[471,29,542251,540983]
[472,148,218378,219146]
[473,218,712010,712243]
[474,111,506634,505891]
[475,207,18083,17659]
[476,67,399419,398746]
[477,97,38631,37566]
[478,104,96081,96243]
[479,14,585720,585818]
[480,215,710659,710192]
[481,86,709999,711284]
[482,92,501170,502030]
[483,33,721891,721823]
[484,162,243530,243973]
[485,86,18939,19827]
[486,244,96649,97148]
[487,65,303297,303215]
[488,28,424726,424989]
[489,237,260883,260081]
[490,8,420004,420974]
[491,50,82042,82192]
[492,119,574850,573697]
[493,109,591230,590604]
[494,213,337621,336767]
[495,2,530304,531442]
[496,100,338356,339400]
[497,81,14415,14023]
[498,39,666270,665645]
[499,132,88420,89299]
[500,265,724673,724249]
[501,234,33944,35283]
[502,47,75894,74956]
[503,85,58009,57617]
[504,91,509671,509235]
[505,164,568396,569694]
[506,84,480447,481604]
[507,87,99093,98425]
[508,216,33639,33685]
[509,52,268099,268468]
[510,245,81176,79931]
[511,53,258170,256783]
[512,41,475813,474538]
[513,168,728879,729668]
[514,158,115564,116174]
[515,86,406754,407720]
[516,143,85858,84860]
[517,172,370798,371025]
[518,225,375687,375465]
[519,60,709759,710131]
[520,174,634342,634556]
[521,191,709486,708553]
[522,31,372148,370884]
[523,115,68655,67404]
[524,231,435808,434746]
[525,277,532570,531360]
[526,100,138085,139043]
[527,179,88988,88027]
[528,74,437492,438787]
[529,139,347214,346193]
[530,249,295934,295465]
[531,221,69486,68180]
[532,176,2738,3264]
[533,55,227209,226306]
[534,78,94628,95694]
[535,48,184181,184249]
[536,55,355570,355437]
[537,248,357950,359036]
[538,135,430286,430042]
[539,136,576813,576875]
[540,197,350186,349304]
[541,92,565026,565791]
[542,97,103298,102762]
[543,136,530417,530675]
[544,225,80496,80325]
[545,17,684958,684567]
[546,265,357624,357476]
[547,224,92157,92793]
[548,259,547673,546443]
[549,170,680078,680880]
[550,270,638690,639418]
[551,19,491998,490906]
[552,74,695581,695807]
[553,59,694989,693683]
[554,7,23038,21549]
[555,110,202921,203795]
[556,217,658322,657212]
[557,52,150130,151133]
[558,126,493582,493775]
[559,34,60004,61307]
[560,278,158084,158864]
[561,109,130839,130474]
[562,43,615042,613835]
[563,90,82582,83503]
[564,147,536525,535635]
[565,214,670367,671691]
[566,110,619012,619956]
[567,159,525754,524798]
[568,90,438968,440397]
[569,28,551332,551687]
[570,115,111404,111031]
[571,43,214024,213810]
[572,162,619590,619834]
[573,162,461362,461681]
[574,208,370750,371891]
[575,230,71796,73221]
[576,75,370479,370444]
[577,258,451846,452213]
[578,212,382644,383802]
[579,153,177093,176190]
[580,108,478690,478860]
[581,260,230544,231435]
[582,80,719619,720621]
[583,120,585686,586831]
[584,243,571556,570190]
[585,220,552889,554083]
[586,72,441964,442246]
[587,30,4371,4429]
[588,243,501819,501781]
[589,263,390871,389418]
[590,63,476389,475350]
[591,117,126376,124948]
[592,261,400721,400525]
[593,6,87083,87136]
[594,119,151691,151347]
[595,172,66477,66860]
[596,273,87294,86536]
[597,235,450026,448944]
[598,269,497726,497275]
[599,85,458542,457931]
[600,129,51554,50313]
[601,19,109974,108515]
[602,35,715609,715519]
[603,97,370103,369050]
[604,178,200857,201178]
[605,198,230762,231163]
[606,248,53025,54286]
[607,205,716357,715976]
[608,91,204780,203542]
[609,10,112387,112921]
[610,151,529205,528766]
[611,267,147823,146880]
[612,23,314041,313320]
[613,234,687910,689250]
[614,90,670794,671746]
[615,52,180476,181254]
[616,231,462476,460980]
[617,217,368029,366999]
[618,111,106989,105722]
[619,229,681002,679731]
[620,220,8677,9797]
[621,112,667713,668422]
[622,141,272770,271278]
[623,216,140363,140848]
[624,170,628447,629562]
[625,112,111059,112045]
[626,109,317314,316085]
[627,206,712824,713570]
[628,259,253320,252681]
[629,134,485902,486288]
[630,224,460498,461829]
[631,242,178252,178587]
[632,53,36497,35902]
[633,125,450136,449449]
[634,234,25572,26330]
[635,137,553950,552776]
[636,65,593911,592802]
[637,163,64249,63088]
[638,222,169283,169751]
[639,231,525991,525026]
[640,70,535730,537094]
[641,1,167016,166323]
[642,158,538489,538613]
[643,184,415203,415937]
[644,55,71551,70914]
[645,274,408157,409585]
[646,164,443083,444298]
[647,127,180742,180370]
[648,165,79336,79004]
[649,6,601534,602014]
[650,55,453594,453272]
[651,109,147750,146901]
[652,261,233014,232114]
[653,21,107457,106304]
[654,42,25471,26682]
[655,252,131694,132985]
[656,130,449789,450721]
[657,96,674635,675900]
[658,32,10780,11169]
[659,50,297718,298475]
[660,235,709219,708408]
[661,99,507994,506533]
[662,125,60302,59683]
[663,17,724888,724534]
[664,17,513905,513161]
[665,64,88833,90020]
[666,45,586228,585770]
[667,157,23767,23629]
[668,125,543242,542308]
[669,218,87127,88222]
[670,36,704441,704746]
[671,57,33115,32099]
[672,224,719230,720310]
[673,88,240213,240390]
[674,56,236413,237387]
[675,222,434568,435557]
[676,55,29951,29579]
[677,182,134796,135219]
[678,173,135127,134550]
[679,64,275167,275702]
[680,138,727721,728277]
[681,41,270060,269855]
[682,150,183153,184195]
[683,145,501850,501154]
[684,196,417828,419116]
[685,209,445479,445177]
[686,82,619773,620923]
[687,276,298806,299344]
[688,90,721122,722304]
[689,87,321363,320054]
[690,58,724041,724603]
[691,9,666567,665075]
[692,156,343306,344615]
[693,50,640054,640870]
[694,23,644092,642663]
[695,246,142713,143267]
[696,257,182307,181035]
[697,98,613135,613271]
[698,263,154471,153005]
[699,228,168288,168432]
[700,160,160742,162032]
[701,182,252823,253470]
[702,170,498385,499885]
[703,74,255592,256280]
[704,8,517607,517664]
[705,175,590035,588813]
[706,104,600571,601047]
[707,275,406983,406649]
[708,122,699300,699389]
[709,267,111467,110336]
[710,236,311651,313049]
[711,261,421047,420337]
[712,234,310433,311586]
[713,236,504143,504890]
[714,48,282973,284175]
[715,237,349321,348286]
[716,27,213716,212999]
[717,144,669384,669776]
[718,42,105759,106942]
[719,54,275019,276489]
[720,111,1611,1302]
[721,144,405428,406228]
[722,74,577652,578531]
[723,78,77391,78581]
[724,23,28159,27269]
[725,116,337189,338071]
[726,278,135269,136593]
[727,61,207874,207321]
[728,204,477896,479344]
[729,99,689399,688204]
[730,254,690632,691957]
[731,144,153485,154494]
[732,82,686412,687172]
[733,166,678321,678381]
[734,253,134298,133358]
[735,21,360597,359434]
[736,223,664257,663435]
[737,189,371991,370870]
[738,25,615902,614809]
[739,173,637199,636317]
[740,95,74435,73339]
[741,163,141340,140059]
[742,37,640659,639806]
[743,23,717736,716849]
[744,151,370491,369104]
[745,209,662934,662036]
[746,86,161568,162694]
[747,198,87659,88931]
[748,207,44959,44515]
[749,267,364358,364316]
[750,27,68969,67506]
[751,4,1462,2421]
[752,17,434461,433357]
[753,126,284789,285139]
[754,154,197085,197334]
[755,212,278730,278804]
[756,73,538628,537264]
[757,195,65051,64596]
[758,87,556901,556329]
[759,111,433375,432953]
[760,36,171006,172203]
[761,95,251376,251290]
[762,120,39409,39517]
[763,58,322957,324311]
[764,246,78599,79459]
[765,279,694345,693621]
[766,148,9504,10115]
[767,117,586088,584982]
[768,111,512191,511083]
[769,152,401458,401813]
[770,274,8183,8949]
[771,155,283371,282984]
[772,173,166069,165465]
[773,14,550511,551483]
[774,22,361591,362455]
[775,101,243016,242089]
[776,277,601648,601046]
[777,238,451344,452298]
[778,152,427142,428432]
[779,257,505658,504950]
[780,119,693775,692444]
[781,181,19773,19454]
[782,102,7748,9211]
[783,271,345122,343734]
[784,224,119394,120242]
[785,151,122418,122060]
[786,37,460231,460114]
[787,199,149839,149577]
[788,127,655822,654847]
[789,256,536775,536896]
[790,234,200957,201486]
[791,1,403284,402573]
[792,104,139404,140592]
[793,62,67269,67978]
[794,124,450972,451257]
[795,1,498863,498412]
[796,209,545475,545046]
[797,235,171218,171035]
[798,186,265714,266958]
[799,66,13206,13873]
[800,237,83049,82309]
[801,52,138612,139780]
[802,62,153037,153441]
[803,134,336598,338001]
[804,23,52248,51939]
[805,66,75704,77158]
[806,76,575510,576798]
[807,36,139821,140621]
[808,178,724467,724584]
[809,27,7357,6456]
[810,264,296175,297238]
[811,97,19107,18815]
[812,207,543975,543905]
[813,204,106786,107503]
[814,253,312833,312573]
[815,274,686329,686801]
[816,137,542826,542726]
[817,237,105519,105454]
[818,274,172962,173268]
[819,219,469126,467744]
[820,106,43665,43922]
[821,33,368273,367997]
[822,56,520011,520236]
[823,69,579878,578435]
[824,163,410310,410021]
[825,239,531431,531009]
[826,124,486172,486491]
[827,217,193089,192911]
[828,111,216247,215338]
[829,214,292809,293819]
[830,244,399133,399595]
[831,42,593862,594080]
[832,108,331285,332056]
[833,110,471728,472026]
[834,80,248992,249828]
[835,93,291651,291592]
[836,65,161347,160657]
[837,121,327082,325998]
[838,219,462068,461544]
[839,93,404366,403733]
[840,256,286376,286981]
[841,259,386505,385884]
[842,254,206280,206468]
[843,76,144846,145104]
[844,112,398690,399981]
[845,193,359161,358795]
[846,31,302718,301440]
[847,261,645951,645230]
[848,5,580784,579714]
[849,157,158035,157628]
[850,21,171609,171214]
[851,204,705107,705471]
[852,176,298975,299071]
[853,148,199361,199929]
[854,117,383536,382800]
[855,122,695023,695962]
[856,30,695798,696346]
[857,154,270327,271402]
[858,203,462465,462432]
[859,256,427725,427839]
[860,232,706353,706598]
[861,34,140056,140335]
[862,155,56521,56282]
[863,274,656115,656682]
[864,237,279810,278713]
[865,248,429234,430090]
[866,101,407324,406501]
[867,86,490348,491242]
[868,188,349308,349356]
[869,122,718172,718284]
[870,143,448042,446818]
[871,166,581328,582028]
[872,2,459948,460067]
[873,166,579587,579677]
[874,32,706313,706664]
[875,134,414547,415384]
[876,112,600529,601221]
[877,240,55195,56251]
[878,6,407529,407592]
[879,140,555147,555568]
[880,58,145543,146629]
[881,151,317783,316511]
[882,148,621168,621747]
[883,271,670727,669863]
[884,128,211538,211805]
[885,51,56819,56137]
[886,135,503050,502512]
[887,56,525080,525593]
[888,240,715532,716216]
[889,226,486875,487769]
[890,199,373718,373312]
[891,112,424651,425922]
[892,245,523183,522464]
[893,217,55803,55556]
[894,152,109045,110438]
[895,33,204950,203543]
[896,49,289166,288719]
[897,70,457613,458015]
[898,16,466553,466803]
[899,234,577732,578063]
[900,27,616240,615128]
[901,191,188065,187811]
[902,77,451505,451253]
[903,151,79290,78601]
[904,11,96381,94939]
[905,265,543455,543096]
[906,173,408890,407980]
[907,134,613617,614716]
[908,170,720937,722305]
[909,237,602872,602152]
[910,109,155294,154606]
[911,50,263601,263642]
[912,146,224106,224332]
[913,213,654402,654308]
[914,53,485387,484943]
[915,165,451775,450527]
[916,237,489246,488744]
[917,275,353872,353485]
[918,252,73077,74284]
[919,142,286350,286975]
[920,101,313969,312605]
[921,224,421314,422710]
[922,116,226434,227673]
[923,224,127966,129441]
[924,183,173015,172642]
[925,38,607604,607933]
[926,41,708330,707436]
[927,267,438907,438201]
[928,14,616926,617157]
[929,141,258012,257822]
[930,83,400347,399139]
[931,262,354456,355801]
[932,69,254843,254342]
[933,128,278789,279923]
[934,98,693429,694342]
[935,127,496635,495390]
[936,5,317782,317702]
[937,227,397894,396714]
[938,249,476222,475701]
[939,72,608712,609580]
[940,139,161136,160016]
[941,50,266673,267641]
[942,95,711502,711237]
[943,143,240036,238781]
[944,192,263615,263972]
[945,278,374017,375268]
[946,222,333330,333852]
[947,157,381250,380552]
[948,129,421483,421154]
[949,223,529283,528751]
[950,250,303546,303810]
[951,272,698229,699098]
[952,3,320560,319326]
[953,85,382926,382408]
[954,277,452429,452208]
[955,178,461791,463118]
[956,110,705818,706889]
[957,11,236460,235963]
[958,271,333691,332691]
[959,53,442097,442002]
[960,221,661919,661418]
[961,279,423064,422757]
[962,231,633349,632891]
[963,61,702163,701146]
[964,42,669651,670919]
[965,151,525502,524698]
[966,165,93738,93700]
[967,247,399129,398856]
[968,265,319046,318949]
[969,262,370551,370764]
[970,261,236908,236372]
[971,194,603082,603586]
[972,2,69419,70785]
[973,271,390320,389955]
[974,161,385761,385332]
[975,173,525768,525390]
[976,47,726940,726592]
[977,142,400719,400814]
[978,199,467253,466152]
[979,261,379535,378207]
[980,30,278995,279383]
[981,128,241698,242917]
[982,90,107166,107745]
[983,156,35939,36216]
[984,107,3800,3286]
[985,204,206089,206878]
[986,49,11285,11054]
[987,134,457727,458297]
[988,152,582801,584119]
[989,70,353318,354464]
[990,221,402651,401541]
[991,244,349719,349941]
[992,193,424555,424493]
[993,75,650653,649237]
[994,28,349006,349333]
[995,99,240652,239933]
[996,63,473925,472526]
[997,20,595510,596857]
[998,231,701150,700988]
[999,89,531814,531336]
[1000,224,42797,43320]
[1001,112,521136,522172]
[1002,150,149413,150466]
[1003,52,74434,75587]
[1004,261,544605,544389]
[1005,258,415353,415846]
[1006,5,251293,250561]
[1007,18,204185,204330]
[1008,236,615022,615725]
[1009,240,630837,630886]
[1010,37,478841,478644]
[1011,82,670900,671157]
[1012,19,222941,222035]
[1013,208,362736,364170]
[1014,32,655449,655628]
[1015,140,689079,689663]
[1016,264,182537,183400]
[1017,72,87749,89059]
[1018,267,343502,343108]
[1019,256,255768,255992]
[1020,131,37342,36276]
[1021,111,70455,69888]
[1022,82,155476,155860]
[1023,249,365790,364437]
[1024,230,298950,300255]
[1025,41,260673,260625]
[1026,32,438488,439353]
[1027,270,146098,147172]
[1028,160,235040,236456]
[1029,140,358929,359898]
[1030,190,585627,585726]
[1031,228,131819,133142]
[1032,177,221182,219864]
[1033,74,579462,580717]
[1034,152,472713,473656]
[1035,171,14183,14088]
[1036,272,11057,12402]
[1037,83,386195,385360]
[1038,206,476608,477357]
[1039,179,70931,69881]
[1040,66,288164,289086]
[1041,31,341942,341880]
[1042,173,76952,75905]
[1043,45,688084,687216]
[1044,161,525039,524393]
[1045,58,162474,163548]
[1046,121,403895,402965]
[1047,244,238726,239851]
[1048,52,124662,126025]
[1049,99,409592,408851]
[1050,221,385139,383695]
[1051,77,389087,387686]
[1052,246,489636,490953]
[1053,185,194591,193581]
[1054,118,502134,502610]
[1055,230,453300,453791]
[1056,135,560858,559694]
[1057,89,327057,326361]
[1058,30,207017,208095]
[1059,50,348548,348662]
[1060,171,306438,305950]
[1061,146,306034,306208]
[1062,137,508666,507218]
[1063,228,54528,54977]
[1064,17,173755,172813]
[1065,174,499363,500175]
[1066,19,621663,621247]
[1067,160,43471,43621]
[1068,74,176903,178279]
[1069,39,458870,458678]
[1070,4,533774,534767]
[1071,217,62178,61770]
[1072,216,417812,418208]
[1073,112,652490,652545]
[1074,214,552999,553680]
[1075,181,15480,14579]
[1076,126,585263,586152]
[1077,8,248754,249777]
[1078,256,599442,600265]
[1079,255,203152,202981]
[1080,156,277810,277925]
[1081,47,298226,297399]
[1082,128,83806,84747]
[1083,88,628693,629086]
[1084,168,116303,117515]
[1085,147,151144,149673]
[1086,76,78518,78612]
[1087,175,186449,186327]
[1088,129,664860,663705]
[1089,149,468039,466851]
[1090,193,690755,690510]
[1091,261,184998,184444]
[1092,224,646131,647321]
[1093,94,527762,528478]
[1094,128,83997,85464]
[1095,55,541256,540421]
[1096,136,271280,272693]
[1097,197,167082,166669]
[1098,62,369826,371003]
[1099,247,590535,590223]
[1100,58,502674,504146]
[1101,262,318792,319921]
[1102,89,187535,187025]
[1103,103,224782,223399]
[1104,10,131021,131335]
[1105,111,135081,134171]
[1106,222,705416,705871]
[1107,194,435557,436405]
[1108,178,231023,232179]
[1109,262,256059,256618]
[1110,261,496728,495754]
[1111,232,107409,108799]
[1112,168,273230,273302]
[1113,144,626887,628005]
[1114,204,531476,532139]
[1115,229,444893,443995]
[1116,139,702701,701890]
[1117,148,72181,73433]
[1118,249,645275,644305]
[1119,134,216442,216618]
[1120,220,459217,459608]
[1121,100,156181,157348]
[1122,91,493914,493827]
[1123,0,105151,105510]
[1124,204,621581,622680]
[1125,91,24833,24528]
[1126,31,249170,247693]
[1127,88,423758,424713]
[1128,274,208381,209656]
[1129,13,425446,424035]
[1130,31,699111,697899]
[1131,104,528106,528169]
[1132,205,525959,524765]
[1133,71,52143,51453]
[1134,35,168859,168447]
[1135,63,475688,475453]
[1136,139,219646,218848]
[1137,140,33207,33529]
[1138,252,28608,29188]
[1139,232,305309,306396]
[1140,106,322290,323302]
[1141,224,556047,556857]
[1142,52,275057,276067]
[1143,108,124331,124964]
[1144,111,497613,496628]
[1145,161,408834,407340]
[1146,203,682203,682046]
[1147,226,200133,201609]
[1148,115,401111,399641]
[1149,201,111601,110704]
[1150,68,352838,353203]
[1151,207,413085,412375]
[1152,68,108679,108774]
[1153,163,661319,660366]
[1154,212,446394,446631]
[1155,103,196844,196457]
[1156,128,265691,266113]
[1157,0,442906,444240]
[1158,218,35059,35921]
[1159,146,273184,273401]
[1160,66,668328,668982]
[1161,58,728401,729193]
[1162,133,147435,146458]
[1163,5,272884,272110]
[1164,161,417185,416294]
[1165,48,539883,539921]
[1166,148,337886,338792]
[1167,259,292931,291854]
[1168,129,100132,99884]
[1169,245,717786,716891]
[1170,243,460819,459321]
[1171,179,600980,600426]
[1172,71,383563,382763]
[1173,265,649703,648362]
[1174,65,300718,300008]
[1175,52,381325,382615]
[1176,278,247399,248170]
[1177,223,470028,469758]
[1178,185,26586,25701]
[1179,154,300836,301460]
[1180,28,557732,559153]
[1181,32,487136,487856]
[1182,180,259198,260191]
[1183,235,464351,464000]
[1184,5,51378,49921]
[1185,205,389386,388065]
[1186,122,656017,656444]
[1187,234,276126,276868]
[1188,220,520716,520756]
[1189,132,440440,441700]
[1190,68,388661,389858]
[1191,17,164264,163964]
[1192,86,352790,353964]
[1193,106,225772,226715]
[1194,183,569534,568143]
[1195,144,331853,332134]
[1196,225,313220,311885]
[1197,66,551697,552837]
[1198,237,573866,572739]
[1199,124,258150,259095]
[1200,60,69482,70484]
[1201,179,186547,185326]
[1202,106,470234,471424]
[1203,231,136154,135263]
[1204,154,295379,295478]
[1205,156,719710,720107]
[1206,195,242815,242418]
[1207,234,238711,239838]
[1208,263,560884,559707]
[1209,171,153586,153044]
[1210,203,235539,235255]
[1211,15,195741,194242]
[1212,200,626084,627283]
[1213,29,464588,464168]
[1214,233,3833,2604]
[1215,45,54473,53614]
[1216,124,166402,166913]
[1217,177,478015,476515]
[1218,266,709542,710831]
[1219,164,315367,316304]
[1220,2,690177,691601]
[1221,118,508820,508871]
[1222,119,686143,685908]
[1223,1,218713,217280]
[1224,195,356156,354710]
[1225,98,448845,449763]
[1226,140,81106,81154]
[1227,203,651711,650718]
[1228,71,715416,715268]
[1229,242,530634,531787]
[1230,47,242660,242449]
[1231,107,353383,352833]
[1232,184,477262,478209]
[1233,10,527457,528291]
[1234,91,14357,14084]
[1235,97,388354,387536]
[1236,134,227909,229055]
[1237,272,460698,462107]
[1238,128,317538,318209]
[1239,210,705906,706964]
[1240,260,600618,600753]
[1241,184,241525,241771]
[1242,37,472836,472331]
[1243,226,454622,456008]
[1244,19,538006,537083]
[1245,59,614053,613016]
[1246,174,331336,331587]
[1247,211,639108,638845]
[1248,244,568057,568889]
[1249,38,691830,692731]
[1250,1,641541,640987]
[1251,183,323583,322508]
[1252,257,11013,9967]
[1253,83,571126,570242]
[1254,272,161414,162908]
[1255,195,252321,252115]
[1256,21,374151,373021]
[1257,29,66899,66858]
[1258,41,4578,3085]
[1259,120,326668,326970]
[1260,67,328837,328072]
[1261,122,356029,357084]
[1262,160,382717,383241]
[1263,279,712609,711765]
[1264,178,397053,398500]
[1265,80,646191,647139]
[1266,236,415006,416223]
[1267,2,152254,153737]
[1268,271,205046,203730]
[1269,19,620735,619639]
[1270,97,475537,474435]
[1271,100,96792,97771]
[1272,237,114600,113147]
[1273,29,225995,225956]
[1274,223,161870,161277]
[1275,256,39317,40028]
[1276,70,39732,41027]
[1277,253,150290,149976]
[1278,269,107867,107475]
[1279,180,434683,434852]
[1280,17,603423,602961]
[1281,6,274485,275597]
[1282,178,575396,575547]
[1283,205,331491,330941]
[1284,53,7376,6850]
[1285,15,272224,270796]
[1286,72,588250,588584]
[1287,171,462519,462178]
[1288,40,689304,689455]
[1289,24,191755,192656]
[1290,171,131977,131660]
[1291,149,665182,664374]
[1292,112,237536,238995]
[1293,245,145765,144910]
[1294,177,17240,16656]
[1295,145,490438,489692]
[1296,104,114544,114958]
[1297,87,429696,429407]
[1298,33,155764,154479]
[1299,118,260175,260396]
[1300,231,373996,373520]
[1301,271,669749,669666]
[1302,89,364973,364586]
[1303,40,279061,279115]
[1304,153,683100,681909]
[1305,107,523128,521709]
[1306,203,295429,294748]
[1307,5,552660,551269]
[1308,215,348369,347454]
[1309,192,528056,529349]
[1310,267,105340,104494]
[1311,277,374793,374177]
[1312,13,648903,648760]
[1313,103,401672,400730]
[1314,271,543473,542437]
[1315,193,411697,411244]
[1316,121,278113,276677]
[1317,100,333365,334135]
[1318,152,388650,390098]
[1319,57,518369,517780]
[1320,122,590093,590497]
[1321,21,668601,667868]
[1322,166,484324,484812]
[1323,24,368368,369164]
[1324,165,583720,583309]
[1325,164,379604,380175]
[1326,160,65412,65897]
[1327,97,177869,176923]
[1328,60,171321,171859]
[1329,228,501390,502563]
[1330,115,215351,213864]
[1331,181,28263,27360]
[1332,15,499688,498248]
[1333,133,455005,454413]
[1334,115,683460,682193]
[1335,162,516099,516137]
[1336,234,46068,46933]
[1337,168,234534,234648]
[1338,190,159551,160980]
[1339,244,566557,566754]
[1340,21,359639,358486]
[1341,192,18847,19992]
[1342,151,711666,711576]
[1343,44,796,1298]
[1344,174,622039,623038]
[1345,229,79717,78828]
[1346,11,106147,105584]
[1347,121,242413,242192]
[1348,263,126880,125549]
[1349,215,550436,549200]
[1350,197,98847,97769]
[1351,236,289307,290454]
[1352,92,633220,634052]
[1353,227,230813,230205]
[1354,120,421904,423360]
[1355,244,299370,300251]
[1356,164,334102,334618]
[1357,110,401187,402261]
[1358,153,294938,294085]
[1359,3,213937,213066]
[1360,254,680730,681321]
[1361,220,605450,606883]
[1362,248,617359,618268]
[1363,161,418445,417600]
[1364,210,321705,321783]
[1365,258,538877,539559]
[1366,27,410050,409651]
[1367,188,390048,391207]
[1368,254,187142,187414]
[1369,160,270640,270887]
[1370,195,411400,410817]
[1371,135,492945,491484]
[1372,99,475442,475051]
[1373,5,584741,584034]
[1374,85,503427,502673]
[1375,34,660160,660434]
[1376,19,472445,472169]
[1377,93,627934,627268]
[1378,82,519316,519421]
[1379,82,146190,146937]
[1380,260,581786,582026]
[1381,91,390956,390552]
[1382,57,441985,440666]
[1383,175,225300,224058]
[1384,158,504252,504370]
[1385,133,485059,484917]
[1386,43,611031,610413]
[1387,76,424154,425315]
[1388,83,715854,714818]
[1389,202,142474,143356]
[1390,11,363293,362265]
[1391,106,245364,246851]
[1392,235,484297,482949]
[1393,143,168741,167542]
[1394,135,427564,426119]
[1395,183,329950,329308]
[1396,24,38537,39191]
[1397,192,418488,419727]
[1398,208,360653,361385]
[1399,54,582043,582373]
[1400,127,290727,290243]
[1401,27,70892,69680]
[1402,21,169735,169188]
[1403,83,654025,653319]
[1404,32,370840,371308]
[1405,15,648873,648367]
[1406,134,413794,414798]
[1407,267,345475,344305]
[1408,47,668404,667347]
[1409,278,427639,428654]
[1410,92,602164,603629]
[1411,255,27633,26181]
[1412,229,51194,50116]
[1413,27,182270,181100]
[1414,275,329505,329243]
[1415,169,234105,232946]
[1416,2,7799,8116]
[1417,83,117397,116458]
[1418,193,284610,284545]
[1419,160,668638,668837]
[1420,110,132043,132167]
[1421,194,345196,346651]
[1422,262,101709,101882]
[1423,117,586664,585723]
[1424,238,547808,548241]
[1425,272,104673,105613]
[1426,192,519023,520020]
[1427,107,273401,273255]
[1428,27,402617,402177]
[1429,240,576030,576270]
[1430,262,186880,187115]
[1431,184,723264,723751]
[1432,162,631499,632310]
[1433,115,119195,118946]
[1434,180,730094,730901]
[1435,149,504995,504219]
[1436,92,703958,704749]
[1437,81,568188,567670]
[1438,109,434350,433869]
[1439,90,580920,581790]
[1440,234,343580,344119]
[1441,75,574857,574324]
[1442,120,44826,45141]
[1443,64,703726,704977]
[1444,106,614178,614796]
[1445,188,544172,545039]
[1446,241,292776,291483]
[1447,270,269718,270729]
[1448,204,298077,298428]
[1449,57,175935,175105]
[1450,219,131902,131276]
[1451,34,666349,666590]
[1452,183,304798,304720]
[1453,183,541321,540532]
[1454,115,466742,466084]
[1455,23,612059,611971]
[1456,103,608760,608463]
[1457,215,300700,299993]
[1458,70,223558,223855]
[1459,19,549979,549785]
[1460,79,351121,350454]
[1461,118,170244,170537]
[1462,261,288518,288297]
[1463,46,517588,518876]
[1464,40,106596,106969]
[1465,62,680632,681236]
[1466,80,530252,531705]
[1467,159,380474,379084]
[1468,110,471229,472279]
[1469,261,29178,28296]
[1470,64,317845,318728]
[1471,250,560771,562091]
[1472,170,486650,487466]
[1473,238,237010,238378]
[1474,203,122133,121254]
[1475,75,436569,435749]
[1476,45,564278,562856]
[1477,48,615239,615543]
[1478,202,359471,360748]
[1479,32,103554,103948]
[1480,221,415034,414806]
[1481,230,502145,503303]
[1482,121,170778,170033]
[1483,1,613879,613528]
[1484,189,406374,405638]
[1485,245,669597,668342]
[1486,155,194709,194564]
[1487,212,276452,277275]
[1488,134,461025,461273]
[1489,2,222,1603]
[1490,87,391735,390371]
[1491,211,232876,232032]
[1492,203,276083,274812]
[1493,80,185929,186019]
[1494,117,151472,151351]
[1495,152,616421,616690]
[1496,40,422605,424103]
[1497,220,633711,633829]
[1498,199,234458,233231]
[1499,203,468992,467758]
[1500,51,254783,254531]
[1501,150,723147,724529]
[1502,148,212384,213168]
[1503,73,95856,95040]
[1504,240,482438,482875]
[1505,2,370376,371511]
[1506,190,722480,722681]
[1507,202,6462,7197]
[1508,36,56611,57791]
[1509,91,215675,215396]
[1510,278,4472,5812]
[1511,265,52935,52716]
[1512,113,662053,660715]
[1513,272,434038,434346]
[1514,68,298334,298596]
[1515,119,170338,169498]
[1516,256,130736,132182]
[1517,51,644876,643604]
[1518,47,49079,48491]
[1519,142,42565,43197]
[1520,241,510683,509185]
[1521,135,19080,17623]
[1522,169,101365,100624]
[1523,146,13706,14859]
[1524,271,295102,294195]
[1525,138,683267,683522]
[1526,24,574791,575976]
[1527,9,611361,610921]
[1528,45,398978,398798]
[1529,187,27991,27929]
[1530,276,685880,687164]
[1531,3,260971,259946]
[1532,145,669948,669831]
[1533,125,275501,274470]
[1534,40,234384,235823]
[1535,58,268565,269726]
[1536,129,259913,258424]
[1537,129,555724,554681]
[1538,231,232842,231650]
[1539,65,102869,101824]
[1540,1,246222,244971]
[1541,169,576479,575603]
[1542,34,186146,187212]
[1543,49,721021,720015]
[1544,49,593987,593228]
[1545,2,724485,725348]
[1546,227,182480,181170]
[1547,271,494477,493122]
[1548,20,603098,603238]
[1549,123,488435,487135]
[1550,24,150693,151248]
[1551,180,370769,372135]
[1552,279,262484,261399]
[1553,240,444564,444691]
[1554,11,531179,530628]
[1555,10,134816,136179]
[1556,57,644064,643862]
[1557,268,586652,586746]
[1558,267,472318,472262]
[1559,64,415345,415844]
[1560,197,698694,697731]
[1561,116,224963,225411]
[1562,78,693296,693776]
[1563,78,226154,226510]
[1564,101,392782,392014]
[1565,225,579282,578816]
[1566,74,536730,537933]
[1567,167,455749,455306]
[1568,154,680491,680610]
[1569,122,506122,506301]
[1570,169,281459,280086]
[1571,187,635299,635094]
[1572,24,694234,694530]
[1573,33,705210,704190]
[1574,107,238645,237589]
[1575,150,565283,566398]
[1576,16,631035,632407]
[1577,109,688123,687759]
[1578,138,424329,424469]
[1579,135,572979,572461]
[1580,14,190058,190178]
[1581,103,114615,113622]
[1582,35,481431,481036]
[1583,199,12041,11550]
[1584,184,400108,400662]
[1585,123,149170,149070]
[1586,19,707094,706794]
[1587,177,434194,433416]
[1588,133,712729,711280]
[1589,12,193272,194097]
[1590,206,246936,248415]
[1591,277,675625,675126]
[1592,234,621303,621476]
[1593,29,548543,547961]
[1594,279,239372,239256]
[1595,272,68059,68168]
[1596,78,512338,513469]
[1597,38,692661,693742]
[1598,28,373346,374759]
[1599,154,414079,415368]
[1600,208,518804,519656]
[1601,267,347423,346113]
[1602,112,280825,281251]
[1603,49,222160,221807]
[1604,229,471411,470228]
[1605,221,4048,3243]
[1606,14,117710,118941]
[1607,157,198201,197008]
[1608,250,529103,530363]
[1609,198,402857,403856]
[1610,263,566595,565633]
[1611,199,609192,607808]
[1612,62,255962,256041]
[1613,48,279270,280409]
[1614,139,590201,590134]
[1615,119,724839,723999]
[1616,186,478123,479369]
[1617,245,692474,691249]
[1618,141,623708,622946]
[1619,153,474656,473965]
[1620,90,189087,190047]
[1621,41,48293,47345]
[1622,30,442889,443453]
[1623,26,643730,645079]
[1624,6,671410,671825]
[1625,20,535349,535748]
[1626,113,625055,624344]
[1627,179,146448,145625]
[1628,199,625554,625516]
[1629,127,263623,262910]
[1630,81,665169,663980]
[1631,179,672621,672257]
[1632,104,247172,247855]
[1633,27,431201,430125]
[1634,64,490891,492227]
[1635,255,294120,293437]
[1636,47,704744,703620]
[1637,278,348203,349636]
[1638,163,67174,66585]
[1639,41,494347,493281]
[1640,112,180446,180694]
[1641,51,293989,292889]
[1642,216,175553,176944]
[1643,37,724414,723680]
[1644,244,192339,192674]
[1645,128,585858,586992]
[1646,110,338610,339329]
[1647,216,60929,61127]
[1648,154,673244,674712]
[1649,21,160844,159416]
[1650,125,436725,436259]
[1651,222,551047,551266]
[1652,106,212318,213576]
[1653,15,412458,411126]
[1654,258,658195,658465]
[1655,29,474883,473959]
[1656,245,345629,345034]
[1657,150,138398,139453]
[1658,39,250739,249729]
[1659,239,658464,658142]
[1660,205,140803,139826]
[1661,274,181989,182770]
[1662,109,305973,304936]
[1663,47,291515,290618]
[1664,29,155771,155036]
[1665,119,456397,455792]
[1666,62,246134,246276]
[1667,21,466994,466058]
[1668,201,56253,55736]
[1669,148,275996,276805]
[1670,200,76101,76602]
[1671,159,299638,299087]
[1672,247,487499,486437]
[1673,229,272939,271697]
[1674,7,459606,459057]
[1675,237,261459,260178]
[1676,123,214908,214580]
[1677,141,449178,448266]
[1678,41,384319,382881]
[1679,266,9021,10409]
[1680,141,9796,9024]
[1681,6,54817,54953]
[1682,93,442218,440897]
[1683,149,530681,529440]
[1684,225,258798,257362]
[1685,220,689454,690250]
[1686,225,387920,386566]
[1687,266,17975,18574]
[1688,32,546632,546825]
[1689,98,460397,461562]
[1690,224,18857,19562]
[1691,127,355507,354915]
[1692,122,670542,670942]
[1693,132,443764,444317]
[1694,12,164720,165752]
[1695,127,379920,379130]
[1696,35,368524,367582]
[1697,52,64671,65621]
[1698,201,650964,650693]
[1699,103,10405,8923]
[1700,160,219837,220293]
[1701,112,506150,507523]
[1702,65,152535,152185]
[1703,249,131295,130985]
[1704,218,555770,556774]
[1705,155,667260,666980]
[1706,151,492042,491062]
[1707,36,405893,407034]
[1708,90,419367,419475]
[1709,233,482267,480936]
[1710,203,29670,29381]
[1711,211,267375,267105]
[1712,91,342317,341286]
[1713,237,371625,370706]
[1714,171,317231,315763]
[1715,31,546324,545476]
[1716,164,36989,37439]
[1717,65,201063,200656]
[1718,12,569591,570321]
[1719,176,137736,139147]
[1720,73,550719,549294]
[1721,104,626612,627015]
[1722,64,404304,404945]
[1723,198,417458,417825]
[1724,209,204436,203118]
[1725,9,209382,208023]
[1726,77,50549,49542]
[1727,57,509745,508564]
[1728,160,366956,367407]
[1729,217,44801,44018]
[1730,62,330773,332222]
[1731,210,206274,206754]
[1732,3,22828,21384]
[1733,166,166739,168069]
[1734,94,189118,190347]
[1735,63,254095,252894]
[1736,16,282313,283779]
[1737,119,708173,707523]
[1738,22,342770,343931]
[1739,234,606066,606275]
[1740,53,372097,371646]
[1741,131,80650,79520]
[1742,21,30695,29629]
[1743,256,569524,570904]
[1744,112,249076,250302]
[1745,155,46430,45578]
[1746,133,569478,568610]
[1747,219,19047,18067]
[1748,68,303376,303741]
[1749,174,26142,26842]
[1750,132,678599,679798]
[1751,53,565174,564516]
[1752,141,706555,705108]
[1753,198,225329,226703]
[1754,111,134400,133611]
[1755,123,684713,683454]
[1756,86,228061,228421]
[1757,75,138871,138243]
[1758,261,681274,680194]
[1759,193,243753,242493]
[1760,258,478680,480146]
[1761,80,696850,698312]
[1762,106,457287,458617]
[1763,60,615633,616432]
[1764,131,49256,47905]
[1765,81,712440,711697]
[1766,73,306116,305498]
[1767,8,547681,548979]
[1768,256,475766,476807]
[1769,178,301022,301306]
[1770,89,117799,116689]
[1771,272,83892,85263]
[1772,165,199313,197962]
[1773,149,119481,118539]
[1774,70,626372,626709]
[1775,184,705143,705827]
[1776,125,577249,576741]
[1777,162,280290,281342]
[1778,248,490739,491016]
[1779,131,203692,202347]
[1780,109,468916,467708]
[1781,77,209156,208343]
[1782,112,497823,498101]
[1783,4,276305,276495]
[1784,157,650667,649252]
[1785,184,717822,718448]
[1786,255,217197,216782]
[1787,80,592822,593775]
[1788,17,283366,281905]
[1789,269,293536,293408]
[1790,132,500193,500566]
[1791,32,242400,242980]
[1792,92,394219,395186]
[1793,35,120214,120180]
[1794,147,616157,616015]
[1795,13,288590,288141]
[1796,89,403019,401983]
[1797,7,178363,178227]
[1798,125,389250,388100]
[1799,6,55549,56611]
[1800,258,670455,671149]
