["head":"wrap","lpos","status"]
[206,171091,0]
["io count"]
[185]
["io":"id","wrap","startLpos","endLpos"]
[1,249,392972,392817]
[2,50,115682,117130]
[3,139,662061,660844]
[4,152,305135,305429]
[5,254,625574,627012]
[6,123,412122,411487]
[7,71,723932,723534]
[8,55,87171,87042]
[9,51,4981,3943]
[10,263,552347,551384]
[11,167,480069,478817]
[12,112,107390,108806]
[13,133,152608,152209]
[14,160,703102,703135]
[15,191,420302,419308]
[16,270,623715,624022]
[17,264,301929,302276]
[18,144,19021,19910]
[19,243,388866,387924]
[20,93,151768,151022]
[21,2,333191,333704]
[22,251,123726,122692]
[23,121,408780,407322]
[24,15,171986,171313]
[25,184,641430,641576]
[26,42,157962,158834]
[27,114,441025,441877]
[28,30,124047,124466]
[29,3,121733,121696]
[30,152,202921,203246]
[31,271,45543,44973]
[32,4,392773,392826]
[33,107,202124,200942]
[34,33,401358,400123]
[35,233,318757,318093]
[36,130,711779,713162]
[37,242,463464,464001]
[38,167,706116,704719]
[39,276,418020,418209]
[40,20,698332,698488]
[41,163,289249,287821]
[42,244,600434,600464]
[43,121,671813,671168]
[44,86,581277,582685]
[45,70,680220,681158]
[46,16,54840,55811]
[47,252,428350,428562]
[48,201,146380,145447]
[49,43,217616,216940]
[50,195,693429,692566]
[51,262,413953,414363]
[52,262,440106,441474]
[53,120,587779,589116]
[54,16,139139,139310]
[55,30,504508,505597]
[56,134,480947,481452]
[57,71,525972,524993]
[58,220,568743,569494]
[59,75,27779,27163]
[60,259,229647,229105]
[61,104,435169,435808]
[62,253,694156,693261]
[63,205,395209,394966]
[64,88,704944,706382]
[65,142,225566,226124]
[66,124,479694,480208]
[67,260,244877,245582]
[68,198,534640,534969]
[69,154,346490,347688]
[70,34,228009,229381]
[71,84,377313,378402]
[72,209,712352,711793]
[73,175,696640,696009]
[74,74,295173,295383]
[75,117,554243,552761]
[76,191,241485,241288]
[77,19,62547,62380]
[78,108,146799,147921]
[79,182,23307,23395]
[80,209,490316,489669]
[81,121,68539,68388]
[82,122,481573,482807]
[83,208,88227,89631]
[84,116,612509,613912]
[85,233,56889,55423]
[86,152,186583,186670]
[87,260,194048,194692]
[88,171,727336,726945]
[89,104,271511,272104]
[90,71,269894,269634]
[91,24,319218,320281]
[92,20,71121,71377]
[93,255,414813,414064]
[94,85,461927,461874]
[95,247,155880,155674]
[96,208,258658,260047]
[97,186,538363,538991]
[98,226,430389,430776]
[99,235,669552,669407]
[100,152,597159,598177]
[101,277,259630,259091]
[102,91,479857,478699]
[103,129,116146,115763]
[104,221,694522,693934]
[105,247,627551,627434]
[106,234,334036,334576]
[107,59,285615,284130]
[108,248,608076,608375]
[109,213,585830,585355]
[110,23,619910,619693]
[111,64,210903,211474]
[112,69,237425,236967]
[113,99,133252,131757]
[114,112,372687,373195]
[115,146,127616,128026]
[116,94,280631,281890]
[117,222,665681,667023]
[118,63,74205,72929]
[119,120,586943,587373]
[120,254,139142,140143]
[121,249,207871,207397]
[122,257,529494,528149]
[123,202,438443,439260]
[124,142,488192,489575]
[125,263,402163,401024]
[126,11,364826,364096]
[127,117,563336,562796]
[128,247,578336,578112]
[129,71,438498,437556]
[130,34,22199,22375]
[131,63,567983,566743]
[132,239,425046,423635]
[133,255,335989,335339]
[134,165,337628,336552]
[135,54,118857,119958]
[136,152,517213,518578]
[137,194,8904,9565]
[138,130,74129,74795]
[139,157,508402,507087]
[140,204,428776,430274]
[141,148,320882,321739]
[142,203,312965,311709]
[143,136,105693,107045]
[144,150,672229,672488]
[145,89,484475,484057]
[146,178,140139,141073]
[147,154,508851,510310]
[148,133,7559,7229]
[149,102,68982,70448]
[150,268,325821,325910]
[151,89,389239,387923]
[152,5,397957,397625]
[153,63,380591,379761]
[154,7,69916,69814]
[155,136,457671,458212]
[156,101,457363,456120]
[157,36,561985,562238]
[158,99,492637,492375]
[159,1,271510,270095]
[160,237,228471,227881]
[161,258,729628,730401]
[162,137,493035,492034]
[163,202,390486,391150]
[164,49,361626,361020]
[165,132,340067,341087]
[166,220,459996,461038]
[167,105,643825,642922]
[168,78,528087,528448]
[169,27,559483,558461]
[170,74,611098,612332]
[171,208,587395,587997]
[172,125,159064,158025]
[173,265,124515,123264]
[174,152,448628,449286]
[175,160,451225,452541]
[176,26,235416,236051]
[177,16,545826,546026]
[178,196,688492,689441]
[179,250,302572,303017]
[180,196,487116,488485]
[181,56,631456,631647]
[182,264,338215,338783]
[183,262,249772,250726]
[184,42,495115,496154]
[185,19,659719,658311]
