["head":"wrap","lpos","status"]
[178,682782,1]
["io count"]
[1850]
["io":"id","wrap","startLpos","endLpos"]
[1,249,509050,507754]
[2,256,164112,164459]
[3,148,188622,190022]
[4,51,72001,70574]
[5,262,60912,61048]
[6,179,567320,566675]
[7,264,663461,664241]
[8,98,262913,263975]
[9,40,197364,198213]
[10,278,725455,726793]
[11,52,583493,584677]
[12,144,559066,560268]
[13,212,590803,591736]
[14,150,191443,192609]
[15,92,105681,106048]
[16,157,103502,102970]
[17,207,83085,81923]
[18,32,545474,546378]
[19,52,45322,45641]
[20,3,633323,632106]
[21,151,446139,444912]
[22,90,263435,264897]
[23,104,235761,237065]
[24,121,5376,4920]
[25,232,45374,45410]
[26,47,275771,275617]
[27,184,714489,714778]
[28,182,376616,376861]
[29,210,189899,190557]
[30,5,268158,267642]
[31,177,22860,21903]
[32,235,299372,299314]
[33,116,618097,618778]
[34,226,248334,249043]
[35,159,469359,468952]
[36,220,60203,60860]
[37,256,508354,508727]
[38,24,278563,279695]
[39,119,618823,617467]
[40,267,157424,157018]
[41,103,697111,696279]
[42,271,619556,618540]
[43,66,101406,102173]
[44,216,160857,161875]
[45,2,426384,426516]
[46,91,355245,354304]
[47,172,42292,43309]
[48,5,502112,501134]
[49,103,54131,53531]
[50,190,65584,65792]
[51,204,293863,295188]
[52,75,336189,335061]
[53,133,562099,561680]
[54,37,666830,666495]
[55,80,646070,646234]
[56,259,472920,472343]
[57,115,22740,21877]
[58,65,657157,657092]
[59,192,168511,168702]
[60,194,76054,77524]
[61,206,490442,491291]
[62,37,252609,252366]
[63,56,532987,534476]
[64,131,354816,354776]
[65,261,163596,162603]
[66,85,275889,274404]
[67,59,112277,111209]
[68,29,355541,354830]
[69,54,380067,381335]
[70,245,480841,480116]
[71,78,180902,181386]
[72,43,498761,498091]
[73,58,643650,644532]
[74,133,373214,372290]
[75,221,518975,517882]
[76,41,451678,450402]
[77,208,242360,243211]
[78,70,236631,237730]
[79,20,679325,679585]
[80,228,527897,528019]
[81,210,615563,616307]
[82,76,412381,412463]
[83,111,432140,431900]
[84,108,519682,520406]
[85,107,542586,541475]
[86,8,96552,97890]
[87,105,617097,615752]
[88,188,99113,99530]
[89,88,64346,64816]
[90,87,505029,504156]
[91,45,309353,307899]
[92,258,660355,660536]
[93,219,244234,243662]
[94,196,218716,218822]
[95,33,505732,505122]
[96,19,554400,553908]
[97,31,707016,706352]
[98,263,475941,475522]
[99,197,1358,1042]
[100,207,322691,322020]
[101,73,307082,305996]
[102,191,505787,505045]
[103,63,664158,662698]
[104,269,266040,265068]
[105,114,473526,474352]
[106,247,377097,375969]
[107,56,360852,361215]
[108,197,113032,112194]
[109,279,625051,624039]
[110,215,532037,531630]
[111,99,417176,415682]
[112,132,26333,27587]
[113,83,656685,656108]
[114,128,269189,270593]
[115,9,575705,575579]
[116,272,604620,605269]
[117,96,443695,444194]
[118,109,347496,346221]
[119,0,678055,679453]
[120,51,414968,414931]
[121,111,481438,480020]
[122,33,171722,170437]
[123,125,207072,206936]
[124,26,53712,54995]
[125,70,428621,428791]
[126,25,679743,679326]
[127,78,40436,41721]
[128,61,142139,141456]
[129,127,293031,292964]
[130,170,331435,332859]
[131,155,248992,248516]
[132,187,42905,42533]
[133,145,162112,161187]
[134,218,465202,466403]
[135,79,197741,196661]
[136,215,584492,583854]
[137,147,322120,321270]
[138,272,555756,557247]
[139,193,679791,678996]
[140,56,658964,659922]
[141,273,416756,416619]
[142,101,315046,313912]
[143,186,538436,539651]
[144,183,367420,366271]
[145,114,217833,217952]
[146,90,59287,59999]
[147,239,342735,341300]
[148,137,422703,421357]
[149,144,437872,438600]
[150,106,172214,173279]
[151,204,148198,148472]
[152,6,429697,429814]
[153,208,519785,520967]
[154,111,625336,624425]
[155,137,113246,112592]
[156,26,73661,74569]
[157,9,714563,714253]
[158,199,316918,316173]
[159,232,84133,84756]
[160,62,5206,5705]
[161,22,41390,42792]
[162,99,134144,132855]
[163,264,319702,319945]
[164,101,675278,674146]
[165,16,209570,209675]
[166,173,394014,393170]
[167,31,325678,324712]
[168,248,677234,677801]
[169,233,287259,286505]
[170,179,311692,310626]
[171,275,603711,602434]
[172,84,118788,119373]
[173,18,179661,180491]
[174,119,304866,303782]
[175,73,232812,232248]
[176,8,418453,419558]
[177,46,627249,627694]
[178,61,119732,118433]
[179,40,186344,186813]
[180,3,521548,521077]
[181,102,124191,124411]
[182,257,346896,345700]
[183,75,510639,509486]
[184,24,526027,526075]
[185,93,52564,52344]
[186,117,426361,425454]
[187,28,684775,685229]
[188,167,448310,447992]
[189,165,163432,162514]
[190,4,9979,10668]
[191,43,404583,403374]
[192,173,123696,123130]
[193,100,470145,470327]
[194,63,32026,31949]
[195,21,171992,170667]
[196,153,205269,204934]
[197,83,67861,66761]
[198,113,681870,680585]
[199,239,675166,674199]
[200,5,317497,317265]
[201,14,327032,327797]
[202,74,341675,343133]
[203,102,595815,596194]
[204,82,94601,95484]
[205,215,481493,480877]
[206,197,507345,505965]
[207,7,74389,73247]
[208,198,715743,716536]
[209,114,259875,261124]
[210,240,289734,291099]
[211,154,65972,67237]
[212,121,470815,470012]
[213,0,595325,595461]
[214,211,421090,420316]
[215,92,485763,486434]
[216,225,115381,114423]
[217,93,240971,240217]
[218,279,423928,423303]
[219,84,671640,672442]
[220,220,497024,497302]
[221,93,422837,422787]
[222,99,450094,450051]
[223,157,347837,346975]
[224,96,53347,53495]
[225,249,233281,233173]
[226,45,148501,147695]
[227,219,31035,30964]
[228,196,88763,88969]
[229,171,287563,286835]
[230,127,5104,4145]
[231,259,482348,481092]
[232,34,431314,431744]
[233,174,675852,676273]
[234,149,502712,501581]
[235,37,217719,217460]
[236,90,183456,183624]
[237,42,624586,625730]
[238,54,457048,457542]
[239,200,411784,412896]
[240,94,432349,432700]
[241,109,194456,194019]
[242,86,78325,79782]
[243,162,96750,97318]
[244,33,558403,558211]
[245,261,634134,633132]
[246,106,457197,457406]
[247,157,569874,569242]
[248,98,109360,110295]
[249,100,675252,675811]
[250,32,523797,525224]
[251,153,467856,466588]
[252,2,247970,249255]
[253,108,686775,688060]
[254,98,610214,611663]
[255,59,148057,147876]
[256,101,494747,494228]
[257,207,480854,480174]
[258,50,287661,287727]
[259,252,530193,531018]
[260,122,494865,495375]
[261,74,80481,81278]
[262,255,616561,615345]
[263,13,233283,232048]
[264,34,551570,551642]
[265,172,11123,12290]
[266,133,230289,228904]
[267,138,355261,355799]
[268,190,440057,440433]
[269,63,665213,664091]
[270,191,503236,502667]
[271,220,203380,204256]
[272,176,535657,537121]
[273,58,512204,512748]
[274,86,237240,237646]
[275,109,179930,179591]
[276,43,283618,282345]
[277,76,324039,324979]
[278,67,139486,138213]
[279,32,88751,89182]
[280,276,243642,244136]
[281,3,340267,340213]
[282,233,164390,163385]
[283,57,431312,430831]
[284,234,638232,638554]
[285,207,646880,646484]
[286,120,27622,28852]
[287,125,513976,513900]
[288,101,354618,354583]
[289,25,430847,429965]
[290,153,343981,342538]
[291,187,347940,346706]
[292,92,372302,373533]
[293,254,638219,638399]
[294,47,185400,184627]
[295,15,366087,365810]
[296,23,36661,36477]
[297,10,608835,608897]
[298,61,376054,375411]
[299,196,492466,493111]
[300,272,117503,118052]
[301,33,141624,141538]
[302,219,183766,183644]
[303,264,280914,282140]
[304,223,652346,652236]
[305,218,44875,45333]
[306,116,379174,380294]
[307,152,57994,58036]
[308,15,310794,309653]
[309,246,682612,683547]
[310,15,228750,227343]
[311,267,197923,197827]
[312,121,612971,611690]
[313,244,281074,282507]
[314,13,729759,728697]
[315,192,550528,550716]
[316,178,619551,620140]
[317,279,190534,189667]
[318,271,104795,104107]
[319,150,449047,450034]
[320,206,449582,450625]
[321,249,522743,522496]
[322,140,490581,490986]
[323,39,577350,576696]
[324,12,565501,565795]
[325,57,640650,640578]
[326,2,572290,573286]
[327,174,273636,273689]
[328,92,450751,450795]
[329,203,641490,640003]
[330,11,705556,704318]
[331,44,179887,180840]
[332,13,552871,552410]
[333,84,214909,216193]
[334,164,451313,452427]
[335,77,104015,102650]
[336,15,116799,115501]
[337,46,287969,288566]
[338,25,126328,126251]
[339,43,464319,464188]
[340,245,552598,552067]
[341,179,546470,546109]
[342,223,290894,289630]
[343,190,728877,730034]
[344,55,688630,688268]
[345,48,324734,326006]
[346,194,216914,216952]
[347,78,723535,724390]
[348,132,709381,710672]
[349,198,542458,542588]
[350,163,662167,660849]
[351,249,541020,540508]
[352,28,574763,575107]
[353,42,323309,323934]
[354,202,575214,576181]
[355,274,11865,12934]
[356,24,57049,57308]
[357,25,332664,331498]
[358,131,116320,115952]
[359,186,15559,16339]
[360,105,679448,678154]
[361,87,435109,433618]
[362,110,375926,377338]
[363,274,487139,487409]
[364,30,591791,592723]
[365,274,259904,260006]
[366,165,704418,703866]
[367,20,15099,16157]
[368,146,198629,198887]
[369,146,477762,478383]
[370,53,92495,91706]
[371,198,176986,178107]
[372,251,544882,543748]
[373,123,712437,711528]
[374,210,273786,273940]
[375,14,451961,452488]
[376,51,199284,198260]
[377,244,552091,552648]
[378,211,287439,286543]
[379,199,398795,398564]
[380,26,569452,569635]
[381,190,220628,220951]
[382,97,51165,50255]
[383,234,24942,25644]
[384,24,363128,363575]
[385,218,700741,701124]
[386,236,130748,132006]
[387,16,423661,424446]
[388,244,396229,397635]
[389,268,135651,136268]
[390,126,229104,229697]
[391,246,382912,383498]
[392,239,712847,712385]
[393,46,5155,6048]
[394,85,389091,387945]
[395,173,541110,540628]
[396,140,336534,337031]
[397,172,319807,320494]
[398,66,564978,565468]
[399,238,100184,100979]
[400,234,123035,124179]
[401,88,358670,360114]
[402,86,380261,380358]
[403,273,260275,260144]
[404,188,58776,59251]
[405,245,288290,287445]
[406,142,602969,603495]
[407,88,5328,5765]
[408,265,311641,311506]
[409,57,319758,318678]
[410,134,31969,33354]
[411,107,53317,52125]
[412,30,376899,377716]
[413,150,551126,551681]
[414,59,308778,307811]
[415,204,724121,725417]
[416,133,475824,475157]
[417,220,206523,207203]
[418,148,264421,265805]
[419,72,99852,101209]
[420,120,181665,182124]
[421,208,206644,208063]
[422,27,333017,332414]
[423,149,427174,426595]
[424,0,303985,305327]
[425,175,648351,647068]
[426,213,502913,501566]
[427,24,175984,177102]
[428,200,367728,369176]
[429,232,59944,60812]
[430,189,247137,246817]
[431,168,313333,313908]
[432,167,400912,400852]
[433,108,301927,303145]
[434,256,713899,715091]
[435,228,586042,587073]
[436,201,414167,412856]
[437,203,280469,279114]
[438,211,104260,103119]
[439,133,220587,219099]
[440,234,589115,589166]
[441,243,304964,303861]
[442,227,153617,152550]
[443,101,289288,288046]
[444,145,438102,438060]
[445,200,19188,20152]
[446,125,179950,178807]
[447,192,67666,68130]
[448,39,184192,183173]
[449,160,568827,569923]
[450,147,213081,212619]
[451,38,166705,167890]
[452,240,245762,247207]
[453,169,234068,233180]
[454,239,673228,672401]
[455,160,174497,175425]
[456,141,183998,183845]
[457,268,549381,549786]
[458,234,418235,418287]
[459,31,445682,444397]
[460,197,685639,685400]
[461,250,698022,699512]
[462,40,664581,665422]
[463,181,521968,520995]
[464,176,725492,725637]
[465,202,418052,418925]
[466,185,102932,101438]
[467,167,193260,192163]
[468,121,318167,318073]
[469,6,559514,559953]
[470,102,55908,57354]
[471,182,581120,582501]
[472,61,391731,390876]
[473,37,466872,465519]
[474,260,228420,229097]
[475,192,10998,11511]
[476,33,477443,477153]
[477,172,3258,4342]
[478,217,510504,510216]
[479,179,267669,266677]
[480,245,143111,142403]
[481,31,132218,130917]
[482,206,161678,161853]
[483,24,702574,703248]
[484,232,532954,533629]
[485,58,480081,481193]
[486,57,382502,381271]
[487,13,474196,473750]
[488,221,619832,619682]
[489,172,131805,132711]
[490,113,682691,682463]
[491,138,219408,220292]
[492,77,727578,726999]
[493,23,308534,308231]
[494,56,96674,98004]
[495,135,312523,311541]
[496,44,667564,668853]
[497,52,39897,39931]
[498,27,378474,377880]
[499,216,396917,397346]
[500,106,642008,643108]
[501,201,142787,141392]
[502,197,430486,429760]
[503,155,69132,67805]
[504,258,130066,131404]
[505,12,660326,661085]
[506,141,580921,579849]
[507,192,422508,423933]
[508,8,183041,183577]
[509,125,391885,391470]
[510,77,390177,388894]
[511,3,646105,645052]
[512,80,181982,182669]
[513,42,493688,494296]
[514,94,413252,414174]
[515,244,724049,724352]
[516,94,134373,134437]
[517,118,274290,275780]
[518,10,62565,63879]
[519,222,497023,497281]
[520,173,361135,360724]
[521,51,539077,537653]
[522,38,389502,390621]
[523,210,634815,635932]
[524,149,262552,261279]
[525,184,124826,125708]
[526,162,687201,688109]
[527,32,158479,159122]
[528,230,412469,413868]
[529,0,442004,442185]
[530,271,166910,166682]
[531,255,280745,279712]
[532,191,52052,51684]
[533,2,727906,729235]
[534,143,597619,597169]
[535,43,163096,161781]
[536,108,95780,96692]
[537,61,132217,131912]
[538,23,56998,56904]
[539,82,663588,665040]
[540,56,86352,87613]
[541,192,119097,119707]
[542,168,170264,171125]
[543,96,560485,561572]
[544,100,298983,299408]
[545,160,421369,421917]
[546,131,279549,278637]
[547,242,23684,24609]
[548,197,535165,533998]
[549,103,447509,446365]
[550,52,520325,521698]
[551,256,476404,477109]
[552,29,279661,278270]
[553,118,702076,702446]
[554,9,636107,635044]
[555,87,567493,567438]
[556,139,696884,696555]
[557,75,243045,242762]
[558,223,492983,492334]
[559,37,161297,160537]
[560,177,43267,42636]
[561,164,19738,19773]
[562,12,312661,313373]
[563,45,256983,255545]
[564,77,288454,287826]
[565,247,374925,373865]
[566,189,575471,574754]
[567,27,196801,196754]
[568,194,182360,183318]
[569,77,693323,692911]
[570,48,37936,39062]
[571,191,345743,344969]
[572,25,453821,453037]
[573,220,458451,459240]
[574,132,85343,86338]
[575,104,349915,350899]
[576,253,469629,468898]
[577,264,718794,719032]
[578,237,591286,590394]
[579,193,386943,385671]
[580,271,104947,104170]
[581,23,436430,435198]
[582,181,138584,137140]
[583,31,238651,237961]
[584,178,180688,181384]
[585,109,265397,264730]
[586,193,543539,542814]
[587,60,196665,197137]
[588,213,206575,206089]
[589,214,252733,253501]
[590,170,398483,398678]
[591,123,136932,136134]
[592,157,398252,397798]
[593,41,515933,514688]
[594,63,629164,627812]
[595,70,726260,726710]
[596,234,115525,115597]
[597,192,220614,220903]
[598,152,229277,229314]
[599,64,44751,45662]
[600,100,44794,44956]
[601,132,310461,311870]
[602,150,508985,509216]
[603,105,63817,62341]
[604,183,380867,379538]
[605,188,45385,46837]
[606,197,528716,528609]
[607,37,185615,185352]
[608,20,90090,91386]
[609,113,164121,164055]
[610,144,517084,517799]
[611,101,464677,463628]
[612,159,412170,411107]
[613,67,355359,355053]
[614,9,628044,627932]
[615,93,452550,451295]
[616,229,91536,90988]
[617,0,535805,536541]
[618,116,145222,146538]
[619,259,462876,462231]
[620,86,568411,569253]
[621,117,129620,128808]
[622,170,241106,241858]
[623,79,564522,564107]
[624,37,48935,48843]
[625,270,697409,698304]
[626,91,84122,83440]
[627,251,622472,621532]
[628,89,361408,361193]
[629,156,515935,517395]
[630,154,217018,218181]
[631,275,468321,468197]
[632,257,35656,34220]
[633,26,32709,34032]
[634,108,44839,45537]
[635,145,367906,366691]
[636,249,183908,183704]
[637,30,639345,640046]
[638,133,517490,517222]
[639,68,434219,435076]
[640,158,397029,398290]
[641,52,286794,288202]
[642,242,72226,73391]
[643,186,513790,514028]
[644,73,723070,722671]
[645,36,277919,278150]
[646,61,367027,366954]
[647,247,294380,293755]
[648,214,46330,47700]
[649,144,305484,306261]
[650,221,608884,608117]
[651,189,70040,68968]
[652,102,653830,654585]
[653,226,340434,341277]
[654,188,164414,165209]
[655,61,119236,118214]
[656,211,158771,157381]
[657,250,470241,470506]
[658,102,448399,449055]
[659,97,521520,520315]
[660,141,699571,698410]
[661,90,138936,139884]
[662,120,618789,620113]
[663,11,10505,9123]
[664,242,229743,230118]
[665,255,42153,40882]
[666,173,416551,415934]
[667,22,114594,115617]
[668,188,700249,700894]
[669,263,514549,514288]
[670,212,326447,327073]
[671,131,311445,310457]
[672,16,56597,57637]
[673,176,726124,727264]
[674,138,151586,151965]
[675,255,453223,453127]
[676,228,627690,628522]
[677,50,66176,67172]
[678,230,371408,372365]
[679,39,31477,30769]
[680,250,338919,340356]
[681,140,195205,196331]
[682,50,448171,448716]
[683,206,708439,709580]
[684,16,339237,339367]
[685,233,564171,562707]
[686,213,304555,303983]
[687,180,200601,201769]
[688,47,38284,36911]
[689,221,241043,239851]
[690,142,148166,149009]
[691,94,141747,142479]
[692,259,651541,650437]
[693,165,225873,225563]
[694,171,475269,473950]
[695,141,495570,494455]
[696,258,685315,686053]
[697,254,290401,291749]
[698,59,239306,238153]
[699,102,274047,274646]
[700,108,207701,208699]
[701,217,421752,420715]
[702,168,436530,437466]
[703,36,59528,59978]
[704,215,252886,252599]
[705,41,220810,220612]
[706,243,433415,432268]
[707,203,614407,613812]
[708,198,70722,72123]
[709,20,490663,490787]
[710,265,529040,527712]
[711,234,321463,322129]
[712,146,541956,542935]
[713,191,103060,101622]
[714,100,4560,5674]
[715,90,381070,381423]
[716,151,700361,699875]
[717,12,334882,335174]
[718,177,164563,164357]
[719,57,318393,317434]
[720,272,713477,714728]
[721,3,24900,23408]
[722,0,47544,48942]
[723,246,655891,656584]
[724,55,630095,628933]
[725,191,635733,635378]
[726,93,278949,278441]
[727,106,596648,597341]
[728,208,72981,74265]
[729,88,388279,388450]
[730,49,439830,439576]
[731,231,385279,385180]
[732,144,572400,572501]
[733,46,624164,625163]
[734,176,582628,583360]
[735,102,87571,88132]
[736,259,479762,479257]
[737,181,679010,678205]
[738,3,132772,131586]
[739,200,512094,512686]
[740,11,249943,249689]
[741,173,342588,342353]
[742,245,727081,726884]
[743,55,721207,719880]
[744,266,242212,242422]
[745,211,392093,391050]
[746,14,459104,460476]
[747,36,371603,372454]
[748,1,727237,726730]
[749,132,558088,558283]
[750,44,28442,28872]
[751,161,149985,148504]
[752,274,313210,314000]
[753,21,219812,219746]
[754,203,630784,630326]
[755,218,44174,44690]
[756,278,210312,211443]
[757,230,302753,303906]
[758,75,544279,542790]
[759,235,242808,241920]
[760,68,118110,119350]
[761,239,260363,259154]
[762,126,292457,292774]
[763,228,419419,420147]
[764,17,19653,19290]
[765,43,410434,409425]
[766,182,726031,727340]
[767,43,90942,90614]
[768,209,553426,552762]
[769,138,127846,129243]
[770,28,284973,285192]
[771,259,489030,488536]
[772,232,705119,705802]
[773,186,226807,227854]
[774,77,433004,432466]
[775,235,316931,316819]
[776,278,538683,539212]
[777,112,713493,714462]
[778,164,512247,512919]
[779,202,11188,12463]
[780,241,716197,715170]
[781,51,49568,48115]
[782,207,222069,221443]
[783,15,477586,476733]
[784,75,277123,276549]
[785,269,532305,531515]
[786,63,600139,599537]
[787,47,684707,684044]
[788,47,499059,498048]
[789,27,26536,26042]
[790,59,126420,125548]
[791,79,454094,453160]
[792,212,310839,311845]
[793,223,572117,571671]
[794,247,428905,428764]
[795,32,270124,271483]
[796,276,93333,94237]
[797,182,126256,126605]
[798,97,55100,54039]
[799,30,123852,125157]
[800,76,680906,681755]
[801,68,159341,160067]
[802,169,325944,324909]
[803,100,618241,618625]
[804,230,419407,419546]
[805,111,611058,610480]
[806,206,278890,279151]
[807,34,390405,391657]
[808,94,435712,436167]
[809,251,43239,42143]
[810,145,456863,456256]
[811,48,122641,122953]
[812,194,12602,13774]
[813,156,203108,204029]
[814,35,677963,677161]
[815,237,131927,131073]
[816,165,126405,125663]
[817,161,429113,428226]
[818,238,440106,440651]
[819,169,654901,654720]
[820,23,4979,4092]
[821,69,126366,126236]
[822,10,339924,341086]
[823,148,26403,26463]
[824,14,330132,330324]
[825,9,511058,510172]
[826,27,372847,372457]
[827,119,198554,197160]
[828,135,582092,581034]
[829,13,623957,623058]
[830,164,68367,69060]
[831,47,621399,621335]
[832,229,313761,313372]
[833,202,706286,706494]
[834,187,668115,667989]
[835,6,390142,391139]
[836,87,501380,500365]
[837,3,221357,221141]
[838,167,343202,342789]
[839,228,247082,248050]
[840,238,626893,627004]
[841,73,248690,248330]
[842,164,638875,639755]
[843,59,331719,331563]
[844,138,184087,184329]
[845,213,453910,452469]
[846,116,495345,496666]
[847,46,379915,380842]
[848,169,134989,133751]
[849,16,652879,654333]
[850,238,250145,250242]
[851,158,693531,694415]
[852,54,651209,652271]
[853,93,329622,328377]
[854,50,573218,573646]
[855,230,631751,632602]
[856,249,254317,252963]
[857,80,547001,547861]
[858,226,281326,282054]
[859,184,27431,28315]
[860,108,127092,127125]
[861,31,285572,284526]
[862,149,291358,290486]
[863,112,140500,140706]
[864,204,258737,260187]
[865,86,571599,572204]
[866,72,398289,399092]
[867,113,417204,416959]
[868,185,247796,247711]
[869,101,612281,612175]
[870,24,310479,311313]
[871,27,123462,122595]
[872,132,227585,227722]
[873,104,550058,551445]
[874,225,620593,619105]
[875,230,687233,687472]
[876,231,540286,539589]
[877,201,482257,481346]
[878,13,81795,80884]
[879,10,450059,450867]
[880,91,548268,547623]
[881,77,32079,31032]
[882,204,473895,474061]
[883,59,413886,412748]
[884,84,282741,283481]
[885,36,700809,701529]
[886,77,67977,67040]
[887,132,61841,62905]
[888,239,49315,48302]
[889,14,711475,712147]
[890,159,328121,327374]
[891,45,362969,361713]
[892,248,219277,220002]
[893,145,681981,680626]
[894,161,693711,693424]
[895,96,255203,255835]
[896,132,524041,524827]
[897,183,51858,51107]
[898,178,550241,551616]
[899,191,357793,357540]
[900,260,190706,191839]
[901,22,339610,340460]
[902,204,321360,322778]
[903,209,9192,8580]
[904,244,105741,106890]
[905,273,105977,105085]
[906,45,25277,24610]
[907,61,408960,408668]
[908,234,116832,117503]
[909,1,137670,137480]
[910,16,401182,401806]
[911,173,718998,718957]
[912,246,543117,544036]
[913,269,670059,669335]
[914,89,111813,110881]
[915,150,40751,42196]
[916,82,227176,228149]
[917,15,699578,698679]
[918,157,157537,157380]
[919,19,6324,5214]
[920,165,607534,607128]
[921,53,305354,304693]
[922,165,452405,451868]
[923,92,322698,323385]
[924,222,177689,177842]
[925,243,162573,162418]
[926,40,26383,27056]
[927,143,516684,516334]
[928,253,140959,139499]
[929,115,371632,370696]
[930,74,175217,176659]
[931,248,513991,515190]
[932,130,167782,168308]
[933,263,705921,705232]
[934,138,521309,522565]
[935,23,405474,405043]
[936,197,370172,368680]
[937,23,161062,160163]
[938,219,257010,256007]
[939,257,474733,474277]
[940,79,391140,390503]
[941,214,151423,151496]
[942,46,453749,454555]
[943,242,544776,545301]
[944,32,218298,218595]
[945,9,198769,198338]
[946,46,192875,193718]
[947,85,318017,316900]
[948,128,165948,166925]
[949,57,246977,245738]
[950,236,31351,32408]
[951,131,141817,141189]
[952,75,319344,319099]
[953,76,123850,125219]
[954,277,226781,226595]
[955,31,180280,179663]
[956,127,446518,446067]
[957,270,518146,518225]
[958,245,7048,6507]
[959,45,649781,649556]
[960,142,433508,434723]
[961,75,585372,584787]
[962,175,648161,648028]
[963,103,36464,35868]
[964,16,713072,714210]
[965,118,15949,16742]
[966,21,494862,494613]
[967,63,614473,614181]
[968,76,425305,426709]
[969,177,703786,702809]
[970,226,149671,149807]
[971,267,577191,575826]
[972,23,659792,658404]
[973,211,364833,363985]
[974,87,507078,506735]
[975,205,20328,19234]
[976,25,35529,34464]
[977,56,276065,276600]
[978,119,470190,469592]
[979,202,74640,75148]
[980,243,349799,348849]
[981,86,68192,68283]
[982,122,519733,520963]
[983,37,545867,544887]
[984,268,475584,476019]
[985,258,390539,391143]
[986,274,391454,392091]
[987,156,620555,620756]
[988,220,189018,190213]
[989,277,557800,556434]
[990,269,658423,657239]
[991,84,300296,301722]
[992,178,310632,311872]
[993,203,75867,74491]
[994,22,375701,376217]
[995,25,659642,658939]
[996,34,585524,585601]
[997,50,187522,188012]
[998,13,138403,138116]
[999,46,691764,692734]
[1000,187,592447,591403]
[1001,179,651286,651209]
[1002,50,9283,9911]
[1003,12,212916,212953]
[1004,167,657987,657010]
[1005,69,489721,488240]
[1006,110,412126,413313]
[1007,58,701213,701412]
[1008,136,501144,501240]
[1009,11,291733,291336]
[1010,259,402510,402376]
[1011,155,509698,509278]
[1012,101,448031,447279]
[1013,163,720289,719770]
[1014,23,703014,702272]
[1015,168,533950,534161]
[1016,136,155293,155567]
[1017,232,274346,274976]
[1018,268,166752,166945]
[1019,253,455881,454390]
[1020,140,262605,262943]
[1021,228,452929,453871]
[1022,168,278465,279195]
[1023,55,296986,296161]
[1024,10,415218,415292]
[1025,142,655824,656994]
[1026,152,36116,36593]
[1027,142,44906,45525]
[1028,156,29979,30467]
[1029,250,39779,41175]
[1030,177,367624,366706]
[1031,82,558327,558724]
[1032,173,128251,127360]
[1033,210,476159,476861]
[1034,62,715012,715388]
[1035,246,264441,265061]
[1036,129,607261,605840]
[1037,253,516750,516675]
[1038,62,650108,650145]
[1039,203,129166,128099]
[1040,262,20282,21044]
[1041,83,118759,117918]
[1042,178,138207,138846]
[1043,98,619436,619791]
[1044,126,121846,122247]
[1045,141,509106,507798]
[1046,151,339795,338554]
[1047,144,386638,387596]
[1048,61,256400,256116]
[1049,143,681815,680761]
[1050,52,395860,396986]
[1051,143,718079,718016]
[1052,75,158193,157302]
[1053,243,544679,544073]
[1054,235,336318,336116]
[1055,15,200440,200192]
[1056,191,591954,591274]
[1057,246,99724,100149]
[1058,191,459568,458419]
[1059,43,153580,152214]
[1060,47,46601,45469]
[1061,146,676460,676518]
[1062,166,688583,689430]
[1063,167,656441,655341]
[1064,29,694987,693843]
[1065,22,95024,95339]
[1066,229,669801,668499]
[1067,38,252262,252765]
[1068,171,105175,104578]
[1069,208,552595,553102]
[1070,224,726721,727633]
[1071,269,104945,103939]
[1072,28,681214,682290]
[1073,133,398876,398380]
[1074,73,713826,712378]
[1075,2,180547,181559]
[1076,50,665400,666441]
[1077,167,729246,728783]
[1078,8,186726,187498]
[1079,79,512650,511706]
[1080,183,520652,519841]
[1081,115,579900,579591]
[1082,60,444534,445314]
[1083,138,405744,406553]
[1084,151,676524,675977]
[1085,79,389096,388519]
[1086,185,688361,687073]
[1087,118,385766,386645]
[1088,10,267593,268190]
[1089,145,295273,294179]
[1090,272,18123,18792]
[1091,38,518121,518563]
[1092,153,358159,357701]
[1093,43,654512,653143]
[1094,222,317405,318223]
[1095,101,498017,496702]
[1096,75,574217,573714]
[1097,234,540940,541487]
[1098,15,322382,320990]
[1099,90,440913,442396]
[1100,163,155397,154950]
[1101,6,469225,469495]
[1102,257,701564,700519]
[1103,18,465351,465521]
[1104,265,121852,121658]
[1105,36,663149,664051]
[1106,220,694508,694721]
[1107,150,387522,387776]
[1108,140,253192,253331]
[1109,138,117354,118444]
[1110,17,164813,163719]
[1111,143,162735,162165]
[1112,68,114005,115425]
[1113,19,428706,427758]
[1114,55,442821,442720]
[1115,167,9897,8911]
[1116,109,211330,210647]
[1117,159,575684,574435]
[1118,241,489928,489111]
[1119,71,473674,473534]
[1120,220,162358,163491]
[1121,30,292040,292602]
[1122,198,225255,226021]
[1123,274,196551,197944]
[1124,124,100467,101359]
[1125,63,606428,605643]
[1126,96,608978,609655]
[1127,230,678237,678549]
[1128,276,11120,11461]
[1129,262,510102,510506]
[1130,10,491056,491191]
[1131,145,281764,280886]
[1132,250,174061,175243]
[1133,128,648260,649228]
[1134,223,401575,400528]
[1135,222,666196,667046]
[1136,265,429743,428875]
[1137,164,654835,655741]
[1138,214,305148,305296]
[1139,27,264717,264116]
[1140,32,344185,344731]
[1141,8,92667,93451]
[1142,106,166025,166587]
[1143,114,459154,459358]
[1144,63,396042,395837]
[1145,156,237891,238245]
[1146,56,661104,661976]
[1147,151,440689,440608]
[1148,192,350136,350608]
[1149,216,396142,396291]
[1150,270,122297,123465]
[1151,150,267420,267654]
[1152,199,51402,51229]
[1153,41,716185,715958]
[1154,253,668356,668074]
[1155,37,391242,389743]
[1156,186,51486,52541]
[1157,55,50348,49724]
[1158,139,722928,722430]
[1159,221,728226,726767]
[1160,67,682552,682389]
[1161,232,391409,391960]
[1162,164,569897,570295]
[1163,238,529066,530024]
[1164,60,721487,721911]
[1165,48,89642,90484]
[1166,120,695198,695292]
[1167,16,621723,621922]
[1168,235,418325,417673]
[1169,121,219416,218272]
[1170,64,212039,213443]
[1171,12,606119,606693]
[1172,17,83790,82292]
[1173,268,385206,385382]
[1174,213,365750,365210]
[1175,87,117167,116538]
[1176,44,19231,20148]
[1177,178,52046,53524]
[1178,25,298924,297663]
[1179,124,528421,528936]
[1180,5,160923,159646]
[1181,136,349269,350462]
[1182,247,399318,398083]
[1183,229,349626,348684]
[1184,74,30803,30906]
[1185,81,140368,139178]
[1186,140,113550,114323]
[1187,207,249119,249028]
[1188,42,1316,1479]
[1189,178,55450,56887]
[1190,111,628324,627433]
[1191,246,525441,526142]
[1192,70,144257,145371]
[1193,140,343580,343993]
[1194,87,126779,126617]
[1195,249,88828,87708]
[1196,7,434239,433313]
[1197,238,142686,144081]
[1198,249,642016,640826]
[1199,224,99564,99841]
[1200,138,510083,510545]
[1201,187,419951,418492]
[1202,12,321729,322550]
[1203,209,563017,561840]
[1204,48,378727,379396]
[1205,115,334325,333776]
[1206,5,525950,525309]
[1207,121,463394,462018]
[1208,106,161992,163370]
[1209,102,663183,664459]
[1210,151,645696,645443]
[1211,59,385675,385540]
[1212,233,473240,472473]
[1213,107,724183,723104]
[1214,276,454782,455686]
[1215,87,398700,397290]
[1216,271,557848,557121]
[1217,57,590258,589567]
[1218,252,702331,703634]
[1219,40,680204,680482]
[1220,65,36899,35695]
[1221,203,32116,31683]
[1222,188,708063,708675]
[1223,249,466339,465045]
[1224,46,650214,650338]
[1225,129,383743,383605]
[1226,27,664497,664167]
[1227,29,663565,663171]
[1228,130,9202,9742]
[1229,269,492771,491897]
[1230,153,262457,261768]
[1231,130,259100,260411]
[1232,187,675538,675046]
[1233,242,252652,253253]
[1234,1,566154,564703]
[1235,161,93560,92433]
[1236,117,132589,131742]
[1237,252,18512,19598]
[1238,121,509582,508753]
[1239,106,311364,311921]
[1240,253,180442,179972]
[1241,0,81360,81935]
[1242,37,459387,458872]
[1243,202,279241,279606]
[1244,21,295660,294658]
[1245,35,510530,509268]
[1246,238,50973,51253]
[1247,164,257648,258714]
[1248,73,198348,197575]
[1249,80,38288,38618]
[1250,172,42187,42954]
[1251,139,128639,128051]
[1252,128,462447,463802]
[1253,16,607202,607987]
[1254,109,394965,393583]
[1255,43,439791,438878]
[1256,10,307425,308039]
[1257,180,93066,93629]
[1258,271,646506,645029]
[1259,233,258750,258160]
[1260,245,322152,321090]
[1261,117,255701,255087]
[1262,9,37002,36812]
[1263,156,116855,117894]
[1264,150,619860,620098]
[1265,51,411880,410756]
[1266,174,57034,57655]
[1267,245,433829,432398]
[1268,161,448832,447523]
[1269,174,88539,88771]
[1270,137,257178,256368]
[1271,122,242733,242838]
[1272,103,495809,495127]
[1273,270,526988,527391]
[1274,157,602724,601607]
[1275,180,409517,410805]
[1276,138,725845,727116]
[1277,216,57756,58458]
[1278,88,415619,416914]
[1279,213,12787,11698]
[1280,159,591895,591662]
[1281,202,686529,687296]
[1282,163,572056,571969]
[1283,117,333840,333374]
[1284,221,599842,599659]
[1285,68,723241,724444]
[1286,213,285508,284117]
[1287,121,344329,344000]
[1288,4,726651,727033]
[1289,12,581823,582084]
[1290,124,695923,696826]
[1291,172,227426,228731]
[1292,22,320207,320913]
[1293,122,560833,561563]
[1294,205,526190,525703]
[1295,164,514029,515052]
[1296,257,116593,115577]
[1297,35,360044,358918]
[1298,207,728127,727799]
[1299,12,155077,156151]
[1300,191,347130,346250]
[1301,23,141853,141637]
[1302,133,267716,267276]
[1303,194,699128,699721]
[1304,136,89022,90255]
[1305,35,206325,205677]
[1306,39,30190,29117]
[1307,27,565670,565322]
[1308,210,439821,440787]
[1309,250,728898,730158]
[1310,248,99973,101019]
[1311,27,261351,261235]
[1312,183,599863,598531]
[1313,118,684342,684425]
[1314,65,420825,420508]
[1315,263,203283,201785]
[1316,151,12631,11658]
[1317,222,86837,88131]
[1318,144,55730,57119]
[1319,3,305164,305046]
[1320,97,579019,578494]
[1321,240,34169,34948]
[1322,254,388765,390119]
[1323,143,320568,319704]
[1324,32,324335,324557]
[1325,159,377133,376651]
[1326,176,486622,487552]
[1327,203,313150,311845]
[1328,142,503992,504397]
[1329,11,677560,677308]
[1330,90,504553,505613]
[1331,25,281793,281291]
[1332,220,502723,502886]
[1333,278,342889,344309]
[1334,11,147536,146284]
[1335,76,96680,96761]
[1336,145,241125,240509]
[1337,155,468152,466862]
[1338,173,521185,519719]
[1339,47,135439,135371]
[1340,33,261123,260150]
[1341,19,499404,499271]
[1342,93,68336,68089]
[1343,247,342167,341095]
[1344,44,390701,391864]
[1345,231,58003,56826]
[1346,217,452298,452173]
[1347,142,127905,128716]
[1348,36,713265,713883]
[1349,134,726037,726537]
[1350,48,695373,695770]
[1351,198,520518,520688]
[1352,207,720161,719659]
[1353,91,559399,559162]
[1354,257,401220,399798]
[1355,16,382948,384191]
[1356,168,93193,94034]
[1357,238,35486,36542]
[1358,245,172857,171884]
[1359,242,27220,28041]
[1360,142,294278,294926]
[1361,274,405954,407207]
[1362,49,391432,390828]
[1363,16,26591,27496]
[1364,19,519607,518789]
[1365,91,591185,589839]
[1366,150,600400,600990]
[1367,242,539967,540711]
[1368,271,480510,479705]
[1369,79,324258,323567]
[1370,126,361122,361325]
[1371,147,28511,27169]
[1372,156,183679,184358]
[1373,184,615960,616490]
[1374,189,641718,640406]
[1375,230,247685,248662]
[1376,119,8386,8202]
[1377,195,341241,341173]
[1378,42,75764,76841]
[1379,182,160901,161420]
[1380,21,313587,312139]
[1381,116,271436,272146]
[1382,17,625585,625109]
[1383,69,559436,558626]
[1384,253,435181,433892]
[1385,208,215418,215619]
[1386,21,259965,258776]
[1387,239,176158,174848]
[1388,143,291258,291093]
[1389,1,5905,4447]
[1390,34,318890,319334]
[1391,209,171849,170750]
[1392,196,138525,138883]
[1393,137,698205,697283]
[1394,48,123193,124117]
[1395,176,50814,51525]
[1396,13,563813,562831]
[1397,175,710945,710741]
[1398,260,224503,224993]
[1399,159,46893,45867]
[1400,257,284802,283558]
[1401,50,182498,183048]
[1402,94,89506,90550]
[1403,261,278093,276645]
[1404,147,300177,298702]
[1405,35,361911,360778]
[1406,217,313988,313232]
[1407,63,680647,680089]
[1408,240,543393,543708]
[1409,87,545808,544843]
[1410,111,287360,287303]
[1411,130,673998,674459]
[1412,42,125114,126143]
[1413,185,577839,577452]
[1414,273,397662,397357]
[1415,88,641948,642116]
[1416,199,481660,480319]
[1417,29,195465,195154]
[1418,74,553806,554011]
[1419,205,722298,721719]
[1420,78,627402,628746]
[1421,13,348740,347731]
[1422,155,438604,438337]
[1423,48,520749,521628]
[1424,104,303289,304014]
[1425,182,490898,491080]
[1426,158,551383,552801]
[1427,63,38886,38454]
[1428,36,183617,185101]
[1429,67,725613,724695]
[1430,51,308352,307022]
[1431,180,563750,564821]
[1432,157,229146,228778]
[1433,4,303461,304447]
[1434,190,164621,166062]
[1435,260,87455,87525]
[1436,78,112265,113300]
[1437,81,622576,621378]
[1438,77,124097,124012]
[1439,76,299915,300162]
[1440,3,135071,134033]
[1441,136,506335,507406]
[1442,81,192992,192421]
[1443,73,368777,368480]
[1444,237,702003,701959]
[1445,161,463449,463288]
[1446,244,178666,179811]
[1447,152,505075,506242]
[1448,236,204365,205153]
[1449,23,591911,591734]
[1450,93,201811,201734]
[1451,161,114714,113441]
[1452,10,157262,158162]
[1453,16,677301,677483]
[1454,76,126190,126465]
[1455,268,282499,283102]
[1456,101,48567,47908]
[1457,6,59832,60728]
[1458,269,427111,425858]
[1459,183,47351,47115]
[1460,242,490215,491484]
[1461,173,561650,560977]
[1462,31,153913,153698]
[1463,196,63758,64721]
[1464,204,113941,114639]
[1465,179,197430,197086]
[1466,234,672354,672384]
[1467,67,439578,438428]
[1468,24,662935,664051]
[1469,101,535226,534102]
[1470,64,250827,251519]
[1471,272,108176,108504]
[1472,148,425944,427306]
[1473,247,601736,600448]
[1474,82,221066,222526]
[1475,261,47332,47233]
[1476,16,224579,226014]
[1477,134,505971,507047]
[1478,206,422773,423890]
[1479,108,668117,669460]
[1480,145,335411,334664]
[1481,269,256643,255839]
[1482,143,528040,527054]
[1483,89,631342,631199]
[1484,159,349056,348310]
[1485,150,502837,502927]
[1486,96,492548,493700]
[1487,2,74695,75667]
[1488,273,41648,41362]
[1489,145,434947,434555]
[1490,65,259640,258142]
[1491,61,60838,59608]
[1492,38,603271,603786]
[1493,126,148541,149677]
[1494,92,100359,101090]
[1495,10,197926,198904]
[1496,38,548786,549352]
[1497,271,49426,48361]
[1498,7,569384,568423]
[1499,96,660603,660969]
[1500,14,439957,440359]
[1501,31,442360,441430]
[1502,217,588872,588761]
[1503,138,30324,31333]
[1504,249,384877,384636]
[1505,25,553317,553271]
[1506,204,185478,186746]
[1507,95,450419,450033]
[1508,78,49781,50166]
[1509,79,47565,47407]
[1510,188,152159,152559]
[1511,263,533721,533026]
[1512,244,433822,434413]
[1513,136,39677,40260]
[1514,211,707399,706306]
[1515,143,555991,555723]
[1516,137,334933,334117]
[1517,65,473677,472628]
[1518,151,40110,38722]
[1519,89,643176,643111]
[1520,197,350178,350076]
[1521,164,106233,107236]
[1522,186,590885,592372]
[1523,248,257002,257782]
[1524,112,363017,363454]
[1525,23,397567,396486]
[1526,159,473945,472805]
[1527,232,155184,155225]
[1528,33,722552,721195]
[1529,270,505027,506017]
[1530,129,45657,45428]
[1531,273,136612,136274]
[1532,260,692214,693342]
[1533,179,621542,620764]
[1534,129,510141,509241]
[1535,69,566212,564939]
[1536,275,235538,235035]
[1537,3,109354,109203]
[1538,63,57057,55934]
[1539,172,246396,247128]
[1540,23,638762,638134]
[1541,191,280029,278596]
[1542,211,186074,184957]
[1543,20,717312,718707]
[1544,149,23036,22966]
[1545,81,89655,88486]
[1546,99,567678,567361]
[1547,53,276642,276582]
[1548,17,252399,251481]
[1549,21,417418,417228]
[1550,121,186895,185648]
[1551,225,148815,148565]
[1552,95,644915,644710]
[1553,251,614190,613286]
[1554,155,201035,199983]
[1555,122,541496,542523]
[1556,191,276039,276002]
[1557,267,503941,502442]
[1558,197,136985,135511]
[1559,165,69689,69276]
[1560,200,522168,523315]
[1561,234,244165,245230]
[1562,192,313708,314265]
[1563,221,700120,698845]
[1564,43,260651,259377]
[1565,200,249541,250485]
[1566,270,316751,316887]
[1567,25,320331,319214]
[1568,271,398404,397923]
[1569,37,189341,188142]
[1570,181,10935,10347]
[1571,127,218959,218754]
[1572,221,57507,57364]
[1573,238,555657,556354]
[1574,115,367660,366485]
[1575,202,463518,464012]
[1576,136,35995,36247]
[1577,191,667260,666186]
[1578,46,513199,514505]
[1579,179,465559,464267]
[1580,29,569633,568148]
[1581,135,346570,346045]
[1582,49,143202,142164]
[1583,92,493602,494157]
[1584,11,622390,621743]
[1585,251,285663,284593]
[1586,107,603429,603072]
[1587,229,515335,515094]
[1588,98,500682,501146]
[1589,143,223890,223599]
[1590,247,632461,631058]
[1591,39,168089,166640]
[1592,82,343011,344389]
[1593,11,233879,232415]
[1594,217,593315,592943]
[1595,218,481175,482386]
[1596,226,108830,109673]
[1597,171,570618,569914]
[1598,230,489069,490171]
[1599,107,17174,16896]
[1600,13,248545,247198]
[1601,7,399108,397736]
[1602,85,234526,233662]
[1603,195,714536,714038]
[1604,229,398312,397133]
[1605,123,267000,266232]
[1606,53,126993,125620]
[1607,21,460622,459341]
[1608,228,229493,230569]
[1609,89,32596,31161]
[1610,16,410584,411542]
[1611,267,226611,225734]
[1612,277,416761,415674]
[1613,141,88709,87695]
[1614,79,614653,614360]
[1615,190,185022,186424]
[1616,223,171117,171045]
[1617,246,136905,137276]
[1618,176,341836,342850]
[1619,130,646062,646976]
[1620,133,337272,336562]
[1621,33,353315,352081]
[1622,42,565776,567021]
[1623,134,85788,85833]
[1624,129,488704,487995]
[1625,184,190032,190372]
[1626,98,377656,378279]
[1627,35,376965,375746]
[1628,185,715205,715006]
[1629,70,63150,63563]
[1630,67,725985,724844]
[1631,49,585199,584425]
[1632,171,101262,100933]
[1633,32,16081,17006]
[1634,272,231698,233091]
[1635,277,91385,90885]
[1636,134,595890,596209]
[1637,188,452240,452464]
[1638,47,449190,448208]
[1639,11,599525,599469]
[1640,108,355167,355403]
[1641,4,277032,277440]
[1642,208,64349,64792]
[1643,260,676938,677678]
[1644,177,312143,311719]
[1645,69,521610,520257]
[1646,38,477454,478258]
[1647,183,348777,348025]
[1648,188,654319,655693]
[1649,156,628665,629383]
[1650,90,427622,427801]
[1651,102,81620,81769]
[1652,256,483618,483904]
[1653,10,601378,602578]
[1654,189,15402,15093]
[1655,140,466774,467594]
[1656,128,486526,487052]
[1657,226,420590,422016]
[1658,242,582062,582863]
[1659,97,11293,10050]
[1660,58,51351,51478]
[1661,204,344104,345280]
[1662,139,727882,727468]
[1663,154,12981,13901]
[1664,105,707781,706427]
[1665,92,304886,305960]
[1666,263,416525,415245]
[1667,107,703514,703397]
[1668,258,61080,62455]
[1669,24,499356,500007]
[1670,118,186938,188253]
[1671,69,553268,552517]
[1672,254,197244,197309]
[1673,44,175670,175889]
[1674,126,505213,506677]
[1675,258,453331,454531]
[1676,224,122626,123115]
[1677,82,203991,204646]
[1678,252,32978,34083]
[1679,188,464495,465886]
[1680,131,245830,245035]
[1681,28,573907,575406]
[1682,176,660379,661492]
[1683,209,187724,187020]
[1684,168,114234,115568]
[1685,189,336643,335227]
[1686,148,496782,497999]
[1687,19,19803,19174]
[1688,115,266719,265317]
[1689,235,714897,714114]
[1690,133,587827,587319]
[1691,2,49224,49674]
[1692,241,6630,6399]
[1693,118,347048,347420]
[1694,251,713087,712219]
[1695,172,462857,463897]
[1696,117,191615,191501]
[1697,45,197281,196006]
[1698,162,370647,370827]
[1699,122,208089,209389]
[1700,182,365612,367104]
[1701,171,34783,33912]
[1702,271,409622,408305]
[1703,116,308620,310102]
[1704,137,251985,250840]
[1705,8,500672,501172]
[1706,242,486154,486867]
[1707,65,426627,425507]
[1708,152,356664,357404]
[1709,233,419584,418246]
[1710,152,301104,302463]
[1711,136,663236,664496]
[1712,111,57399,56449]
[1713,277,80909,79730]
[1714,186,320748,321024]
[1715,77,641209,640692]
[1716,109,135549,135265]
[1717,189,473830,472774]
[1718,91,615190,615031]
[1719,146,691288,691557]
[1720,58,112799,113731]
[1721,107,650487,650251]
[1722,212,506816,506951]
[1723,168,139864,140372]
[1724,144,640232,640696]
[1725,16,465248,466474]
[1726,55,529139,528014]
[1727,191,560495,560262]
[1728,151,312641,311468]
[1729,241,258100,257155]
[1730,53,286467,285415]
[1731,152,508603,509270]
[1732,10,585388,585764]
[1733,171,360305,359943]
[1734,46,64978,65212]
[1735,71,407814,407050]
[1736,135,369066,367825]
[1737,102,269390,270648]
[1738,106,395723,396432]
[1739,163,607313,605863]
[1740,77,252383,251374]
[1741,15,524886,523817]
[1742,98,695542,696257]
[1743,60,475467,476793]
[1744,81,438379,438306]
[1745,31,50872,50654]
[1746,179,14282,12935]
[1747,14,624684,625620]
[1748,45,454576,454517]
[1749,79,690946,690570]
[1750,241,609956,608685]
[1751,211,18165,17099]
[1752,207,458512,457289]
[1753,28,325774,326032]
[1754,127,532570,532246]
[1755,258,558576,559501]
[1756,40,369125,370354]
[1757,110,180977,181615]
[1758,203,619949,618530]
[1759,184,388270,389430]
[1760,251,300660,299511]
[1761,7,560820,560497]
[1762,7,657756,656944]
[1763,143,119513,118447]
[1764,191,148667,147713]
[1765,25,54635,53721]
[1766,99,726883,726788]
[1767,134,667254,667817]
[1768,139,280269,278914]
[1769,37,24171,23423]
[1770,177,196082,195401]
[1771,78,658484,659250]
[1772,165,543303,542994]
[1773,66,252663,254081]
[1774,85,428091,426608]
[1775,106,274445,275281]
[1776,59,50976,50441]
[1777,134,632915,634325]
[1778,263,644357,643913]
[1779,102,533396,533556]
[1780,217,421497,420070]
[1781,14,225669,225969]
[1782,200,200080,200222]
[1783,97,457169,456463]
[1784,12,175593,176041]
[1785,41,120537,119908]
[1786,221,389069,387608]
[1787,263,640663,639439]
[1788,79,684801,683787]
[1789,150,114554,114808]
[1790,111,294683,293658]
[1791,61,345938,344564]
[1792,274,445801,446153]
[1793,45,599966,598863]
[1794,259,285472,285409]
[1795,247,4333,4209]
[1796,192,618548,619714]
[1797,264,655105,655757]
[1798,126,570610,571900]
[1799,155,275122,273768]
[1800,237,227583,227544]
[1801,59,82453,81738]
[1802,130,290150,291493]
[1803,88,1537,2185]
[1804,270,148608,149205]
[1805,63,454261,454083]
[1806,113,16992,16452]
[1807,137,429402,428452]
[1808,59,549115,548898]
[1809,6,674855,675996]
[1810,122,201692,201973]
[1811,98,47897,48359]
[1812,133,580955,579760]
[1813,131,27631,26359]
[1814,243,318868,318007]
[1815,175,212672,211571]
[1816,66,131904,132072]
[1817,246,256005,257206]
[1818,140,699473,700066]
[1819,275,523876,523152]
[1820,137,285972,285111]
[1821,261,548365,547287]
[1822,168,179192,180303]
[1823,120,504222,504638]
[1824,217,624298,624071]
[1825,25,416602,415483]
[1826,117,238363,238244]
[1827,160,672108,672486]
[1828,93,73767,72816]
[1829,82,345618,346345]
[1830,217,568435,567214]
[1831,131,530896,529931]
[1832,84,96271,96530]
[1833,193,14854,13951]
[1834,40,62694,62993]
[1835,265,706678,705243]
[1836,152,466000,466491]
[1837,60,5556,6557]
[1838,270,100202,100346]
[1839,202,240281,241493]
[1840,163,426532,426138]
[1841,223,98040,96801]
[1842,132,652701,653194]
[1843,82,247995,248878]
[1844,235,300070,300013]
[1845,252,50969,51189]
[1846,245,40662,39743]
[1847,210,427536,428754]
[1848,119,226985,225817]
[1849,220,245763,246843]
[1850,175,220882,219624]
