["head":"wrap","lpos","status"]
[145,619420,1]
["io count"]
[190]
["io":"id","wrap","startLpos","endLpos"]
[1,147,442774,441553]
[2,113,192494,191073]
[3,92,556317,556764]
[4,179,364034,363116]
[5,243,261629,261221]
[6,174,447485,448286]
[7,86,352752,354208]
[8,55,310608,310224]
[9,172,234890,236265]
[10,141,223717,222483]
[11,193,471527,470282]
[12,10,637273,638034]
[13,204,292580,293889]
[14,33,114276,113878]
[15,230,485751,486496]
[16,223,379355,378747]
[17,42,717305,718614]
[18,14,572661,573254]
[19,59,226367,224885]
[20,14,614793,615804]
[21,229,401190,401108]
[22,259,380801,380215]
[23,65,418962,418871]
[24,213,594781,593975]
[25,45,68447,67733]
[26,66,630661,631214]
[27,113,405747,405131]
[28,267,465642,464253]
[29,243,719538,718441]
[30,131,669378,668397]
[31,190,412831,413299]
[32,21,510022,509972]
[33,117,659893,659317]
[34,177,562921,562878]
[35,17,12541,11081]
[36,73,381091,379638]
[37,237,283005,282462]
[38,242,80951,82291]
[39,1,20994,20357]
[40,73,509604,508754]
[41,175,482427,481178]
[42,81,451482,451349]
[43,21,473833,472714]
[44,26,417182,417363]
[45,35,674640,674481]
[46,187,405825,405393]
[47,260,688475,688535]
[48,253,391019,390160]
[49,12,92589,93482]
[50,38,317014,317260]
[51,165,729501,728561]
[52,148,449141,450338]
[53,271,691905,691726]
[54,236,16569,17982]
[55,225,307085,306803]
[56,165,273866,273560]
[57,52,150714,152064]
[58,192,487713,488831]
[59,201,103859,102954]
[60,163,149493,148202]
[61,2,20584,21475]
[62,143,496580,495290]
[63,72,206515,206946]
[64,190,604957,606132]
[65,39,466774,466609]
[66,279,448806,448593]
[67,138,93592,94737]
[68,2,287781,288421]
[69,187,145580,144423]
[70,64,616074,617119]
[71,252,618598,618640]
[72,24,11889,13033]
[73,168,432078,432258]
[74,203,657563,657279]
[75,118,169887,170572]
[76,151,264566,263984]
[77,264,718005,719147]
[78,48,469999,471085]
[79,189,116164,114847]
[80,17,131543,131451]
[81,224,384998,385836]
[82,10,420173,420529]
[83,78,553603,553758]
[84,184,705355,705707]
[85,87,379277,379049]
[86,124,692385,693078]
[87,51,38761,37367]
[88,150,410086,410807]
[89,244,360055,361234]
[90,61,365998,365149]
[91,222,4042,4466]
[92,249,572726,571277]
[93,229,185217,185133]
[94,210,395306,396612]
[95,87,103180,102972]
[96,28,238040,239470]
[97,100,625626,626645]
[98,157,447480,447171]
[99,23,28101,27083]
[100,95,717047,716939]
[101,66,432112,433103]
[102,222,38178,39056]
[103,248,228866,229503]
[104,151,675384,674329]
[105,2,163019,164444]
[106,264,579060,580303]
[107,276,304253,304343]
[108,187,232450,231070]
[109,53,622838,622250]
[110,99,346519,346475]
[111,275,465621,464266]
[112,44,405757,406945]
[113,15,6522,6430]
[114,125,316075,315307]
[115,61,666311,666252]
[116,140,720884,720951]
[117,186,495040,495163]
[118,262,115949,116017]
[119,213,484851,484367]
[120,115,189412,188174]
[121,260,136039,137502]
[122,135,196366,195625]
[123,159,14827,13514]
[124,278,552433,553375]
[125,166,681818,683015]
[126,90,304392,305799]
[127,180,691884,693134]
[128,116,273474,274370]
[129,183,552682,551255]
[130,135,40773,39618]
[131,273,699736,699254]
[132,191,129497,128516]
[133,119,194831,194789]
[134,273,487687,487538]
[135,76,656742,657622]
[136,274,210263,211438]
[137,212,373858,374497]
[138,22,383159,383361]
[139,0,276531,277482]
[140,14,645149,646444]
[141,169,342274,341646]
[142,88,518804,519699]
[143,244,665115,666324]
[144,45,68582,67703]
[145,69,230621,229596]
[146,188,357757,358257]
[147,129,509295,508578]
[148,264,565004,565273]
[149,164,684186,685504]
[150,120,265978,266618]
[151,171,404668,404517]
[152,66,53457,53583]
[153,20,77322,78343]
[154,15,672183,671315]
[155,97,636774,636009]
[156,79,364317,363991]
[157,173,690978,690784]
[158,245,278077,276885]
[159,215,18208,17094]
[160,95,169842,168411]
[161,146,714130,714333]
[162,106,147914,148571]
[163,196,126105,126508]
[164,220,407310,408239]
[165,247,476741,476247]
[166,82,407270,407713]
[167,155,180718,180618]
[168,17,525841,525379]
[169,32,318557,319567]
[170,185,637172,636151]
[171,228,1578,2014]
[172,254,377305,377437]
[173,50,277286,278712]
[174,58,661846,663238]
[175,220,391073,392189]
[176,85,464538,463386]
[177,25,376290,375118]
[178,61,11519,11441]
[179,4,400496,401218]
[180,126,475088,476326]
[181,94,504290,504530]
[182,110,368981,369512]
[183,212,664203,664818]
[184,267,433821,433609]
[185,170,255569,257050]
[186,141,406018,404869]
[187,153,129005,127691]
[188,180,432175,433205]
[189,169,626800,626535]
[190,164,182518,183912]
