["head":"wrap","lpos","status"]
[147,219492,1]
["io count"]
[1900]
["io":"id","wrap","startLpos","endLpos"]
[1,36,693404,693580]
[2,1,593639,593388]
[3,100,395819,396410]
[4,54,515521,516813]
[5,142,243684,244632]
[6,208,322147,323402]
[7,123,351017,350800]
[8,179,448308,447666]
[9,52,306706,306825]
[10,193,596951,596554]
[11,8,509663,509919]
[12,227,135006,133773]
[13,44,604086,604799]
[14,97,668173,667258]
[15,160,531266,532074]
[16,54,346556,347502]
[17,114,35534,36521]
[18,153,296524,295637]
[19,164,466885,467251]
[20,258,457018,457611]
[21,136,288641,289056]
[22,74,372031,372784]
[23,168,655892,656433]
[24,259,446883,446031]
[25,254,452553,453618]
[26,249,77595,77042]
[27,184,464782,465127]
[28,157,595284,594038]
[29,254,532728,534209]
[30,224,133455,134077]
[31,73,596130,594990]
[32,119,588331,587760]
[33,207,438413,438287]
[34,193,472936,472266]
[35,51,374744,374202]
[36,187,157598,157551]
[37,250,394223,394599]
[38,26,157958,158535]
[39,273,280648,280290]
[40,129,634675,633685]
[41,141,70470,69820]
[42,106,217114,217152]
[43,243,689397,688823]
[44,255,38026,37365]
[45,215,138973,137532]
[46,199,224777,224022]
[47,189,554159,552739]
[48,235,393132,392398]
[49,239,496211,496018]
[50,229,326016,325860]
[51,53,368201,367834]
[52,223,594820,593780]
[53,246,183911,184179]
[54,6,204766,205557]
[55,64,421933,422930]
[56,51,280217,279039]
[57,2,123127,123942]
[58,154,108337,108796]
[59,46,323674,324876]
[60,223,2487,1135]
[61,65,327330,327059]
[62,177,324011,322523]
[63,33,412322,411298]
[64,76,4808,5604]
[65,144,528091,528199]
[66,220,429322,429427]
[67,235,696915,695564]
[68,67,638789,637680]
[69,25,298640,297327]
[70,34,170770,172020]
[71,210,154053,155363]
[72,164,350623,350950]
[73,228,122800,123410]
[74,51,361111,360011]
[75,236,1960,2559]
[76,146,649688,649853]
[77,279,147963,147167]
[78,253,42163,41251]
[79,265,141710,141337]
[80,48,268896,269407]
[81,160,668513,669344]
[82,41,299876,298505]
[83,74,482114,483077]
[84,92,709744,711212]
[85,121,497021,495562]
[86,134,401672,403142]
[87,206,560491,560886]
[88,216,206325,207584]
[89,34,691609,691908]
[90,176,67555,67994]
[91,102,379115,379166]
[92,164,72361,72977]
[93,58,479678,480252]
[94,273,291705,291370]
[95,230,711445,711486]
[96,16,543302,544234]
[97,185,269644,269531]
[98,222,320521,320859]
[99,152,147419,147748]
[100,260,595705,596954]
[101,154,94647,94941]
[102,189,117937,116543]
[103,63,176591,176024]
[104,250,712909,714310]
[105,205,458540,457895]
[106,248,155567,155810]
[107,61,381209,380481]
[108,230,457340,458826]
[109,160,455842,456549]
[110,18,47910,48126]
[111,94,485159,485673]
[112,229,40292,39758]
[113,201,621643,621437]
[114,279,289921,288890]
[115,116,394856,396198]
[116,19,219933,219485]
[117,223,422221,421059]
[118,71,514197,512871]
[119,86,110019,110995]
[120,181,224789,224353]
[121,159,400262,399393]
[122,109,180689,179939]
[123,139,63352,62614]
[124,35,365585,365118]
[125,89,200789,200253]
[126,249,541494,540513]
[127,253,693756,693503]
[128,33,645758,644590]
[129,10,138725,139447]
[130,26,214984,216131]
[131,149,144018,143576]
[132,256,458967,459538]
[133,9,30089,28894]
[134,8,510950,512072]
[135,22,170422,171628]
[136,86,285919,286775]
[137,247,124960,124170]
[138,265,572358,572266]
[139,242,625945,626374]
[140,209,693632,692753]
[141,108,587987,589348]
[142,42,208928,209243]
[143,76,262607,263657]
[144,105,585542,584271]
[145,8,279277,279958]
[146,45,25818,24410]
[147,12,420184,421415]
[148,236,430315,431482]
[149,269,558958,557522]
[150,25,73639,73501]
[151,34,531840,533025]
[152,221,204892,203864]
[153,256,91666,93029]
[154,95,402366,400909]
[155,19,556524,555093]
[156,117,447077,446014]
[157,95,499428,498374]
[158,95,406869,406353]
[159,119,541209,539993]
[160,52,548927,550096]
[161,191,16967,15622]
[162,69,181261,180821]
[163,259,300468,300038]
[164,260,628103,629299]
[165,273,573331,572342]
[166,166,71720,72250]
[167,241,304072,302600]
[168,116,328271,328353]
[169,247,475455,474616]
[170,17,71335,69984]
[171,11,648885,648298]
[172,196,505913,507009]
[173,211,426806,425955]
[174,220,177897,178912]
[175,123,407328,406732]
[176,106,394194,395035]
[177,273,257775,257571]
[178,142,628980,629489]
[179,123,504585,503655]
[180,233,705822,704585]
[181,25,724213,723506]
[182,123,467414,466634]
[183,161,614633,614510]
[184,150,191826,192582]
[185,56,169887,170926]
[186,229,542687,542480]
[187,272,174502,175883]
[188,86,595215,596707]
[189,44,679655,680632]
[190,180,326578,326612]
[191,78,352933,353108]
[192,113,14767,13868]
[193,52,504703,505822]
[194,107,323150,322602]
[195,123,277213,276873]
[196,269,140430,140223]
[197,253,148234,148143]
[198,120,456393,457273]
[199,201,444895,443558]
[200,89,562353,561906]
[201,133,215337,214292]
[202,102,674638,675480]
[203,159,700160,698867]
[204,213,227822,226697]
[205,149,367489,366161]
[206,229,123179,122082]
[207,170,474589,474632]
[208,242,651461,652797]
[209,142,133214,134485]
[210,143,401997,401405]
[211,193,338786,337954]
[212,163,476253,476145]
[213,165,393286,391939]
[214,244,161551,162230]
[215,191,155785,155209]
[216,136,414493,415814]
[217,179,671131,670313]
[218,80,236095,237534]
[219,16,131843,133307]
[220,123,258545,257060]
[221,180,57138,57510]
[222,81,335332,333997]
[223,9,404472,404260]
[224,194,275285,276226]
[225,71,179525,178607]
[226,138,718837,720087]
[227,172,115285,116700]
[228,116,132371,133042]
[229,70,163761,163938]
[230,198,336786,337975]
[231,5,321295,321216]
[232,92,173070,174013]
[233,153,261065,260033]
[234,213,663812,662769]
[235,68,237581,237679]
[236,37,344163,343346]
[237,272,406161,407208]
[238,159,251410,250804]
[239,274,625265,626700]
[240,225,10924,10574]
[241,233,604697,603790]
[242,79,11691,10637]
[243,122,351836,352825]
[244,126,483216,483791]
[245,218,195577,196559]
[246,263,191937,191165]
[247,68,401069,402461]
[248,95,596494,596148]
[249,70,213153,213524]
[250,148,512010,512594]
[251,98,710968,711248]
[252,232,583276,584355]
[253,117,497596,496124]
[254,77,628003,627258]
[255,170,666285,666990]
[256,66,202086,202875]
[257,256,294595,295625]
[258,201,723479,722761]
[259,218,449452,450783]
[260,226,593081,593976]
[261,272,506355,506726]
[262,11,243451,243322]
[263,33,127455,126834]
[264,98,267929,268511]
[265,150,677438,678818]
[266,153,557519,557033]
[267,181,278855,278472]
[268,182,12391,12820]
[269,155,12379,12054]
[270,216,111510,111717]
[271,260,28770,30149]
[272,115,95877,95557]
[273,187,106553,106521]
[274,230,423812,424431]
[275,54,158141,158725]
[276,31,670515,669346]
[277,201,702697,702078]
[278,138,212820,213377]
[279,115,4477,4215]
[280,68,567872,569103]
[281,93,21415,19968]
[282,227,108798,107857]
[283,167,486983,486364]
[284,185,434948,434516]
[285,100,317893,318509]
[286,231,289066,288091]
[287,208,22710,23162]
[288,42,159616,161039]
[289,266,365881,366977]
[290,210,635297,635944]
[291,22,678219,679011]
[292,122,106097,106957]
[293,186,15578,16143]
[294,170,44363,45188]
[295,215,564153,563862]
[296,12,706364,706650]
[297,208,282106,283401]
[298,277,249590,248397]
[299,226,408291,409065]
[300,79,610151,609035]
[301,152,278278,278381]
[302,177,364722,364297]
[303,178,595378,596038]
[304,219,402712,401540]
[305,112,271802,272597]
[306,40,335303,335538]
[307,65,97114,96506]
[308,162,725743,726949]
[309,170,569123,569869]
[310,158,206155,206364]
[311,72,656978,657122]
[312,168,529669,529773]
[313,63,300581,300480]
[314,125,508206,508157]
[315,192,640480,641144]
[316,40,43731,44221]
[317,269,369705,369388]
[318,181,639064,638897]
[319,230,400202,400849]
[320,60,670080,670993]
[321,266,276737,278064]
[322,197,511116,509677]
[323,148,522234,523034]
[324,41,141882,141584]
[325,51,313701,312293]
[326,37,315090,313866]
[327,116,169497,170972]
[328,145,209777,209167]
[329,235,419505,418024]
[330,275,621746,620620]
[331,2,210213,210837]
[332,28,668143,668815]
[333,20,697662,698134]
[334,217,46026,45847]
[335,115,376241,376100]
[336,65,390013,389183]
[337,227,65332,65231]
[338,195,35895,34919]
[339,278,416693,417803]
[340,268,328903,329141]
[341,191,555294,553884]
[342,277,594658,594254]
[343,212,548348,549068]
[344,33,574171,573100]
[345,37,704145,703146]
[346,169,313826,312983]
[347,46,486095,486232]
[348,5,102386,102028]
[349,5,73242,72404]
[350,246,125147,126331]
[351,157,299191,297954]
[352,7,345772,344499]
[353,153,629789,629295]
[354,44,110253,111593]
[355,140,372979,374188]
[356,194,639349,639601]
[357,21,140192,139148]
[358,106,470001,471146]
[359,4,201072,202550]
[360,26,232909,233337]
[361,2,178951,179711]
[362,124,581786,583241]
[363,152,75535,76169]
[364,95,650783,650010]
[365,45,15810,15674]
[366,64,617819,618441]
[367,25,384066,383047]
[368,48,616910,617572]
[369,194,615309,616524]
[370,226,193251,194255]
[371,257,247915,246973]
[372,92,262837,263375]
[373,83,719289,718654]
[374,231,638373,638189]
[375,37,429515,428061]
[376,168,326533,326574]
[377,95,115511,115226]
[378,226,30107,30173]
[379,186,392881,393088]
[380,196,433118,433593]
[381,81,427260,426409]
[382,129,724116,723953]
[383,199,262865,262438]
[384,136,129736,130233]
[385,244,246660,246713]
[386,138,661264,661588]
[387,39,504985,504178]
[388,119,463592,462241]
[389,235,132291,130962]
[390,257,54534,54152]
[391,20,110702,111801]
[392,12,377510,378376]
[393,109,348697,347620]
[394,199,463921,463405]
[395,244,363995,364721]
[396,112,197771,199153]
[397,30,43262,43737]
[398,45,426476,425026]
[399,131,441695,440253]
[400,92,688500,689973]
[401,108,487730,487795]
[402,95,139900,138470]
[403,84,519665,520417]
[404,164,123979,125082]
[405,9,576689,575735]
[406,53,699435,698613]
[407,230,727290,728007]
[408,173,605484,605239]
[409,148,477386,478640]
[410,43,267145,265982]
[411,36,34443,35837]
[412,258,124954,125267]
[413,141,398617,398007]
[414,230,666976,667388]
[415,99,257745,257107]
[416,194,271406,272592]
[417,36,431077,432370]
[418,124,723242,724541]
[419,207,177688,176747]
[420,201,525310,524034]
[421,187,66320,66255]
[422,166,672120,673039]
[423,171,631153,630285]
[424,146,506181,507220]
[425,220,9895,10840]
[426,228,552584,554070]
[427,225,528875,528335]
[428,78,4927,6058]
[429,184,63529,64385]
[430,49,35454,34176]
[431,265,410964,410719]
[432,52,485889,486368]
[433,60,97106,98153]
[434,165,670294,669761]
[435,5,172013,171867]
[436,272,85054,86497]
[437,19,178442,177886]
[438,162,150632,150779]
[439,137,573875,573646]
[440,19,308231,307037]
[441,136,714170,714538]
[442,33,31353,31289]
[443,265,620507,619313]
[444,133,267115,265844]
[445,60,111023,111079]
[446,254,16186,17118]
[447,66,16967,17849]
[448,247,690367,690212]
[449,62,589822,590606]
[450,65,282171,280947]
[451,118,483702,484974]
[452,267,23808,23127]
[453,180,556013,557047]
[454,190,118979,120352]
[455,65,271281,270361]
[456,101,276707,275474]
[457,211,579514,578034]
[458,101,89811,89446]
[459,137,28869,28203]
[460,161,307510,306511]
[461,46,287556,288002]
[462,51,40795,39369]
[463,86,381214,382384]
[464,0,404937,405887]
[465,48,618454,619210]
[466,126,98286,99399]
[467,141,184907,184587]
[468,37,525111,524559]
[469,87,399726,399032]
[470,180,362906,363737]
[471,106,28720,30104]
[472,134,522670,523751]
[473,103,331131,330980]
[474,33,717332,717032]
[475,183,393615,393286]
[476,63,278337,278142]
[477,103,30024,29414]
[478,150,674278,674705]
[479,259,218716,217807]
[480,81,195172,194744]
[481,125,428242,427317]
[482,55,465948,465608]
[483,231,13119,12814]
[484,146,374952,376329]
[485,132,117927,118567]
[486,1,709406,708148]
[487,150,396601,397716]
[488,96,193793,194357]
[489,264,620844,621123]
[490,157,24360,23202]
[491,30,658273,659381]
[492,217,333332,332034]
[493,266,134992,136129]
[494,218,8232,9099]
[495,215,347466,346516]
[496,66,560820,561784]
[497,181,246890,246258]
[498,117,542102,541802]
[499,3,401892,400922]
[500,265,642511,642345]
[501,267,553710,553317]
[502,263,89723,88225]
[503,157,190551,189326]
[504,90,220356,221294]
[505,191,349617,349586]
[506,99,511552,510666]
[507,237,681033,680263]
[508,237,246383,244951]
[509,14,273840,273949]
[510,172,60091,61040]
[511,171,425419,424586]
[512,133,485195,484452]
[513,258,134421,134693]
[514,40,714042,715252]
[515,214,711489,712405]
[516,230,13703,14831]
[517,166,306453,306850]
[518,63,288893,287496]
[519,8,211196,211837]
[520,184,368962,369872]
[521,81,415240,414990]
[522,71,696069,695088]
[523,100,351733,351848]
[524,278,35703,36336]
[525,246,312512,313494]
[526,44,81630,81797]
[527,56,89986,91467]
[528,179,234454,233799]
[529,9,627343,626517]
[530,177,83279,81909]
[531,118,85226,85301]
[532,166,406250,406969]
[533,136,86276,87483]
[534,149,154014,153721]
[535,232,433437,434204]
[536,271,475055,474334]
[537,182,48755,48969]
[538,62,450581,451852]
[539,18,294823,295655]
[540,235,271103,270603]
[541,18,271402,272304]
[542,113,631930,630682]
[543,71,701868,701429]
[544,127,464899,463883]
[545,145,283395,283284]
[546,60,328071,328599]
[547,206,27829,29137]
[548,252,520752,521803]
[549,170,209938,210672]
[550,222,525499,525623]
[551,62,97905,98485]
[552,88,135305,136273]
[553,32,182966,184366]
[554,33,290313,290184]
[555,189,436254,435288]
[556,5,501894,501792]
[557,60,367709,368620]
[558,268,199502,200144]
[559,166,420140,420983]
[560,136,104607,106063]
[561,209,510146,509926]
[562,230,414044,415531]
[563,222,18574,19087]
[564,26,272090,272375]
[565,260,645819,645918]
[566,256,339377,339409]
[567,207,6513,5661]
[568,184,373232,374564]
[569,194,220492,220577]
[570,2,690397,690497]
[571,162,298844,300004]
[572,73,353678,353082]
[573,186,217481,218456]
[574,153,634267,632925]
[575,131,8360,7884]
[576,71,148136,147754]
[577,251,94756,94454]
[578,244,319288,320471]
[579,150,430453,430749]
[580,135,637241,635831]
[581,142,20119,20458]
[582,217,454851,454668]
[583,253,151503,151351]
[584,194,510419,511749]
[585,239,523122,522176]
[586,218,276935,277021]
[587,0,255752,256710]
[588,172,395845,397273]
[589,272,338125,339524]
[590,260,611360,612279]
[591,120,429239,429706]
[592,213,491343,490738]
[593,271,556934,556901]
[594,266,635588,636596]
[595,47,611046,610618]
[596,215,12085,10768]
[597,274,583675,585040]
[598,39,250229,248928]
[599,0,705597,705980]
[600,17,292069,290691]
[601,57,710575,709988]
[602,178,666497,667434]
[603,66,592416,592887]
[604,207,475784,474974]
[605,174,234422,235490]
[606,177,717938,717162]
[607,32,539038,540476]
[608,17,338239,338119]
[609,186,728299,729039]
[610,215,191952,191773]
[611,145,117807,116712]
[612,74,387861,388247]
[613,142,464293,465106]
[614,156,172829,173711]
[615,63,154740,154585]
[616,4,653644,654597]
[617,207,484048,483995]
[618,208,59870,60579]
[619,69,25402,25356]
[620,166,539087,540258]
[621,265,396012,394761]
[622,162,268287,268431]
[623,129,634040,633749]
[624,17,80787,80229]
[625,243,175301,174487]
[626,182,275926,276461]
[627,55,469090,468559]
[628,214,328434,329392]
[629,199,206457,206105]
[630,218,260122,260517]
[631,118,392477,393212]
[632,171,500502,499510]
[633,219,713303,712475]
[634,178,708631,708991]
[635,37,243980,243685]
[636,90,694418,695721]
[637,122,689724,690376]
[638,19,512082,511765]
[639,253,188317,187952]
[640,143,559537,559091]
[641,36,547128,548521]
[642,57,117588,116905]
[643,191,577537,576839]
[644,69,474722,473650]
[645,261,226105,225744]
[646,221,40667,40081]
[647,83,566134,564686]
[648,225,568541,567333]
[649,197,301437,300052]
[650,13,333167,332913]
[651,140,184086,184290]
[652,209,52450,52390]
[653,12,652719,653709]
[654,130,610995,611298]
[655,261,683226,682357]
[656,194,678406,679638]
[657,131,508368,507022]
[658,256,197178,197364]
[659,193,75942,75452]
[660,39,196578,195195]
[661,82,542933,543258]
[662,102,489416,489693]
[663,107,523310,523265]
[664,65,675031,674366]
[665,162,574450,575707]
[666,11,135032,134770]
[667,169,636496,635466]
[668,201,69977,68749]
[669,58,694862,695296]
[670,276,673282,673602]
[671,125,636399,635942]
[672,16,130328,131607]
[673,90,670441,670726]
[674,99,173426,172753]
[675,114,670297,671421]
[676,146,542770,543403]
[677,106,270798,271905]
[678,49,378548,377532]
[679,217,657052,656472]
[680,211,219970,219173]
[681,77,492371,490931]
[682,14,635639,636760]
[683,164,597997,598353]
[684,1,362992,362275]
[685,225,205540,204854]
[686,33,675809,675390]
[687,144,205208,206201]
[688,63,694722,693437]
[689,254,18877,19063]
[690,225,536092,534734]
[691,60,166099,167155]
[692,272,38890,40375]
[693,1,707112,706522]
[694,192,492605,493885]
[695,47,8390,6988]
[696,144,339600,339959]
[697,97,245318,244482]
[698,180,493524,493614]
[699,33,187179,185854]
[700,87,538327,537110]
[701,99,158556,157088]
[702,34,582027,582834]
[703,197,673775,673209]
[704,171,156907,156272]
[705,240,337517,338785]
[706,32,728535,729652]
[707,219,105691,104544]
[708,184,477706,478674]
[709,224,234318,235361]
[710,27,598459,597239]
[711,203,643952,643113]
[712,42,698269,699643]
[713,42,375482,376343]
[714,236,611516,611812]
[715,84,134092,134796]
[716,45,386043,385110]
[717,193,185948,185560]
[718,219,677127,676804]
[719,144,50841,51995]
[720,279,363975,363617]
[721,155,54952,53543]
[722,162,261632,262525]
[723,131,452009,450597]
[724,242,156220,157156]
[725,222,332608,332652]
[726,181,414565,413601]
[727,45,196769,196120]
[728,220,499362,499713]
[729,165,124255,124059]
[730,97,349130,348287]
[731,54,414488,415557]
[732,48,559135,559503]
[733,117,330549,330253]
[734,27,218817,218690]
[735,254,480153,480364]
[736,232,351650,352277]
[737,102,726144,726893]
[738,129,624710,624015]
[739,276,241036,242119]
[740,8,392468,393207]
[741,155,171207,170294]
[742,127,547902,547691]
[743,96,679367,679820]
[744,55,522426,521493]
[745,118,199623,199815]
[746,249,179281,179095]
[747,152,40717,41852]
[748,269,440481,440340]
[749,121,242070,241664]
[750,7,269130,268077]
[751,211,46777,45581]
[752,155,30297,29157]
[753,3,279299,278544]
[754,195,453607,452801]
[755,47,526742,526542]
[756,122,243766,245197]
[757,219,187090,185834]
[758,136,552849,553351]
[759,167,475305,473901]
[760,229,488174,487046]
[761,171,274730,274510]
[762,257,383460,382210]
[763,225,238989,238919]
[764,49,400133,399193]
[765,234,579361,579741]
[766,14,396012,396785]
[767,149,650197,649310]
[768,76,684217,684933]
[769,239,96098,95484]
[770,79,410797,410446]
[771,57,440033,439359]
[772,37,352880,351945]
[773,166,546447,546931]
[774,96,309808,311267]
[775,136,720226,721676]
[776,215,2042,1339]
[777,222,196329,196759]
[778,38,691680,692489]
[779,196,485679,485915]
[780,12,20040,20784]
[781,189,336896,336766]
[782,85,195215,194246]
[783,102,486173,487614]
[784,192,57577,58203]
[785,188,80914,81692]
[786,204,45363,45712]
[787,226,723405,723457]
[788,254,161555,161698]
[789,255,402906,402683]
[790,78,517267,517308]
[791,235,7473,7039]
[792,7,311506,310350]
[793,229,119593,119320]
[794,223,194994,194475]
[795,47,272368,271921]
[796,149,546807,545551]
[797,134,670144,671458]
[798,28,710233,711503]
[799,38,28243,29018]
[800,261,408852,407513]
[801,38,184923,186119]
[802,80,360650,361467]
[803,176,241278,241768]
[804,186,229638,230466]
[805,156,699880,700884]
[806,47,419558,418227]
[807,266,173335,174763]
[808,62,70668,71339]
[809,185,166359,166170]
[810,208,211190,211810]
[811,233,457895,457612]
[812,76,51666,53059]
[813,169,130267,129728]
[814,214,168073,169272]
[815,99,159223,158309]
[816,168,421999,423125]
[817,75,439837,439132]
[818,203,704489,704141]
[819,264,349225,350089]
[820,119,607078,605905]
[821,42,271688,272546]
[822,10,647543,648408]
[823,92,705198,705428]
[824,135,571656,571268]
[825,60,369031,369245]
[826,104,729902,730150]
[827,215,517373,517060]
[828,126,254447,254998]
[829,124,8028,8195]
[830,255,637941,636999]
[831,69,642573,641526]
[832,150,285015,286459]
[833,99,545931,545448]
[834,230,477768,477930]
[835,234,125316,125662]
[836,39,222665,221686]
[837,134,424652,425210]
[838,68,274559,274781]
[839,59,103883,102893]
[840,101,482082,481320]
[841,32,557808,558478]
[842,277,318359,317789]
[843,91,426350,425665]
[844,4,144817,145082]
[845,241,545976,545709]
[846,140,140450,141841]
[847,101,22053,21496]
[848,192,493361,494668]
[849,181,710712,710506]
[850,80,181541,181679]
[851,30,349508,350819]
[852,251,365776,364629]
[853,16,45393,46830]
[854,149,112876,112045]
[855,46,72136,72481]
[856,212,70897,71362]
[857,258,95650,96182]
[858,214,690279,690637]
[859,80,311693,311801]
[860,82,512246,512844]
[861,46,167964,168899]
[862,138,311328,312713]
[863,69,439010,437862]
[864,201,290287,289144]
[865,215,319806,318350]
[866,150,538362,539200]
[867,151,217547,216471]
[868,4,409279,409943]
[869,114,522846,523848]
[870,236,16956,17031]
[871,48,285289,286178]
[872,197,432146,430864]
[873,219,334258,332920]
[874,185,288515,287900]
[875,35,485043,483959]
[876,156,46337,47384]
[877,40,59494,59931]
[878,237,530496,529370]
[879,13,565583,565083]
[880,109,89141,88896]
[881,276,364140,365490]
[882,252,92093,92623]
[883,189,709709,708837]
[884,182,616675,617209]
[885,250,80573,81514]
[886,262,136353,137581]
[887,96,522117,522167]
[888,185,443071,442254]
[889,193,34602,34467]
[890,1,259552,259143]
[891,135,19762,18973]
[892,149,323117,322413]
[893,120,97582,98144]
[894,272,401600,402236]
[895,109,428389,428225]
[896,146,657638,658473]
[897,240,468638,469331]
[898,166,654098,654508]
[899,256,706633,707994]
[900,180,558857,560209]
[901,244,724393,724429]
[902,44,529225,530496]
[903,105,201993,200792]
[904,51,672850,671866]
[905,130,489785,491213]
[906,190,633570,633852]
[907,47,276965,276360]
[908,142,232067,233132]
[909,97,368959,368598]
[910,260,448176,448866]
[911,59,276048,275621]
[912,224,616869,617206]
[913,109,392949,392495]
[914,218,87055,87583]
[915,211,608520,607894]
[916,79,116551,116225]
[917,237,187064,185716]
[918,85,114391,113502]
[919,72,216216,217245]
[920,169,4322,3458]
[921,224,420031,420462]
[922,161,156944,156265]
[923,5,28063,27215]
[924,36,568331,568985]
[925,196,659559,661047]
[926,30,636930,638316]
[927,44,148331,149377]
[928,140,264057,265359]
[929,126,64915,65567]
[930,250,454579,455142]
[931,278,328918,329127]
[932,66,419518,419792]
[933,26,624297,624877]
[934,109,85813,85641]
[935,102,362618,363973]
[936,254,493966,495086]
[937,32,299649,300842]
[938,185,275306,274044]
[939,267,153407,152927]
[940,54,664847,666337]
[941,101,501907,501159]
[942,40,174659,174965]
[943,112,324986,325335]
[944,67,14961,14800]
[945,0,674844,676275]
[946,205,247688,247076]
[947,9,204389,203313]
[948,234,29606,30967]
[949,87,723418,723272]
[950,258,538931,540373]
[951,195,642122,641633]
[952,265,500746,499824]
[953,176,23815,24005]
[954,274,569064,569325]
[955,6,36529,37768]
[956,143,235465,234653]
[957,226,582783,584192]
[958,16,252085,253101]
[959,127,716618,716049]
[960,152,331773,332744]
[961,195,575991,574767]
[962,167,412615,411156]
[963,112,273770,274914]
[964,219,556445,556317]
[965,50,593212,593776]
[966,125,585471,584103]
[967,263,593898,593784]
[968,142,510463,511240]
[969,60,403615,404537]
[970,154,463504,463607]
[971,201,177092,176582]
[972,150,100298,100426]
[973,97,137506,137100]
[974,16,145411,146443]
[975,130,437510,438314]
[976,221,167992,166791]
[977,126,88031,89190]
[978,209,4813,3794]
[979,85,283854,283654]
[980,15,78609,77185]
[981,243,672964,672603]
[982,96,7403,8468]
[983,14,271584,273049]
[984,174,599688,600815]
[985,184,54105,55309]
[986,107,168864,167530]
[987,143,270105,269610]
[988,11,637837,636948]
[989,25,710674,709389]
[990,272,23197,23387]
[991,175,235397,234377]
[992,63,188154,186957]
[993,172,181813,182017]
[994,52,548625,549897]
[995,215,585399,584756]
[996,236,716091,716605]
[997,42,85427,86027]
[998,202,202013,203204]
[999,179,382558,381746]
[1000,146,657654,658106]
[1001,37,391359,389992]
[1002,137,607968,607304]
[1003,146,122342,123264]
[1004,177,192150,190731]
[1005,228,185237,186547]
[1006,65,404019,403699]
[1007,208,506584,507129]
[1008,101,76098,75323]
[1009,231,216425,216007]
[1010,244,224254,225514]
[1011,262,5652,5972]
[1012,279,459144,457990]
[1013,145,717818,717601]
[1014,128,14868,15312]
[1015,49,651818,650844]
[1016,121,317819,316599]
[1017,219,352387,351781]
[1018,227,122917,122201]
[1019,116,332031,332421]
[1020,224,211870,212039]
[1021,164,313397,314860]
[1022,53,509578,508207]
[1023,250,630829,631437]
[1024,5,235579,234591]
[1025,249,478129,477863]
[1026,4,413386,414145]
[1027,272,296737,297065]
[1028,61,34715,33855]
[1029,178,33380,33978]
[1030,207,399246,398012]
[1031,76,200387,200515]
[1032,145,538576,537386]
[1033,276,10579,12039]
[1034,91,138079,136969]
[1035,261,349974,349874]
[1036,264,230709,231104]
[1037,29,125818,124691]
[1038,215,643742,642783]
[1039,268,367077,368072]
[1040,76,158567,158819]
[1041,229,644410,643717]
[1042,69,343277,342994]
[1043,1,492268,490795]
[1044,189,645690,644359]
[1045,69,120367,119378]
[1046,84,43871,44580]
[1047,107,380746,380132]
[1048,92,303040,304512]
[1049,199,358760,357305]
[1050,113,677131,676460]
[1051,47,113284,111889]
[1052,184,192943,193293]
[1053,185,653191,652847]
[1054,92,158184,158556]
[1055,165,191787,190649]
[1056,138,343464,343720]
[1057,260,204610,206030]
[1058,254,89576,89807]
[1059,195,693627,693033]
[1060,67,175776,174724]
[1061,45,462708,462066]
[1062,100,307750,308520]
[1063,62,223325,223413]
[1064,112,432297,433271]
[1065,94,155590,155999]
[1066,7,41399,40361]
[1067,81,213435,213126]
[1068,80,619584,620908]
[1069,18,629923,630018]
[1070,57,393997,393596]
[1071,256,361415,362733]
[1072,147,267534,267414]
[1073,97,642360,641097]
[1074,82,120879,121536]
[1075,214,487910,487993]
[1076,219,228230,227933]
[1077,199,615881,614705]
[1078,218,542231,542792]
[1079,90,715458,716382]
[1080,238,352513,352989]
[1081,190,716728,717609]
[1082,230,13468,14919]
[1083,202,150072,151130]
[1084,115,642431,642392]
[1085,166,647889,649029]
[1086,105,45994,45949]
[1087,17,441048,440197]
[1088,178,632097,633233]
[1089,262,470367,471097]
[1090,67,360590,360025]
[1091,112,260145,260177]
[1092,112,365980,366886]
[1093,163,392899,392105]
[1094,32,8493,9602]
[1095,154,167010,168145]
[1096,12,259645,260854]
[1097,131,622744,622220]
[1098,58,656299,656390]
[1099,51,632540,632217]
[1100,157,506616,506334]
[1101,254,77055,78522]
[1102,160,504015,505026]
[1103,42,729883,730960]
[1104,2,84788,86189]
[1105,217,662082,660849]
[1106,242,713425,714190]
[1107,255,218015,216937]
[1108,105,693633,692440]
[1109,177,361511,361391]
[1110,87,227008,226292]
[1111,233,238760,237504]
[1112,6,177149,177596]
[1113,23,411764,411689]
[1114,161,104406,103485]
[1115,181,224081,224044]
[1116,204,335639,335860]
[1117,29,570547,569951]
[1118,228,316731,317513]
[1119,5,261863,260376]
[1120,217,33703,33250]
[1121,64,561039,561082]
[1122,206,52761,52902]
[1123,74,463443,463560]
[1124,269,396095,396065]
[1125,89,87644,86301]
[1126,156,274788,276189]
[1127,85,563610,562550]
[1128,235,150411,149629]
[1129,194,99822,100943]
[1130,224,316177,316859]
[1131,251,252270,252096]
[1132,134,146010,146420]
[1133,261,217785,216666]
[1134,104,344362,345632]
[1135,184,15472,15717]
[1136,95,717093,716076]
[1137,14,392778,393695]
[1138,132,116347,116470]
[1139,228,670409,670942]
[1140,109,571977,571094]
[1141,229,474278,472886]
[1142,120,540532,541266]
[1143,139,77192,77050]
[1144,195,254864,253514]
[1145,87,633814,632849]
[1146,51,549140,548699]
[1147,174,71482,72945]
[1148,138,166048,167133]
[1149,181,69809,69343]
[1150,54,434481,435367]
[1151,232,566163,567614]
[1152,150,62067,62526]
[1153,180,405070,405784]
[1154,158,254877,256182]
[1155,234,46685,47757]
[1156,241,246779,246070]
[1157,82,160071,161517]
[1158,133,107639,107319]
[1159,169,578148,577533]
[1160,114,8782,10232]
[1161,37,105273,104207]
[1162,222,224901,225951]
[1163,126,640247,641361]
[1164,104,227876,228322]
[1165,70,433406,434767]
[1166,189,576927,576528]
[1167,265,263841,262972]
[1168,176,705942,706452]
[1169,27,152808,151751]
[1170,97,414602,413470]
[1171,236,603063,603236]
[1172,15,62326,61449]
[1173,29,100927,100093]
[1174,9,685363,684203]
[1175,209,248421,247819]
[1176,126,283135,283272]
[1177,186,640141,640977]
[1178,19,494703,494374]
[1179,193,303104,303069]
[1180,153,619038,618980]
[1181,221,656001,655597]
[1182,233,411444,411237]
[1183,66,213461,213556]
[1184,263,59354,58624]
[1185,25,457395,457219]
[1186,144,647897,649384]
[1187,43,168939,168102]
[1188,163,4886,4268]
[1189,81,668194,667166]
[1190,237,309090,308876]
[1191,106,617837,618248]
[1192,137,103047,102494]
[1193,4,342857,343607]
[1194,213,205797,204903]
[1195,218,107704,108904]
[1196,90,337601,338170]
[1197,256,675974,676015]
[1198,37,143406,142363]
[1199,214,466531,467847]
[1200,49,659797,658348]
[1201,191,326318,325982]
[1202,163,255768,254816]
[1203,168,25936,27327]
[1204,52,109076,110141]
[1205,70,374870,375129]
[1206,178,322761,323995]
[1207,99,717942,716681]
[1208,54,456554,457908]
[1209,137,437834,436841]
[1210,227,494608,494145]
[1211,13,84640,83314]
[1212,161,221971,220766]
[1213,186,597182,598209]
[1214,265,723525,722879]
[1215,151,548038,547728]
[1216,28,552926,553021]
[1217,170,317567,318822]
[1218,30,533726,534735]
[1219,186,83885,85078]
[1220,244,442569,443637]
[1221,3,719589,719323]
[1222,275,344789,344685]
[1223,88,678858,680330]
[1224,185,493673,493339]
[1225,231,189950,189393]
[1226,253,707538,706500]
[1227,232,380790,381465]
[1228,158,495689,495808]
[1229,277,70029,69276]
[1230,121,305912,304691]
[1231,102,690426,691698]
[1232,96,707622,708594]
[1233,107,644197,643356]
[1234,242,584821,585951]
[1235,50,11769,11840]
[1236,256,558759,559496]
[1237,122,63511,64146]
[1238,52,598024,598112]
[1239,253,264834,264359]
[1240,132,344193,345314]
[1241,56,64857,65400]
[1242,62,618212,619107]
[1243,110,577718,578183]
[1244,41,313958,312510]
[1245,276,335969,337294]
[1246,89,558754,558430]
[1247,2,554819,556105]
[1248,235,10310,9107]
[1249,148,276667,277761]
[1250,279,336737,335439]
[1251,27,536421,536025]
[1252,121,491223,490530]
[1253,241,60676,60236]
[1254,136,136303,136939]
[1255,1,546992,545586]
[1256,109,607528,606485]
[1257,205,88097,86703]
[1258,206,350159,351181]
[1259,98,70871,71051]
[1260,32,70415,70535]
[1261,195,695502,694958]
[1262,128,532200,532833]
[1263,122,155398,156005]
[1264,210,3746,4075]
[1265,81,303674,303590]
[1266,6,482360,482414]
[1267,16,309897,310252]
[1268,29,572079,570618]
[1269,26,327261,327821]
[1270,244,461490,462768]
[1271,199,199932,198987]
[1272,242,594394,594818]
[1273,77,218165,217018]
[1274,154,546442,546954]
[1275,47,391935,391161]
[1276,179,656528,656372]
[1277,64,572176,572376]
[1278,38,72636,73895]
[1279,117,91122,90814]
[1280,96,89711,90719]
[1281,100,525796,527024]
[1282,277,162139,161106]
[1283,92,602549,603340]
[1284,79,87335,87233]
[1285,4,623750,624792]
[1286,9,400077,399683]
[1287,99,623745,622583]
[1288,112,324598,325368]
[1289,36,483800,484020]
[1290,218,465804,467061]
[1291,169,505839,505803]
[1292,110,459521,460854]
[1293,205,596299,595606]
[1294,252,558045,558195]
[1295,206,298572,299503]
[1296,248,280973,281575]
[1297,84,350218,350641]
[1298,178,622638,623123]
[1299,226,666457,666520]
[1300,247,111351,110337]
[1301,225,118885,117556]
[1302,213,39181,37699]
[1303,103,154283,153878]
[1304,226,686035,687360]
[1305,272,513241,513398]
[1306,31,80145,78765]
[1307,53,40548,39326]
[1308,219,33159,32524]
[1309,99,672057,671169]
[1310,97,68811,67598]
[1311,111,538460,538273]
[1312,80,689046,690534]
[1313,156,577772,578018]
[1314,247,201838,201404]
[1315,143,87434,86231]
[1316,150,367678,368442]
[1317,159,62568,61214]
[1318,40,667269,667643]
[1319,167,463981,462615]
[1320,234,112636,113643]
[1321,0,584636,585981]
[1322,48,278136,278641]
[1323,156,211605,212623]
[1324,95,288583,288523]
[1325,154,531713,533000]
[1326,6,100084,101328]
[1327,145,697742,696515]
[1328,183,208990,207601]
[1329,77,527537,526977]
[1330,159,518644,518470]
[1331,65,665565,664836]
[1332,31,623086,622551]
[1333,196,277402,278044]
[1334,56,100851,101979]
[1335,138,729749,730447]
[1336,132,473561,474931]
[1337,149,15921,14944]
[1338,190,251054,251255]
[1339,257,585163,584621]
[1340,262,255791,255857]
[1341,198,195622,196430]
[1342,179,143845,143105]
[1343,43,17993,16886]
[1344,94,461138,462376]
[1345,44,352999,353202]
[1346,255,593158,591996]
[1347,115,321821,320483]
[1348,221,677283,676556]
[1349,153,348563,347523]
[1350,146,63140,63771]
[1351,99,426601,426141]
[1352,194,499921,501253]
[1353,120,249895,251100]
[1354,153,706900,706313]
[1355,76,166621,167951]
[1356,70,257170,257350]
[1357,114,200365,201843]
[1358,236,246588,247491]
[1359,96,611491,612659]
[1360,29,638223,637998]
[1361,151,644554,644054]
[1362,127,215285,214423]
[1363,252,378743,379660]
[1364,36,409681,409928]
[1365,229,317897,316760]
[1366,156,642644,643527]
[1367,183,517811,516512]
[1368,264,52402,53672]
[1369,247,482224,481355]
[1370,134,276193,277312]
[1371,211,71509,70804]
[1372,160,365359,365841]
[1373,242,421787,422960]
[1374,257,635469,634844]
[1375,102,420198,420902]
[1376,40,649783,650590]
[1377,152,217189,218682]
[1378,210,630655,630891]
[1379,68,146100,146920]
[1380,2,559367,560594]
[1381,143,567335,566170]
[1382,150,295280,295335]
[1383,153,484500,483848]
[1384,196,489178,490392]
[1385,15,351115,349708]
[1386,163,408331,407259]
[1387,133,35296,34519]
[1388,211,292452,292350]
[1389,144,315129,316432]
[1390,85,59714,58650]
[1391,31,479844,479322]
[1392,83,588600,587209]
[1393,86,504973,505676]
[1394,87,316193,316067]
[1395,217,506447,505571]
[1396,92,132020,132939]
[1397,240,5341,5862]
[1398,15,46005,45553]
[1399,92,113231,113299]
[1400,106,361211,362277]
[1401,254,549670,550339]
[1402,137,393662,392622]
[1403,37,711802,711199]
[1404,42,144996,145965]
[1405,246,694431,694654]
[1406,180,502898,503955]
[1407,249,403322,401954]
[1408,69,191620,190826]
[1409,117,455992,455284]
[1410,60,294848,295514]
[1411,166,505214,505277]
[1412,90,549423,549510]
[1413,206,41509,41817]
[1414,230,362144,362917]
[1415,165,281164,280066]
[1416,164,33984,34566]
[1417,28,582833,584263]
[1418,143,264717,263661]
[1419,172,43221,44127]
[1420,163,334336,333649]
[1421,86,185971,187446]
[1422,198,33057,33833]
[1423,209,368212,367754]
[1424,179,99922,99257]
[1425,65,538065,537680]
[1426,57,6821,6350]
[1427,55,487589,486962]
[1428,77,167191,166104]
[1429,20,161628,162915]
[1430,175,84077,83476]
[1431,160,101898,102434]
[1432,6,624395,625574]
[1433,117,103528,102565]
[1434,219,52101,51710]
[1435,241,415433,414108]
[1436,222,43584,43762]
[1437,171,32043,30682]
[1438,90,660356,661403]
[1439,19,76233,76005]
[1440,102,519216,519784]
[1441,28,217865,218852]
[1442,87,263897,262879]
[1443,173,327219,327110]
[1444,171,170617,169358]
[1445,214,678022,679247]
[1446,207,518347,517352]
[1447,275,208029,207353]
[1448,85,514002,513168]
[1449,218,194541,195091]
[1450,50,446371,446985]
[1451,8,390261,390710]
[1452,40,44659,45238]
[1453,119,342303,341016]
[1454,77,268030,267577]
[1455,223,122649,122129]
[1456,245,130746,129306]
[1457,155,46129,45498]
[1458,238,240825,241007]
[1459,182,417264,418543]
[1460,256,365363,365968]
[1461,231,330718,329231]
[1462,184,138834,139263]
[1463,80,217605,218013]
[1464,219,333125,331996]
[1465,45,347446,346533]
[1466,263,59977,59641]
[1467,7,266000,265427]
[1468,60,508615,509788]
[1469,272,477418,478033]
[1470,29,313845,313557]
[1471,54,377002,378000]
[1472,65,259154,259096]
[1473,273,62989,61661]
[1474,184,203438,203567]
[1475,68,252791,253533]
[1476,27,593865,592702]
[1477,16,118588,119857]
[1478,244,305487,306715]
[1479,119,229669,228903]
[1480,39,370399,370122]
[1481,81,31125,30095]
[1482,185,499078,497963]
[1483,279,573369,571912]
[1484,273,535561,535422]
[1485,220,1464,2320]
[1486,200,83441,83711]
[1487,114,384244,384535]
[1488,118,655916,656420]
[1489,162,551212,551975]
[1490,11,258610,258563]
[1491,107,557360,556651]
[1492,143,209481,208573]
[1493,205,717523,717240]
[1494,114,111246,112407]
[1495,150,162555,164050]
[1496,208,691905,692817]
[1497,279,324737,323547]
[1498,96,286856,286979]
[1499,158,474468,475938]
[1500,210,133712,134872]
[1501,43,618584,617117]
[1502,110,88885,89631]
[1503,37,664722,664555]
[1504,105,78920,78509]
[1505,196,677244,678551]
[1506,95,316278,315153]
[1507,10,668298,669072]
[1508,103,385085,384214]
[1509,8,327558,327607]
[1510,262,613355,613849]
[1511,246,126780,127710]
[1512,20,292019,292522]
[1513,206,689689,690891]
[1514,236,47740,48951]
[1515,151,146196,144885]
[1516,123,127324,126948]
[1517,142,327652,328256]
[1518,213,241882,240555]
[1519,257,55470,54167]
[1520,205,185958,185750]
[1521,32,590143,590738]
[1522,44,199682,200302]
[1523,85,373734,373168]
[1524,160,319371,320694]
[1525,188,671097,672498]
[1526,201,63309,62069]
[1527,118,565607,566403]
[1528,257,536664,535507]
[1529,80,409486,410559]
[1530,123,281294,281242]
[1531,155,66730,66558]
[1532,88,566161,567364]
[1533,242,97999,98573]
[1534,167,237682,237099]
[1535,235,632542,631944]
[1536,62,587228,587470]
[1537,228,271240,271635]
[1538,112,360709,361547]
[1539,275,111194,110883]
[1540,177,25054,24644]
[1541,124,16854,18308]
[1542,261,110184,109691]
[1543,64,112769,113859]
[1544,90,366362,367714]
[1545,44,576622,577652]
[1546,101,154463,153164]
[1547,124,673853,674427]
[1548,181,704676,703520]
[1549,11,307980,307943]
[1550,116,512417,512570]
[1551,65,349604,348488]
[1552,229,206623,206491]
[1553,152,32303,33357]
[1554,140,136530,137158]
[1555,200,265077,265939]
[1556,125,655497,655374]
[1557,217,111159,110548]
[1558,161,725079,724457]
[1559,95,61051,59970]
[1560,20,454762,455741]
[1561,196,202786,203426]
[1562,170,23587,24551]
[1563,240,98189,98276]
[1564,168,553819,554976]
[1565,197,472761,472193]
[1566,133,489320,489075]
[1567,42,442228,443086]
[1568,119,135286,133925]
[1569,206,725763,727206]
[1570,159,402188,401150]
[1571,46,107961,108935]
[1572,266,39690,40469]
[1573,248,374433,375858]
[1574,210,349814,350998]
[1575,45,233880,233825]
[1576,53,483210,482271]
[1577,144,550071,550852]
[1578,31,629237,628806]
[1579,139,597091,596282]
[1580,275,498091,498001]
[1581,137,612536,611823]
[1582,266,650231,650498]
[1583,103,723245,722879]
[1584,40,213607,214463]
[1585,87,251787,250597]
[1586,55,671192,670203]
[1587,123,458404,458119]
[1588,222,582798,583710]
[1589,9,414328,414183]
[1590,72,287766,288369]
[1591,249,449887,448900]
[1592,237,566193,564732]
[1593,261,624402,623045]
[1594,199,247383,246698]
[1595,62,433482,433547]
[1596,27,159052,158860]
[1597,253,682532,681887]
[1598,258,199031,199905]
[1599,212,91182,91887]
[1600,91,536612,535885]
[1601,117,566434,565705]
[1602,120,74419,74560]
[1603,216,431329,431914]
[1604,116,527140,528271]
[1605,31,30383,28923]
[1606,178,315493,315580]
[1607,144,416326,417453]
[1608,171,310983,309685]
[1609,28,36608,37024]
[1610,273,675644,674996]
[1611,96,34698,35222]
[1612,117,447183,446151]
[1613,218,550965,552344]
[1614,126,523482,523554]
[1615,207,626266,625297]
[1616,86,545912,546099]
[1617,276,728903,729407]
[1618,181,196676,195221]
[1619,236,201204,201544]
[1620,92,436957,437369]
[1621,54,664212,664960]
[1622,109,254919,253734]
[1623,270,107546,107594]
[1624,17,594560,593398]
[1625,100,19174,19295]
[1626,114,186670,187255]
[1627,85,596616,595730]
[1628,151,245594,244775]
[1629,211,286783,286066]
[1630,229,594872,594024]
[1631,238,635317,636728]
[1632,102,524435,524820]
[1633,193,416862,415364]
[1634,38,60224,60322]
[1635,5,306558,306129]
[1636,100,606739,607567]
[1637,42,617364,617705]
[1638,77,690751,690252]
[1639,143,592896,591510]
[1640,203,223208,221752]
[1641,251,395038,394973]
[1642,163,8296,7399]
[1643,17,365262,364627]
[1644,249,548148,547500]
[1645,243,30025,28767]
[1646,207,531060,530436]
[1647,236,603081,604194]
[1648,232,428512,429930]
[1649,194,182814,183228]
[1650,121,470959,470055]
[1651,257,150192,149647]
[1652,233,642629,641951]
[1653,8,26087,26700]
[1654,95,585502,585159]
[1655,158,407,1354]
[1656,173,49941,48443]
[1657,44,132447,133697]
[1658,83,567986,567529]
[1659,174,150974,151143]
[1660,243,265626,264496]
[1661,252,413964,415450]
[1662,28,122131,122269]
[1663,78,434927,435608]
[1664,191,439418,437972]
[1665,136,442401,443624]
[1666,35,125934,125517]
[1667,272,595255,596113]
[1668,9,436625,435576]
[1669,112,155996,157070]
[1670,260,604507,605149]
[1671,128,76349,77677]
[1672,30,701399,702015]
[1673,206,380455,380523]
[1674,136,236669,237737]
[1675,274,249519,250211]
[1676,236,101027,101242]
[1677,254,547621,547817]
[1678,266,190462,191611]
[1679,47,550315,549921]
[1680,219,544618,543359]
[1681,201,423250,422307]
[1682,3,496188,495765]
[1683,244,295457,296426]
[1684,203,669812,669480]
[1685,56,334891,335293]
[1686,82,226569,226912]
[1687,90,53589,53757]
[1688,2,492498,493108]
[1689,116,264606,265880]
[1690,221,615852,614774]
[1691,257,248954,247937]
[1692,202,551641,552558]
[1693,204,119183,120434]
[1694,77,690147,689241]
[1695,194,173718,173871]
[1696,43,382830,382406]
[1697,126,601290,601856]
[1698,46,40231,41013]
[1699,76,61418,62086]
[1700,172,333112,333743]
[1701,90,468688,469153]
[1702,209,65235,64455]
[1703,54,454970,455970]
[1704,183,86510,85501]
[1705,264,3729,5130]
[1706,108,693659,694145]
[1707,30,331105,332322]
[1708,43,496832,495487]
[1709,27,442293,441537]
[1710,155,679564,679437]
[1711,246,492558,493224]
[1712,252,430509,431665]
[1713,130,387099,388436]
[1714,199,359177,358705]
[1715,128,223342,224493]
[1716,62,477787,478122]
[1717,3,256479,255382]
[1718,262,550853,551547]
[1719,1,155858,154470]
[1720,263,151302,150658]
[1721,146,63125,63691]
[1722,241,28466,27229]
[1723,274,89989,91226]
[1724,39,344430,343579]
[1725,254,166348,167132]
[1726,47,359077,357692]
[1727,36,378253,379471]
[1728,139,585665,585317]
[1729,202,457480,458921]
[1730,158,196,824]
[1731,19,604277,603597]
[1732,271,327266,326884]
[1733,253,707755,707103]
[1734,89,371275,370502]
[1735,78,324366,325789]
[1736,214,438211,439303]
[1737,119,260212,258834]
[1738,201,710802,709869]
[1739,130,577927,578436]
[1740,191,418194,416820]
[1741,136,327476,328263]
[1742,110,497832,497885]
[1743,211,614804,614170]
[1744,135,552775,551849]
[1745,276,64058,65333]
[1746,80,200073,200211]
[1747,118,656819,657008]
[1748,35,21200,19787]
[1749,42,210939,211159]
[1750,77,59419,59095]
[1751,148,509318,510132]
[1752,144,616292,617092]
[1753,163,475391,475143]
[1754,195,558350,557532]
[1755,164,112627,113964]
[1756,133,453663,453483]
[1757,9,352066,350775]
[1758,174,502616,503902]
[1759,38,83097,84007]
[1760,115,548532,547035]
[1761,79,31162,29739]
[1762,220,74552,75180]
[1763,266,616083,617515]
[1764,79,76587,75471]
[1765,235,243745,242460]
[1766,102,368309,369783]
[1767,165,203353,202949]
[1768,166,232727,233273]
[1769,10,396051,396116]
[1770,86,491062,491862]
[1771,219,495127,494277]
[1772,78,716696,717063]
[1773,183,657576,656611]
[1774,200,371206,372376]
[1775,203,530033,529304]
[1776,70,703778,705138]
[1777,158,409337,410220]
[1778,42,205011,205121]
[1779,52,344714,345366]
[1780,80,419359,419694]
[1781,155,146728,145731]
[1782,160,102103,102734]
[1783,104,539713,540487]
[1784,35,456409,455414]
[1785,261,256403,255748]
[1786,124,15270,16094]
[1787,8,719794,719928]
[1788,270,120652,122035]
[1789,196,364797,365213]
[1790,247,433339,432401]
[1791,160,67192,68346]
[1792,150,68760,69824]
[1793,251,566138,565648]
[1794,45,687145,687114]
[1795,249,331968,331799]
[1796,19,371361,370156]
[1797,229,630199,630160]
[1798,39,473921,472590]
[1799,119,174004,173411]
[1800,226,350973,351327]
[1801,206,724950,726396]
[1802,262,437822,438578]
[1803,167,567023,565947]
[1804,64,142828,143822]
[1805,63,25146,24515]
[1806,14,617720,618114]
[1807,112,253143,254635]
[1808,128,305907,306443]
[1809,152,389586,390778]
[1810,69,109131,108794]
[1811,43,259266,258939]
[1812,36,5615,7115]
[1813,168,556958,557861]
[1814,189,288663,287441]
[1815,117,109412,109276]
[1816,64,321154,321272]
[1817,142,401807,402963]
[1818,110,588212,588623]
[1819,268,670582,671410]
[1820,169,306730,305741]
[1821,273,46436,45256]
[1822,194,704497,705858]
[1823,109,554336,553984]
[1824,14,549995,551156]
[1825,108,5435,6759]
[1826,197,367066,366377]
[1827,231,323503,323034]
[1828,65,547126,546221]
[1829,98,371940,372583]
[1830,191,40334,40037]
[1831,190,491388,492016]
[1832,149,247720,246916]
[1833,104,579917,580963]
[1834,106,726318,727711]
[1835,153,241667,241204]
[1836,148,605360,605693]
[1837,254,497501,498079]
[1838,120,510734,511931]
[1839,89,118566,117451]
[1840,42,694630,695187]
[1841,25,619259,618583]
[1842,129,603554,603486]
[1843,255,267494,266847]
[1844,263,523767,523093]
[1845,203,20369,19116]
[1846,136,534072,535122]
[1847,230,616231,617334]
[1848,255,183611,182961]
[1849,82,555007,555690]
[1850,6,345995,346239]
[1851,5,536736,535491]
[1852,146,89996,91315]
[1853,115,325329,323963]
[1854,63,460623,460015]
[1855,253,97306,96128]
[1856,50,221456,222082]
[1857,142,388388,388623]
[1858,259,633285,633132]
[1859,101,590432,589914]
[1860,136,243043,243577]
[1861,66,20443,21277]
[1862,115,474279,473001]
[1863,143,580098,578825]
[1864,76,596344,596933]
[1865,145,121619,121495]
[1866,131,589890,589053]
[1867,197,704643,703281]
[1868,121,135841,134752]
[1869,192,98887,100187]
[1870,170,282668,282985]
[1871,54,184928,185185]
[1872,94,492951,493151]
[1873,116,662032,663514]
[1874,67,700347,699032]
[1875,211,698870,698573]
[1876,268,84476,84717]
[1877,243,357401,356300]
[1878,156,152486,152633]
[1879,147,524324,523898]
[1880,125,133644,132637]
[1881,236,442307,442460]
[1882,62,241860,243028]
[1883,148,266809,268080]
[1884,200,660501,661063]
[1885,7,375255,375184]
[1886,118,663359,663704]
[1887,127,396507,395059]
[1888,204,255415,256773]
[1889,26,240739,241009]
[1890,221,728808,727945]
[1891,190,629487,630780]
[1892,50,472251,473355]
[1893,199,167321,166827]
[1894,263,373261,373075]
[1895,257,361132,361090]
[1896,29,59257,58751]
[1897,32,689454,690636]
[1898,153,587679,586635]
[1899,1,33762,32476]
[1900,101,304497,303697]
