["head":"wrap","lpos","status"]
[200,331521,1]
["io count"]
[195]
["io":"id","wrap","startLpos","endLpos"]
[1,75,104441,103967]
[2,73,494464,493128]
[3,178,564291,564942]
[4,121,103135,102369]
[5,176,51426,52613]
[6,158,548106,548646]
[7,277,193946,192872]
[8,154,143253,143532]
[9,195,25148,23880]
[10,57,2836,2232]
[11,203,261835,260794]
[12,256,285874,286983]
[13,216,75889,76107]
[14,165,60342,58894]
[15,84,578825,579143]
[16,83,429005,427910]
[17,17,700634,700005]
[18,249,325284,324161]
[19,1,201892,200984]
[20,201,683115,681853]
[21,105,113822,113481]
[22,110,369774,371168]
[23,17,375376,373908]
[24,35,80801,80427]
[25,144,665952,667104]
[26,29,20819,20329]
[27,138,329510,330575]
[28,269,204610,204067]
[29,237,472249,470788]
[30,63,396788,395976]
[31,169,33795,33242]
[32,36,350147,350646]
[33,20,298137,298850]
[34,202,349652,351020]
[35,72,582401,583005]
[36,23,158726,157230]
[37,88,158081,158434]
[38,136,407017,407887]
[39,183,364381,363225]
[40,144,356908,357502]
[41,154,634155,635153]
[42,236,300991,302442]
[43,88,401995,402301]
[44,233,327661,326709]
[45,224,458046,458923]
[46,12,573582,574014]
[47,243,470070,469841]
[48,127,40825,39450]
[49,210,37821,37935]
[50,86,406351,407054]
[51,277,551538,550625]
[52,88,372997,374118]
[53,94,12714,13055]
[54,210,87199,88593]
[55,138,616020,617495]
[56,228,304830,305880]
[57,162,238501,239937]
[58,203,648703,647230]
[59,133,195321,194165]
[60,159,653390,652358]
[61,68,295736,295991]
[62,197,288101,286699]
[63,90,283253,283594]
[64,19,686939,686153]
[65,157,574436,573028]
[66,21,152958,152611]
[67,199,237426,236028]
[68,153,488697,488486]
[69,214,206278,207765]
[70,269,78870,78544]
[71,170,566884,567043]
[72,171,74714,74248]
[73,143,428886,427733]
[74,170,562757,563382]
[75,1,458171,457468]
[76,267,238756,238603]
[77,6,232615,233676]
[78,47,625807,624721]
[79,8,59396,60316]
[80,68,608863,609510]
[81,222,312494,312688]
[82,36,564806,565065]
[83,153,407855,406824]
[84,142,37351,38558]
[85,196,345719,346125]
[86,157,432776,432727]
[87,144,491276,491679]
[88,174,725855,727197]
[89,51,553022,551939]
[90,124,564842,566170]
[91,247,606147,604742]
[92,198,272119,273215]
[93,265,243736,242509]
[94,263,684441,683651]
[95,274,425027,426127]
[96,132,89152,89564]
[97,228,384152,384882]
[98,133,447075,446380]
[99,255,264924,264458]
[100,96,645752,646497]
[101,72,694126,694657]
[102,20,188161,188822]
[103,229,116931,116196]
[104,102,400612,402086]
[105,107,141939,140975]
[106,29,36536,35379]
[107,199,4121,3474]
[108,8,120676,121306]
[109,186,229138,229687]
[110,240,263393,263872]
[111,146,638471,639246]
[112,279,283392,282005]
[113,110,589675,590884]
[114,17,656889,656633]
[115,173,671308,669998]
[116,61,266669,265866]
[117,118,393837,395290]
[118,72,560788,561960]
[119,137,91654,90405]
[120,68,710614,711162]
[121,158,40473,41539]
[122,28,206014,207181]
[123,143,358716,357552]
[124,242,244842,245862]
[125,142,110897,111886]
[126,139,698518,697320]
[127,82,678919,680282]
[128,268,434004,434778]
[129,131,666216,665816]
[130,79,648213,648130]
[131,242,455216,455920]
[132,184,602832,603512]
[133,77,227864,227029]
[134,39,335670,335589]
[135,50,327943,328017]
[136,51,437524,436437]
[137,58,332294,333350]
[138,270,247866,248272]
[139,94,675758,676306]
[140,47,432423,431596]
[141,23,574905,574013]
[142,110,421940,423392]
[143,270,248829,250158]
[144,135,588671,588532]
[145,126,548128,548206]
[146,151,296912,296177]
[147,213,537201,537088]
[148,278,502469,503836]
[149,233,288747,287926]
[150,166,553357,553642]
[151,277,553803,553565]
[152,125,369047,368793]
[153,51,84372,84280]
[154,146,701777,702960]
[155,151,730021,728889]
[156,38,499439,500885]
[157,176,277764,278604]
[158,129,6894,6790]
[159,172,672883,674261]
[160,140,364966,365486]
[161,152,29524,29872]
[162,150,109701,110954]
[163,243,332050,331743]
[164,22,674559,675578]
[165,22,550513,551042]
[166,207,55595,55288]
[167,267,65478,65408]
[168,45,335624,335503]
[169,124,619942,620522]
[170,209,328923,328832]
[171,78,482190,483469]
[172,124,43789,44671]
[173,248,546396,547431]
[174,125,394275,393789]
[175,128,647537,648868]
[176,51,479852,478376]
[177,117,615146,615108]
[178,134,465519,465907]
[179,189,532052,531977]
[180,264,499682,500439]
[181,201,683232,681899]
[182,192,678146,679002]
[183,88,533020,534482]
[184,263,382889,381692]
[185,115,243082,242815]
[186,85,482239,481549]
[187,177,306078,304600]
[188,185,162915,162866]
[189,87,59533,58598]
[190,115,386061,385649]
[191,64,561693,561831]
[192,277,448071,446939]
[193,8,699867,700561]
[194,43,467348,467045]
[195,227,70619,69467]
