["head":"wrap","lpos","status"]
[220,462104,0]
["io count"]
[1950]
["io":"id","wrap","startLpos","endLpos"]
[1,19,266026,265238]
[2,235,681099,680015]
[3,109,281430,281270]
[4,178,522366,522982]
[5,143,458939,458026]
[6,67,374705,374504]
[7,175,2818,2676]
[8,120,98691,99141]
[9,67,289475,288966]
[10,213,185783,185142]
[11,64,328177,328537]
[12,126,418869,420187]
[13,89,311796,311725]
[14,264,684716,685621]
[15,235,504084,503881]
[16,230,269055,270307]
[17,264,416689,417794]
[18,132,405258,406518]
[19,119,382274,380914]
[20,153,178991,178002]
[21,36,493398,493737]
[22,52,105921,106269]
[23,37,582405,582071]
[24,102,660282,660515]
[25,182,384287,385762]
[26,205,291145,290548]
[27,238,60940,62413]
[28,150,293205,293395]
[29,188,720388,721063]
[30,227,707859,707352]
[31,14,410652,410990]
[32,234,484694,486188]
[33,15,188448,188109]
[34,171,324916,323679]
[35,273,349363,348012]
[36,218,274433,274836]
[37,2,385233,385729]
[38,275,40101,39103]
[39,248,570426,570971]
[40,217,233464,232865]
[41,113,556709,556650]
[42,186,248461,249463]
[43,214,190529,190652]
[44,65,387298,386381]
[45,197,208255,207693]
[46,276,466199,467048]
[47,44,631051,631897]
[48,228,16629,16738]
[49,91,91693,91143]
[50,259,227879,227024]
[51,96,415600,416095]
[52,30,33451,33517]
[53,82,551921,553094]
[54,256,676345,676699]
[55,242,173123,173202]
[56,168,490606,491267]
[57,211,565921,564938]
[58,119,341728,341237]
[59,34,41181,42549]
[60,225,329521,328642]
[61,106,320178,321588]
[62,145,706079,705326]
[63,110,367541,368120]
[64,163,423298,422940]
[65,230,360042,360344]
[66,14,160431,161445]
[67,66,619438,620523]
[68,84,210995,211412]
[69,263,336057,335948]
[70,156,695204,696592]
[71,7,466489,465276]
[72,246,440341,440963]
[73,115,627332,626328]
[74,131,698667,697824]
[75,156,323042,323692]
[76,166,414642,414934]
[77,141,538726,537723]
[78,235,714595,714532]
[79,103,146168,145301]
[80,0,95173,95606]
[81,41,449660,449486]
[82,265,46239,46115]
[83,166,558826,559389]
[84,261,131553,131299]
[85,146,200544,201296]
[86,24,250151,250367]
[87,68,214255,215516]
[88,99,93008,91879]
[89,234,439196,440119]
[90,65,68408,67241]
[91,170,506085,507375]
[92,13,613885,613710]
[93,35,364962,363974]
[94,50,601692,601945]
[95,233,395339,395112]
[96,140,679515,679804]
[97,23,398991,397651]
[98,138,69679,70305]
[99,255,226114,224852]
[100,88,404734,404859]
[101,71,72836,71881]
[102,119,430512,429388]
[103,54,463767,464177]
[104,20,487217,488270]
[105,139,631802,630479]
[106,192,163386,164769]
[107,259,67308,66593]
[108,132,528959,529170]
[109,44,402796,403767]
[110,73,520692,520138]
[111,198,377220,377961]
[112,47,592383,591777]
[113,234,207074,208512]
[114,153,633984,633092]
[115,89,323977,323515]
[116,156,560512,560769]
[117,160,397982,398416]
[118,39,255918,255264]
[119,160,400185,400581]
[120,275,298828,297341]
[121,261,313237,312825]
[122,100,320179,320867]
[123,26,114485,114900]
[124,254,565772,565965]
[125,121,219946,218513]
[126,69,274578,273217]
[127,240,233225,233449]
[128,82,540137,541160]
[129,118,237298,237688]
[130,242,102889,103712]
[131,121,395464,394873]
[132,68,363815,365100]
[133,210,577913,578371]
[134,5,15795,14809]
[135,121,650517,650048]
[136,275,621020,620907]
[137,81,540781,539583]
[138,256,479826,480851]
[139,203,472335,471905]
[140,259,260903,260753]
[141,115,14049,12583]
[142,223,513099,511708]
[143,205,698284,697434]
[144,4,606586,607875]
[145,111,298646,297937]
[146,69,566815,566123]
[147,109,314841,314758]
[148,197,612055,611655]
[149,130,333693,334409]
[150,93,11006,10166]
[151,214,662616,663320]
[152,70,432430,432840]
[153,224,616323,616479]
[154,110,311443,312443]
[155,172,627154,628375]
[156,181,62061,61324]
[157,146,689483,690741]
[158,162,477723,479022]
[159,165,540230,538919]
[160,249,86852,86267]
[161,105,423644,422679]
[162,204,132051,133294]
[163,175,721737,721330]
[164,22,166934,167236]
[165,136,197176,198200]
[166,211,127215,126111]
[167,239,314940,313901]
[168,224,58094,58185]
[169,240,407768,408086]
[170,182,205618,205848]
[171,68,680612,680962]
[172,3,306831,306722]
[173,279,627821,626407]
[174,0,14068,14394]
[175,178,590385,590734]
[176,165,172027,171184]
[177,19,632153,631910]
[178,217,15841,14607]
[179,228,596123,596931]
[180,40,598744,600132]
[181,107,584811,583843]
[182,52,274923,275437]
[183,87,330445,329336]
[184,10,416613,417607]
[185,31,694481,693526]
[186,231,292147,291055]
[187,156,429891,430293]
[188,249,447648,447070]
[189,88,250798,251547]
[190,234,209825,211092]
[191,196,574475,574524]
[192,167,255205,253764]
[193,265,312445,312252]
[194,165,242708,241872]
[195,137,418410,417657]
[196,154,680570,682038]
[197,57,459232,457892]
[198,145,484691,484359]
[199,274,176543,178031]
[200,194,703485,704436]
[201,52,168911,170219]
[202,244,273830,274741]
[203,210,303883,304120]
[204,32,416509,416767]
[205,150,36221,37279]
[206,180,189498,189621]
[207,110,401477,402464]
[208,22,41306,42479]
[209,117,104787,104675]
[210,34,623766,624072]
[211,234,647355,648426]
[212,35,302508,302356]
[213,218,648972,649386]
[214,16,587144,587628]
[215,252,612782,613853]
[216,232,37048,37869]
[217,78,382482,383445]
[218,277,591998,590727]
[219,140,112837,113161]
[220,162,202714,203013]
[221,224,252784,252991]
[222,83,106267,105075]
[223,83,550501,550050]
[224,4,177074,178342]
[225,198,619973,620113]
[226,257,331078,330623]
[227,48,296317,296882]
[228,206,586713,586780]
[229,97,357288,357136]
[230,93,619502,618809]
[231,70,528546,529460]
[232,13,333204,332922]
[233,4,160172,160396]
[234,186,96531,96701]
[235,12,42356,43042]
[236,140,222769,223156]
[237,58,74187,75099]
[238,31,118208,118149]
[239,98,56518,57244]
[240,44,419135,420143]
[241,86,289334,289546]
[242,73,382748,381697]
[243,195,580312,580123]
[244,106,444443,445599]
[245,158,384189,385581]
[246,139,253939,253230]
[247,148,326608,328072]
[248,221,574242,573773]
[249,244,481736,482707]
[250,243,485820,485007]
[251,50,53935,54444]
[252,275,98867,98653]
[253,226,171599,172279]
[254,94,656946,658034]
[255,160,543318,544748]
[256,33,278055,277898]
[257,64,723166,724375]
[258,98,155554,156089]
[259,78,120961,121784]
[260,128,40755,41631]
[261,274,241472,242897]
[262,255,564026,562694]
[263,103,558795,557296]
[264,205,232797,232235]
[265,27,41768,40407]
[266,1,145697,144496]
[267,14,194267,194910]
[268,234,307941,308528]
[269,18,108737,110099]
[270,132,97158,97862]
[271,155,441421,441092]
[272,105,180386,178964]
[273,266,658096,658410]
[274,16,694130,695478]
[275,84,88012,88484]
[276,102,125736,126079]
[277,157,93259,93076]
[278,205,70009,68680]
[279,275,510999,509614]
[280,12,575884,576614]
[281,43,42225,41193]
[282,147,663709,663428]
[283,88,182230,183430]
[284,164,277806,278160]
[285,170,193880,195283]
[286,29,248258,247825]
[287,18,427010,427873]
[288,50,163433,164262]
[289,58,82468,82672]
[290,258,473841,474621]
[291,69,312215,311162]
[292,149,494029,492919]
[293,148,176470,176658]
[294,98,103595,104085]
[295,236,6562,7439]
[296,150,378042,379500]
[297,211,576443,576284]
[298,262,624623,624935]
[299,127,187040,186122]
[300,130,65275,65500]
[301,30,634723,635118]
[302,257,84625,84065]
[303,75,510246,508794]
[304,182,312257,313260]
[305,242,39180,40464]
[306,32,25140,25951]
[307,11,408661,408401]
[308,164,675035,675219]
[309,123,161722,161343]
[310,203,4809,3824]
[311,143,592167,591539]
[312,96,349212,349670]
[313,234,484303,485709]
[314,271,177907,177683]
[315,128,687991,689272]
[316,141,479240,478518]
[317,169,163128,162976]
[318,84,233858,234333]
[319,228,404178,404774]
[320,152,149347,150021]
[321,4,232134,233232]
[322,203,478344,477949]
[323,199,566909,566073]
[324,157,44838,43846]
[325,202,15417,16798]
[326,1,479163,477978]
[327,1,164082,163888]
[328,273,405585,404200]
[329,43,45280,44379]
[330,240,511610,512170]
[331,240,290062,291388]
[332,158,525406,526399]
[333,239,329036,328879]
[334,82,97957,98507]
[335,258,125881,126918]
[336,93,36939,36800]
[337,185,657504,656627]
[338,169,508867,507483]
[339,22,638256,639475]
[340,87,405233,403813]
[341,93,451813,450336]
[342,277,96344,96140]
[343,72,53116,53704]
[344,217,157158,156456]
[345,29,539210,537809]
[346,111,457063,455710]
[347,51,696317,694990]
[348,151,670940,670200]
[349,34,434422,435323]
[350,133,564002,563359]
[351,114,128963,129103]
[352,13,168863,167685]
[353,242,560942,562018]
[354,163,725604,725082]
[355,184,341814,341926]
[356,84,112545,113897]
[357,145,30047,28853]
[358,16,675770,676722]
[359,87,376431,376073]
[360,201,672576,671963]
[361,238,386627,387060]
[362,270,210869,212332]
[363,178,74784,75476]
[364,138,469475,470504]
[365,187,91982,91180]
[366,277,156883,156170]
[367,157,255867,255498]
[368,51,607794,607219]
[369,42,162075,162876]
[370,253,230668,229183]
[371,160,485302,485463]
[372,204,209949,211367]
[373,50,232753,234029]
[374,156,291008,291715]
[375,101,179455,178943]
[376,269,579839,578445]
[377,180,69825,70874]
[378,56,640166,641146]
[379,18,727452,728159]
[380,215,302155,301112]
[381,13,168012,166897]
[382,73,580460,578964]
[383,72,700325,700522]
[384,52,507607,508215]
[385,191,704200,703164]
[386,108,636143,637154]
[387,103,536973,536059]
[388,116,672859,674059]
[389,191,256878,256352]
[390,197,243059,242278]
[391,168,113449,113639]
[392,252,157935,159183]
[393,53,494556,493404]
[394,123,690121,688646]
[395,266,294266,294365]
[396,246,532964,533488]
[397,8,487146,487622]
[398,56,15470,15834]
[399,278,642573,643388]
[400,30,178765,179388]
[401,68,630902,631556]
[402,53,500769,500584]
[403,214,228721,229215]
[404,147,147671,146288]
[405,216,73418,74027]
[406,123,515329,514543]
[407,235,620442,618993]
[408,203,455180,454073]
[409,136,237307,238535]
[410,218,134771,135258]
[411,76,170667,172123]
[412,63,414640,413412]
[413,3,415595,414884]
[414,140,175558,176166]
[415,198,420905,421923]
[416,247,638583,637977]
[417,264,123259,124174]
[418,85,503628,503305]
[419,62,146616,147400]
[420,208,440523,441282]
[421,128,670903,671923]
[422,41,585662,585314]
[423,49,443457,442235]
[424,161,163467,162628]
[425,275,305386,304642]
[426,196,604814,604951]
[427,229,549560,548941]
[428,251,131309,130632]
[429,81,529317,529025]
[430,89,680895,679498]
[431,198,725578,726679]
[432,72,292831,293341]
[433,207,301658,300629]
[434,276,645290,646156]
[435,154,235432,235652]
[436,145,3939,3358]
[437,64,251706,252689]
[438,91,287508,287047]
[439,72,702520,702808]
[440,38,275797,277216]
[441,37,609595,608395]
[442,187,620810,619804]
[443,238,520891,522281]
[444,115,166302,164990]
[445,273,262698,261412]
[446,154,295262,296238]
[447,273,441814,440732]
[448,76,380515,381302]
[449,163,625456,624643]
[450,30,355149,355805]
[451,167,661203,660256]
[452,12,216143,216485]
[453,216,603839,604896]
[454,208,239820,241112]
[455,261,117177,116747]
[456,84,112626,113704]
[457,176,673425,674924]
[458,114,462747,463672]
[459,236,172680,172902]
[460,29,463851,463106]
[461,230,104820,105281]
[462,197,317379,317168]
[463,0,715319,715758]
[464,58,389424,389921]
[465,88,333657,333958]
[466,61,110265,109003]
[467,158,239021,239134]
[468,106,300399,301350]
[469,46,131433,131981]
[470,132,357771,358220]
[471,182,320032,320437]
[472,29,236293,235787]
[473,60,172234,172462]
[474,257,573959,573892]
[475,70,12551,13726]
[476,62,15491,16319]
[477,112,178065,178444]
[478,131,159843,159603]
[479,220,211051,212047]
[480,147,704157,703986]
[481,255,727140,726935]
[482,97,227210,226894]
[483,51,170850,170736]
[484,265,644817,644532]
[485,0,519629,520498]
[486,68,701872,702983]
[487,129,709169,708215]
[488,120,667060,668215]
[489,230,189080,190224]
[490,220,355305,355566]
[491,44,429220,430394]
[492,63,170996,169660]
[493,103,416451,416214]
[494,180,325991,327090]
[495,93,647363,646844]
[496,113,126086,125257]
[497,164,308856,310154]
[498,257,496839,496463]
[499,245,149056,147978]
[500,181,192047,191920]
[501,174,438351,438965]
[502,6,21174,22003]
[503,79,699338,699212]
[504,171,100806,99402]
[505,165,136232,135447]
[506,251,698525,697754]
[507,96,84364,84431]
[508,251,698849,698764]
[509,97,19257,19197]
[510,14,481997,482904]
[511,135,723335,722808]
[512,94,148678,149710]
[513,103,10596,9614]
[514,217,90502,89992]
[515,108,562976,564053]
[516,163,145907,144519]
[517,204,407029,408428]
[518,214,568475,568663]
[519,183,707634,707496]
[520,174,400132,400883]
[521,136,645439,646760]
[522,244,442056,442171]
[523,215,277465,276432]
[524,10,337135,338525]
[525,33,601498,601222]
[526,229,633177,632451]
[527,56,300755,300962]
[528,195,197219,196348]
[529,236,65390,66696]
[530,47,99793,98709]
[531,133,249446,249201]
[532,69,199277,198878]
[533,55,134081,133938]
[534,49,706583,705182]
[535,58,224400,224798]
[536,156,491244,491774]
[537,112,430209,431295]
[538,4,580639,581708]
[539,115,162269,161328]
[540,23,686383,685075]
[541,48,406979,408051]
[542,59,29717,29565]
[543,57,651836,650813]
[544,123,441295,440593]
[545,56,202033,203141]
[546,172,381836,382902]
[547,120,78459,79549]
[548,267,711341,711017]
[549,120,87916,88943]
[550,232,462014,463098]
[551,35,615525,614350]
[552,236,143328,144649]
[553,264,613936,613992]
[554,188,387721,388080]
[555,105,16774,16175]
[556,151,586599,585578]
[557,94,269439,269708]
[558,91,517916,517634]
[559,256,450016,451074]
[560,94,536278,536845]
[561,243,254457,254158]
[562,153,325045,324549]
[563,201,31085,29589]
[564,12,334611,335014]
[565,259,148455,148195]
[566,189,311746,311580]
[567,29,661593,661057]
[568,26,388012,388714]
[569,179,38806,38404]
[570,143,268713,268179]
[571,191,257354,256117]
[572,135,304650,303418]
[573,25,23122,22309]
[574,46,323230,323587]
[575,156,255590,256159]
[576,44,265234,265609]
[577,229,487305,485996]
[578,105,141177,140288]
[579,169,525219,524463]
[580,169,191542,190734]
[581,181,274384,273107]
[582,178,627780,628501]
[583,146,200849,202090]
[584,46,644877,645343]
[585,214,27427,27947]
[586,44,617551,617892]
[587,156,643106,643530]
[588,248,170350,171558]
[589,236,579951,580181]
[590,46,285064,285955]
[591,268,721672,722048]
[592,122,371203,371651]
[593,38,511475,512359]
[594,203,114317,113967]
[595,235,153607,153388]
[596,45,272958,272653]
[597,178,525933,526050]
[598,55,231552,230164]
[599,103,369876,369765]
[600,34,4357,5380]
[601,60,704995,705377]
[602,75,38629,38464]
[603,29,205440,204636]
[604,247,29459,29219]
[605,103,23659,22840]
[606,270,448744,448885]
[607,267,86717,85485]
[608,10,178956,180217]
[609,201,149630,148243]
[610,88,33581,34470]
[611,90,256407,257029]
[612,264,431704,432444]
[613,256,50709,51471]
[614,112,284406,284707]
[615,74,251126,252531]
[616,182,171864,173023]
[617,261,449566,449232]
[618,72,283010,283410]
[619,86,372084,372517]
[620,189,579546,578150]
[621,29,356247,356154]
[622,161,473653,472304]
[623,221,519711,519653]
[624,124,675331,675389]
[625,127,381354,379944]
[626,195,669353,669173]
[627,44,497168,497344]
[628,41,609471,609011]
[629,103,52903,52177]
[630,257,35657,34303]
[631,250,663438,664479]
[632,209,162714,162334]
[633,134,594370,594798]
[634,168,523970,524903]
[635,223,594322,593082]
[636,155,333437,332919]
[637,177,236543,235279]
[638,83,681818,681604]
[639,23,305167,305052]
[640,181,395966,394504]
[641,74,584071,584148]
[642,119,134370,133121]
[643,140,126623,127391]
[644,117,560387,559843]
[645,122,320549,321569]
[646,153,253282,252998]
[647,243,531487,530853]
[648,157,477596,476451]
[649,24,140444,141101]
[650,86,536400,536787]
[651,191,402923,402136]
[652,164,607261,607327]
[653,245,519735,519446]
[654,256,316793,318149]
[655,153,451920,451868]
[656,99,91734,90434]
[657,182,564001,564202]
[658,154,460470,461692]
[659,34,1836,2336]
[660,44,223168,224119]
[661,216,41615,42927]
[662,271,662641,661885]
[663,121,203099,202469]
[664,223,724524,723900]
[665,0,33472,34701]
[666,135,472401,471558]
[667,216,221439,222720]
[668,14,380757,380881]
[669,184,311308,311359]
[670,202,146188,146891]
[671,255,204412,203531]
[672,8,589377,590764]
[673,151,449522,448048]
[674,112,334908,336304]
[675,251,488382,488187]
[676,152,558280,559372]
[677,131,600813,600676]
[678,186,429307,429855]
[679,55,433561,432558]
[680,236,591520,592932]
[681,44,242449,243682]
[682,155,598783,597578]
[683,211,697235,695955]
[684,5,686958,686037]
[685,132,667551,667665]
[686,199,194459,193187]
[687,187,721543,720350]
[688,187,41142,40133]
[689,187,310835,310197]
[690,200,195908,196113]
[691,185,567093,566710]
[692,168,368007,368481]
[693,278,503558,504754]
[694,15,233670,233327]
[695,194,604727,605202]
[696,0,475179,475948]
[697,217,333341,333123]
[698,69,466447,465040]
[699,215,335484,334177]
[700,86,283519,284425]
[701,95,271633,270278]
[702,121,535352,534364]
[703,105,333702,333547]
[704,33,697536,696457]
[705,271,662164,661909]
[706,104,665219,665661]
[707,15,540699,539325]
[708,249,642643,642409]
[709,99,486499,486457]
[710,96,617807,618515]
[711,38,602463,602738]
[712,181,256409,255121]
[713,0,262562,262738]
[714,212,686242,686950]
[715,276,102436,103014]
[716,272,446166,447368]
[717,184,278857,279868]
[718,7,44710,43359]
[719,142,488678,490167]
[720,131,121980,120643]
[721,42,524982,525206]
[722,187,713120,712258]
[723,278,446933,447025]
[724,112,317300,317445]
[725,83,177258,176448]
[726,200,161125,161718]
[727,250,107023,108395]
[728,79,691377,690344]
[729,33,414069,412902]
[730,65,34800,34529]
[731,162,430567,431921]
[732,44,572697,573909]
[733,50,628837,629691]
[734,22,212669,212977]
[735,191,289874,288392]
[736,174,125389,126749]
[737,143,532963,532208]
[738,208,534986,535970]
[739,241,686027,685155]
[740,34,306112,307459]
[741,188,118598,120023]
[742,70,79741,80021]
[743,233,8396,8072]
[744,171,216106,214804]
[745,12,444843,445221]
[746,82,552540,553235]
[747,147,170072,169447]
[748,187,105712,105658]
[749,185,656862,656196]
[750,5,446553,446218]
[751,92,478113,478923]
[752,239,354712,354252]
[753,195,325278,324442]
[754,254,619746,620320]
[755,149,232300,230844]
[756,155,517310,516711]
[757,193,289651,289575]
[758,167,269728,268860]
[759,272,636525,637442]
[760,158,323380,324675]
[761,100,251997,252669]
[762,39,528621,527479]
[763,106,320624,321719]
[764,154,82445,82824]
[765,207,308092,307953]
[766,216,559479,559572]
[767,66,237378,237698]
[768,131,597088,595699]
[769,249,178353,177389]
[770,264,222616,223264]
[771,194,127959,129180]
[772,237,235124,234522]
[773,221,341007,340559]
[774,102,581663,582168]
[775,133,67825,66543]
[776,273,218141,216808]
[777,200,661018,661642]
[778,56,644756,645002]
[779,269,488113,487164]
[780,202,384839,385817]
[781,137,1188,858]
[782,208,539672,540122]
[783,72,175093,176307]
[784,243,487881,486440]
[785,207,272932,272148]
[786,193,720605,719326]
[787,118,468243,468503]
[788,29,195469,194992]
[789,166,171959,172784]
[790,170,114910,116101]
[791,63,622800,622059]
[792,55,297735,296566]
[793,86,485866,486414]
[794,197,401206,401025]
[795,30,8169,9617]
[796,200,355855,356436]
[797,174,202545,203373]
[798,97,315860,315226]
[799,68,710595,711058]
[800,166,287839,288856]
[801,49,581208,580939]
[802,117,137241,136145]
[803,269,580480,579472]
[804,32,169618,170477]
[805,184,588432,588606]
[806,206,325182,326387]
[807,124,145919,146234]
[808,237,97935,96980]
[809,205,285302,284027]
[810,33,351558,350362]
[811,20,365004,366181]
[812,217,70260,70000]
[813,61,467837,467677]
[814,167,321430,320580]
[815,52,8408,8478]
[816,93,242896,242694]
[817,253,446425,445418]
[818,110,284481,285548]
[819,93,232141,231261]
[820,70,22618,23359]
[821,61,574432,573167]
[822,273,27820,27753]
[823,124,105305,106793]
[824,266,469951,470990]
[825,79,262592,261591]
[826,92,252235,253333]
[827,109,532496,532090]
[828,45,635035,634047]
[829,64,570238,571411]
[830,47,300345,299470]
[831,93,148214,147944]
[832,166,571651,572366]
[833,232,159704,160000]
[834,159,63169,62300]
[835,1,17899,17386]
[836,27,623663,622188]
[837,95,637098,635883]
[838,88,660232,661307]
[839,84,140083,140838]
[840,228,659731,660707]
[841,210,651252,651818]
[842,274,146745,147180]
[843,222,531510,531685]
[844,58,563370,564646]
[845,195,617168,616427]
[846,193,186804,186488]
[847,79,294765,294542]
[848,212,294281,295755]
[849,56,530179,530245]
[850,226,105351,106569]
[851,146,252393,253330]
[852,104,301225,302722]
[853,11,481915,481103]
[854,181,630392,629478]
[855,197,673085,673035]
[856,186,589851,591167]
[857,16,487886,488032]
[858,43,638233,637543]
[859,186,102919,103336]
[860,265,100550,99190]
[861,211,625760,625581]
[862,136,719659,719834]
[863,135,59741,59549]
[864,139,402481,402295]
[865,258,649904,650971]
[866,47,230054,228918]
[867,268,102436,103067]
[868,68,550168,551081]
[869,213,360181,359671]
[870,16,116552,117363]
[871,127,101123,100901]
[872,178,714046,714267]
[873,97,181057,179966]
[874,139,303497,303146]
[875,3,683679,683398]
[876,5,528710,527509]
[877,93,275997,275770]
[878,113,226677,225922]
[879,51,100020,99753]
[880,128,564708,565666]
[881,160,43229,43710]
[882,250,26393,26592]
[883,202,561451,561521]
[884,246,305037,306433]
[885,40,368244,369476]
[886,273,69721,68342]
[887,139,280760,280554]
[888,260,671821,672796]
[889,267,520969,520073]
[890,253,482391,481642]
[891,212,435617,436409]
[892,135,44908,44029]
[893,234,241500,242435]
[894,187,91562,90839]
[895,31,554308,552839]
[896,223,143013,142435]
[897,223,690899,690262]
[898,162,401649,402935]
[899,92,559885,561009]
[900,189,415128,414459]
[901,209,549230,548550]
[902,49,553032,551909]
[903,79,715964,715015]
[904,84,723604,724005]
[905,189,679432,678103]
[906,59,187584,186539]
[907,52,714507,714862]
[908,10,55517,56678]
[909,117,659661,658496]
[910,175,195181,193755]
[911,227,616746,616224]
[912,85,256065,255579]
[913,185,339525,338600]
[914,175,321998,320505]
[915,136,309566,310575]
[916,106,402140,402208]
[917,253,25952,25784]
[918,5,620936,620768]
[919,25,709413,708790]
[920,31,231580,230569]
[921,267,334710,333445]
[922,85,107165,106542]
[923,142,32505,33500]
[924,71,505000,504410]
[925,201,87535,87008]
[926,123,132804,131931]
[927,25,160879,160027]
[928,158,352979,354435]
[929,9,82775,82102]
[930,171,150247,149813]
[931,160,677280,678122]
[932,17,338770,337850]
[933,99,449355,449027]
[934,165,340502,339894]
[935,32,98037,98990]
[936,51,258905,258399]
[937,155,13185,13063]
[938,12,440406,441445]
[939,233,287489,286175]
[940,119,365079,364496]
[941,216,706273,707434]
[942,138,640767,642211]
[943,33,140028,139245]
[944,202,420228,421535]
[945,74,661645,662792]
[946,262,552696,553539]
[947,239,451276,450095]
[948,244,496398,496495]
[949,19,554475,553356]
[950,251,289236,288387]
[951,55,98330,98250]
[952,29,544014,543187]
[953,135,54077,53705]
[954,241,643200,642096]
[955,3,231842,230997]
[956,54,634625,634918]
[957,34,452225,453697]
[958,239,690561,689758]
[959,169,505755,504896]
[960,243,342186,341240]
[961,38,633894,634190]
[962,270,191197,191753]
[963,42,15899,16703]
[964,193,501897,501519]
[965,39,535798,534372]
[966,236,447227,447633]
[967,176,635298,635910]
[968,174,243785,245072]
[969,79,348878,348241]
[970,96,297489,297537]
[971,9,65883,64817]
[972,35,104484,104389]
[973,216,200831,201491]
[974,196,282864,284286]
[975,236,318217,318472]
[976,4,517292,517334]
[977,151,349502,349168]
[978,170,469465,469580]
[979,278,153352,154753]
[980,83,217958,217674]
[981,194,281991,282583]
[982,35,475174,473744]
[983,26,699359,699602]
[984,109,607531,606545]
[985,147,566591,566313]
[986,152,168457,168902]
[987,62,487524,488458]
[988,106,524024,525431]
[989,135,675388,674936]
[990,172,530740,531619]
[991,85,378187,377912]
[992,224,198170,198383]
[993,219,263147,262513]
[994,109,128948,127624]
[995,183,416088,414975]
[996,10,640677,641334]
[997,108,631861,633133]
[998,135,13469,13071]
[999,119,423087,422501]
[1000,50,262416,263388]
[1001,79,534007,533815]
[1002,156,279407,279615]
[1003,174,455374,456151]
[1004,150,378451,378994]
[1005,242,233827,233935]
[1006,277,575164,574243]
[1007,60,157658,158323]
[1008,249,694572,693343]
[1009,148,293054,293569]
[1010,46,222658,223180]
[1011,16,367347,367887]
[1012,270,530964,531370]
[1013,63,30122,28966]
[1014,18,391265,392030]
[1015,147,288165,286935]
[1016,267,405257,404029]
[1017,103,241000,239694]
[1018,278,379095,380319]
[1019,82,315759,316710]
[1020,62,17075,18558]
[1021,47,560593,559256]
[1022,249,385921,384488]
[1023,162,729377,730620]
[1024,278,300482,301226]
[1025,138,603171,604159]
[1026,226,375735,377193]
[1027,162,566054,567236]
[1028,109,539293,537916]
[1029,183,611823,611228]
[1030,174,594026,594727]
[1031,174,720176,720307]
[1032,23,369620,368865]
[1033,182,535694,536049]
[1034,144,114154,115140]
[1035,125,507831,507146]
[1036,85,43464,42136]
[1037,242,653187,653564]
[1038,240,399411,399984]
[1039,245,79187,78760]
[1040,47,113659,112976]
[1041,51,82170,81829]
[1042,68,555986,557345]
[1043,247,690129,689820]
[1044,141,498406,498053]
[1045,110,283892,284677]
[1046,242,205282,206332]
[1047,237,224929,224266]
[1048,52,134248,135010]
[1049,34,634466,634878]
[1050,252,494449,494724]
[1051,179,97334,97271]
[1052,213,114707,114525]
[1053,208,258659,259846]
[1054,241,721907,721851]
[1055,149,54578,53124]
[1056,63,472217,471262]
[1057,98,277064,277639]
[1058,193,298326,297197]
[1059,128,268198,268259]
[1060,160,208105,208688]
[1061,24,510379,510815]
[1062,5,300952,299880]
[1063,160,241506,241679]
[1064,38,707595,708553]
[1065,218,273728,274736]
[1066,212,122907,123232]
[1067,173,634163,633051]
[1068,133,707387,707001]
[1069,209,4973,4725]
[1070,212,57984,59479]
[1071,165,64809,64676]
[1072,178,684015,685335]
[1073,174,576376,577086]
[1074,127,97457,97175]
[1075,139,505097,503633]
[1076,132,710924,711981]
[1077,167,41515,40414]
[1078,123,81954,81232]
[1079,131,581930,580821]
[1080,230,514570,515031]
[1081,6,151921,152042]
[1082,191,118905,117917]
[1083,143,143888,143245]
[1084,172,360407,360885]
[1085,246,381488,382487]
[1086,226,564893,566158]
[1087,211,454441,454150]
[1088,52,720062,721463]
[1089,253,222458,221700]
[1090,41,419788,418391]
[1091,91,540300,538924]
[1092,102,212399,212785]
[1093,47,214840,214676]
[1094,119,687558,687496]
[1095,159,545767,544836]
[1096,196,645513,646542]
[1097,192,254648,254764]
[1098,133,524821,523756]
[1099,240,279473,280711]
[1100,95,336289,335212]
[1101,71,123932,122461]
[1102,125,198807,198573]
[1103,234,452351,452640]
[1104,205,208536,208149]
[1105,33,583738,582464]
[1106,47,367619,366578]
[1107,62,699127,699992]
[1108,230,544665,545276]
[1109,190,530359,530575]
[1110,87,197675,196838]
[1111,37,563448,563332]
[1112,164,56787,57809]
[1113,276,284135,285396]
[1114,90,143237,144265]
[1115,190,487392,488257]
[1116,30,264767,265636]
[1117,220,700882,701298]
[1118,149,555762,555576]
[1119,87,362597,361973]
[1120,95,28420,27943]
[1121,145,501695,500385]
[1122,255,174855,173614]
[1123,183,700038,698822]
[1124,4,679229,680402]
[1125,48,323129,323413]
[1126,246,435935,437009]
[1127,214,567209,567840]
[1128,153,229147,227683]
[1129,45,570564,570070]
[1130,94,56942,57454]
[1131,217,158622,157354]
[1132,109,614295,613293]
[1133,214,383235,383776]
[1134,206,16872,17962]
[1135,3,249990,248946]
[1136,90,555716,556345]
[1137,254,727010,727598]
[1138,77,456286,455765]
[1139,33,429416,428449]
[1140,153,11118,9882]
[1141,54,323144,323931]
[1142,114,55710,56245]
[1143,154,673770,674946]
[1144,10,133061,133742]
[1145,243,269695,268410]
[1146,190,69825,71166]
[1147,278,179685,180386]
[1148,5,60690,59205]
[1149,55,662714,662415]
[1150,52,659849,660884]
[1151,206,104452,105345]
[1152,253,566050,564557]
[1153,91,134699,133733]
[1154,203,475545,474447]
[1155,139,451762,451085]
[1156,258,656378,657179]
[1157,162,707554,707816]
[1158,241,193876,192475]
[1159,13,305757,304786]
[1160,130,250390,250596]
[1161,109,517907,516513]
[1162,217,206789,205386]
[1163,214,468348,468533]
[1164,168,101289,102603]
[1165,172,318943,320369]
[1166,1,519043,518279]
[1167,99,77699,76304]
[1168,104,121963,122836]
[1169,100,662639,662965]
[1170,132,554206,554404]
[1171,84,27352,27471]
[1172,58,313919,314501]
[1173,15,177544,177334]
[1174,116,256246,257613]
[1175,14,547800,548028]
[1176,9,395200,394921]
[1177,225,103385,102143]
[1178,157,699159,698372]
[1179,102,471914,472715]
[1180,44,159367,160054]
[1181,88,407873,408274]
[1182,162,527513,528861]
[1183,34,717253,717509]
[1184,20,56697,57386]
[1185,85,351869,351617]
[1186,148,123988,125013]
[1187,0,318725,319663]
[1188,82,39870,41233]
[1189,224,326382,327316]
[1190,192,365445,366920]
[1191,115,611895,611127]
[1192,265,90412,90328]
[1193,193,219600,218593]
[1194,190,580477,581606]
[1195,246,452417,452460]
[1196,238,144589,145589]
[1197,218,544115,544729]
[1198,178,506759,507862]
[1199,248,75012,75699]
[1200,108,698701,698944]
[1201,17,173042,171682]
[1202,101,90158,89920]
[1203,266,114319,115203]
[1204,264,62308,63558]
[1205,203,131843,131057]
[1206,257,403988,403053]
[1207,15,598227,596753]
[1208,187,611061,610712]
[1209,60,448164,449369]
[1210,172,27530,27762]
[1211,203,609052,609000]
[1212,217,23278,22232]
[1213,103,303168,302444]
[1214,9,28574,27845]
[1215,47,313689,313160]
[1216,222,669001,670009]
[1217,92,686689,687112]
[1218,106,559575,561066]
[1219,180,605373,606147]
[1220,241,513300,513256]
[1221,129,211530,210127]
[1222,176,439397,440579]
[1223,75,469596,468629]
[1224,277,206664,205957]
[1225,153,144523,143447]
[1226,99,160503,159734]
[1227,227,294952,293567]
[1228,41,369955,369237]
[1229,179,280405,279646]
[1230,22,431017,432441]
[1231,104,479669,480836]
[1232,52,548170,549263]
[1233,90,140610,140820]
[1234,176,323851,324276]
[1235,90,517255,517502]
[1236,121,474738,474011]
[1237,252,108816,110148]
[1238,187,139798,139046]
[1239,154,521711,522021]
[1240,122,145137,146133]
[1241,104,480188,480238]
[1242,62,652780,653464]
[1243,69,512613,511733]
[1244,268,432009,433447]
[1245,193,321224,319985]
[1246,245,645034,643676]
[1247,118,153595,154800]
[1248,174,206555,208034]
[1249,90,595230,596185]
[1250,129,167863,166847]
[1251,252,340195,340291]
[1252,40,454373,455719]
[1253,162,597767,599011]
[1254,33,137703,137116]
[1255,191,139670,138517]
[1256,208,389747,391226]
[1257,211,355034,354471]
[1258,117,92813,92495]
[1259,260,620084,621051]
[1260,10,236761,237959]
[1261,235,644689,644050]
[1262,159,473900,473482]
[1263,147,315053,313641]
[1264,179,157049,156723]
[1265,201,424441,423349]
[1266,97,710591,709200]
[1267,110,339928,340792]
[1268,129,362102,360891]
[1269,173,501227,500680]
[1270,8,131585,132537]
[1271,73,422984,421775]
[1272,77,584180,583724]
[1273,247,230033,228975]
[1274,141,485735,484455]
[1275,144,456738,458017]
[1276,99,151793,150453]
[1277,71,583377,582907]
[1278,238,365231,365266]
[1279,235,182666,182292]
[1280,258,181876,182837]
[1281,16,327878,328278]
[1282,209,16310,15557]
[1283,97,484511,483692]
[1284,140,500483,501176]
[1285,214,624875,626148]
[1286,239,603332,603064]
[1287,256,424215,425277]
[1288,229,339376,338932]
[1289,168,592099,592214]
[1290,215,484822,483868]
[1291,229,626934,625989]
[1292,102,557097,558047]
[1293,203,704702,703755]
[1294,159,316453,315151]
[1295,128,31733,32953]
[1296,160,409405,410619]
[1297,72,646455,646536]
[1298,233,357125,356717]
[1299,236,423796,424518]
[1300,1,225018,223854]
[1301,107,672785,671760]
[1302,251,465886,464425]
[1303,255,47234,46189]
[1304,16,567522,568479]
[1305,257,219997,219716]
[1306,50,544862,545275]
[1307,26,474869,475798]
[1308,128,315013,316315]
[1309,148,132710,133671]
[1310,215,639221,637725]
[1311,0,563256,563706]
[1312,118,452162,453491]
[1313,55,471896,471783]
[1314,254,143071,144456]
[1315,67,531678,530557]
[1316,51,115783,114709]
[1317,232,157235,157933]
[1318,262,82476,83856]
[1319,87,390003,388817]
[1320,124,511166,512652]
[1321,23,23544,22511]
[1322,163,110500,109264]
[1323,261,546118,545887]
[1324,200,691443,691862]
[1325,146,413371,414765]
[1326,190,111602,112400]
[1327,267,198668,197475]
[1328,193,11664,11503]
[1329,163,411966,410675]
[1330,20,31038,31857]
[1331,44,433641,434405]
[1332,202,530683,530822]
[1333,127,335587,334526]
[1334,92,586345,587247]
[1335,192,245193,246392]
[1336,119,296562,295720]
[1337,237,136443,135640]
[1338,171,394534,393919]
[1339,35,5248,3762]
[1340,57,636379,635016]
[1341,21,294046,293290]
[1342,279,262163,261310]
[1343,259,675058,674553]
[1344,202,610735,612056]
[1345,164,632871,632971]
[1346,165,631086,629608]
[1347,265,534955,533683]
[1348,119,262109,261531]
[1349,218,469922,470451]
[1350,33,569716,569516]
[1351,242,520796,521407]
[1352,140,637321,638439]
[1353,183,459488,458641]
[1354,272,412871,413938]
[1355,47,492733,492088]
[1356,206,262716,263627]
[1357,25,350508,349244]
[1358,199,42864,42194]
[1359,38,462688,462725]
[1360,188,514604,514963]
[1361,84,490562,491349]
[1362,85,551666,550417]
[1363,7,188688,187698]
[1364,20,202677,203618]
[1365,37,581513,580642]
[1366,48,290904,292015]
[1367,214,600478,601058]
[1368,166,246723,247690]
[1369,86,631784,633021]
[1370,168,277760,278609]
[1371,15,496959,495745]
[1372,171,625778,624805]
[1373,210,142123,142224]
[1374,63,437818,436749]
[1375,181,228785,227360]
[1376,209,481077,480484]
[1377,277,276024,274879]
[1378,44,724168,724566]
[1379,69,659067,658457]
[1380,60,292801,293368]
[1381,13,214034,212596]
[1382,151,502525,501488]
[1383,125,74887,73870]
[1384,113,127085,127023]
[1385,108,377074,378548]
[1386,121,95287,94566]
[1387,204,562574,563056]
[1388,275,62516,61835]
[1389,173,254354,254257]
[1390,27,309691,309148]
[1391,233,175232,173929]
[1392,225,57806,56630]
[1393,195,15288,13988]
[1394,108,309131,310210]
[1395,179,430642,429327]
[1396,237,370666,369427]
[1397,153,121651,120905]
[1398,102,427304,427802]
[1399,146,575639,576087]
[1400,163,307079,305740]
[1401,102,338978,339081]
[1402,143,710271,710103]
[1403,126,422613,423551]
[1404,5,650831,650772]
[1405,68,564545,565322]
[1406,172,154196,154734]
[1407,173,526828,526473]
[1408,76,304514,304553]
[1409,214,714270,715279]
[1410,176,678567,678867]
[1411,10,60733,61875]
[1412,214,505642,506477]
[1413,177,562063,561154]
[1414,261,7997,7773]
[1415,211,716673,715177]
[1416,47,486352,485646]
[1417,2,2314,3034]
[1418,38,626943,628085]
[1419,98,179354,180289]
[1420,265,391615,390496]
[1421,148,91843,92898]
[1422,92,252226,252659]
[1423,205,581783,580597]
[1424,186,73839,74882]
[1425,225,730971,729949]
[1426,181,597537,596202]
[1427,4,629536,630424]
[1428,166,486714,487813]
[1429,275,280505,279282]
[1430,233,382589,381408]
[1431,33,167745,167709]
[1432,198,217967,218155]
[1433,52,43118,44213]
[1434,30,628273,629727]
[1435,195,704765,704055]
[1436,110,349752,351126]
[1437,106,366155,366596]
[1438,48,308567,309603]
[1439,99,668602,668088]
[1440,121,396747,395998]
[1441,171,590927,589753]
[1442,1,725916,725814]
[1443,122,399034,399316]
[1444,163,707225,706464]
[1445,194,26638,28009]
[1446,116,325612,325937]
[1447,146,648588,648872]
[1448,42,221772,222204]
[1449,81,129383,129094]
[1450,80,600755,601804]
[1451,151,273412,272687]
[1452,9,95930,95121]
[1453,38,365480,365929]
[1454,14,264752,265474]
[1455,244,431545,432279]
[1456,12,269137,269443]
[1457,22,656201,657301]
[1458,51,392640,392175]
[1459,102,396276,396351]
[1460,268,362843,362983]
[1461,246,666028,666234]
[1462,152,332414,333185]
[1463,106,669335,669393]
[1464,48,226513,227942]
[1465,171,344539,344508]
[1466,80,516083,517440]
[1467,80,540586,541571]
[1468,139,192948,191686]
[1469,259,710655,710463]
[1470,58,36811,37037]
[1471,170,696733,697156]
[1472,89,568518,567836]
[1473,122,329963,330748]
[1474,125,723406,722936]
[1475,16,322244,322566]
[1476,270,208595,209186]
[1477,129,265716,264927]
[1478,258,304630,305095]
[1479,3,460409,460060]
[1480,149,477300,477035]
[1481,99,135417,133949]
[1482,125,443869,442372]
[1483,186,657148,657309]
[1484,23,223140,222068]
[1485,171,348189,347278]
[1486,228,661957,662891]
[1487,169,459264,458862]
[1488,32,189205,189546]
[1489,119,445710,445236]
[1490,106,567069,568396]
[1491,151,105616,104463]
[1492,54,196037,196644]
[1493,243,245251,244667]
[1494,108,343347,343732]
[1495,92,60560,61932]
[1496,214,477687,478206]
[1497,158,202709,203628]
[1498,206,378285,379676]
[1499,251,643157,641904]
[1500,227,698294,697607]
[1501,208,575846,577022]
[1502,150,448400,449651]
[1503,253,651018,650604]
[1504,168,85319,86387]
[1505,259,548567,547625]
[1506,82,110676,111262]
[1507,114,71045,72033]
[1508,33,723402,722775]
[1509,196,198088,199066]
[1510,270,498454,499922]
[1511,240,527072,527326]
[1512,116,639754,640435]
[1513,143,62959,61556]
[1514,71,154122,153106]
[1515,154,701038,702466]
[1516,84,154261,154602]
[1517,141,339951,339244]
[1518,205,298479,298264]
[1519,194,486387,487491]
[1520,62,714452,714822]
[1521,278,649724,649945]
[1522,238,256805,258209]
[1523,54,403064,404243]
[1524,61,99856,99491]
[1525,42,407937,408329]
[1526,40,609591,610249]
[1527,14,687093,688027]
[1528,232,657038,657583]
[1529,208,299379,300356]
[1530,144,423366,424241]
[1531,53,303228,303056]
[1532,6,480347,480970]
[1533,76,163243,163283]
[1534,53,248867,248450]
[1535,26,382854,383460]
[1536,14,150327,151066]
[1537,137,315409,315199]
[1538,139,65469,64190]
[1539,100,163167,164095]
[1540,147,311463,310565]
[1541,180,723747,724914]
[1542,124,681437,682426]
[1543,214,36368,36551]
[1544,73,247129,246692]
[1545,186,224626,224823]
[1546,240,148441,149390]
[1547,92,519661,520106]
[1548,49,81386,79892]
[1549,254,45824,46155]
[1550,82,143684,144477]
[1551,113,425271,424778]
[1552,43,250696,249625]
[1553,184,519016,519166]
[1554,129,385347,384180]
[1555,256,184050,185092]
[1556,81,37945,37568]
[1557,43,194654,193287]
[1558,91,86495,86396]
[1559,191,42255,41278]
[1560,217,115800,115747]
[1561,70,72908,74385]
[1562,91,471297,470814]
[1563,248,661338,661596]
[1564,40,97395,97996]
[1565,237,611128,610802]
[1566,112,72364,73575]
[1567,205,476689,475975]
[1568,182,183738,185153]
[1569,5,314506,313801]
[1570,124,717179,718437]
[1571,225,724189,723024]
[1572,142,527416,527916]
[1573,62,157598,158236]
[1574,114,280081,281389]
[1575,168,53218,53729]
[1576,142,174608,175546]
[1577,114,561416,561975]
[1578,102,412857,413585]
[1579,134,5636,5804]
[1580,181,351996,351592]
[1581,80,86157,87388]
[1582,231,521428,521210]
[1583,119,93377,92137]
[1584,86,173494,174097]
[1585,252,48666,49037]
[1586,258,275537,276918]
[1587,121,378793,378702]
[1588,248,246042,246992]
[1589,27,562871,561976]
[1590,173,612140,611194]
[1591,207,593806,592599]
[1592,208,540647,540860]
[1593,60,627510,628590]
[1594,60,696194,696967]
[1595,261,244715,244177]
[1596,114,318795,319581]
[1597,19,477226,476550]
[1598,232,394334,395103]
[1599,120,542804,544121]
[1600,194,81518,81855]
[1601,33,178478,178172]
[1602,1,475767,474533]
[1603,214,317277,317342]
[1604,96,270619,270931]
[1605,217,428237,427329]
[1606,95,701613,700300]
[1607,182,198262,198733]
[1608,129,567846,567586]
[1609,8,244672,244706]
[1610,185,20890,20191]
[1611,196,645998,646597]
[1612,153,248868,248041]
[1613,211,636298,635314]
[1614,102,442013,443196]
[1615,132,340935,341627]
[1616,160,510829,511139]
[1617,12,596845,598099]
[1618,24,172122,172933]
[1619,88,142456,143364]
[1620,197,191563,190172]
[1621,21,79873,78374]
[1622,257,281992,281408]
[1623,219,224222,222863]
[1624,118,574481,574669]
[1625,2,296687,297613]
[1626,164,569561,569921]
[1627,119,571169,569768]
[1628,235,470057,469095]
[1629,110,572206,572898]
[1630,119,358140,357670]
[1631,65,76203,76173]
[1632,49,98047,97797]
[1633,220,230457,231947]
[1634,13,663726,663201]
[1635,156,462130,463451]
[1636,26,457577,458063]
[1637,137,251416,251236]
[1638,230,636153,636612]
[1639,210,235635,236665]
[1640,134,513711,514399]
[1641,64,242326,242454]
[1642,201,82032,81891]
[1643,268,134914,136114]
[1644,226,236901,237517]
[1645,39,691200,691135]
[1646,94,511144,512285]
[1647,90,506544,506980]
[1648,232,299569,300046]
[1649,248,504909,505297]
[1650,139,368920,368255]
[1651,45,530048,529103]
[1652,230,340639,340955]
[1653,232,608651,609998]
[1654,238,16755,17108]
[1655,142,117577,117721]
[1656,136,639024,639073]
[1657,74,349661,350617]
[1658,31,640900,639879]
[1659,221,6498,6235]
[1660,8,533551,534594]
[1661,217,506320,505079]
[1662,191,352019,351431]
[1663,232,148584,149958]
[1664,107,104136,103845]
[1665,109,165371,164066]
[1666,58,10706,11455]
[1667,273,593795,593230]
[1668,98,9783,10596]
[1669,56,253300,254251]
[1670,73,566842,566560]
[1671,60,270337,270931]
[1672,141,496889,495576]
[1673,236,102152,102809]
[1674,47,722717,722501]
[1675,135,53733,53185]
[1676,36,505190,506086]
[1677,245,374472,373311]
[1678,211,448445,448342]
[1679,59,365619,364131]
[1680,143,362077,360680]
[1681,77,574064,572833]
[1682,145,198017,197927]
[1683,32,33826,35037]
[1684,197,383857,382561]
[1685,123,471391,470141]
[1686,245,2012,592]
[1687,97,689137,688514]
[1688,210,511061,512004]
[1689,150,164232,164977]
[1690,238,711139,712605]
[1691,228,486422,486849]
[1692,239,464958,464913]
[1693,81,309185,308381]
[1694,42,726420,726615]
[1695,70,551429,551537]
[1696,127,477156,476447]
[1697,224,631800,633278]
[1698,227,57030,55628]
[1699,1,198736,197721]
[1700,177,603518,602119]
[1701,66,641822,642609]
[1702,272,45017,46494]
[1703,170,349216,349262]
[1704,34,596173,596316]
[1705,266,186971,187431]
[1706,125,385938,385656]
[1707,177,560112,558892]
[1708,21,687782,687646]
[1709,176,726828,728098]
[1710,227,243522,242496]
[1711,182,41214,41321]
[1712,3,674342,673811]
[1713,157,225204,223926]
[1714,93,674806,673784]
[1715,135,327426,326287]
[1716,12,328200,328526]
[1717,272,113494,114769]
[1718,159,725333,724001]
[1719,119,315805,314964]
[1720,245,481815,480393]
[1721,252,302863,303330]
[1722,243,465814,464444]
[1723,116,87256,87981]
[1724,144,518005,519279]
[1725,99,229234,228321]
[1726,249,350766,350259]
[1727,58,668326,669769]
[1728,31,657261,656056]
[1729,76,453332,453616]
[1730,47,230755,229771]
[1731,26,133534,133582]
[1732,0,5929,6063]
[1733,149,394176,393362]
[1734,269,168519,167147]
[1735,21,536537,535887]
[1736,235,700768,700462]
[1737,69,718782,718089]
[1738,233,5294,4591]
[1739,196,710296,710646]
[1740,90,574924,575367]
[1741,133,634849,634121]
[1742,32,644002,644479]
[1743,166,78302,79367]
[1744,12,495783,496634]
[1745,107,543891,542943]
[1746,202,115879,117298]
[1747,74,607682,609174]
[1748,259,420985,420825]
[1749,124,242623,243890]
[1750,200,567750,569211]
[1751,11,408453,408013]
[1752,154,637105,637696]
[1753,201,106724,106375]
[1754,215,409808,409121]
[1755,253,425446,424249]
[1756,121,552854,551692]
[1757,194,697824,699030]
[1758,17,121279,120026]
[1759,97,385565,384921]
[1760,178,249309,250008]
[1761,37,686325,686051]
[1762,35,489232,488597]
[1763,253,668977,667667]
[1764,91,9771,8780]
[1765,169,250535,249041]
[1766,99,56627,55800]
[1767,175,297872,297438]
[1768,63,607236,606840]
[1769,279,278142,277026]
[1770,93,503818,502639]
[1771,231,552638,552005]
[1772,20,669162,670598]
[1773,274,70906,71609]
[1774,266,489635,490967]
[1775,71,460050,458981]
[1776,122,13374,13927]
[1777,28,354890,355236]
[1778,276,40317,40512]
[1779,90,371071,371369]
[1780,270,615972,617299]
[1781,128,221456,221684]
[1782,115,16737,16446]
[1783,206,379844,380919]
[1784,125,593463,593423]
[1785,38,497266,498601]
[1786,262,284016,284119]
[1787,225,654347,653039]
[1788,209,586059,584686]
[1789,111,633216,633080]
[1790,188,314848,315044]
[1791,40,31730,32359]
[1792,103,698214,698056]
[1793,118,719102,719718]
[1794,237,489701,489097]
[1795,190,419966,420044]
[1796,249,104894,103869]
[1797,187,358196,357473]
[1798,86,16021,16746]
[1799,104,117518,118644]
[1800,188,276563,277588]
[1801,55,248003,246863]
[1802,170,166856,167604]
[1803,36,581892,581956]
[1804,85,496589,495567]
[1805,104,418176,418429]
[1806,250,332536,332813]
[1807,204,34760,35855]
[1808,239,233162,232463]
[1809,29,164197,163755]
[1810,129,541183,540027]
[1811,24,261315,261501]
[1812,8,709020,709058]
[1813,71,725078,724534]
[1814,39,609577,608472]
[1815,91,187122,185812]
[1816,264,266156,266542]
[1817,162,685038,685274]
[1818,15,55669,55078]
[1819,246,214598,215961]
[1820,73,119591,119315]
[1821,266,239195,239232]
[1822,36,290927,291556]
[1823,231,270757,269748]
[1824,79,569019,567790]
[1825,95,62210,61554]
[1826,151,668699,668223]
[1827,13,460055,459480]
[1828,192,269650,270675]
[1829,204,492127,492165]
[1830,237,486060,484968]
[1831,159,62283,61752]
[1832,147,19179,17883]
[1833,89,448500,447772]
[1834,214,707186,707368]
[1835,246,455410,456799]
[1836,241,296184,296132]
[1837,55,331166,331123]
[1838,9,210831,210568]
[1839,239,542648,542399]
[1840,61,553146,551955]
[1841,205,149872,149008]
[1842,105,167986,166664]
[1843,14,535471,536653]
[1844,260,428245,429047]
[1845,226,175252,175785]
[1846,274,156170,156870]
[1847,148,281047,282250]
[1848,279,84164,83595]
[1849,133,193391,192007]
[1850,205,78040,76549]
[1851,6,76202,77460]
[1852,117,232121,231475]
[1853,58,639866,641032]
[1854,21,635193,635141]
[1855,263,66754,65409]
[1856,91,467794,467062]
[1857,236,595008,595527]
[1858,159,377356,376215]
[1859,11,328434,327620]
[1860,215,364744,363747]
[1861,172,404620,404778]
[1862,160,445326,445650]
[1863,232,289893,290247]
[1864,159,585688,584282]
[1865,126,187341,188248]
[1866,75,532275,532187]
[1867,85,674840,674415]
[1868,177,391387,390142]
[1869,50,40547,41084]
[1870,30,721090,721252]
[1871,209,8460,7882]
[1872,105,322132,320819]
[1873,151,476770,476561]
[1874,217,368873,368118]
[1875,278,84056,84591]
[1876,17,450788,449976]
[1877,221,343593,343550]
[1878,256,708473,708854]
[1879,250,351187,352151]
[1880,0,666274,667220]
[1881,86,160819,162319]
[1882,32,277733,278645]
[1883,44,186784,187149]
[1884,212,449319,450486]
[1885,57,331082,329980]
[1886,148,138759,139072]
[1887,267,650110,648786]
[1888,48,44074,44193]
[1889,278,117255,117347]
[1890,0,489898,491048]
[1891,265,271317,270541]
[1892,224,559826,560946]
[1893,247,74307,73255]
[1894,149,517953,517162]
[1895,113,86896,86322]
[1896,152,336819,337120]
[1897,176,191450,192757]
[1898,139,49573,48822]
[1899,47,205328,204196]
[1900,45,307663,307557]
[1901,133,5921,4493]
[1902,156,371420,371528]
[1903,194,30925,31085]
[1904,247,136929,136049]
[1905,201,134786,133617]
[1906,152,692741,693957]
[1907,16,168708,168908]
[1908,222,522119,522525]
[1909,128,638339,638773]
[1910,131,524803,524363]
[1911,209,406390,405135]
[1912,24,567820,568858]
[1913,170,345271,345412]
[1914,237,214870,214710]
[1915,105,677230,676082]
[1916,241,507549,506514]
[1917,33,417225,416131]
[1918,259,320482,319008]
[1919,245,3420,3365]
[1920,17,633147,632583]
[1921,22,61558,63033]
[1922,56,393564,394017]
[1923,15,286356,285518]
[1924,89,129155,128074]
[1925,175,78041,77608]
[1926,228,226867,227677]
[1927,93,348586,348542]
[1928,189,590112,589050]
[1929,44,126637,127657]
[1930,204,546720,547280]
[1931,41,130348,130119]
[1932,69,726774,725376]
[1933,31,397678,396272]
[1934,46,554321,555424]
[1935,41,43713,42816]
[1936,277,365638,365477]
[1937,76,607638,607812]
[1938,141,438149,436998]
[1939,117,660271,659547]
[1940,277,102456,101666]
[1941,106,495610,496465]
[1942,224,650276,651004]
[1943,125,3334,1919]
[1944,163,543665,542707]
[1945,19,644208,643775]
[1946,53,674668,673308]
[1947,226,605451,605907]
[1948,256,492,796]
[1949,87,334395,333040]
[1950,129,477042,476724]
