["head":"wrap","lpos","status"]
[195,107908,0]
["io count"]
[20]
["io":"id","wrap","startLpos","endLpos"]
[1,152,299705,300623]
[2,259,470470,470254]
[3,14,659916,660852]
[4,75,54889,54187]
[5,90,609310,610192]
[6,78,429119,430379]
[7,250,32756,33730]
[8,90,634834,635454]
[9,141,303165,302557]
[10,203,445912,444669]
[11,119,280101,279829]
[12,102,687304,687535]
[13,225,447648,447177]
[14,197,39477,39392]
[15,266,42094,42575]
[16,251,281574,280774]
[17,250,218384,218679]
[18,139,141460,140562]
[19,49,330265,329272]
[20,119,374380,373999]
