["head":"wrap","lpos","status"]
[159,649146,0]
["io count"]
[200]
["io":"id","wrap","startLpos","endLpos"]
[1,47,644579,643721]
[2,238,490945,492024]
[3,258,375965,377245]
[4,17,690587,690228]
[5,104,428306,429263]
[6,125,246947,246694]
[7,25,415501,415429]
[8,171,528761,528053]
[9,107,105787,105488]
[10,216,114710,114824]
[11,90,672304,673141]
[12,47,602590,601211]
[13,261,496397,495379]
[14,181,482014,481896]
[15,224,577131,577456]
[16,243,678515,678370]
[17,105,136553,135491]
[18,239,673507,673143]
[19,64,529081,530210]
[20,213,281843,281322]
[21,137,197911,197052]
[22,175,344824,344348]
[23,142,88955,90302]
[24,91,235085,234201]
[25,199,418283,416846]
[26,143,78950,78611]
[27,40,699581,700328]
[28,69,55457,55323]
[29,47,255671,255599]
[30,66,580188,581163]
[31,231,98676,98329]
[32,180,680930,681265]
[33,62,699008,700255]
[34,182,469828,470096]
[35,92,566013,566855]
[36,99,140996,140003]
[37,69,344087,343050]
[38,233,59335,58695]
[39,76,699661,700315]
[40,32,177117,178025]
[41,156,145892,147011]
[42,241,647842,646807]
[43,52,697304,698331]
[44,231,10110,9972]
[45,25,333699,332526]
[46,157,138884,137540]
[47,56,383250,384704]
[48,227,210785,209891]
[49,186,461017,462145]
[50,176,471014,471292]
[51,138,651672,653136]
[52,63,385892,385595]
[53,143,411445,410724]
[54,157,124346,123124]
[55,12,178129,179539]
[56,149,681182,679722]
[57,104,427710,428256]
[58,37,539892,539765]
[59,184,568252,568299]
[60,156,74723,75711]
[61,10,713408,714338]
[62,275,262948,262428]
[63,44,543753,545004]
[64,183,172790,172381]
[65,11,291017,289877]
[66,2,372871,373051]
[67,90,584577,584792]
[68,261,371321,370908]
[69,133,23611,22763]
[70,276,604011,605013]
[71,186,389964,390901]
[72,158,726823,727938]
[73,144,1099,2026]
[74,113,680812,679405]
[75,186,716433,717909]
[76,29,720970,720503]
[77,118,320649,321818]
[78,220,652470,652898]
[79,179,661131,660916]
[80,227,88459,87271]
[81,129,90950,90087]
[82,91,380280,380183]
[83,56,618433,618788]
[84,263,373565,372975]
[85,3,224778,223308]
[86,202,715809,716605]
[87,91,10900,9944]
[88,192,303908,303946]
[89,251,482776,482352]
[90,152,430210,430912]
[91,33,622298,622213]
[92,27,486087,484844]
[93,108,445237,445817]
[94,4,415907,416183]
[95,46,535717,536710]
[96,43,195180,194549]
[97,45,84438,83598]
[98,160,667872,668640]
[99,46,668011,668273]
[100,67,526271,525860]
[101,177,436476,435879]
[102,11,308915,308715]
[103,238,446199,447388]
[104,74,439425,439664]
[105,257,37596,36184]
[106,169,231614,230627]
[107,211,373582,372651]
[108,213,685852,684928]
[109,142,326159,326952]
[110,204,121863,122977]
[111,28,96305,97138]
[112,12,331576,332887]
[113,269,421808,420414]
[114,185,280354,279385]
[115,65,307330,306052]
[116,213,418066,416980]
[117,116,147714,149065]
[118,102,641873,643064]
[119,92,134577,135480]
[120,248,529811,530869]
[121,32,489053,489291]
[122,52,646721,647661]
[123,201,165762,164862]
[124,233,550923,550714]
[125,31,415912,415708]
[126,222,617612,618123]
[127,129,537350,536741]
[128,179,71958,71037]
[129,179,316346,315211]
[130,20,178546,179778]
[131,277,556029,554977]
[132,73,238245,237278]
[133,87,6443,5337]
[134,177,110687,110614]
[135,217,187082,186129]
[136,5,151362,151107]
[137,259,12933,12419]
[138,20,111970,112541]
[139,172,689787,690679]
[140,166,354508,354822]
[141,87,453449,452429]
[142,213,575747,574906]
[143,261,369423,368986]
[144,58,201541,202695]
[145,229,28847,28654]
[146,66,707862,709250]
[147,224,536168,537272]
[148,187,485181,484088]
[149,72,629793,630888]
[150,189,422674,422437]
[151,262,523036,523562]
[152,242,404627,405210]
[153,201,293031,292759]
[154,157,618091,617838]
[155,5,518768,518529]
[156,34,656168,656995]
[157,91,257846,256612]
[158,184,629602,630634]
[159,237,550060,548768]
[160,232,399215,400661]
[161,163,459690,458527]
[162,185,692386,691605]
[163,22,329691,330474]
[164,69,128974,128108]
[165,250,347856,349143]
[166,242,629462,630506]
[167,142,94513,94598]
[168,75,364036,363258]
[169,114,647447,648835]
[170,1,694293,693852]
[171,125,131837,130826]
[172,246,304118,304372]
[173,110,66076,67461]
[174,172,617052,617966]
[175,221,104952,103931]
[176,102,131835,132320]
[177,176,134099,134293]
[178,12,22918,23014]
[179,131,502581,502072]
[180,228,172437,173758]
[181,166,50272,50346]
[182,201,490215,489071]
[183,167,212778,211662]
[184,17,681115,681019]
[185,173,99895,98926]
[186,163,605860,605436]
[187,7,186380,185014]
[188,131,174253,173818]
[189,201,234023,233836]
[190,270,568169,568946]
[191,152,423535,423696]
[192,0,406717,406883]
[193,60,541187,542506]
[194,165,66459,65450]
[195,43,312976,311609]
[196,97,545275,544674]
[197,131,515921,514516]
[198,155,404115,403380]
[199,210,632112,632523]
[200,166,445451,445817]
