["head":"wrap","lpos","status"]
[123,196434,0]
["io count"]
[2000]
["io":"id","wrap","startLpos","endLpos"]
[1,52,392454,393329]
[2,8,186037,187010]
[3,183,168997,168293]
[4,133,572193,571884]
[5,153,3595,2613]
[6,118,328751,330117]
[7,48,296691,297454]
[8,117,409508,408646]
[9,224,187095,187131]
[10,239,131428,130843]
[11,47,13453,12787]
[12,200,468605,468972]
[13,204,571948,573396]
[14,113,232377,231376]
[15,262,444446,444689]
[16,1,359428,358625]
[17,148,154281,154574]
[18,181,152211,151331]
[19,241,721841,721357]
[20,86,69839,71072]
[21,205,624002,623338]
[22,30,652973,653877]
[23,266,175683,176262]
[24,89,390220,388899]
[25,44,4586,6029]
[26,46,278817,279624]
[27,8,621605,621872]
[28,98,263887,264813]
[29,193,326654,325160]
[30,59,29067,28397]
[31,267,330504,329602]
[32,189,480429,480049]
[33,264,143979,145100]
[34,202,482305,483431]
[35,113,652657,651347]
[36,20,32174,32940]
[37,241,695199,694476]
[38,150,610334,610686]
[39,45,407213,406206]
[40,9,285940,285200]
[41,104,348384,349833]
[42,84,464799,465005]
[43,66,706626,706954]
[44,13,395381,395309]
[45,71,268791,268339]
[46,29,159698,158699]
[47,100,74340,75671]
[48,110,11175,12598]
[49,279,477946,477539]
[50,138,252130,252822]
[51,67,442605,442381]
[52,106,404280,405498]
[53,46,406643,407335]
[54,70,260958,261335]
[55,119,649188,648485]
[56,256,31252,31810]
[57,89,354827,353494]
[58,246,346473,347742]
[59,150,184757,185125]
[60,28,670061,670786]
[61,45,309123,308190]
[62,79,122241,121919]
[63,269,130677,130060]
[64,270,538727,539863]
[65,26,91876,92635]
[66,262,586208,586533]
[67,199,548556,548066]
[68,196,108643,109980]
[69,27,399652,398859]
[70,186,583934,584225]
[71,143,301902,301639]
[72,217,353367,351940]
[73,243,135187,133986]
[74,279,648705,648408]
[75,215,492306,491444]
[76,12,365706,366213]
[77,119,625160,624054]
[78,52,628510,629096]
[79,184,464088,465266]
[80,32,129484,130188]
[81,201,37658,37566]
[82,147,726090,724625]
[83,122,533502,534097]
[84,26,512246,512808]
[85,94,38442,38924]
[86,112,101626,101955]
[87,144,233653,234450]
[88,194,479071,480039]
[89,21,326091,325439]
[90,113,698625,697982]
[91,78,274805,276217]
[92,108,448376,448839]
[93,82,61415,62392]
[94,94,563293,563904]
[95,29,532753,531415]
[96,152,155105,155219]
[97,165,305439,304088]
[98,133,318909,318490]
[99,277,48261,46774]
[100,172,206147,206693]
[101,76,97126,98243]
[102,118,707053,707553]
[103,82,473154,473696]
[104,48,607008,607748]
[105,45,586340,585391]
[106,31,340878,340116]
[107,51,488901,488382]
[108,202,233324,233566]
[109,120,233493,233992]
[110,60,380313,381034]
[111,13,272227,271359]
[112,253,129409,128807]
[113,163,161748,161539]
[114,17,432112,431576]
[115,264,537294,537571]
[116,102,600932,601044]
[117,103,412880,411863]
[118,153,106866,105559]
[119,197,100961,99811]
[120,161,321047,320726]
[121,185,514225,513610]
[122,22,276684,277747]
[123,252,309253,309622]
[124,173,560707,559761]
[125,222,408406,408607]
[126,190,689252,690536]
[127,210,475613,476841]
[128,132,348862,349866]
[129,42,435541,436534]
[130,204,548236,549440]
[131,215,638804,637742]
[132,204,24138,25366]
[133,60,490257,491672]
[134,10,644958,646350]
[135,217,426718,426431]
[136,104,152738,154071]
[137,158,492532,493009]
[138,232,50057,51172]
[139,61,272953,271462]
[140,142,563324,564088]
[141,257,503360,503220]
[142,163,524657,523928]
[143,115,570953,569925]
[144,101,361466,360700]
[145,212,27425,28436]
[146,108,729924,730535]
[147,61,558629,557188]
[148,241,244376,244032]
[149,41,112590,112220]
[150,244,422157,422418]
[151,59,115357,114615]
[152,184,212955,213243]
[153,158,130744,132234]
[154,89,231932,231313]
[155,194,640121,641336]
[156,24,99418,100152]
[157,135,464661,464184]
[158,23,156666,156392]
[159,156,327080,327619]
[160,273,398803,398126]
[161,3,311729,311598]
[162,192,178979,179931]
[163,252,614322,615155]
[164,23,511110,510436]
[165,123,99149,98201]
[166,166,545149,545819]
[167,204,38800,38978]
[168,23,41158,40981]
[169,239,456555,455794]
[170,115,500527,499288]
[171,29,328995,328206]
[172,8,195444,196579]
[173,148,647911,647996]
[174,151,87905,87273]
[175,231,367688,366429]
[176,224,188835,189185]
[177,204,657490,658930]
[178,122,615648,615998]
[179,21,649538,648543]
[180,49,51684,51390]
[181,278,634175,634809]
[182,234,236673,237136]
[183,181,34655,33270]
[184,70,259927,260878]
[185,31,57419,57122]
[186,257,209287,209065]
[187,39,234288,233750]
[188,247,724328,723581]
[189,185,244960,244634]
[190,162,164013,164303]
[191,0,261571,262818]
[192,149,530380,529485]
[193,148,623453,624365]
[194,22,327093,327989]
[195,87,482036,481188]
[196,188,100229,100661]
[197,86,452743,454169]
[198,13,247483,246640]
[199,226,211672,213091]
[200,190,330160,331108]
[201,127,83697,83415]
[202,256,241107,242588]
[203,173,549833,548641]
[204,19,167727,167331]
[205,265,385075,384696]
[206,234,705938,706373]
[207,126,407094,408391]
[208,190,224261,225001]
[209,98,20867,22052]
[210,141,388937,388479]
[211,17,232682,231844]
[212,146,580701,582169]
[213,274,63486,64599]
[214,89,304679,303291]
[215,74,679361,680433]
[216,47,131297,130667]
[217,137,365942,364808]
[218,176,503543,504091]
[219,65,603390,602758]
[220,57,389240,388058]
[221,238,601240,602408]
[222,152,579220,579958]
[223,257,606792,605959]
[224,226,526210,526671]
[225,137,39431,38530]
[226,122,400114,400172]
[227,101,642315,641138]
[228,115,505577,504538]
[229,0,360924,362228]
[230,46,217467,218529]
[231,176,570218,571625]
[232,238,646938,648047]
[233,181,14974,13939]
[234,160,714479,715854]
[235,270,21412,21490]
[236,29,381219,380119]
[237,268,668584,669119]
[238,90,698332,698934]
[239,35,314604,314018]
[240,165,527940,527794]
[241,118,508266,509592]
[242,7,716128,715113]
[243,168,411839,412630]
[244,53,56716,56089]
[245,170,180224,180517]
[246,110,304258,304361]
[247,245,34001,32593]
[248,67,530286,529487]
[249,230,685838,686501]
[250,13,689790,689321]
[251,240,654505,655351]
[252,56,495633,495983]
[253,137,361369,359877]
[254,142,240835,241891]
[255,10,506498,506711]
[256,52,29181,29937]
[257,215,324074,322990]
[258,264,553230,554411]
[259,271,349279,348692]
[260,146,185250,185291]
[261,87,551655,551624]
[262,130,311670,312141]
[263,251,414734,413437]
[264,118,312608,313661]
[265,209,237027,236464]
[266,31,68363,67470]
[267,106,245371,246415]
[268,5,585864,584496]
[269,226,208764,208809]
[270,100,401830,402332]
[271,135,66376,65425]
[272,179,73988,72904]
[273,193,410768,410622]
[274,178,139077,139108]
[275,67,612916,612458]
[276,236,343671,345102]
[277,212,688114,688233]
[278,156,426180,427231]
[279,32,695485,696023]
[280,86,82916,83720]
[281,95,466812,465409]
[282,220,251536,252173]
[283,19,52207,50737]
[284,225,31999,30672]
[285,273,662106,660720]
[286,38,467823,469240]
[287,67,47585,46609]
[288,198,517221,518260]
[289,168,15263,15803]
[290,114,326479,327237]
[291,101,455857,454605]
[292,67,393490,393452]
[293,177,466688,465769]
[294,225,45662,44755]
[295,201,627987,627424]
[296,155,404172,403764]
[297,11,284391,283953]
[298,103,523448,522047]
[299,27,219083,217774]
[300,256,65174,66655]
[301,251,488853,488277]
[302,259,548219,548110]
[303,21,277251,275825]
[304,26,467065,467575]
[305,257,20644,19949]
[306,51,572262,571876]
[307,250,641437,642787]
[308,155,319949,319874]
[309,269,400352,400145]
[310,113,45307,44812]
[311,233,285423,285094]
[312,11,236057,234991]
[313,249,522886,522854]
[314,91,430376,429026]
[315,39,318306,317686]
[316,212,34826,36009]
[317,57,192222,192039]
[318,0,118836,119559]
[319,165,169660,168418]
[320,240,576901,577143]
[321,139,123996,123440]
[322,238,110904,111703]
[323,88,578094,578699]
[324,276,38934,39189]
[325,45,328705,327989]
[326,86,955,2367]
[327,169,254315,253279]
[328,142,568235,569731]
[329,156,540785,542090]
[330,165,70758,69258]
[331,71,520074,519417]
[332,167,497108,495708]
[333,133,483636,483180]
[334,173,113040,111554]
[335,131,179713,179661]
[336,44,687538,688858]
[337,195,239077,238556]
[338,185,673722,672505]
[339,224,635002,635939]
[340,54,374329,375286]
[341,52,540912,541760]
[342,83,333477,333248]
[343,147,722890,721916]
[344,174,414690,415796]
[345,248,324232,325421]
[346,11,83545,82148]
[347,41,439785,438622]
[348,231,430898,429481]
[349,60,119189,120367]
[350,87,513658,513393]
[351,174,331903,332507]
[352,21,557481,556358]
[353,76,526953,528406]
[354,206,50388,51392]
[355,265,475993,475473]
[356,135,235845,235633]
[357,201,431243,430961]
[358,73,563134,561873]
[359,167,21216,20044]
[360,159,440928,440378]
[361,97,545853,545756]
[362,228,223684,224238]
[363,195,116724,115498]
[364,254,412880,413076]
[365,173,206637,205291]
[366,228,23373,23451]
[367,95,181377,180502]
[368,250,698691,699490]
[369,213,472097,471954]
[370,29,37289,37043]
[371,146,322046,322157]
[372,130,338660,339160]
[373,123,506459,505346]
[374,83,166673,166189]
[375,114,324521,324695]
[376,146,182395,183138]
[377,193,730874,730203]
[378,178,109108,109901]
[379,238,317445,317612]
[380,225,343831,342801]
[381,14,571380,572219]
[382,53,381394,380249]
[383,9,420326,419020]
[384,193,148742,148217]
[385,272,497890,499323]
[386,220,42574,43296]
[387,172,293997,294412]
[388,35,63918,63320]
[389,212,83842,84143]
[390,25,509762,509723]
[391,139,709302,707950]
[392,99,652286,652112]
[393,141,716419,715601]
[394,70,469686,469962]
[395,164,636449,637923]
[396,258,66450,66738]
[397,227,119744,119580]
[398,74,710638,712116]
[399,146,496565,497651]
[400,35,429013,427973]
[401,160,33706,34258]
[402,60,726130,726800]
[403,276,644866,645237]
[404,185,77747,76476]
[405,115,196576,195240]
[406,161,365409,365239]
[407,89,589943,588873]
[408,31,94045,93958]
[409,236,339663,341065]
[410,5,66236,66139]
[411,239,722657,721800]
[412,156,167265,168473]
[413,32,145028,146110]
[414,168,6285,6771]
[415,140,417910,418164]
[416,222,618565,619541]
[417,63,238009,237283]
[418,151,47751,46893]
[419,62,280324,280902]
[420,91,304653,304101]
[421,117,93440,92489]
[422,112,482739,483438]
[423,185,186979,186353]
[424,239,137085,135818]
[425,175,638219,637677]
[426,270,272326,272940]
[427,163,559211,558619]
[428,181,415888,414757]
[429,137,398413,398215]
[430,246,457486,458119]
[431,222,325937,326426]
[432,265,542539,541346]
[433,12,373305,373553]
[434,203,394548,393716]
[435,18,217549,218337]
[436,258,363859,364146]
[437,130,631237,631296]
[438,128,163202,163237]
[439,44,539592,540470]
[440,206,141060,142119]
[441,88,449134,449719]
[442,256,708994,710005]
[443,182,477803,477864]
[444,49,115010,113705]
[445,37,592265,591572]
[446,20,309927,310947]
[447,72,124804,126060]
[448,187,246474,245808]
[449,39,521546,521018]
[450,80,286666,286852]
[451,167,509623,509016]
[452,231,677390,676797]
[453,119,722040,721848]
[454,14,721454,722493]
[455,206,394828,395897]
[456,188,167012,167558]
[457,0,157450,158852]
[458,193,284189,283291]
[459,194,329029,329835]
[460,177,691440,691020]
[461,250,210909,212079]
[462,174,280670,281267]
[463,5,241954,240765]
[464,156,396065,396726]
[465,120,305316,306723]
[466,47,481971,481478]
[467,89,536742,535460]
[468,95,712825,712124]
[469,161,683004,682059]
[470,110,344310,344738]
[471,97,129664,128228]
[472,229,509676,509151]
[473,71,140367,139917]
[474,142,440339,441481]
[475,206,442287,442393]
[476,57,610536,610469]
[477,53,620587,619214]
[478,159,488831,487726]
[479,180,643613,644195]
[480,108,101418,102731]
[481,107,729280,729138]
[482,4,102706,104179]
[483,141,612364,612256]
[484,39,724604,724195]
[485,16,131983,133466]
[486,67,393509,392939]
[487,25,162100,161065]
[488,248,511096,511514]
[489,265,620139,619813]
[490,145,588297,587057]
[491,44,484725,485966]
[492,156,391662,392428]
[493,67,631870,631702]
[494,208,153787,154562]
[495,4,86574,86932]
[496,26,324288,325786]
[497,138,44725,45623]
[498,35,60325,59004]
[499,79,501720,501456]
[500,207,628905,628590]
[501,171,130901,130651]
[502,30,336213,337181]
[503,78,538527,538729]
[504,6,147428,148095]
[505,184,25528,25561]
[506,196,298001,298331]
[507,266,579991,581205]
[508,95,601536,601257]
[509,107,272953,272630]
[510,136,384488,385322]
[511,225,593407,592116]
[512,233,47452,46408]
[513,92,19211,20222]
[514,220,210590,211792]
[515,179,556728,555987]
[516,104,38821,39850]
[517,51,522604,521909]
[518,209,683622,682624]
[519,181,527394,526110]
[520,183,651765,651258]
[521,102,648412,649711]
[522,16,527308,528308]
[523,79,204031,203456]
[524,30,39539,40923]
[525,96,4374,4406]
[526,105,506314,506154]
[527,218,98187,98226]
[528,86,371822,372208]
[529,90,331379,332149]
[530,36,59503,60459]
[531,107,347969,346497]
[532,209,67482,66228]
[533,81,544557,544401]
[534,213,436710,436646]
[535,107,134559,134086]
[536,181,582584,582295]
[537,204,216152,217421]
[538,9,569507,568116]
[539,5,457977,456869]
[540,249,628302,626915]
[541,189,450834,449698]
[542,88,137788,137999]
[543,78,317486,318588]
[544,86,540139,541590]
[545,118,60727,61190]
[546,269,182790,182694]
[547,124,311434,312081]
[548,48,480796,481942]
[549,185,455432,454755]
[550,229,2686,1934]
[551,10,309017,310094]
[552,10,221505,222716]
[553,137,117370,116669]
[554,162,33649,33722]
[555,237,56996,56504]
[556,116,1057,1936]
[557,238,191069,192137]
[558,240,712321,712610]
[559,258,465212,465280]
[560,251,79472,78740]
[561,60,498141,498539]
[562,58,489493,490985]
[563,202,701355,701834]
[564,58,685769,686188]
[565,68,112806,113521]
[566,173,711932,710733]
[567,159,241046,240237]
[568,239,559604,559309]
[569,80,196849,197975]
[570,129,568460,567168]
[571,109,175655,174330]
[572,90,500282,501160]
[573,187,317676,317282]
[574,165,225384,224359]
[575,116,313170,314316]
[576,223,487377,486485]
[577,154,52246,53710]
[578,257,537295,536732]
[579,64,474665,475989]
[580,8,582882,583060]
[581,96,95465,95497]
[582,109,503884,502393]
[583,115,728428,727050]
[584,210,447832,448933]
[585,200,527508,529007]
[586,64,143812,144790]
[587,195,181850,181674]
[588,232,427682,428351]
[589,92,650246,651218]
[590,6,631151,632650]
[591,168,1853,2083]
[592,263,245991,245933]
[593,2,645106,646414]
[594,18,227504,228009]
[595,27,600893,599651]
[596,265,345478,344752]
[597,62,96245,97197]
[598,74,343942,344929]
[599,123,90423,89910]
[600,46,527001,528083]
[601,249,392740,392248]
[602,20,553431,553585]
[603,23,540638,540553]
[604,141,612268,612237]
[605,52,531116,531394]
[606,187,492650,492244]
[607,76,164332,165328]
[608,8,113886,115010]
[609,213,428058,427964]
[610,109,418523,417654]
[611,20,28259,28586]
[612,248,264875,265548]
[613,82,609959,610185]
[614,20,231718,232724]
[615,247,453247,451776]
[616,217,640483,640122]
[617,119,721256,720214]
[618,205,217648,216921]
[619,154,2552,3602]
[620,208,95395,96112]
[621,120,661214,661488]
[622,96,44122,45091]
[623,47,147663,147154]
[624,247,134559,134186]
[625,64,132249,132731]
[626,46,167078,167386]
[627,43,43148,41894]
[628,237,322414,320948]
[629,110,201537,202493]
[630,74,676560,676704]
[631,115,628642,627723]
[632,203,85865,84915]
[633,220,352685,353575]
[634,31,466780,465434]
[635,225,700213,699836]
[636,128,154019,154709]
[637,206,201266,201890]
[638,6,203315,204782]
[639,71,475408,474738]
[640,185,299177,298438]
[641,270,71822,72846]
[642,228,330135,331502]
[643,239,575404,574895]
[644,36,287353,287400]
[645,17,83867,83009]
[646,56,54071,55096]
[647,194,583305,584108]
[648,197,584858,584824]
[649,98,304481,304923]
[650,107,159049,158161]
[651,96,570934,572315]
[652,178,613340,614608]
[653,35,458773,457667]
[654,4,241244,241649]
[655,194,412508,412716]
[656,94,450546,451475]
[657,75,572703,571660]
[658,5,252227,251677]
[659,151,234833,233765]
[660,81,151936,150739]
[661,236,719807,721072]
[662,141,14104,13954]
[663,65,583001,582251]
[664,41,174429,174014]
[665,48,411232,411467]
[666,241,135921,134853]
[667,214,114116,114878]
[668,30,384430,385477]
[669,213,494533,494055]
[670,32,102670,102973]
[671,192,119296,119867]
[672,199,646546,646071]
[673,10,495129,495167]
[674,151,229291,227911]
[675,207,449228,448621]
[676,78,198467,199195]
[677,129,479737,479391]
[678,91,650226,649164]
[679,201,357428,356105]
[680,92,382099,383082]
[681,40,367545,369034]
[682,200,135961,137062]
[683,259,626331,625549]
[684,14,111813,112027]
[685,5,345771,344754]
[686,123,376464,375969]
[687,112,220103,220196]
[688,279,384469,383167]
[689,250,655074,656532]
[690,98,165645,166203]
[691,72,591049,591355]
[692,178,652037,653087]
[693,114,714444,715785]
[694,54,506232,507264]
[695,19,597955,597516]
[696,59,654049,652801]
[697,88,262289,263235]
[698,108,686105,686549]
[699,207,665311,665094]
[700,175,641082,640507]
[701,156,511439,511547]
[702,83,355490,354637]
[703,182,523541,524458]
[704,52,74995,76203]
[705,32,564017,564790]
[706,84,348009,348966]
[707,187,692280,692235]
[708,38,26152,27542]
[709,45,659941,658939]
[710,60,260325,260842]
[711,40,268654,269398]
[712,39,68836,68107]
[713,1,336024,335506]
[714,157,53680,52265]
[715,28,519691,520038]
[716,178,703351,704687]
[717,192,402212,403536]
[718,106,230411,230877]
[719,149,61450,60215]
[720,94,475303,476360]
[721,261,143782,142547]
[722,92,157688,158538]
[723,160,386041,386828]
[724,137,256585,256201]
[725,27,567262,566568]
[726,99,327427,326980]
[727,190,241723,242653]
[728,220,150500,151390]
[729,206,709811,710808]
[730,194,639346,640247]
[731,203,402809,401331]
[732,268,419869,420944]
[733,134,575866,575965]
[734,31,340121,339349]
[735,100,644565,645588]
[736,151,243401,243347]
[737,129,723327,722921]
[738,139,570294,569947]
[739,68,573275,574657]
[740,154,400459,400975]
[741,91,299947,298855]
[742,90,313406,314647]
[743,104,656774,657630]
[744,40,265425,265878]
[745,34,32540,33236]
[746,49,720521,720236]
[747,32,686686,687250]
[748,184,62499,63571]
[749,146,484555,485539]
[750,126,170449,170935]
[751,173,285111,284573]
[752,83,457924,457014]
[753,78,99394,99548]
[754,187,67228,65823]
[755,173,688202,686980]
[756,111,410570,409074]
[757,20,447446,447865]
[758,227,336264,335596]
[759,13,441387,440946]
[760,12,579015,579225]
[761,2,408075,408786]
[762,205,208519,207140]
[763,121,475716,475433]
[764,144,246279,246412]
[765,134,556571,556829]
[766,81,495950,494471]
[767,232,324198,324472]
[768,23,666707,665486]
[769,124,74985,75016]
[770,145,347830,347080]
[771,44,416386,417110]
[772,23,562114,560940]
[773,195,84926,83946]
[774,91,70646,69809]
[775,220,27631,28851]
[776,235,648101,647634]
[777,30,682456,683246]
[778,272,391235,391469]
[779,11,157971,157818]
[780,230,604457,604517]
[781,41,73308,73102]
[782,41,124913,124587]
[783,119,588830,587645]
[784,138,240173,240682]
[785,49,140448,139930]
[786,226,302021,302163]
[787,68,256,1341]
[788,240,643738,644191]
[789,179,349823,348775]
[790,26,477531,478814]
[791,66,719727,719871]
[792,95,673622,672789]
[793,133,205733,205114]
[794,239,41353,40375]
[795,257,692005,691057]
[796,250,300993,301733]
[797,247,504264,504070]
[798,229,386424,385617]
[799,32,200852,200924]
[800,106,110374,110906]
[801,199,343664,342868]
[802,187,383347,383029]
[803,106,398779,399319]
[804,64,656891,658281]
[805,3,315832,315186]
[806,212,510504,511069]
[807,86,355475,355533]
[808,47,184468,183676]
[809,118,18680,20020]
[810,132,50761,51082]
[811,169,227071,226426]
[812,110,381530,381829]
[813,166,340696,341599]
[814,129,320335,319603]
[815,12,412980,413069]
[816,13,222327,221858]
[817,210,395830,396238]
[818,209,10359,9304]
[819,137,121179,120500]
[820,193,538340,537631]
[821,60,483450,484152]
[822,121,479904,479179]
[823,191,586688,586186]
[824,182,119154,119391]
[825,16,409521,409720]
[826,156,280942,281240]
[827,98,523356,524232]
[828,57,297391,297203]
[829,102,544390,544628]
[830,105,501849,501380]
[831,44,29999,31267]
[832,174,248189,248980]
[833,58,364883,365949]
[834,34,553864,554522]
[835,232,47618,47859]
[836,173,485568,485079]
[837,227,488120,487209]
[838,203,458418,457001]
[839,110,334919,336385]
[840,115,156062,154662]
[841,260,389809,390890]
[842,14,633232,634388]
[843,268,201264,202017]
[844,64,43143,44299]
[845,140,380263,381327]
[846,37,249442,248455]
[847,98,81366,82402]
[848,52,683838,685163]
[849,244,392749,393319]
[850,9,659599,659184]
[851,76,62169,62608]
[852,243,213224,212215]
[853,258,470754,472002]
[854,70,430057,430163]
[855,223,190686,189936]
[856,29,118095,116888]
[857,101,108312,107086]
[858,210,85524,85607]
[859,206,131325,132625]
[860,223,704464,704346]
[861,145,655214,654302]
[862,62,639447,639971]
[863,180,261015,261573]
[864,279,690863,690633]
[865,101,118398,118298]
[866,167,714280,712860]
[867,267,200636,200009]
[868,179,701587,700965]
[869,234,72394,72568]
[870,66,392669,392721]
[871,58,442967,443270]
[872,198,627986,628443]
[873,5,4110,3645]
[874,204,169280,170273]
[875,118,326790,327964]
[876,120,606834,607076]
[877,138,133531,134987]
[878,151,399583,399289]
[879,88,249370,249409]
[880,184,494464,494505]
[881,246,69688,70167]
[882,30,236813,237534]
[883,251,515107,514751]
[884,129,144550,143119]
[885,48,620959,622031]
[886,233,304632,303139]
[887,256,323769,324857]
[888,69,197602,196410]
[889,50,714529,715518]
[890,91,608777,607930]
[891,231,354716,354317]
[892,116,640365,641777]
[893,145,589666,588738]
[894,20,527362,527991]
[895,183,686618,685192]
[896,59,136513,136266]
[897,35,197548,196394]
[898,101,310388,310193]
[899,202,23985,24699]
[900,72,522933,523196]
[901,279,700348,699362]
[902,183,243069,241725]
[903,76,239209,240081]
[904,83,631228,630829]
[905,141,211638,210249]
[906,72,287577,288155]
[907,133,623161,622238]
[908,140,674354,674758]
[909,112,121611,122320]
[910,40,330915,331567]
[911,132,605061,606045]
[912,218,721014,722156]
[913,84,334444,335833]
[914,192,395305,395452]
[915,232,248423,248659]
[916,69,688479,688319]
[917,200,150403,150575]
[918,196,688921,689922]
[919,261,617071,616769]
[920,57,210497,209390]
[921,2,545512,546739]
[922,95,641766,640808]
[923,134,161868,162208]
[924,224,62666,63448]
[925,176,658660,658980]
[926,18,416507,417181]
[927,59,235701,235541]
[928,129,446816,445824]
[929,20,665286,666767]
[930,104,673820,675267]
[931,77,106067,105745]
[932,20,564813,564983]
[933,212,462260,463538]
[934,16,495740,496673]
[935,18,197343,197952]
[936,237,266155,265443]
[937,258,265945,267150]
[938,131,408411,407020]
[939,76,53921,54751]
[940,259,216677,216326]
[941,122,10573,11784]
[942,82,355635,355852]
[943,21,277792,276467]
[944,31,315354,314139]
[945,193,657493,656137]
[946,217,584582,583543]
[947,211,404340,403224]
[948,61,472913,472120]
[949,99,107780,106393]
[950,165,497891,497406]
[951,242,150004,150355]
[952,134,84653,84935]
[953,261,128785,127979]
[954,267,163071,162756]
[955,133,465935,464523]
[956,162,225981,226899]
[957,269,422801,421510]
[958,51,169095,168398]
[959,143,471682,471164]
[960,19,500700,500487]
[961,22,511987,513382]
[962,171,170307,169291]
[963,197,588825,587461]
[964,279,133891,132663]
[965,96,233579,233686]
[966,236,546429,547785]
[967,141,315419,314955]
[968,12,222883,223963]
[969,151,355183,354252]
[970,108,68284,69214]
[971,47,257696,257630]
[972,23,706883,706036]
[973,12,593212,594219]
[974,115,327099,326664]
[975,107,489448,489160]
[976,25,460180,458694]
[977,170,422984,423381]
[978,169,716831,715898]
[979,78,33582,34785]
[980,83,459287,459014]
[981,224,261364,261467]
[982,177,619485,618775]
[983,155,77655,76779]
[984,245,487922,487239]
[985,4,248747,250137]
[986,272,325885,326999]
[987,238,616483,616604]
[988,5,490199,488742]
[989,49,447416,447203]
[990,26,7841,8285]
[991,206,593216,593277]
[992,204,66614,67062]
[993,213,590045,589807]
[994,70,345971,347039]
[995,43,20807,20131]
[996,41,645124,643941]
[997,18,611093,612279]
[998,245,468974,468374]
[999,28,588947,589943]
[1000,191,198197,198055]
[1001,58,539859,540440]
[1002,108,394248,395501]
[1003,117,597115,595946]
[1004,45,479028,477905]
[1005,102,83746,84698]
[1006,151,691535,690708]
[1007,191,599815,598880]
[1008,32,120753,121681]
[1009,138,65889,66337]
[1010,108,442286,443003]
[1011,84,49872,51254]
[1012,132,434782,435114]
[1013,9,376349,376210]
[1014,125,281742,280427]
[1015,54,582382,583021]
[1016,161,231260,230915]
[1017,104,441275,441906]
[1018,222,519690,520659]
[1019,27,696256,694902]
[1020,168,566932,567251]
[1021,196,699804,700361]
[1022,204,304186,305627]
[1023,123,76229,75884]
[1024,242,240325,240834]
[1025,153,552502,552450]
[1026,4,479484,480741]
[1027,265,438833,437689]
[1028,86,532116,532330]
[1029,78,165180,165285]
[1030,183,147334,146275]
[1031,86,31505,31863]
[1032,105,383552,383248]
[1033,79,719491,718393]
[1034,136,631388,632653]
[1035,256,723702,724379]
[1036,206,589212,589888]
[1037,230,370018,370216]
[1038,68,587660,588457]
[1039,10,488958,489592]
[1040,91,584255,583678]
[1041,222,626593,627630]
[1042,209,518181,517892]
[1043,68,594702,595749]
[1044,231,363124,362755]
[1045,156,387725,388384]
[1046,1,200143,198648]
[1047,255,183507,182098]
[1048,157,29219,28093]
[1049,53,290462,289755]
[1050,109,250540,250000]
[1051,258,239554,241007]
[1052,230,289846,290410]
[1053,26,266193,266265]
[1054,138,531583,532814]
[1055,128,372894,373100]
[1056,276,323092,323530]
[1057,114,646367,646862]
[1058,117,438306,436846]
[1059,125,179058,178758]
[1060,198,482266,483331]
[1061,240,693363,694394]
[1062,16,293780,294243]
[1063,118,181212,181589]
[1064,25,378840,378488]
[1065,150,704688,705042]
[1066,200,419905,420248]
[1067,172,188181,188644]
[1068,119,203755,202418]
[1069,50,638120,638270]
[1070,201,56075,54881]
[1071,193,57026,56563]
[1072,52,325272,326258]
[1073,153,466789,465804]
[1074,220,365380,365425]
[1075,45,578585,577332]
[1076,95,49959,48866]
[1077,74,4570,5722]
[1078,204,355770,355885]
[1079,233,436694,435845]
[1080,101,682469,681220]
[1081,120,154725,155374]
[1082,225,233924,232699]
[1083,124,186443,187173]
[1084,20,603944,604580]
[1085,184,626529,626784]
[1086,279,417572,417235]
[1087,198,165676,167095]
[1088,59,5086,3973]
[1089,73,410568,409757]
[1090,53,466403,465154]
[1091,141,472531,472220]
[1092,24,203730,205226]
[1093,100,151628,152004]
[1094,22,701234,701904]
[1095,129,497177,497019]
[1096,64,216418,216972]
[1097,107,592239,592073]
[1098,175,390748,390452]
[1099,122,380813,380985]
[1100,219,605518,605221]
[1101,34,585689,585965]
[1102,155,520229,519313]
[1103,131,286466,286105]
[1104,171,332468,331621]
[1105,279,211660,210730]
[1106,112,570844,572071]
[1107,26,36303,36930]
[1108,145,292879,291759]
[1109,144,604873,605856]
[1110,235,47417,47248]
[1111,106,1255,2334]
[1112,10,452987,453933]
[1113,177,86930,86307]
[1114,259,185346,185032]
[1115,152,618907,619516]
[1116,245,469853,468786]
[1117,153,705546,704974]
[1118,41,297722,296332]
[1119,18,606227,607491]
[1120,60,444365,445684]
[1121,70,655158,655638]
[1122,63,76239,75249]
[1123,268,354143,354725]
[1124,87,678450,677039]
[1125,240,454644,454740]
[1126,175,198810,198748]
[1127,196,101088,101163]
[1128,181,594187,592999]
[1129,42,384662,385727]
[1130,251,277307,276125]
[1131,191,376594,376247]
[1132,105,99618,98223]
[1133,157,376661,375979]
[1134,19,565426,564285]
[1135,68,574307,574766]
[1136,248,513141,513340]
[1137,110,544262,545576]
[1138,229,180777,180210]
[1139,62,360032,360513]
[1140,276,353992,354216]
[1141,231,336975,336034]
[1142,36,104473,105149]
[1143,243,611873,611637]
[1144,200,399984,400357]
[1145,164,590540,591519]
[1146,66,82630,83820]
[1147,261,31849,31546]
[1148,50,311229,311749]
[1149,220,312247,312357]
[1150,242,133752,134014]
[1151,76,197613,197969]
[1152,76,648821,649056]
[1153,105,642699,641933]
[1154,15,387782,386642]
[1155,158,702993,704136]
[1156,211,542571,541655]
[1157,25,454563,453646]
[1158,91,564579,564391]
[1159,130,400428,401746]
[1160,177,257479,257076]
[1161,235,280319,280265]
[1162,20,72309,72598]
[1163,12,165383,165620]
[1164,198,234676,236168]
[1165,207,679793,678764]
[1166,126,207673,207814]
[1167,180,648700,649875]
[1168,12,573766,574437]
[1169,90,164252,164301]
[1170,223,10294,9839]
[1171,44,73131,74359]
[1172,215,199233,198772]
[1173,243,30565,30063]
[1174,221,162324,161492]
[1175,246,322745,323393]
[1176,247,284135,283812]
[1177,14,454918,455048]
[1178,114,11954,12509]
[1179,177,426000,424795]
[1180,250,431354,432421]
[1181,165,36521,35861]
[1182,219,294849,294163]
[1183,157,405407,404754]
[1184,247,529334,528105]
[1185,187,325109,324459]
[1186,99,508845,508815]
[1187,153,458096,456841]
[1188,276,294733,294821]
[1189,150,245851,246310]
[1190,203,653167,652461]
[1191,232,513641,514626]
[1192,64,378827,379327]
[1193,90,653675,655060]
[1194,32,392821,394320]
[1195,37,511481,510391]
[1196,236,493784,494441]
[1197,54,259410,260810]
[1198,229,335498,335139]
[1199,145,140814,139583]
[1200,95,407511,406320]
[1201,244,452510,453624]
[1202,244,697134,697785]
[1203,266,498124,499605]
[1204,81,223552,222446]
[1205,11,165802,164359]
[1206,56,29266,30486]
[1207,262,66809,68294]
[1208,78,680790,681616]
[1209,176,22274,22316]
[1210,204,597093,597387]
[1211,100,373863,375119]
[1212,202,712807,713169]
[1213,166,490935,492383]
[1214,130,240991,241167]
[1215,13,617654,616899]
[1216,189,118464,118066]
[1217,256,538975,540438]
[1218,48,431230,431874]
[1219,111,73954,73666]
[1220,131,468606,467300]
[1221,78,272718,273195]
[1222,236,102620,103508]
[1223,121,364450,363075]
[1224,22,227593,227893]
[1225,85,372245,371336]
[1226,3,725023,724295]
[1227,238,620621,621323]
[1228,198,514588,515895]
[1229,249,273356,272101]
[1230,219,528315,527335]
[1231,208,349240,349955]
[1232,15,131081,130319]
[1233,199,140577,139319]
[1234,240,618938,620254]
[1235,136,537512,539005]
[1236,83,582094,580861]
[1237,185,538011,537953]
[1238,177,594368,593888]
[1239,219,230646,230288]
[1240,79,364752,363374]
[1241,116,45109,46027]
[1242,142,45212,46476]
[1243,173,319463,319020]
[1244,119,683644,683005]
[1245,262,236661,237717]
[1246,242,363472,363905]
[1247,18,227197,228072]
[1248,88,358140,358590]
[1249,234,549014,549469]
[1250,105,660422,660036]
[1251,91,614759,613795]
[1252,226,543865,544971]
[1253,59,558448,557808]
[1254,277,212517,212295]
[1255,80,627814,628961]
[1256,194,365110,365927]
[1257,135,623087,622033]
[1258,118,228397,229185]
[1259,166,184541,184741]
[1260,245,683879,683752]
[1261,202,570190,570597]
[1262,81,320897,320479]
[1263,34,608126,608213]
[1264,166,18255,18680]
[1265,236,328951,330111]
[1266,211,700221,699706]
[1267,166,697176,697836]
[1268,222,395854,396102]
[1269,72,181190,181354]
[1270,72,548476,549027]
[1271,50,553958,554196]
[1272,10,38162,38594]
[1273,75,264345,263703]
[1274,21,481794,480692]
[1275,42,402804,403922]
[1276,171,110824,110137]
[1277,193,206444,205143]
[1278,166,705022,705356]
[1279,13,161189,160487]
[1280,264,724366,725513]
[1281,211,685081,683766]
[1282,206,560049,560166]
[1283,226,33331,33935]
[1284,55,45672,45626]
[1285,252,78256,78427]
[1286,269,471555,470569]
[1287,206,553829,554973]
[1288,234,619970,620783]
[1289,36,659227,659654]
[1290,266,370392,371568]
[1291,250,421926,422963]
[1292,89,228252,227926]
[1293,39,300561,299245]
[1294,243,406254,406052]
[1295,39,639175,637863]
[1296,106,24087,24677]
[1297,150,486834,487377]
[1298,171,28237,28062]
[1299,165,374278,373901]
[1300,55,391629,390260]
[1301,102,302859,303580]
[1302,19,719572,719166]
[1303,156,172744,173757]
[1304,16,385953,386210]
[1305,196,565608,566887]
[1306,25,623924,622711]
[1307,25,319231,318198]
[1308,25,533401,532886]
[1309,144,624428,625323]
[1310,211,127823,127744]
[1311,177,79087,78803]
[1312,242,227993,228797]
[1313,243,110786,110089]
[1314,51,494418,493870]
[1315,116,288113,289112]
[1316,22,349972,350623]
[1317,214,274470,275710]
[1318,96,43267,44246]
[1319,196,372625,373841]
[1320,259,358549,357801]
[1321,44,60119,61431]
[1322,244,268805,268862]
[1323,266,110817,111029]
[1324,42,667684,668468]
[1325,117,257097,256869]
[1326,176,329193,330247]
[1327,38,371691,372110]
[1328,125,571547,571440]
[1329,27,173422,172976]
[1330,205,632260,631819]
[1331,180,181492,182670]
[1332,160,128950,129867]
[1333,88,599943,600409]
[1334,204,620511,620641]
[1335,79,276551,275879]
[1336,2,310746,310909]
[1337,252,380086,380361]
[1338,142,19567,20881]
[1339,46,157371,157535]
[1340,226,494831,495528]
[1341,255,113424,112838]
[1342,52,477444,478036]
[1343,175,71061,70222]
[1344,266,487406,487677]
[1345,220,377764,378836]
[1346,201,543442,543055]
[1347,265,528510,527146]
[1348,99,118949,118531]
[1349,129,482522,481992]
[1350,138,204817,205215]
[1351,57,321143,320638]
[1352,267,412743,412235]
[1353,185,337958,336559]
[1354,75,503476,502321]
[1355,43,601696,600541]
[1356,18,400006,400342]
[1357,22,233636,234478]
[1358,245,180316,179392]
[1359,251,11127,10947]
[1360,278,15002,16123]
[1361,22,101602,102577]
[1362,156,425166,425264]
[1363,157,283527,282090]
[1364,144,99706,100302]
[1365,208,702505,702605]
[1366,111,655675,654727]
[1367,179,190553,189585]
[1368,273,182153,181479]
[1369,70,384906,385508]
[1370,208,261161,261529]
[1371,51,398080,397189]
[1372,36,264829,265208]
[1373,155,663639,662696]
[1374,101,97134,96667]
[1375,98,333526,333810]
[1376,100,128163,128220]
[1377,83,451090,450246]
[1378,197,652216,651735]
[1379,78,24088,25310]
[1380,130,174993,175512]
[1381,259,153833,153655]
[1382,31,269768,269078]
[1383,155,368462,367936]
[1384,185,358336,356902]
[1385,124,626312,627741]
[1386,265,563415,562095]
[1387,269,96867,95897]
[1388,110,114898,116269]
[1389,86,668321,668869]
[1390,142,133156,133723]
[1391,187,216998,216246]
[1392,198,103175,103686]
[1393,18,397985,399233]
[1394,85,607494,607090]
[1395,39,368057,367968]
[1396,188,311875,311928]
[1397,77,263033,262433]
[1398,16,542746,543469]
[1399,13,409869,409486]
[1400,61,19307,18674]
[1401,262,461225,461517]
[1402,255,265347,263853]
[1403,117,361550,360680]
[1404,273,370845,370571]
[1405,250,70057,70204]
[1406,50,434465,435531]
[1407,247,144809,143923]
[1408,5,112059,111852]
[1409,247,203829,203204]
[1410,216,501583,502045]
[1411,240,520147,521351]
[1412,62,303621,303990]
[1413,266,339996,340802]
[1414,57,651981,650487]
[1415,41,171995,170886]
[1416,125,175573,174546]
[1417,33,174534,174257]
[1418,262,706563,707606]
[1419,63,273071,272544]
[1420,67,657272,656561]
[1421,45,36474,35981]
[1422,136,8323,8949]
[1423,218,477607,478239]
[1424,259,232309,231954]
[1425,104,216683,217101]
[1426,83,180692,180115]
[1427,74,419621,420580]
[1428,239,183817,182893]
[1429,219,565697,564996]
[1430,124,572691,573678]
[1431,278,413726,414227]
[1432,48,389,879]
[1433,277,255249,254304]
[1434,220,450429,451897]
[1435,0,202207,203254]
[1436,21,250858,249865]
[1437,18,154,579]
[1438,150,405062,405312]
[1439,64,102919,103836]
[1440,95,717848,716752]
[1441,45,725385,724932]
[1442,91,310707,309986]
[1443,21,319654,318476]
[1444,37,643049,642276]
[1445,114,226381,226934]
[1446,277,522289,521355]
[1447,235,134216,132867]
[1448,246,252912,253647]
[1449,41,450573,449513]
[1450,83,82880,82271]
[1451,253,559273,559107]
[1452,62,315703,317032]
[1453,247,109189,108416]
[1454,71,234815,234759]
[1455,257,444737,443342]
[1456,159,666174,665504]
[1457,206,646396,646825]
[1458,251,212580,211887]
[1459,101,117034,115829]
[1460,146,540630,540951]
[1461,240,359567,361000]
[1462,14,290015,290846]
[1463,37,328549,327304]
[1464,13,538898,538124]
[1465,175,461580,460100]
[1466,193,267141,266087]
[1467,261,136792,136080]
[1468,188,563476,564132]
[1469,49,93563,92317]
[1470,165,343378,343334]
[1471,161,469788,468515]
[1472,189,187357,186910]
[1473,188,49810,51222]
[1474,56,708155,708609]
[1475,230,612672,614038]
[1476,185,173845,173744]
[1477,147,520027,519649]
[1478,247,707833,706780]
[1479,185,293457,292579]
[1480,176,449429,450295]
[1481,222,379797,380245]
[1482,47,438032,436822]
[1483,205,571441,571283]
[1484,3,171010,170084]
[1485,12,228683,230065]
[1486,193,253182,252677]
[1487,141,76032,75478]
[1488,176,271980,273356]
[1489,41,639236,638121]
[1490,75,616171,614774]
[1491,27,163680,163484]
[1492,58,64019,64737]
[1493,76,188806,189953]
[1494,239,713813,712388]
[1495,75,486428,486395]
[1496,131,259398,258883]
[1497,120,40025,40946]
[1498,76,569814,570651]
[1499,105,640732,639309]
[1500,65,56497,56084]
[1501,204,31362,32672]
[1502,186,195592,196129]
[1503,47,335544,335197]
[1504,119,531777,531737]
[1505,151,137312,136213]
[1506,97,353659,353415]
[1507,238,483402,483459]
[1508,84,494189,494327]
[1509,81,170356,169202]
[1510,51,372942,371831]
[1511,229,465400,464562]
[1512,272,634195,635519]
[1513,157,250605,250207]
[1514,121,245431,244968]
[1515,188,684365,685354]
[1516,265,410869,410097]
[1517,142,80126,80270]
[1518,46,572574,573243]
[1519,28,332918,333154]
[1520,95,34081,32824]
[1521,279,653664,652440]
[1522,241,445257,445217]
[1523,213,513959,513750]
[1524,31,526171,525863]
[1525,100,225969,226859]
[1526,262,316771,317105]
[1527,136,726269,726927]
[1528,95,59239,58539]
[1529,276,691771,692873]
[1530,229,478798,478542]
[1531,153,334651,333254]
[1532,279,270653,269976]
[1533,76,569189,570327]
[1534,68,64397,64709]
[1535,72,652571,652996]
[1536,222,121374,122601]
[1537,231,615659,615621]
[1538,9,365294,364543]
[1539,165,651622,650242]
[1540,273,612614,611788]
[1541,244,530386,530682]
[1542,56,34599,34876]
[1543,203,535160,534003]
[1544,61,358678,357385]
[1545,61,172070,171924]
[1546,83,266984,266654]
[1547,99,120440,119185]
[1548,37,103813,102850]
[1549,221,175699,174910]
[1550,174,26567,26797]
[1551,205,416088,415507]
[1552,194,79453,80167]
[1553,11,161000,160213]
[1554,135,218761,218023]
[1555,154,602443,603507]
[1556,229,284060,283291]
[1557,230,725647,725954]
[1558,23,490414,489520]
[1559,59,590869,590216]
[1560,77,248374,247329]
[1561,15,270911,270429]
[1562,153,293926,293320]
[1563,243,654056,653005]
[1564,170,141775,141992]
[1565,55,479145,478122]
[1566,229,80246,80181]
[1567,90,283917,284691]
[1568,248,281469,282923]
[1569,259,300636,299751]
[1570,109,216436,216344]
[1571,13,562371,562312]
[1572,173,461827,461058]
[1573,69,552395,552112]
[1574,145,589025,588947]
[1575,3,336812,336550]
[1576,229,101845,100688]
[1577,184,682872,683337]
[1578,209,477963,477442]
[1579,183,571727,570814]
[1580,268,482713,483466]
[1581,88,411941,412135]
[1582,179,63578,62258]
[1583,168,538848,539212]
[1584,231,224885,223745]
[1585,143,343390,342299]
[1586,114,228150,229433]
[1587,150,362637,363603]
[1588,16,284692,285341]
[1589,23,387230,386263]
[1590,53,298318,297506]
[1591,87,708903,707817]
[1592,125,622053,621705]
[1593,223,611125,610982]
[1594,210,372240,373387]
[1595,45,694882,693620]
[1596,16,346110,346422]
[1597,142,392764,393216]
[1598,195,536376,535044]
[1599,47,408486,408036]
[1600,181,246190,246139]
[1601,66,647651,649115]
[1602,165,343488,342736]
[1603,164,102026,103096]
[1604,103,62199,61487]
[1605,254,47517,48520]
[1606,167,311048,310712]
[1607,220,195164,196642]
[1608,218,391653,392671]
[1609,63,189887,188499]
[1610,52,342901,343274]
[1611,56,226524,227207]
[1612,160,577544,578243]
[1613,267,504870,503623]
[1614,51,368719,368643]
[1615,177,273301,273003]
[1616,121,239575,238082]
[1617,106,321781,321855]
[1618,32,246436,247888]
[1619,68,502583,502961]
[1620,50,350380,350972]
[1621,242,619337,620684]
[1622,98,427661,427825]
[1623,168,304736,305730]
[1624,152,663908,664835]
[1625,242,236492,237487]
[1626,236,190115,190862]
[1627,52,305103,306170]
[1628,10,291517,291922]
[1629,233,202459,201461]
[1630,139,106657,106418]
[1631,16,178818,178910]
[1632,177,537979,537387]
[1633,136,263615,263834]
[1634,240,80313,81813]
[1635,215,477483,476857]
[1636,185,539224,538938]
[1637,210,364916,365032]
[1638,277,216534,215258]
[1639,181,2149,830]
[1640,255,404183,402901]
[1641,223,127674,126238]
[1642,197,618405,617161]
[1643,225,345539,345342]
[1644,242,157770,157994]
[1645,37,598315,597675]
[1646,226,642465,642882]
[1647,189,616864,616123]
[1648,257,659161,657864]
[1649,108,730069,730830]
[1650,54,260782,261180]
[1651,18,337613,338333]
[1652,55,328904,328485]
[1653,128,203226,203873]
[1654,169,279264,278719]
[1655,89,532775,531766]
[1656,63,463130,463083]
[1657,188,374466,375748]
[1658,227,128941,127657]
[1659,256,425515,426770]
[1660,208,626809,627458]
[1661,31,292975,292660]
[1662,176,356378,357060]
[1663,0,346919,347859]
[1664,38,579229,580025]
[1665,1,81834,81440]
[1666,242,251322,252563]
[1667,203,443666,442864]
[1668,246,713864,714643]
[1669,126,489728,489863]
[1670,116,271029,271892]
[1671,231,86187,85520]
[1672,188,358766,360205]
[1673,89,486383,485116]
[1674,84,159533,161004]
[1675,244,643224,643505]
[1676,173,566185,565488]
[1677,39,99799,98448]
[1678,250,102339,103505]
[1679,235,328266,327125]
[1680,94,267177,267616]
[1681,153,520471,519425]
[1682,262,161554,163006]
[1683,199,726036,725565]
[1684,154,628027,629032]
[1685,137,503962,503655]
[1686,39,72465,71972]
[1687,50,293618,293966]
[1688,62,236427,236869]
[1689,156,131910,132330]
[1690,237,135330,134495]
[1691,72,228776,229843]
[1692,209,59031,58174]
[1693,175,299519,298416]
[1694,74,418265,418792]
[1695,202,207680,208200]
[1696,45,63212,62357]
[1697,75,244655,243468]
[1698,43,196930,195753]
[1699,251,108832,108014]
[1700,147,650557,649089]
[1701,76,237788,238433]
[1702,36,37200,37654]
[1703,62,553842,554725]
[1704,45,443967,442525]
[1705,265,530344,530217]
[1706,141,680900,679797]
[1707,276,483900,485349]
[1708,212,526515,527187]
[1709,208,716917,717539]
[1710,102,194563,195444]
[1711,158,644565,645273]
[1712,135,393775,393479]
[1713,180,348341,349166]
[1714,242,152074,152903]
[1715,225,680234,678775]
[1716,172,551850,552478]
[1717,69,530593,530198]
[1718,217,288295,286906]
[1719,148,702122,703222]
[1720,164,92501,93864]
[1721,224,354045,354754]
[1722,99,540802,540521]
[1723,56,379911,380412]
[1724,165,54139,53806]
[1725,242,148768,149296]
[1726,234,235201,236433]
[1727,213,459968,459063]
[1728,147,206870,206468]
[1729,192,297883,298935]
[1730,212,642885,644148]
[1731,190,32040,33441]
[1732,231,357711,357104]
[1733,195,221821,221331]
[1734,71,303114,302593]
[1735,2,492697,492829]
[1736,230,308105,309403]
[1737,269,180073,178578]
[1738,217,124913,124627]
[1739,38,622822,623601]
[1740,38,695212,695333]
[1741,85,189730,188796]
[1742,44,197874,198496]
[1743,26,341404,341457]
[1744,207,654906,654062]
[1745,102,654427,655291]
[1746,18,554154,555322]
[1747,101,470953,469759]
[1748,263,74681,74285]
[1749,190,247220,248708]
[1750,161,83862,83340]
[1751,277,636563,636291]
[1752,255,223739,223607]
[1753,254,326029,326207]
[1754,127,697185,696507]
[1755,19,418342,418020]
[1756,31,237426,236440]
[1757,50,22640,23192]
[1758,193,402744,401884]
[1759,46,251646,252393]
[1760,27,483599,483371]
[1761,59,61839,60915]
[1762,148,20646,21291]
[1763,257,340034,339867]
[1764,89,638689,638036]
[1765,107,106543,106303]
[1766,259,358354,357461]
[1767,248,713414,713493]
[1768,251,227569,227486]
[1769,67,373999,373556]
[1770,156,560048,560289]
[1771,173,507657,506510]
[1772,134,389363,390509]
[1773,69,474405,473305]
[1774,13,40975,40470]
[1775,110,610652,611595]
[1776,69,421865,420868]
[1777,140,383100,384345]
[1778,231,323897,322432]
[1779,150,265443,265716]
[1780,107,344030,343474]
[1781,167,310786,310022]
[1782,149,631828,630578]
[1783,183,211329,211220]
[1784,234,505659,506345]
[1785,11,99637,99600]
[1786,109,662962,661661]
[1787,152,607510,607669]
[1788,121,228100,227916]
[1789,36,438294,439002]
[1790,140,400655,401961]
[1791,87,444375,444019]
[1792,83,399740,399153]
[1793,167,451406,450317]
[1794,272,392433,393444]
[1795,208,138632,139949]
[1796,259,107109,106010]
[1797,190,189401,190411]
[1798,268,180688,181244]
[1799,104,611123,612049]
[1800,276,365186,365738]
[1801,67,419145,417889]
[1802,218,430572,431320]
[1803,145,699816,699205]
[1804,58,103702,104931]
[1805,186,5298,5945]
[1806,198,310132,310731]
[1807,160,645916,646878]
[1808,245,88875,88600]
[1809,248,159327,159380]
[1810,170,417156,417563]
[1811,108,118573,119728]
[1812,93,610265,610195]
[1813,274,135365,136739]
[1814,196,687444,687907]
[1815,190,648075,648744]
[1816,128,62625,62666]
[1817,41,457630,456975]
[1818,147,374336,374046]
[1819,228,631455,632858]
[1820,250,695347,696194]
[1821,240,8683,9697]
[1822,82,198909,200199]
[1823,267,374432,374381]
[1824,126,274070,275221]
[1825,126,517028,518106]
[1826,147,154774,153336]
[1827,197,150374,149383]
[1828,222,557922,559276]
[1829,178,679811,680782]
[1830,197,20630,19212]
[1831,124,629098,629678]
[1832,225,14435,13416]
[1833,100,673612,674761]
[1834,155,310522,309253]
[1835,279,564501,564277]
[1836,169,206549,206419]
[1837,179,191599,191355]
[1838,29,506827,505645]
[1839,38,594085,595320]
[1840,249,692427,691629]
[1841,144,418390,418954]
[1842,278,576223,577618]
[1843,257,188009,187154]
[1844,58,490066,490618]
[1845,231,215091,214301]
[1846,180,700586,701837]
[1847,164,438887,439357]
[1848,56,723593,724096]
[1849,69,28107,27702]
[1850,206,640178,640555]
[1851,167,440042,439223]
[1852,273,297988,297475]
[1853,79,386399,386011]
[1854,127,621415,620869]
[1855,0,12226,13548]
[1856,263,144478,144399]
[1857,25,153600,153307]
[1858,70,151899,152715]
[1859,12,544409,545335]
[1860,260,57943,59043]
[1861,270,2749,3129]
[1862,130,581072,581333]
[1863,100,393656,394679]
[1864,213,446185,445800]
[1865,19,46858,46673]
[1866,223,386022,385183]
[1867,275,607047,605556]
[1868,205,457026,456629]
[1869,27,321275,319970]
[1870,135,415913,414529]
[1871,240,413708,414716]
[1872,269,342701,342023]
[1873,21,511068,509620]
[1874,8,545749,546870]
[1875,80,545198,546189]
[1876,137,587127,585892]
[1877,226,515215,516055]
[1878,48,482601,482770]
[1879,28,361418,361856]
[1880,19,330144,328672]
[1881,183,538313,537275]
[1882,242,381876,382999]
[1883,130,440092,440318]
[1884,262,78751,79238]
[1885,242,688534,688588]
[1886,91,427972,427396]
[1887,138,643539,643846]
[1888,101,98704,97966]
[1889,110,24445,25597]
[1890,196,524840,525529]
[1891,228,38960,39643]
[1892,162,545793,546523]
[1893,252,49476,50437]
[1894,128,470110,470472]
[1895,62,550824,551110]
[1896,15,538556,537135]
[1897,216,531029,531351]
[1898,11,343762,342735]
[1899,53,442255,441703]
[1900,72,401338,401463]
[1901,66,473227,474629]
[1902,235,114497,113213]
[1903,51,158679,157457]
[1904,36,345241,346260]
[1905,107,675238,674172]
[1906,109,617988,617560]
[1907,151,430443,428964]
[1908,51,455867,455814]
[1909,44,578897,579881]
[1910,10,589138,589399]
[1911,200,459933,460293]
[1912,247,543468,542352]
[1913,181,570472,569814]
[1914,262,675181,675370]
[1915,199,90892,89689]
[1916,169,662654,661756]
[1917,139,697720,696648]
[1918,111,228204,226886]
[1919,277,681861,680762]
[1920,177,709961,708708]
[1921,96,141103,142111]
[1922,193,154977,153820]
[1923,3,285001,283798]
[1924,234,478175,479141]
[1925,263,371944,371793]
[1926,223,675408,674718]
[1927,59,382768,382046]
[1928,45,705356,704046]
[1929,220,409706,410254]
[1930,225,581005,580205]
[1931,178,548447,548926]
[1932,64,606029,606186]
[1933,202,411369,412139]
[1934,87,227342,225844]
[1935,27,66453,66042]
[1936,36,310583,311441]
[1937,212,106058,106408]
[1938,113,172448,171460]
[1939,65,627631,626585]
[1940,89,558921,558396]
[1941,261,334144,332771]
[1942,26,226446,226925]
[1943,169,572501,571392]
[1944,261,151672,151086]
[1945,108,179035,179577]
[1946,208,20002,21332]
[1947,165,290471,289162]
[1948,31,273550,272222]
[1949,105,457969,457325]
[1950,114,222580,223377]
[1951,47,556820,556024]
[1952,109,195162,194078]
[1953,148,163098,163321]
[1954,169,330930,329988]
[1955,78,326805,328201]
[1956,91,242430,241066]
[1957,212,367058,367468]
[1958,211,718328,718060]
[1959,20,531780,533251]
[1960,113,148865,147966]
[1961,183,146857,146753]
[1962,161,64234,63900]
[1963,58,669901,670073]
[1964,81,213242,212288]
[1965,34,328256,329207]
[1966,75,54847,53383]
[1967,164,162740,163932]
[1968,162,405327,406082]
[1969,90,26200,26817]
[1970,247,636,598]
[1971,192,339763,340161]
[1972,194,150382,150488]
[1973,134,551000,551715]
[1974,166,459516,460215]
[1975,268,3464,3627]
[1976,5,5335,5243]
[1977,211,551593,551457]
[1978,73,268215,267711]
[1979,125,144957,143959]
[1980,141,432096,431960]
[1981,56,413599,414420]
[1982,207,450425,449455]
[1983,255,205487,205379]
[1984,155,461445,461169]
[1985,137,680581,679499]
[1986,231,618229,616970]
[1987,177,537791,537566]
[1988,231,418742,417297]
[1989,245,200749,200365]
[1990,170,70289,70686]
[1991,142,408646,409409]
[1992,126,597109,597259]
[1993,23,177676,176299]
[1994,183,328793,328612]
[1995,37,32804,32525]
[1996,99,219071,218988]
[1997,209,486338,486255]
[1998,63,578369,577980]
[1999,36,496398,496689]
[2000,86,726618,726784]
