["head":"wrap","lpos","status"]
[166,376562,0]
["io count"]
[205]
["io":"id","wrap","startLpos","endLpos"]
[1,212,240455,240968]
[2,256,469515,470609]
[3,148,135324,136736]
[4,177,458332,457051]
[5,229,349100,347778]
[6,256,301708,302732]
[7,130,434661,434923]
[8,75,289308,289024]
[9,112,525615,525963]
[10,221,50389,49426]
[11,184,164614,164910]
[12,228,487889,488103]
[13,35,722196,720871]
[14,254,506544,507704]
[15,199,279451,278300]
[16,10,676931,677537]
[17,103,525540,524801]
[18,58,139955,140071]
[19,13,530284,528885]
[20,61,394477,393258]
[21,108,542703,543550]
[22,150,473878,475196]
[23,212,560212,560789]
[24,66,501150,501267]
[25,139,658652,657153]
[26,108,590536,591901]
[27,147,494324,494072]
[28,262,649506,650426]
[29,146,413748,414109]
[30,70,255991,257333]
[31,254,680463,681186]
[32,268,396872,398061]
[33,136,276068,276676]
[34,9,612276,610917]
[35,12,198157,199126]
[36,248,281881,282686]
[37,267,560048,559022]
[38,5,120686,120428]
[39,95,537126,536959]
[40,38,328929,329646]
[41,213,182300,181289]
[42,56,441986,442845]
[43,199,359783,359643]
[44,13,631531,631423]
[45,163,189397,188223]
[46,67,683936,683251]
[47,110,177592,178075]
[48,108,249584,250834]
[49,224,667458,668932]
[50,150,543149,544008]
[51,271,546995,545559]
[52,189,73677,73141]
[53,261,243156,242867]
[54,128,436349,437766]
[55,67,520162,519044]
[56,251,247396,246129]
[57,54,89538,89750]
[58,187,588717,587781]
[59,114,130010,130871]
[60,258,333170,334031]
[61,147,594598,593161]
[62,47,30997,29588]
[63,7,108577,108522]
[64,80,124302,125489]
[65,210,427757,427983]
[66,111,299518,298672]
[67,39,149102,148858]
[68,53,316212,314934]
[69,154,273518,274804]
[70,17,274892,274165]
[71,40,396240,396943]
[72,8,139191,139446]
[73,17,483198,481718]
[74,195,51711,50533]
[75,203,405718,404437]
[76,38,540778,541059]
[77,212,704011,704171]
[78,215,417765,417230]
[79,128,82014,82489]
[80,233,305673,304240]
[81,268,608973,609205]
[82,242,579608,580393]
[83,36,180950,181910]
[84,228,291046,292212]
[85,205,583655,583444]
[86,147,33534,32606]
[87,8,450457,451523]
[88,46,317856,319120]
[89,241,445691,444857]
[90,6,326279,327158]
[91,31,161635,160559]
[92,162,139566,140512]
[93,174,241287,241383]
[94,106,67531,68030]
[95,246,626200,626259]
[96,198,627877,628783]
[97,228,415127,415447]
[98,253,584364,583405]
[99,217,554532,553571]
[100,245,557795,557274]
[101,215,463852,463199]
[102,118,274583,275176]
[103,133,212067,211061]
[104,229,406903,405472]
[105,66,532610,534012]
[106,221,368681,367873]
[107,279,314421,313307]
[108,275,555361,554007]
[109,73,333570,332263]
[110,131,614374,613451]
[111,125,460672,460343]
[112,57,278474,277493]
[113,202,444812,444891]
[114,279,689673,688217]
[115,39,89531,88457]
[116,122,301855,302557]
[117,114,98526,99450]
[118,183,431041,430665]
[119,203,28081,26970]
[120,67,95203,95132]
[121,15,12861,11791]
[122,279,232161,231378]
[123,12,551655,552182]
[124,97,599335,598715]
[125,107,570654,569895]
[126,61,334222,333287]
[127,151,206128,205237]
[128,249,392617,391383]
[129,248,367697,368067]
[130,275,661715,661492]
[131,105,438141,437443]
[132,164,387764,388697]
[133,95,261096,260880]
[134,207,156344,155625]
[135,180,341275,341364]
[136,166,409854,410555]
[137,86,560589,561490]
[138,72,287692,288799]
[139,98,648726,649997]
[140,134,445505,446241]
[141,242,329864,330779]
[142,72,553748,554109]
[143,270,360477,361905]
[144,41,693570,692887]
[145,51,30466,29750]
[146,241,603734,603613]
[147,271,176079,174706]
[148,244,222922,223013]
[149,5,527851,526731]
[150,36,663141,664160]
[151,222,432024,433474]
[152,85,111673,110392]
[153,86,324992,325514]
[154,107,201646,200764]
[155,278,650629,651874]
[156,141,379011,378766]
[157,261,113524,112376]
[158,13,473088,472883]
[159,78,53317,54423]
[160,12,148579,148736]
[161,157,85915,85755]
[162,39,46766,45519]
[163,131,3344,1945]
[164,241,54358,53116]
[165,190,225326,226690]
[166,273,292616,291549]
[167,218,395850,396412]
[168,127,411061,410622]
[169,46,12167,13645]
[170,71,567744,566399]
[171,86,346520,347438]
[172,39,145297,144022]
[173,2,76980,77634]
[174,44,442220,442810]
[175,3,47631,47465]
[176,242,268680,268735]
[177,23,667433,666792]
[178,256,195455,196049]
[179,76,96142,96489]
[180,3,559891,558596]
[181,42,425644,427105]
[182,58,263153,263899]
[183,210,549354,550524]
[184,197,123367,123296]
[185,42,706836,707522]
[186,29,592653,591285]
[187,169,263663,262510]
[188,144,241812,242148]
[189,78,11291,11989]
[190,2,116128,116770]
[191,142,159621,160659]
[192,171,252167,251988]
[193,149,344183,343023]
[194,97,135696,134932]
[195,278,582436,582963]
[196,126,610236,611394]
[197,120,63912,64926]
[198,211,13033,12233]
[199,88,315632,316628]
[200,178,430700,430792]
[201,46,123372,123741]
[202,73,697574,696325]
[203,42,15530,15728]
[204,83,309922,309441]
[205,262,172899,174144]
