["head":"wrap","lpos","status"]
[175,651688,0]
["io count"]
[210]
["io":"id","wrap","startLpos","endLpos"]
[1,12,21970,23036]
[2,265,689660,688825]
[3,33,243180,242461]
[4,62,20876,21203]
[5,218,319284,319445]
[6,152,704703,705439]
[7,220,42577,43682]
[8,88,167515,167941]
[9,207,441701,441130]
[10,88,362209,362343]
[11,167,376089,375265]
[12,242,578262,578878]
[13,202,675703,676399]
[14,2,348557,349245]
[15,13,90952,90720]
[16,50,326667,327409]
[17,207,617432,617092]
[18,3,423023,421964]
[19,253,705169,704007]
[20,87,671662,671291]
[21,167,651728,650327]
[22,67,609838,609564]
[23,248,356421,356731]
[24,256,496838,497008]
[25,235,702307,701783]
[26,256,91894,93387]
[27,82,428700,429299]
[28,168,197882,198841]
[29,267,701200,699767]
[30,248,572484,572770]
[31,117,559352,558482]
[32,226,288579,289259]
[33,260,117668,118713]
[34,38,388139,388829]
[35,237,670721,669512]
[36,215,471436,471058]
[37,203,603104,602874]
[38,157,96558,95470]
[39,119,626986,626252]
[40,83,256246,254848]
[41,161,478870,477667]
[42,253,553298,551962]
[43,92,354397,355254]
[44,231,131418,131337]
[45,245,400024,399173]
[46,252,679793,680697]
[47,55,240437,239864]
[48,86,458958,459255]
[49,38,562892,563183]
[50,161,168305,168107]
[51,170,36018,36084]
[52,70,263861,264640]
[53,135,170583,169739]
[54,23,445426,444194]
[55,234,233314,234591]
[56,237,46975,45929]
[57,21,529610,529174]
[58,78,609396,610709]
[59,50,652760,653259]
[60,225,41482,41113]
[61,202,62927,63483]
[62,166,103727,105185]
[63,13,272984,272006]
[64,61,466467,465437]
[65,34,149193,149295]
[66,102,64184,65428]
[67,75,236954,236245]
[68,212,359632,360301]
[69,137,612626,611396]
[70,170,277761,279249]
[71,69,685565,684446]
[72,162,275145,275336]
[73,239,255655,254217]
[74,46,42155,42558]
[75,274,49207,50570]
[76,57,65379,64027]
[77,13,580316,579629]
[78,74,479636,479715]
[79,77,474723,473451]
[80,64,625781,626888]
[81,5,712970,712762]
[82,169,124442,123984]
[83,237,172713,171506]
[84,70,428337,428967]
[85,241,258817,258358]
[86,158,434375,435166]
[87,73,27392,26486]
[88,157,203484,202871]
[89,40,209306,210502]
[90,178,270930,272021]
[91,64,284131,284458]
[92,255,542203,541708]
[93,129,265740,265669]
[94,146,203676,203784]
[95,254,297725,299100]
[96,278,303363,303762]
[97,136,384756,385283]
[98,128,193805,194628]
[99,152,572992,573444]
[100,57,330769,329425]
[101,22,429245,429425]
[102,17,5585,4918]
[103,153,289390,288069]
[104,93,507601,507087]
[105,123,61465,60608]
[106,226,343288,344568]
[107,97,49088,48406]
[108,95,448334,448238]
[109,5,593103,592648]
[110,218,605186,606538]
[111,11,6260,4942]
[112,10,50057,50516]
[113,215,558729,557468]
[114,163,596048,595778]
[115,213,343684,342402]
[116,17,372693,372521]
[117,5,10650,9287]
[118,92,241819,243024]
[119,209,121879,121546]
[120,181,105283,104466]
[121,201,678963,677652]
[122,194,302531,303142]
[123,102,489894,489987]
[124,47,282505,282391]
[125,232,362326,363335]
[126,81,171376,170655]
[127,194,278385,279059]
[128,190,286003,287456]
[129,89,413686,413125]
[130,216,63018,64273]
[131,102,232497,233096]
[132,108,113268,114714]
[133,232,199031,199270]
[134,98,162095,162865]
[135,5,125002,124233]
[136,99,681904,681569]
[137,163,607869,607673]
[138,206,705745,707089]
[139,8,192224,193343]
[140,145,166877,165485]
[141,255,623634,623103]
[142,278,695471,696646]
[143,144,445011,446270]
[144,116,217318,218180]
[145,94,660299,660883]
[146,118,658230,659127]
[147,227,150258,149245]
[148,269,386126,384865]
[149,129,366563,366329]
[150,70,444871,445668]
[151,1,456185,455522]
[152,244,346307,347640]
[153,146,523541,524161]
[154,228,233390,234701]
[155,142,107454,108635]
[156,82,450592,450958]
[157,169,193920,193057]
[158,167,407075,405677]
[159,74,430080,431091]
[160,279,20956,19866]
[161,42,348246,348627]
[162,77,607516,606128]
[163,142,133723,134691]
[164,165,654986,654557]
[165,169,403837,402863]
[166,120,50816,52006]
[167,22,640636,641278]
[168,88,473182,474363]
[169,118,557311,557829]
[170,7,507811,507390]
[171,180,229096,230349]
[172,174,675144,676188]
[173,201,101947,100613]
[174,191,189270,188835]
[175,240,330082,330951]
[176,83,710583,709813]
[177,100,105883,106156]
[178,139,573593,573174]
[179,275,196147,195317]
[180,222,135933,137293]
[181,184,728457,729058]
[182,99,137154,136632]
[183,9,46053,45317]
[184,10,185705,185893]
[185,258,352842,353645]
[186,5,330312,329919]
[187,89,339481,338228]
[188,170,487744,488258]
[189,270,587892,588686]
[190,68,543199,543395]
[191,240,450205,450583]
[192,235,98067,97653]
[193,111,706378,705573]
[194,89,231818,231401]
[195,150,22429,23676]
[196,187,694244,693070]
[197,184,481501,481916]
[198,178,315687,316417]
[199,85,123016,121678]
[200,61,65930,64898]
[201,87,471953,471068]
[202,153,38563,37599]
[203,231,711731,710878]
[204,90,359847,361149]
[205,207,703686,703356]
[206,219,478745,478520]
[207,209,83949,82991]
[208,278,258721,259619]
[209,272,106492,107637]
[210,238,53589,54965]
