["head":"wrap","lpos","status"]
[202,9321,1]
["io count"]
[215]
["io":"id","wrap","startLpos","endLpos"]
[1,44,611155,612348]
[2,7,661806,661747]
[3,142,298315,298751]
[4,46,357850,359019]
[5,33,109000,107940]
[6,0,507753,509025]
[7,244,364915,365315]
[8,274,222032,223365]
[9,201,483683,482788]
[10,26,340449,341465]
[11,148,423970,425401]
[12,191,610463,609657]
[13,59,620484,620179]
[14,218,545117,546153]
[15,72,658318,658619]
[16,12,468729,468870]
[17,223,140709,140516]
[18,181,375931,375175]
[19,216,608707,609481]
[20,58,7865,8121]
[21,148,76023,77132]
[22,7,544001,543864]
[23,165,615840,615240]
[24,259,398503,397796]
[25,38,75242,76518]
[26,164,477682,478260]
[27,109,164285,163439]
[28,92,516797,517358]
[29,54,364204,365171]
[30,222,535394,536077]
[31,218,150866,152243]
[32,46,616844,617035]
[33,236,578924,579860]
[34,153,311426,310254]
[35,121,620451,619847]
[36,92,700738,701898]
[37,150,200400,200976]
[38,254,614320,615791]
[39,153,443483,442222]
[40,103,153671,153476]
[41,94,494855,495763]
[42,138,553021,553193]
[43,32,345321,345420]
[44,99,131207,130365]
[45,211,469391,468111]
[46,111,669490,669203]
[47,201,62149,62106]
[48,70,251382,252415]
[49,14,340032,341002]
[50,152,202951,203001]
[51,110,621010,621192]
[52,192,356002,356069]
[53,255,87073,87024]
[54,230,336195,337092]
[55,278,38994,40250]
[56,161,605742,605392]
[57,219,625803,625240]
[58,117,27696,26935]
[59,124,295402,296368]
[60,149,358592,358384]
[61,41,302944,301643]
[62,19,37052,36633]
[63,136,287580,288868]
[64,97,326664,326265]
[65,1,705324,705155]
[66,202,364116,365273]
[67,46,489404,490734]
[68,227,559910,558721]
[69,233,49937,49750]
[70,196,349261,349839]
[71,58,680971,682152]
[72,158,83162,83830]
[73,25,394296,393274]
[74,42,236828,237518]
[75,49,274036,274003]
[76,15,629820,629181]
[77,131,53507,53151]
[78,112,180925,181610]
[79,64,590524,590681]
[80,22,209503,210895]
[81,97,469164,468052]
[82,175,408522,407866]
[83,92,323212,323483]
[84,157,128879,128303]
[85,4,471140,471243]
[86,179,61193,60685]
[87,230,526566,526763]
[88,70,430545,431127]
[89,222,361848,362265]
[90,33,458827,458767]
[91,36,185287,185630]
[92,273,31126,30168]
[93,254,574076,575395]
[94,82,546455,546659]
[95,245,544577,543605]
[96,207,584402,583316]
[97,249,582905,581924]
[98,159,704112,703688]
[99,134,254854,254926]
[100,176,298218,298609]
[101,140,309060,309713]
[102,94,237191,237292]
[103,43,693134,693092]
[104,2,638495,639492]
[105,9,157651,157464]
[106,137,349980,348802]
[107,259,103151,102054]
[108,47,442718,442339]
[109,158,275844,276019]
[110,6,201495,202691]
[111,269,545520,545308]
[112,75,17772,17100]
[113,53,111124,110524]
[114,222,38531,39876]
[115,210,333003,334066]
[116,250,678223,679359]
[117,108,461720,462436]
[118,36,635040,636038]
[119,66,697768,698679]
[120,16,626400,627835]
[121,137,288575,288338]
[122,64,148849,150307]
[123,7,617130,615940]
[124,67,128751,128387]
[125,68,325216,326327]
[126,68,204960,205560]
[127,223,272480,271940]
[128,232,363681,363868]
[129,216,390585,391551]
[130,278,492675,493153]
[131,223,723986,723553]
[132,250,693030,693955]
[133,73,18537,17459]
[134,121,109087,108522]
[135,189,173197,172503]
[136,157,600041,598879]
[137,14,343648,344206]
[138,130,385971,386150]
[139,254,581950,582467]
[140,71,415041,414207]
[141,275,132075,131544]
[142,155,304333,304121]
[143,155,298810,297411]
[144,0,548860,549933]
[145,171,690021,689918]
[146,114,208218,208263]
[147,256,230791,231081]
[148,276,619330,619546]
[149,29,324487,323286]
[150,114,326871,327531]
[151,275,427557,427196]
[152,247,671324,670048]
[153,30,449405,450655]
[154,241,303025,302747]
[155,144,157183,158393]
[156,100,591974,592895]
[157,178,550823,552142]
[158,60,508746,510168]
[159,256,19961,21275]
[160,213,36005,34617]
[161,42,377452,378409]
[162,144,150210,151149]
[163,184,162315,162369]
[164,81,473773,472932]
[165,67,588506,587056]
[166,116,225158,226236]
[167,268,224365,225212]
[168,218,59253,60329]
[169,83,90130,88910]
[170,141,367589,366349]
[171,187,355007,353743]
[172,21,581887,580690]
[173,276,43462,44800]
[174,123,120527,119780]
[175,5,30791,29502]
[176,85,28032,26949]
[177,103,250837,250579]
[178,238,142587,142887]
[179,246,104634,105192]
[180,174,214156,214262]
[181,143,655363,654023]
[182,105,473088,472774]
[183,169,676286,675222]
[184,272,232366,233617]
[185,35,457179,455704]
[186,47,592267,591083]
[187,228,287958,289014]
[188,213,699933,699692]
[189,203,571118,570384]
[190,96,196221,196927]
[191,193,545427,544298]
[192,247,256479,255195]
[193,18,665603,666755]
[194,204,71348,71422]
[195,22,237067,237732]
[196,198,398808,399623]
[197,131,389749,389343]
[198,58,414221,415388]
[199,189,496041,494671]
[200,34,414617,414874]
[201,105,261007,259925]
[202,203,389782,389437]
[203,92,143366,143844]
[204,25,151334,151128]
[205,176,33192,33489]
[206,204,621153,621861]
[207,241,708799,708235]
[208,176,445293,446134]
[209,123,353231,352395]
[210,129,369442,369114]
[211,49,615247,613817]
[212,216,169217,169830]
[213,134,697441,698441]
[214,38,581693,582675]
[215,105,50667,50118]
