["head":"wrap","lpos","status"]
[13,503906,0]
["io count"]
[220]
["io":"id","wrap","startLpos","endLpos"]
[1,143,91507,90467]
[2,269,153892,153179]
[3,115,400882,400379]
[4,124,394048,394133]
[5,198,48897,49556]
[6,123,4262,4223]
[7,192,549384,549505]
[8,248,326658,326948]
[9,36,473614,473819]
[10,239,64311,63848]
[11,113,702924,701826]
[12,168,281006,281212]
[13,247,607033,606866]
[14,221,207267,205989]
[15,186,320041,320352]
[16,117,587520,586246]
[17,155,579033,578289]
[18,215,480999,479836]
[19,205,617932,616534]
[20,19,465630,464732]
[21,120,19769,20610]
[22,206,405434,406587]
[23,141,76142,75424]
[24,144,485634,487012]
[25,81,556166,555900]
[26,200,244063,244708]
[27,259,295799,295045]
[28,182,353373,354260]
[29,250,346263,347686]
[30,30,422195,423485]
[31,234,30317,31613]
[32,187,162915,162032]
[33,55,336157,335797]
[34,36,346927,347319]
[35,71,129152,129050]
[36,260,201424,202402]
[37,138,169676,170065]
[38,49,147358,147275]
[39,186,540257,540856]
[40,97,457316,456991]
[41,25,295758,295519]
[42,245,609010,607879]
[43,44,17125,17479]
[44,194,687138,687285]
[45,41,166069,165222]
[46,92,504891,505974]
[47,227,60011,59355]
[48,83,284737,283904]
[49,268,221805,223180]
[50,105,21701,20301]
[51,5,627395,626011]
[52,7,573964,573007]
[53,256,289611,291015]
[54,208,570382,570414]
[55,160,233041,233505]
[56,204,522726,523670]
[57,198,120232,120457]
[58,233,477832,476526]
[59,103,65305,65112]
[60,201,536052,535431]
[61,153,528323,527763]
[62,108,257995,258452]
[63,71,118027,117235]
[64,130,689597,690446]
[65,30,312432,312529]
[66,273,36891,35397]
[67,257,228724,227715]
[68,67,22703,22061]
[69,46,520147,521496]
[70,68,234505,234747]
[71,94,341715,343128]
[72,226,77667,78879]
[73,242,321458,322790]
[74,221,325618,324996]
[75,166,635174,635617]
[76,34,338609,339003]
[77,130,233955,234033]
[78,198,207495,208272]
[79,147,451476,450295]
[80,216,694018,695401]
[81,107,672616,672017]
[82,130,119971,121015]
[83,242,211981,212374]
[84,179,51020,49910]
[85,152,428373,429272]
[86,165,14248,13431]
[87,28,92317,93299]
[88,208,59972,60497]
[89,98,110405,111528]
[90,147,97993,97779]
[91,223,274055,273224]
[92,127,489875,489692]
[93,182,453348,454305]
[94,155,152245,151753]
[95,230,105518,105936]
[96,87,169507,168525]
[97,253,275095,274094]
[98,138,206026,206123]
[99,222,628112,628669]
[100,194,577187,577947]
[101,217,166965,165783]
[102,103,490052,488571]
[103,211,636565,635669]
[104,218,596844,597420]
[105,68,723731,723852]
[106,95,42319,41267]
[107,277,118292,117314]
[108,37,718119,717241]
[109,247,80290,80072]
[110,223,691417,690371]
[111,130,294807,295065]
[112,147,304890,304849]
[113,277,108890,108707]
[114,198,290431,291622]
[115,243,284927,283825]
[116,142,206304,207402]
[117,37,228458,226975]
[118,71,215800,214376]
[119,143,497033,496461]
[120,65,703520,703365]
[121,251,490352,490024]
[122,256,385090,385230]
[123,86,560351,561558]
[124,80,575923,576582]
[125,15,669775,669596]
[126,133,542984,542284]
[127,86,703137,703974]
[128,240,646333,646725]
[129,171,484137,483737]
[130,15,78011,77651]
[131,13,137455,136348]
[132,181,238224,237861]
[133,4,268890,270221]
[134,120,436567,437009]
[135,164,262977,264136]
[136,168,355021,355662]
[137,227,286088,285465]
[138,97,86305,85664]
[139,175,596784,595469]
[140,30,603306,604442]
[141,126,112129,112954]
[142,239,87072,86903]
[143,70,185411,185825]
[144,159,519534,518952]
[145,150,21857,23103]
[146,17,675543,674462]
[147,33,60587,59445]
[148,81,219371,219319]
[149,27,231672,230894]
[150,27,366910,365657]
[151,152,574438,575476]
[152,240,226424,226543]
[153,99,46476,45328]
[154,212,380216,381577]
[155,206,526608,527447]
[156,187,511418,510109]
[157,189,670014,669849]
[158,217,643565,643262]
[159,206,583076,583354]
[160,84,216342,217141]
[161,184,278530,279075]
[162,176,667716,668816]
[163,220,696992,697881]
[164,130,474411,475443]
[165,279,194421,192957]
[166,62,48326,48835]
[167,127,717056,716655]
[168,215,495135,493869]
[169,94,51072,51417]
[170,2,669631,670507]
[171,155,592716,591517]
[172,128,494660,495117]
[173,79,482695,482173]
[174,206,567174,567476]
[175,263,591312,591006]
[176,118,309595,310942]
[177,28,129002,130199]
[178,121,687321,686247]
[179,211,329729,328803]
[180,258,533750,534005]
[181,161,154975,154716]
[182,102,61807,62750]
[183,54,452111,452251]
[184,265,335291,334780]
[185,186,318637,320073]
[186,57,143652,142228]
[187,193,414956,414618]
[188,89,383184,382259]
[189,82,627866,629324]
[190,108,88742,88990]
[191,163,655001,653869]
[192,1,11709,11242]
[193,53,485924,484466]
[194,101,711826,710376]
[195,178,213107,213531]
[196,195,371524,370612]
[197,159,306099,305301]
[198,255,424663,424211]
[199,15,131427,130837]
[200,179,223744,223598]
[201,239,667006,666760]
[202,226,555589,556890]
[203,163,469317,468787]
[204,17,641703,640694]
[205,240,281474,282585]
[206,245,369104,368283]
[207,24,719747,719840]
[208,243,168174,167748]
[209,158,482149,482933]
[210,29,127964,127188]
[211,106,104103,104552]
[212,129,454047,453424]
[213,182,307756,308059]
[214,158,352320,353185]
[215,60,421102,422585]
[216,116,675234,676130]
[217,71,637463,636565]
[218,236,642166,642221]
[219,110,57405,58093]
[220,220,324381,325411]
