["head":"wrap","lpos","status"]
[204,564347,0]
["io count"]
[225]
["io":"id","wrap","startLpos","endLpos"]
[1,106,157441,158440]
[2,178,149864,150448]
[3,138,312136,312847]
[4,94,430527,430689]
[5,185,675753,674490]
[6,203,335744,334404]
[7,133,394737,394026]
[8,9,150976,149685]
[9,75,683161,682227]
[10,155,77587,77026]
[11,10,51337,52284]
[12,15,102179,100867]
[13,240,99708,101065]
[14,244,1192,1693]
[15,171,627728,626577]
[16,266,50892,51919]
[17,183,68461,67279]
[18,10,275813,276820]
[19,94,351221,352256]
[20,112,188949,189674]
[21,169,626557,625171]
[22,171,413297,412515]
[23,95,328529,327224]
[24,248,238811,238955]
[25,266,240703,241155]
[26,233,458120,457853]
[27,270,140229,140445]
[28,23,11386,10635]
[29,185,26064,26000]
[30,93,133964,132849]
[31,130,272200,273427]
[32,242,504922,505219]
[33,272,701443,701557]
[34,228,54252,55323]
[35,218,511660,513096]
[36,120,121018,121517]
[37,207,546333,545435]
[38,12,283835,285177]
[39,270,33724,34642]
[40,119,70409,70175]
[41,71,437370,436479]
[42,177,187592,186252]
[43,278,561996,562423]
[44,32,452635,453828]
[45,268,496843,497662]
[46,172,44910,45285]
[47,6,42560,42866]
[48,102,509055,509286]
[49,211,232016,230773]
[50,208,567400,567978]
[51,251,684946,684471]
[52,175,571771,571548]
[53,1,529924,529062]
[54,250,292612,293108]
[55,134,690302,691614]
[56,180,389393,390253]
[57,261,123758,123003]
[58,132,696909,698210]
[59,78,252606,252839]
[60,268,725912,726688]
[61,224,587562,588271]
[62,228,97508,97869]
[63,249,692711,691440]
[64,62,563089,564071]
[65,154,655572,656008]
[66,120,656737,657952]
[67,234,715323,715846]
[68,60,295102,295195]
[69,143,274788,274506]
[70,138,481087,481834]
[71,170,718043,718440]
[72,116,709518,710027]
[73,51,489112,489038]
[74,95,238040,236954]
[75,177,559562,559411]
[76,256,626715,627861]
[77,188,698541,699467]
[78,60,578113,579389]
[79,247,191208,191070]
[80,269,262060,261960]
[81,10,126986,128285]
[82,89,440409,438973]
[83,208,540942,541397]
[84,127,51460,50047]
[85,261,272520,271508]
[86,274,263648,264468]
[87,122,70091,70999]
[88,53,606235,605081]
[89,91,81170,80415]
[90,238,440229,441312]
[91,78,365534,365830]
[92,148,581557,582621]
[93,192,23750,24103]
[94,236,424063,425260]
[95,33,137825,137312]
[96,1,506800,506451]
[97,92,450086,451464]
[98,113,262362,261716]
[99,242,370489,370888]
[100,223,244122,243611]
[101,52,49331,50646]
[102,171,72433,72067]
[103,54,389339,390696]
[104,168,465647,466507]
[105,155,270269,269311]
[106,161,174089,172997]
[107,61,490246,489160]
[108,87,717929,717291]
[109,246,387512,388482]
[110,230,228054,228862]
[111,163,453368,452198]
[112,277,244997,244465]
[113,58,365415,365721]
[114,133,369809,368337]
[115,47,253468,252312]
[116,101,493349,493013]
[117,194,481415,482471]
[118,83,376499,375080]
[119,261,115953,114912]
[120,266,208531,209489]
[121,232,257320,258423]
[122,62,491608,492040]
[123,259,233013,232790]
[124,102,727404,728739]
[125,176,510818,511490]
[126,192,365567,366859]
[127,50,78644,79942]
[128,217,351332,350328]
[129,112,110353,110940]
[130,222,6968,7467]
[131,206,506728,506938]
[132,164,377991,378586]
[133,103,478721,478345]
[134,276,270162,270553]
[135,10,344061,344306]
[136,189,298460,297586]
[137,239,28552,28011]
[138,218,506137,506235]
[139,171,141235,140625]
[140,89,372983,371531]
[141,91,383234,382908]
[142,154,25502,26307]
[143,17,542223,541870]
[144,179,510244,508917]
[145,104,601105,601581]
[146,107,47460,45969]
[147,190,642661,643373]
[148,150,353212,354145]
[149,198,712990,713473]
[150,134,488458,488679]
[151,248,561586,562092]
[152,17,464159,462976]
[153,86,272316,272914]
[154,182,223654,224010]
[155,157,389790,388953]
[156,64,703780,704965]
[157,137,132374,131331]
[158,68,547723,548178]
[159,8,665395,666437]
[160,83,523660,523455]
[161,179,405261,404840]
[162,161,240802,239822]
[163,217,426043,425974]
[164,244,471045,471156]
[165,109,667232,666238]
[166,82,144741,145852]
[167,96,468977,469287]
[168,77,458787,458104]
[169,33,693327,692471]
[170,242,319594,319855]
[171,59,243015,242335]
[172,142,206318,206988]
[173,45,215592,214687]
[174,83,450973,450403]
[175,156,420344,421241]
[176,25,633293,632852]
[177,273,629323,629223]
[178,21,304481,303402]
[179,169,427675,427255]
[180,194,208706,210065]
[181,201,186460,185715]
[182,235,666323,665513]
[183,243,329878,328884]
[184,207,185018,184170]
[185,133,278508,278158]
[186,4,5222,6565]
[187,199,561888,561067]
[188,220,202370,203086]
[189,244,349772,349893]
[190,15,724187,724123]
[191,279,629566,628598]
[192,139,310195,309303]
[193,156,656456,657920]
[194,251,445368,445150]
[195,130,481838,482334]
[196,124,729440,730071]
[197,217,501868,500616]
[198,17,279867,278414]
[199,69,417708,417490]
[200,269,254181,253240]
[201,240,45636,46010]
[202,265,455194,454025]
[203,102,22217,22403]
[204,186,355545,356474]
[205,85,204135,202674]
[206,78,366069,366253]
[207,146,680582,681819]
[208,120,357883,358304]
[209,156,120989,122008]
[210,250,50911,52316]
[211,95,313588,313205]
[212,205,708580,707543]
[213,212,203505,204645]
[214,147,205385,204327]
[215,244,48339,49641]
[216,62,585765,585866]
[217,63,700944,700813]
[218,177,696727,696398]
[219,10,131472,131511]
[220,154,421573,422770]
[221,141,223449,223397]
[222,170,324692,326008]
[223,116,508566,509877]
[224,23,448561,448037]
[225,6,66613,66725]
