["head":"wrap","lpos","status"]
[16,152332,0]
["io count"]
[230]
["io":"id","wrap","startLpos","endLpos"]
[1,269,326862,326091]
[2,264,539948,540621]
[3,62,243211,244211]
[4,255,599831,598996]
[5,3,353486,353058]
[6,146,23393,24784]
[7,138,277173,277220]
[8,139,82477,81331]
[9,69,335538,334964]
[10,119,609316,608629]
[11,129,110220,109186]
[12,141,390110,389702]
[13,29,553481,553104]
[14,129,395555,394751]
[15,115,33653,32225]
[16,178,19322,20247]
[17,91,321114,320704]
[18,58,464223,465170]
[19,188,12023,13132]
[20,241,718083,716895]
[21,107,186799,185340]
[22,122,649985,651401]
[23,270,729416,730518]
[24,104,553686,554665]
[25,1,677491,676731]
[26,49,655388,654362]
[27,114,487546,487962]
[28,120,207509,208669]
[29,278,236806,237966]
[30,277,120217,119002]
[31,83,475528,474721]
[32,166,543153,543812]
[33,64,90324,90869]
[34,154,324547,325073]
[35,260,96074,96931]
[36,179,504641,504174]
[37,29,454631,453265]
[38,169,84859,83381]
[39,5,207905,206490]
[40,210,279372,279591]
[41,174,276164,276410]
[42,54,316464,317145]
[43,80,656788,657461]
[44,75,304846,304520]
[45,3,18308,17808]
[46,117,81992,80788]
[47,157,466077,465451]
[48,41,247537,247313]
[49,76,235549,235759]
[50,275,18430,17739]
[51,199,87147,86313]
[52,75,359676,358942]
[53,231,241864,241537]
[54,228,526642,526825]
[55,111,543549,542557]
[56,32,49411,50667]
[57,55,640708,640195]
[58,15,337624,337063]
[59,96,517165,518092]
[60,62,563872,565136]
[61,133,720156,718844]
[62,167,199517,199219]
[63,81,173460,173306]
[64,270,308351,309379]
[65,69,335948,335147]
[66,112,595998,596747]
[67,208,157184,158015]
[68,128,424905,425054]
[69,235,554631,554476]
[70,47,304994,303755]
[71,113,428689,427425]
[72,256,600730,601856]
[73,55,131334,130085]
[74,84,328365,329751]
[75,86,555849,556324]
[76,33,421627,420396]
[77,151,238633,237694]
[78,251,295362,294055]
[79,89,337903,337822]
[80,22,656766,657544]
[81,87,727357,727310]
[82,17,200004,199074]
[83,81,684759,684703]
[84,132,477758,479091]
[85,98,683480,684195]
[86,10,503153,503744]
[87,257,463520,462223]
[88,7,55570,54269]
[89,88,603052,603167]
[90,120,698809,699364]
[91,189,395142,394009]
[92,181,377528,377386]
[93,151,386718,386427]
[94,219,633713,632334]
[95,95,592403,591878]
[96,268,352834,353482]
[97,112,601438,601584]
[98,244,84832,86227]
[99,220,393218,393263]
[100,49,722054,721127]
[101,69,360796,359857]
[102,7,545762,544412]
[103,60,39991,40363]
[104,162,108112,108981]
[105,67,514889,513442]
[106,278,200386,201805]
[107,79,614355,613479]
[108,145,721206,720326]
[109,123,135786,135718]
[110,258,68240,69034]
[111,27,368133,368061]
[112,167,57469,56268]
[113,212,100434,100996]
[114,65,301809,301049]
[115,54,585516,586704]
[116,79,723753,723005]
[117,263,512318,511792]
[118,234,270794,271172]
[119,131,476473,476120]
[120,13,185095,184151]
[121,107,540420,539426]
[122,191,608465,607594]
[123,235,578642,577391]
[124,251,302007,300952]
[125,275,319568,319457]
[126,143,633593,632130]
[127,137,256536,255755]
[128,186,23264,23596]
[129,51,549480,548850]
[130,220,690210,691644]
[131,186,639092,640312]
[132,155,24812,23446]
[133,174,716036,716629]
[134,210,476920,477159]
[135,124,130343,130476]
[136,109,273249,272179]
[137,25,540867,540464]
[138,272,582111,582579]
[139,34,428059,428526]
[140,5,462365,461202]
[141,159,328148,326860]
[142,244,583393,584339]
[143,129,29464,29026]
[144,142,363475,364669]
[145,38,50941,51146]
[146,230,569624,571079]
[147,126,495788,496847]
[148,196,575834,576162]
[149,110,48160,48382]
[150,273,5131,4900]
[151,212,346160,346767]
[152,173,51714,50869]
[153,41,318915,318064]
[154,204,139106,140044]
[155,221,93779,92820]
[156,79,506096,505626]
[157,58,682970,683821]
[158,6,23365,24797]
[159,184,131598,132768]
[160,45,387713,387600]
[161,239,23247,22856]
[162,207,633203,633167]
[163,225,495622,494217]
[164,179,125773,124534]
[165,97,505018,503741]
[166,277,590102,589053]
[167,75,375638,374224]
[168,92,68327,68578]
[169,66,294887,295233]
[170,186,432990,433847]
[171,17,324735,324178]
[172,170,438573,438944]
[173,39,457745,457585]
[174,255,240926,240610]
[175,88,286323,286877]
[176,116,428286,429216]
[177,72,186368,187637]
[178,173,45570,45344]
[179,248,702925,702964]
[180,268,683184,684657]
[181,204,670978,671467]
[182,41,518637,518198]
[183,167,466232,465084]
[184,238,560141,560427]
[185,239,671699,670626]
[186,12,4631,5522]
[187,269,214364,213278]
[188,27,148916,147673]
[189,184,19302,20266]
[190,42,145253,146388]
[191,119,398036,397849]
[192,47,611877,611020]
[193,78,35090,36380]
[194,102,309753,311162]
[195,175,189511,189399]
[196,142,702319,702830]
[197,55,554091,553296]
[198,231,570476,569017]
[199,80,12764,12969]
[200,238,511415,512657]
[201,62,341483,342309]
[202,177,500620,500335]
[203,208,494231,495552]
[204,259,553690,552626]
[205,237,542396,541535]
[206,271,330200,329870]
[207,241,628054,627520]
[208,29,317723,316881]
[209,39,81043,80318]
[210,190,300554,301221]
[211,262,295654,296134]
[212,56,417044,418125]
[213,219,664423,663029]
[214,109,146886,146385]
[215,41,205838,204535]
[216,57,5996,5917]
[217,111,466698,465208]
[218,249,369590,369534]
[219,225,95918,95778]
[220,240,684895,685610]
[221,60,585024,586327]
[222,0,252065,252285]
[223,246,518581,519220]
[224,122,683973,684750]
[225,0,140784,140950]
[226,155,466706,465542]
[227,14,452106,453024]
[228,25,525067,524511]
[229,173,629379,628566]
[230,131,717321,716978]
