["head":"wrap","lpos","status"]
[239,418579,0]
["io count"]
[235]
["io":"id","wrap","startLpos","endLpos"]
[1,89,539407,539074]
[2,239,133528,132685]
[3,149,145274,144176]
[4,95,414627,414441]
[5,242,204618,205781]
[6,148,299618,300756]
[7,241,26937,26539]
[8,248,414432,415928]
[9,93,464499,463747]
[10,31,142085,141815]
[11,115,505366,503926]
[12,70,12784,13688]
[13,57,249122,248189]
[14,85,220462,219443]
[15,259,42863,42274]
[16,116,706804,707558]
[17,54,429511,429591]
[18,168,719721,719772]
[19,17,455371,454290]
[20,60,490898,491476]
[21,159,631787,630537]
[22,198,560586,561233]
[23,38,108096,108462]
[24,177,481302,480769]
[25,158,418697,418746]
[26,76,412408,413835]
[27,139,465136,464779]
[28,17,268007,266512]
[29,35,245801,245743]
[30,130,194691,195484]
[31,207,539074,537974]
[32,28,10218,10258]
[33,37,184419,184162]
[34,202,368539,370011]
[35,178,225293,225402]
[36,97,80895,80193]
[37,12,359540,360336]
[38,268,125722,126113]
[39,236,307391,307606]
[40,211,383179,382019]
[41,16,649357,650429]
[42,49,163869,162883]
[43,113,125218,123920]
[44,110,629903,630945]
[45,217,431652,430463]
[46,266,484627,485716]
[47,253,526557,525117]
[48,166,714683,715396]
[49,185,464392,463591]
[50,41,603587,602562]
[51,271,648002,647018]
[52,216,357834,358647]
[53,140,262308,263372]
[54,103,250181,248935]
[55,269,469288,467997]
[56,200,207457,207660]
[57,89,628920,627567]
[58,174,185953,186796]
[59,124,270537,271656]
[60,70,562364,562784]
[61,9,688645,688603]
[62,26,486450,486502]
[63,41,666339,665632]
[64,152,647742,649188]
[65,57,629081,628051]
[66,210,211175,211385]
[67,88,249960,250088]
[68,131,92923,91472]
[69,30,517346,517864]
[70,191,499205,498954]
[71,247,103761,103302]
[72,257,82628,81998]
[73,118,91425,92155]
[74,157,540359,538930]
[75,114,190436,191867]
[76,46,530912,531677]
[77,52,58355,59029]
[78,44,539867,540724]
[79,139,692424,691069]
[80,93,666664,666078]
[81,152,447304,448607]
[82,120,332001,333083]
[83,88,598255,598512]
[84,140,442761,443172]
[85,240,138208,138334]
[86,275,414830,413338]
[87,186,597832,598474]
[88,84,358900,360257]
[89,18,194865,195696]
[90,279,200274,199334]
[91,85,235026,233672]
[92,234,591322,592072]
[93,153,544166,542776]
[94,146,144313,145336]
[95,257,215231,214362]
[96,44,76656,76903]
[97,129,536371,535589]
[98,22,186518,187752]
[99,263,159158,158563]
[100,269,147295,146812]
[101,51,308262,308231]
[102,203,586742,585404]
[103,72,729270,730597]
[104,213,689787,688631]
[105,52,43238,43793]
[106,4,308659,309557]
[107,12,526848,527811]
[108,162,189002,190107]
[109,112,664843,665695]
[110,92,49299,50456]
[111,123,315209,314314]
[112,120,326800,327357]
[113,194,675388,676122]
[114,69,644467,643965]
[115,25,380152,379701]
[116,155,277234,276066]
[117,43,13248,12207]
[118,132,673596,674739]
[119,87,207352,206354]
[120,121,142207,141124]
[121,37,426081,425379]
[122,6,576180,577355]
[123,80,86848,87032]
[124,87,690906,690189]
[125,222,545909,546793]
[126,173,366274,366053]
[127,192,559602,560072]
[128,184,254622,255790]
[129,260,653905,653985]
[130,181,180778,180219]
[131,38,417686,418191]
[132,197,444320,443774]
[133,13,109047,108999]
[134,123,248188,247016]
[135,123,235108,234143]
[136,236,200344,200914]
[137,58,285395,285912]
[138,245,407888,406539]
[139,94,30444,30860]
[140,123,698453,697439]
[141,1,190720,189888]
[142,219,698151,697965]
[143,104,53890,54320]
[144,16,276378,277484]
[145,142,227481,228459]
[146,77,79013,78715]
[147,278,234967,235235]
[148,239,409128,408869]
[149,38,12219,13463]
[150,118,213004,214344]
[151,8,521014,522446]
[152,147,716137,716082]
[153,274,226239,227602]
[154,208,711600,711873]
[155,135,56220,55784]
[156,252,509806,510300]
[157,42,5252,5644]
[158,179,102201,101887]
[159,234,381953,383227]
[160,275,489083,488595]
[161,264,137221,137816]
[162,39,424155,423232]
[163,202,365222,365572]
[164,49,379971,379283]
[165,100,155209,156250]
[166,139,144595,144049]
[167,14,184862,185289]
[168,65,236741,235720]
[169,262,719200,719860]
[170,102,595818,596355]
[171,17,557107,555715]
[172,253,659232,658497]
[173,43,557451,557116]
[174,263,326662,326063]
[175,61,431425,430672]
[176,185,140292,139835]
[177,153,48538,48059]
[178,129,684893,684159]
[179,175,662130,661234]
[180,139,254044,253210]
[181,44,513221,514040]
[182,250,667091,667474]
[183,14,692160,692226]
[184,128,522437,523386]
[185,248,586978,587529]
[186,201,505858,504834]
[187,176,227792,227934]
[188,214,191262,191313]
[189,236,306481,307912]
[190,278,144528,145635]
[191,262,302768,302902]
[192,224,389371,389988]
[193,145,340204,339434]
[194,243,214862,214031]
[195,225,42337,41750]
[196,129,118571,117373]
[197,63,559696,558458]
[198,170,536041,536548]
[199,131,556030,554921]
[200,162,428005,428475]
[201,93,663397,662867]
[202,58,4603,4707]
[203,127,281569,280928]
[204,225,170330,168862]
[205,34,487150,488514]
[206,114,226459,227333]
[207,133,322931,322293]
[208,46,462524,463247]
[209,99,380749,380360]
[210,95,559156,558813]
[211,235,367833,367773]
[212,170,48146,49431]
[213,204,489127,489298]
[214,267,211134,210719]
[215,244,93554,94409]
[216,219,409994,409446]
[217,175,212851,212435]
[218,32,589755,590285]
[219,93,13207,12213]
[220,176,411208,412060]
[221,65,89371,88157]
[222,148,648389,649457]
[223,68,651225,652532]
[224,87,584031,583583]
[225,24,309141,310086]
[226,178,409007,410049]
[227,29,555516,554114]
[228,104,79280,80364]
[229,246,193289,193619]
[230,142,66829,68041]
[231,114,242161,243348]
[232,40,9620,9990]
[233,199,282786,281402]
[234,114,123585,124978]
[235,199,449686,449115]
