["head":"wrap","lpos","status"]
[25,212591,0]
["io count"]
[240]
["io":"id","wrap","startLpos","endLpos"]
[1,214,353302,353794]
[2,241,603866,602439]
[3,239,520456,520134]
[4,36,78116,79058]
[5,275,635945,634446]
[6,140,476076,477349]
[7,97,557889,556881]
[8,38,647510,647725]
[9,182,164843,165387]
[10,208,124045,124704]
[11,32,321962,322314]
[12,198,271881,272238]
[13,22,511873,512597]
[14,132,91543,92273]
[15,198,353827,354767]
[16,143,349052,347750]
[17,50,626186,626753]
[18,239,518486,517966]
[19,44,292150,293013]
[20,259,393703,393426]
[21,252,376574,376850]
[22,29,423227,422859]
[23,217,692124,691468]
[24,29,410075,408939]
[25,192,358785,359107]
[26,258,479354,479966]
[27,191,280597,279627]
[28,42,78972,80151]
[29,127,94480,93776]
[30,262,203436,203628]
[31,65,369,225]
[32,127,442014,441343]
[33,150,591089,592264]
[34,184,412748,413175]
[35,87,102414,101406]
[36,47,329676,329376]
[37,163,362867,361477]
[38,69,630755,629422]
[39,121,161984,161618]
[40,37,152061,151100]
[41,212,114480,114598]
[42,256,161811,163184]
[43,181,82123,81482]
[44,13,171937,171029]
[45,8,545781,546208]
[46,97,57984,56774]
[47,47,540590,539260]
[48,88,519218,519440]
[49,254,495439,495801]
[50,141,232061,231998]
[51,79,479167,478955]
[52,103,408348,407195]
[53,106,670674,671115]
[54,88,357555,357895]
[55,240,257666,258749]
[56,51,704791,704280]
[57,245,345307,344821]
[58,164,706606,707451]
[59,58,667948,668667]
[60,88,468556,469331]
[61,209,523410,522984]
[62,242,510040,511147]
[63,244,628840,630011]
[64,28,689048,689405]
[65,86,408067,408979]
[66,62,348711,349355]
[67,97,407411,406473]
[68,211,272849,271783]
[69,66,201245,202741]
[70,197,93197,93084]
[71,271,599023,598179]
[72,103,201348,201246]
[73,143,149383,148361]
[74,97,51322,50645]
[75,202,107756,108242]
[76,178,707575,708497]
[77,275,263144,262501]
[78,222,323115,323931]
[79,38,217770,218307]
[80,266,18810,19537]
[81,136,570578,571303]
[82,76,708113,709173]
[83,235,613510,612956]
[84,203,408517,407278]
[85,265,30269,30001]
[86,177,151337,150195]
[87,254,693022,694091]
[88,279,101332,100080]
[89,180,721391,722268]
[90,221,515740,514522]
[91,93,537190,536945]
[92,37,644582,643671]
[93,272,579329,579482]
[94,92,553026,553289]
[95,155,630781,630016]
[96,208,651554,652348]
[97,226,440616,441167]
[98,122,108868,109890]
[99,256,64123,65487]
[100,84,508460,509906]
[101,46,478710,479690]
[102,57,699426,699020]
[103,262,434655,436031]
[104,264,617780,618812]
[105,251,144091,143791]
[106,203,288037,286859]
[107,221,240951,240057]
[108,84,246332,247566]
[109,195,300710,299394]
[110,122,300562,300977]
[111,132,543680,544939]
[112,242,285765,286308]
[113,253,98280,97873]
[114,85,400260,399250]
[115,187,583344,582676]
[116,233,47329,46396]
[117,155,545485,545235]
[118,30,525844,526696]
[119,237,349808,349620]
[120,262,108340,109487]
[121,255,562158,561353]
[122,213,93396,92376]
[123,48,280202,280674]
[124,244,180802,181489]
[125,16,178476,178854]
[126,258,176456,177917]
[127,264,294727,296087]
[128,68,390245,391168]
[129,168,28012,28406]
[130,115,155847,154602]
[131,216,187736,187868]
[132,197,88164,87021]
[133,231,380761,379399]
[134,245,258393,258096]
[135,16,226931,227677]
[136,197,471392,470152]
[137,258,338067,339368]
[138,131,24762,23968]
[139,200,199961,201015]
[140,75,351868,350990]
[141,266,693326,694042]
[142,23,148649,148121]
[143,126,20943,21802]
[144,88,645620,647002]
[145,9,259987,259615]
[146,26,411993,413135]
[147,234,447137,447596]
[148,48,32665,33139]
[149,115,567038,565961]
[150,228,316064,317371]
[151,168,470826,471152]
[152,69,330445,329738]
[153,237,129870,129576]
[154,126,543327,543864]
[155,200,627076,627329]
[156,194,526704,527882]
[157,202,368929,369102]
[158,24,15508,15870]
[159,50,583831,584132]
[160,116,397185,397630]
[161,113,458455,456957]
[162,128,688520,689753]
[163,210,402688,402860]
[164,240,50125,50767]
[165,58,695818,696963]
[166,21,472798,472129]
[167,39,336058,334579]
[168,197,540072,539043]
[169,151,388917,387528]
[170,261,188219,187508]
[171,39,162632,161463]
[172,168,527728,528723]
[173,267,393897,393848]
[174,237,588283,587719]
[175,4,93159,94089]
[176,106,581424,582516]
[177,95,345911,344865]
[178,97,630369,629619]
[179,180,673703,673810]
[180,167,571476,570324]
[181,51,332581,331501]
[182,92,335318,336666]
[183,185,610160,608827]
[184,143,89194,89018]
[185,252,594850,595045]
[186,109,457170,455948]
[187,187,189127,188614]
[188,139,93856,93709]
[189,82,196199,196240]
[190,14,724353,725762]
[191,145,577995,577643]
[192,22,159572,159864]
[193,130,441226,442091]
[194,217,547794,546640]
[195,267,264928,264558]
[196,76,659966,661016]
[197,118,134580,135481]
[198,11,189481,189278]
[199,52,360468,360897]
[200,30,159834,161174]
[201,236,633444,634836]
[202,251,502324,502154]
[203,183,79235,77816]
[204,260,128621,129141]
[205,195,272370,271579]
[206,222,455054,455426]
[207,103,166049,165412]
[208,162,600329,600880]
[209,97,332877,332041]
[210,71,187950,187493]
[211,273,687854,687630]
[212,4,137133,138615]
[213,142,623153,623544]
[214,76,506668,507497]
[215,170,541520,542043]
[216,215,7676,6516]
[217,155,88555,87669]
[218,118,155954,156945]
[219,274,243895,244600]
[220,226,137566,138763]
[221,30,554126,554816]
[222,242,693305,694095]
[223,201,395223,394104]
[224,256,649971,650296]
[225,112,2386,2901]
[226,244,200326,201484]
[227,182,199017,199215]
[228,21,127499,126837]
[229,171,19615,19513]
[230,91,292620,291172]
[231,214,4960,5159]
[232,173,704442,702994]
[233,131,718817,718404]
[234,162,12749,12789]
[235,265,636721,635690]
[236,253,200596,199741]
[237,37,294140,293211]
[238,232,197547,198896]
[239,225,44168,42803]
[240,183,527429,527050]
