["head":"wrap","lpos","status"]
[26,307075,0]
["io count"]
[245]
["io":"id","wrap","startLpos","endLpos"]
[1,76,653926,653977]
[2,151,64099,62913]
[3,165,692203,691617]
[4,244,727407,727664]
[5,103,115182,114835]
[6,147,117474,116731]
[7,271,126731,126041]
[8,244,691238,691490]
[9,207,719399,719162]
[10,147,495650,495135]
[11,255,563645,562532]
[12,93,426546,425985]
[13,191,542598,542015]
[14,85,635587,634859]
[15,124,702499,703465]
[16,191,362188,361397]
[17,100,300228,301396]
[18,279,95078,94472]
[19,257,114308,113252]
[20,125,551079,549706]
[21,202,319905,320740]
[22,229,172232,170890]
[23,52,691581,691768]
[24,273,624623,623259]
[25,128,494820,495045]
[26,194,643676,643861]
[27,230,187880,188101]
[28,37,266671,265486]
[29,175,729074,728900]
[30,214,543374,544147]
[31,130,175543,176259]
[32,19,472680,471853]
[33,211,528940,527563]
[34,178,717444,718558]
[35,145,629779,629143]
[36,236,569130,570577]
[37,37,693851,693226]
[38,264,372144,372858]
[39,192,424703,425075]
[40,72,174196,174949]
[41,95,621747,620998]
[42,15,651779,651433]
[43,214,41604,42570]
[44,192,377454,378711]
[45,10,503885,505340]
[46,5,1232,240]
[47,1,486308,485273]
[48,182,70170,71553]
[49,99,674675,674164]
[50,251,540103,539784]
[51,47,117785,116833]
[52,84,68829,69957]
[53,194,370808,370996]
[54,85,188554,187371]
[55,122,97691,98784]
[56,217,404647,404404]
[57,276,623207,624356]
[58,250,179055,180224]
[59,133,603539,602699]
[60,144,387610,388019]
[61,92,256298,256999]
[62,268,651868,653235]
[63,113,619074,618308]
[64,202,41740,41892]
[65,1,335028,334410]
[66,83,226900,225921]
[67,71,522898,522411]
[68,25,126667,125227]
[69,98,132512,133781]
[70,72,253620,255037]
[71,272,650405,651373]
[72,10,675040,675216]
[73,28,715230,715368]
[74,23,309279,308133]
[75,92,57440,58748]
[76,63,66318,65583]
[77,106,414473,414876]
[78,107,202505,201090]
[79,103,434052,432983]
[80,22,585174,586063]
[81,52,330294,330868]
[82,47,677128,677067]
[83,62,687983,688785]
[84,139,590166,588675]
[85,21,239559,239309]
[86,151,374674,374327]
[87,7,660332,659700]
[88,124,668697,669310]
[89,243,244952,244129]
[90,17,429400,428981]
[91,47,484447,483273]
[92,110,414248,414973]
[93,226,618305,618354]
[94,130,436898,437633]
[95,97,384105,383840]
[96,144,330419,330691]
[97,151,219937,218824]
[98,71,106004,105432]
[99,34,138453,138809]
[100,199,427862,427158]
[101,62,475126,476114]
[102,241,353933,353528]
[103,251,638622,638498]
[104,137,720392,719134]
[105,128,94236,94536]
[106,277,166604,165785]
[107,0,36229,36903]
[108,247,574504,573786]
[109,191,615459,614032]
[110,245,541572,540851]
[111,157,679128,678047]
[112,181,473653,473208]
[113,49,669252,667930]
[114,24,129742,130335]
[115,168,535645,536372]
[116,118,715469,716180]
[117,210,423167,424087]
[118,8,497103,497186]
[119,167,167127,165838]
[120,251,624611,623488]
[121,185,459570,459523]
[122,200,183346,184416]
[123,104,342090,342260]
[124,144,338597,339501]
[125,196,82474,83956]
[126,184,494712,495086]
[127,235,241752,241061]
[128,194,372893,373111]
[129,69,618591,617460]
[130,263,633358,632660]
[131,83,602734,601909]
[132,105,236511,236331]
[133,26,85498,86676]
[134,18,686902,688395]
[135,109,599760,598608]
[136,3,622322,622027]
[137,81,225714,225013]
[138,214,365611,366580]
[139,221,273675,272333]
[140,161,132471,131259]
[141,274,659439,660023]
[142,63,219551,219494]
[143,237,430834,430535]
[144,57,494915,494492]
[145,10,153698,153819]
[146,184,401088,401718]
[147,75,336347,335758]
[148,179,445363,445241]
[149,239,215486,214662]
[150,166,624563,625204]
[151,89,83411,82114]
[152,15,689094,688132]
[153,50,221484,221626]
[154,41,24315,23520]
[155,96,264619,266101]
[156,118,192163,192826]
[157,258,728563,729522]
[158,0,563110,564544]
[159,45,663728,662566]
[160,237,214933,214525]
[161,31,170748,170187]
[162,148,52274,52559]
[163,4,348647,350071]
[164,4,489300,490798]
[165,93,472362,471164]
[166,172,531637,531866]
[167,65,526097,525811]
[168,102,536390,536979]
[169,34,471903,473092]
[170,132,125376,126243]
[171,237,57687,56672]
[172,122,681750,682629]
[173,80,354580,355593]
[174,274,289954,290004]
[175,109,400347,399593]
[176,71,517443,516141]
[177,123,527804,527770]
[178,88,252851,254280]
[179,50,460052,461499]
[180,59,193165,192539]
[181,130,448020,448551]
[182,194,689388,690047]
[183,8,685729,686345]
[184,272,187946,188455]
[185,58,189367,190818]
[186,239,719781,719414]
[187,113,496815,495946]
[188,197,676647,675962]
[189,253,312511,311979]
[190,144,375225,375660]
[191,200,185076,185545]
[192,119,426510,425691]
[193,146,643076,643318]
[194,15,419494,419241]
[195,211,611430,611070]
[196,155,223714,222220]
[197,51,243460,242122]
[198,257,567157,566054]
[199,153,313951,313462]
[200,11,146106,144715]
[201,139,704465,704288]
[202,138,598623,599298]
[203,130,279515,280179]
[204,136,59869,60191]
[205,273,293681,292416]
[206,18,118061,118400]
[207,76,11663,12509]
[208,137,602796,602445]
[209,160,366547,367858]
[210,80,253993,255077]
[211,215,488564,488110]
[212,9,24975,23478]
[213,254,423197,424276]
[214,150,475686,476488]
[215,108,678227,678503]
[216,119,578592,577892]
[217,130,581774,582186]
[218,41,659191,658560]
[219,260,413977,414949]
[220,126,390427,391110]
[221,279,176397,176274]
[222,135,346099,346014]
[223,191,508063,507547]
[224,30,300453,301329]
[225,100,71744,73007]
[226,32,626613,627491]
[227,74,587504,588907]
[228,15,325946,325486]
[229,250,149804,150644]
[230,0,521853,522408]
[231,242,25819,26221]
[232,170,371946,373102]
[233,115,630590,630268]
[234,153,409508,408234]
[235,42,365262,366170]
[236,69,27153,27071]
[237,268,73587,74185]
[238,37,58983,58317]
[239,203,686623,686454]
[240,32,311265,311527]
[241,30,408217,409660]
[242,224,433673,434028]
[243,226,395294,396013]
[244,104,517723,518656]
[245,122,578141,578418]
