["head":"wrap","lpos","status"]
[214,307249,0]
["io count"]
[25]
["io":"id","wrap","startLpos","endLpos"]
[1,243,704408,702945]
[2,162,614220,614520]
[3,37,575007,573723]
[4,272,189808,190211]
[5,161,320194,320096]
[6,44,320705,321766]
[7,240,59373,59452]
[8,14,289154,289771]
[9,147,559428,558319]
[10,38,492968,494003]
[11,51,419504,418993]
[12,98,528817,529295]
[13,178,263707,264583]
[14,98,429444,429635]
[15,67,594071,593392]
[16,0,13016,14013]
[17,60,143739,144634]
[18,239,372290,371297]
[19,123,665662,664434]
[20,130,494634,496133]
[21,79,468512,468094]
[22,165,719885,718930]
[23,34,279554,280029]
[24,182,87023,88068]
[25,68,18037,18162]
