["head":"wrap","lpos","status"]
[64,380682,1]
["io count"]
[250]
["io":"id","wrap","startLpos","endLpos"]
[1,17,583923,582770]
[2,207,80274,80057]
[3,85,497926,497725]
[4,209,425654,424498]
[5,12,306097,307551]
[6,209,639578,638424]
[7,125,702797,702504]
[8,31,687888,687450]
[9,232,141733,142242]
[10,130,657893,658221]
[11,139,185819,185150]
[12,276,13417,14763]
[13,11,646505,645547]
[14,55,352467,351728]
[15,278,45140,45808]
[16,99,117284,116402]
[17,18,330199,330588]
[18,35,180449,179645]
[19,40,385878,386041]
[20,110,413564,414916]
[21,33,699140,698845]
[22,161,587432,586393]
[23,184,352392,352440]
[24,240,562561,563584]
[25,221,143074,141920]
[26,130,323227,323507]
[27,245,435838,434416]
[28,188,281971,282372]
[29,269,321992,321836]
[30,100,497762,498818]
[31,130,66936,68114]
[32,233,80092,79185]
[33,229,665577,664818]
[34,181,636513,635989]
[35,47,596065,594833]
[36,92,657164,657451]
[37,205,351978,351529]
[38,205,504990,504829]
[39,173,401021,400389]
[40,246,514618,514749]
[41,179,671603,670678]
[42,163,219466,218370]
[43,122,250672,252082]
[44,204,135249,136046]
[45,87,129462,129395]
[46,22,362098,362381]
[47,116,120384,120522]
[48,207,194565,193469]
[49,105,377322,376732]
[50,258,103276,103386]
[51,259,472391,471519]
[52,245,585365,583976]
[53,50,424346,425702]
[54,212,241100,241908]
[55,234,406247,406837]
[56,237,170483,169091]
[57,10,23435,24751]
[58,46,618669,619823]
[59,128,543833,545060]
[60,15,725452,724225]
[61,19,630816,629367]
[62,274,89989,91236]
[63,260,459606,460706]
[64,5,622558,621611]
[65,193,710705,709234]
[66,249,590460,589504]
[67,91,711453,709994]
[68,173,248872,247577]
[69,230,336919,337000]
[70,27,677173,676765]
[71,78,119769,120719]
[72,43,369515,368057]
[73,233,94544,94416]
[74,141,414813,414666]
[75,142,264220,264601]
[76,50,273424,274529]
[77,226,386868,388241]
[78,57,498799,498312]
[79,92,195915,196840]
[80,134,380088,380894]
[81,48,46523,46914]
[82,28,255451,256636]
[83,187,419846,419227]
[84,243,126763,125494]
[85,120,351391,352761]
[86,108,569090,569694]
[87,155,219996,219492]
[88,1,658830,658056]
[89,240,623157,623512]
[90,108,144851,146251]
[91,25,315371,314796]
[92,224,448611,448874]
[93,186,107500,108545]
[94,117,703748,702389]
[95,11,518797,517491]
[96,105,110699,109496]
[97,231,645602,644103]
[98,62,495663,495892]
[99,95,227428,226993]
[100,11,8297,7559]
[101,95,635101,633934]
[102,15,719666,718568]
[103,195,572733,572453]
[104,23,278433,277468]
[105,12,571545,572984]
[106,161,66666,65714]
[107,205,393448,392526]
[108,107,663271,662101]
[109,4,19673,19805]
[110,146,696046,697327]
[111,173,297184,296256]
[112,171,584136,583838]
[113,110,63675,63826]
[114,77,23925,22621]
[115,199,240176,240056]
[116,110,674157,675571]
[117,180,597339,597828]
[118,41,8498,7288]
[119,235,70852,70600]
[120,242,502810,504306]
[121,232,2775,3652]
[122,110,624728,625750]
[123,213,255746,255096]
[124,206,560521,560966]
[125,120,339008,339490]
[126,47,283419,283078]
[127,153,511696,511123]
[128,77,720646,720219]
[129,277,633076,632516]
[130,186,36374,36637]
[131,207,35043,34412]
[132,123,675622,675061]
[133,94,36479,37099]
[134,128,63647,64120]
[135,175,170035,169953]
[136,76,489190,490073]
[137,100,208885,210279]
[138,158,382730,383443]
[139,35,654839,654809]
[140,97,287243,287056]
[141,249,289600,288110]
[142,73,592026,591091]
[143,80,317465,318487]
[144,181,416222,414741]
[145,197,335712,334495]
[146,41,461708,460596]
[147,12,114596,115332]
[148,37,328655,328504]
[149,92,407548,407844]
[150,244,106275,107176]
[151,178,45857,47079]
[152,271,17581,16796]
[153,216,78983,79687]
[154,163,488885,488828]
[155,84,61353,62042]
[156,126,539522,539768]
[157,151,491373,490582]
[158,34,366927,367604]
[159,213,483527,483302]
[160,28,293167,294322]
[161,253,441078,439873]
[162,251,23448,22551]
[163,71,415008,414039]
[164,228,404250,405274]
[165,9,660750,660674]
[166,6,642872,643064]
[167,152,534255,535310]
[168,225,276580,276267]
[169,185,450950,449465]
[170,138,377733,378483]
[171,206,418032,418657]
[172,42,404629,405778]
[173,41,415716,415369]
[174,119,371868,371586]
[175,228,554486,555345]
[176,5,308022,307533]
[177,268,28159,29520]
[178,215,326458,325172]
[179,1,601290,600156]
[180,131,396614,395762]
[181,17,672063,671458]
[182,19,509149,507889]
[183,222,607711,607817]
[184,88,173751,174196]
[185,145,28471,27967]
[186,111,572959,572732]
[187,176,345766,345844]
[188,230,459703,460042]
[189,167,666397,665846]
[190,167,676057,675281]
[191,177,325475,325396]
[192,145,217090,217046]
[193,237,690038,689313]
[194,149,362578,361180]
[195,169,503021,502044]
[196,67,129980,129036]
[197,279,183898,183223]
[198,82,26816,28278]
[199,37,163922,163245]
[200,238,218261,219676]
[201,222,315275,316284]
[202,254,374195,375091]
[203,161,594052,592934]
[204,46,626551,627494]
[205,16,683056,683126]
[206,218,658359,659353]
[207,104,598576,600031]
[208,82,709426,709699]
[209,92,479436,480843]
[210,108,390082,391513]
[211,214,431476,432641]
[212,12,267147,268503]
[213,40,428800,429955]
[214,195,397256,396009]
[215,198,498973,499303]
[216,146,372505,372663]
[217,212,554132,554399]
[218,69,365885,365329]
[219,17,404539,403964]
[220,94,62713,63898]
[221,36,98056,98112]
[222,160,392679,393981]
[223,153,386258,385001]
[224,138,436133,437545]
[225,68,77337,77589]
[226,57,268307,268127]
[227,112,172588,173953]
[228,166,640763,642050]
[229,36,399759,400295]
[230,143,284671,284083]
[231,19,478971,478727]
[232,166,55527,56543]
[233,39,394424,394341]
[234,34,541060,542111]
[235,9,484143,483897]
[236,233,398193,397221]
[237,203,146788,146122]
[238,247,484578,483953]
[239,257,404338,403068]
[240,256,423844,424227]
[241,171,154398,153472]
[242,1,494098,493337]
[243,98,655674,656914]
[244,264,161323,162521]
[245,243,21019,20694]
[246,272,123441,124291]
[247,216,77113,78105]
[248,3,44567,43178]
[249,47,412313,411184]
[250,45,568913,567900]
