["head":"wrap","lpos","status"]
[209,196140,1]
["io count"]
[2500]
["io":"id","wrap","startLpos","endLpos"]
[1,13,190201,188806]
[2,140,569504,569942]
[3,212,432293,433377]
[4,23,348394,348175]
[5,173,415719,415577]
[6,269,14438,13444]
[7,278,407366,407702]
[8,119,274132,274037]
[9,128,321376,322216]
[10,159,461231,460881]
[11,79,140968,140306]
[12,58,637491,637738]
[13,157,155718,155447]
[14,73,474864,473639]
[15,236,240682,240842]
[16,71,301211,300875]
[17,277,708573,707078]
[18,161,695312,695094]
[19,34,553771,554677]
[20,13,338225,337467]
[21,197,417588,416398]
[22,199,418900,417888]
[23,119,284150,282796]
[24,95,694928,694478]
[25,231,571972,571332]
[26,85,29189,28765]
[27,175,233333,231995]
[28,173,423050,422487]
[29,279,730022,728665]
[30,271,620343,619293]
[31,217,502343,501580]
[32,174,571483,572340]
[33,66,203203,203945]
[34,43,267344,265980]
[35,130,556571,557713]
[36,266,228859,229177]
[37,4,370463,371296]
[38,214,508598,509781]
[39,155,531424,531078]
[40,148,384159,384555]
[41,25,349275,348217]
[42,204,177850,179094]
[43,30,126601,127500]
[44,57,660846,659435]
[45,170,136953,137578]
[46,256,308440,308970]
[47,273,616918,615891]
[48,104,391217,391805]
[49,0,86148,87425]
[50,62,464260,465226]
[51,192,125051,125706]
[52,40,475943,477179]
[53,264,665938,667014]
[54,226,133317,133992]
[55,183,507919,507028]
[56,3,580904,579480]
[57,118,615877,617053]
[58,21,364864,364381]
[59,216,378172,379163]
[60,80,142783,143595]
[61,259,615759,615157]
[62,82,82933,83833]
[63,55,61216,60496]
[64,218,687024,687591]
[65,27,399538,398498]
[66,279,397134,395692]
[67,42,49162,49205]
[68,57,487399,486836]
[69,46,533710,534681]
[70,222,403618,404995]
[71,188,713348,714450]
[72,277,516867,516629]
[73,137,533191,531820]
[74,192,724786,725871]
[75,211,129477,129368]
[76,141,571153,571000]
[77,72,440099,441225]
[78,254,68155,68357]
[79,241,457590,456551]
[80,20,415541,416073]
[81,103,179202,178724]
[82,102,276432,276644]
[83,164,1753,2598]
[84,140,399721,400851]
[85,61,167015,165803]
[86,130,501514,502385]
[87,150,594888,595129]
[88,11,723692,723198]
[89,10,706585,707518]
[90,111,490128,488695]
[91,265,261235,261146]
[92,91,601376,600284]
[93,202,189690,190870]
[94,164,368830,369650]
[95,71,610534,609511]
[96,151,78830,78313]
[97,0,633067,634075]
[98,64,208950,209682]
[99,258,450304,450635]
[100,199,65055,64152]
[101,275,601964,601000]
[102,114,524057,524561]
[103,30,485127,486595]
[104,128,503775,505024]
[105,209,601984,600889]
[106,96,97994,99321]
[107,240,171851,172396]
[108,168,499577,500535]
[109,278,24387,25579]
[110,160,323275,324111]
[111,64,148866,149355]
[112,210,52632,53507]
[113,216,443123,443933]
[114,51,684059,683883]
[115,19,249628,248624]
[116,178,181390,181681]
[117,169,296700,295776]
[118,150,107161,107680]
[119,49,232116,232048]
[120,203,553062,552483]
[121,8,147964,148465]
[122,28,698621,699849]
[123,211,356415,355474]
[124,88,82274,82908]
[125,99,58730,57238]
[126,85,256562,256210]
[127,265,48919,47580]
[128,279,621131,620416]
[129,270,429621,430160]
[130,220,571294,572178]
[131,214,724179,725659]
[132,147,580419,579009]
[133,150,127981,129234]
[134,41,232422,231648]
[135,138,608228,609178]
[136,223,113312,111975]
[137,154,577701,579161]
[138,199,60720,59586]
[139,209,723832,723608]
[140,1,84878,84140]
[141,263,99552,98640]
[142,182,655662,656063]
[143,54,676980,677385]
[144,117,649638,649570]
[145,138,367172,368421]
[146,13,142721,141906]
[147,24,589339,590266]
[148,177,466321,466018]
[149,152,292484,293543]
[150,134,114966,115796]
[151,270,94937,96013]
[152,147,174190,173941]
[153,125,309820,308959]
[154,237,4246,4206]
[155,105,3847,2706]
[156,236,47159,47216]
[157,103,211778,210322]
[158,262,100266,101188]
[159,52,563749,565203]
[160,33,414428,413223]
[161,238,88998,90106]
[162,99,717760,717109]
[163,216,574349,574417]
[164,210,662933,664047]
[165,19,185851,185081]
[166,261,366339,365754]
[167,182,692083,692251]
[168,261,208141,207950]
[169,163,532445,531836]
[170,22,692123,693081]
[171,150,56244,57569]
[172,233,553157,553052]
[173,279,524653,524046]
[174,11,394699,394463]
[175,61,480902,480061]
[176,14,11738,11825]
[177,69,526560,526438]
[178,186,644676,644713]
[179,241,49826,49407]
[180,12,602542,603050]
[181,248,692184,693682]
[182,235,586822,586371]
[183,245,207870,206971]
[184,91,154581,153480]
[185,215,230450,229149]
[186,186,180521,181006]
[187,171,469785,468948]
[188,185,18867,18834]
[189,55,147073,145733]
[190,166,432672,432727]
[191,148,685102,686523]
[192,277,528914,527800]
[193,194,73335,74212]
[194,77,2773,1975]
[195,98,136165,137652]
[196,278,577504,578882]
[197,63,278893,278773]
[198,235,715930,715803]
[199,138,467998,468809]
[200,66,447292,447773]
[201,277,580038,578734]
[202,275,62814,61656]
[203,84,663106,663584]
[204,67,252928,252338]
[205,186,572325,573709]
[206,125,629447,628901]
[207,151,113924,113169]
[208,165,227360,226824]
[209,139,195140,193800]
[210,180,80502,81796]
[211,227,571289,570846]
[212,167,102107,101982]
[213,249,98760,97627]
[214,183,103368,102357]
[215,209,111178,111125]
[216,25,125818,124921]
[217,122,26346,26870]
[218,233,688378,687730]
[219,177,577122,575887]
[220,241,608351,607540]
[221,163,440655,439853]
[222,225,460862,460546]
[223,142,482734,483166]
[224,257,561894,560976]
[225,178,22886,23849]
[226,15,426544,425432]
[227,154,481,1719]
[228,91,196124,194888]
[229,115,644978,644202]
[230,165,432998,432920]
[231,158,256300,256670]
[232,237,632338,631271]
[233,198,491908,493258]
[234,6,360407,360873]
[235,85,289688,289113]
[236,239,721808,721282]
[237,184,354855,355696]
[238,198,162927,164165]
[239,218,116055,117339]
[240,194,263012,263454]
[241,163,562015,561490]
[242,116,68636,69959]
[243,253,4138,2896]
[244,128,547279,547348]
[245,267,104718,104561]
[246,23,335102,334968]
[247,112,108283,108400]
[248,185,716944,716158]
[249,98,344252,345355]
[250,33,216109,215633]
[251,235,670789,670260]
[252,51,155618,155450]
[253,179,106941,105511]
[254,70,499807,500830]
[255,273,89599,88942]
[256,118,723837,724198]
[257,278,333511,334220]
[258,225,631364,631125]
[259,80,41570,41977]
[260,251,431066,430734]
[261,127,345754,344271]
[262,27,334513,333638]
[263,253,615626,615503]
[264,231,26756,25786]
[265,169,97395,96945]
[266,123,538634,537765]
[267,86,427006,427743]
[268,125,428571,428405]
[269,227,200462,199870]
[270,132,582081,583210]
[271,40,375909,376605]
[272,141,564403,563972]
[273,266,215982,217320]
[274,159,705801,705295]
[275,50,566013,566479]
[276,53,66110,65143]
[277,128,470426,471496]
[278,82,110890,111941]
[279,110,11666,13017]
[280,45,541941,540970]
[281,13,716930,715910]
[282,200,64854,65266]
[283,184,576293,577029]
[284,48,724882,726222]
[285,96,466252,466767]
[286,122,1390,2298]
[287,203,665915,664434]
[288,127,249588,248378]
[289,49,712828,712798]
[290,100,140450,141365]
[291,180,390393,391301]
[292,220,403304,404775]
[293,129,79580,78801]
[294,224,27060,27974]
[295,144,90150,90992]
[296,129,472420,470923]
[297,139,339741,339299]
[298,270,559931,560914]
[299,184,702737,703036]
[300,254,283217,284212]
[301,54,334721,335870]
[302,72,353226,353442]
[303,258,387261,388648]
[304,33,138164,137386]
[305,132,626950,627628]
[306,130,73945,74127]
[307,185,480692,479402]
[308,279,480464,479905]
[309,62,264640,265279]
[310,65,136612,136212]
[311,231,83807,83670]
[312,157,267945,267349]
[313,19,558642,557912]
[314,20,136870,138107]
[315,189,691202,690740]
[316,118,283953,284640]
[317,215,676056,675141]
[318,118,485483,486148]
[319,155,116727,116533]
[320,158,40800,42209]
[321,15,54400,53261]
[322,165,620044,619125]
[323,134,207605,208441]
[324,18,264656,265228]
[325,13,556152,555624]
[326,147,55956,55802]
[327,98,392429,393524]
[328,143,618311,617417]
[329,222,217554,217820]
[330,225,617883,617779]
[331,112,343165,343236]
[332,190,255170,255824]
[333,243,156319,156151]
[334,267,59646,58365]
[335,138,720567,721176]
[336,262,11510,12990]
[337,44,228428,229762]
[338,57,645820,645097]
[339,156,91398,92104]
[340,178,160885,161149]
[341,267,315640,314663]
[342,226,574230,574291]
[343,24,525514,526383]
[344,235,470142,469586]
[345,53,222748,221808]
[346,219,504116,502795]
[347,276,727236,727831]
[348,162,312784,313930]
[349,273,23908,22973]
[350,67,392370,390940]
[351,19,239001,238347]
[352,160,217107,218142]
[353,178,117513,118790]
[354,146,23466,23575]
[355,64,488971,489494]
[356,108,477523,477922]
[357,278,503931,504812]
[358,182,309956,311333]
[359,48,604411,605600]
[360,276,44563,45412]
[361,9,265237,264200]
[362,215,37348,36928]
[363,4,564050,564180]
[364,85,276556,275231]
[365,115,170579,170481]
[366,257,549395,549158]
[367,31,380398,380284]
[368,213,475203,473936]
[369,212,489622,490349]
[370,191,196090,195595]
[371,248,594216,595218]
[372,260,507888,508761]
[373,28,607734,608719]
[374,259,710704,709990]
[375,68,316119,316571]
[376,193,589208,588238]
[377,274,84904,85217]
[378,234,342376,343201]
[379,245,344748,343814]
[380,226,461846,462984]
[381,241,466314,465495]
[382,58,561788,562902]
[383,130,645195,646486]
[384,75,676882,676334]
[385,137,311993,311708]
[386,153,121108,120813]
[387,174,475359,476351]
[388,21,264235,263869]
[389,115,473835,473199]
[390,125,475426,475077]
[391,149,276786,276373]
[392,211,233446,233096]
[393,231,224817,223485]
[394,210,208677,209178]
[395,119,369376,367913]
[396,239,205495,204199]
[397,76,181962,182353]
[398,43,316583,316204]
[399,237,395689,394468]
[400,185,273482,272576]
[401,272,475188,476441]
[402,257,612843,611592]
[403,214,613214,613859]
[404,0,305148,306012]
[405,271,527857,526430]
[406,200,245979,247130]
[407,121,713512,712179]
[408,36,254307,255303]
[409,194,430209,430474]
[410,182,247114,247544]
[411,92,494806,496286]
[412,188,25215,26366]
[413,157,84091,83087]
[414,245,260060,259416]
[415,97,643130,642000]
[416,117,656054,654778]
[417,3,372990,372133]
[418,146,656287,657124]
[419,132,395505,396640]
[420,68,307516,308611]
[421,161,485418,484777]
[422,5,456279,454898]
[423,66,642573,642898]
[424,25,171981,171079]
[425,226,88910,89083]
[426,122,513881,514880]
[427,142,693153,693321]
[428,187,682245,682208]
[429,113,456641,455605]
[430,62,227789,228679]
[431,227,80723,79843]
[432,86,615274,615634]
[433,239,648311,647673]
[434,102,471496,472483]
[435,9,76552,75623]
[436,19,82266,80878]
[437,157,515138,514964]
[438,79,628204,627593]
[439,245,146827,145349]
[440,122,422613,423062]
[441,86,228294,228354]
[442,24,274744,275964]
[443,21,201103,199613]
[444,83,20714,20158]
[445,276,323613,324251]
[446,215,439892,439772]
[447,252,558709,558865]
[448,265,284163,283822]
[449,109,441543,441099]
[450,198,523491,523975]
[451,89,179220,178384]
[452,121,560271,558928]
[453,263,466571,465683]
[454,127,91816,91614]
[455,127,426130,424912]
[456,50,347910,348087]
[457,113,17139,16710]
[458,148,63372,63599]
[459,225,248732,248560]
[460,29,218047,216667]
[461,19,484833,484402]
[462,34,26204,26816]
[463,148,428707,429926]
[464,60,19085,19324]
[465,193,272834,272252]
[466,48,413206,414088]
[467,0,613846,614987]
[468,271,627997,626942]
[469,79,12288,11921]
[470,25,579945,579532]
[471,184,485267,485584]
[472,272,713703,714754]
[473,245,211405,210203]
[474,238,454780,455833]
[475,132,636965,638230]
[476,212,290660,291645]
[477,194,357082,357431]
[478,66,727329,727937]
[479,223,602518,601452]
[480,233,307263,306270]
[481,143,439978,439712]
[482,103,83793,82985]
[483,149,574564,574170]
[484,37,298221,298133]
[485,126,73054,73614]
[486,191,697534,696699]
[487,95,212052,210754]
[488,181,635553,634914]
[489,199,119365,118043]
[490,249,509012,508626]
[491,142,153615,153737]
[492,185,498373,497410]
[493,55,61226,60881]
[494,122,536837,537902]
[495,181,529103,528466]
[496,21,531234,530219]
[497,255,299676,298873]
[498,160,130681,132046]
[499,239,508678,508309]
[500,167,312754,312155]
[501,211,601689,600847]
[502,252,672786,673500]
[503,17,141322,139947]
[504,41,279868,278525]
[505,46,91350,91810]
[506,150,490904,491157]
[507,9,410177,409966]
[508,66,248826,249055]
[509,201,328700,327590]
[510,132,402955,403088]
[511,124,208905,209671]
[512,252,206431,206503]
[513,182,473931,474356]
[514,29,681071,680111]
[515,116,240441,240898]
[516,219,558877,558554]
[517,32,6153,6295]
[518,7,442662,441854]
[519,118,60710,61955]
[520,235,706346,705524]
[521,163,541888,541222]
[522,129,33523,32890]
[523,14,216367,217742]
[524,43,198416,198019]
[525,164,138231,139644]
[526,199,308033,307395]
[527,131,41995,41478]
[528,56,509637,510822]
[529,190,19763,20166]
[530,188,728606,729566]
[531,121,533428,532360]
[532,42,177123,178503]
[533,197,238701,237844]
[534,191,104644,104471]
[535,268,381283,382485]
[536,60,352397,352744]
[537,234,700754,701876]
[538,189,13034,12793]
[539,34,12940,13923]
[540,122,108142,108721]
[541,143,362598,361471]
[542,69,253113,252311]
[543,226,695864,696019]
[544,117,308843,307456]
[545,181,496753,496405]
[546,50,517600,518742]
[547,133,657409,657297]
[548,37,193975,193540]
[549,151,221751,220954]
[550,9,356130,356013]
[551,235,340258,339699]
[552,122,344237,345104]
[553,75,409250,408082]
[554,262,460497,460779]
[555,28,123608,123767]
[556,200,112347,112631]
[557,62,18119,18299]
[558,179,452881,452753]
[559,126,453029,454449]
[560,188,286660,286738]
[561,224,172692,173615]
[562,197,559186,558772]
[563,249,51383,51049]
[564,162,204903,205430]
[565,62,29280,29586]
[566,205,592853,592531]
[567,120,45340,46067]
[568,43,120133,119873]
[569,106,573360,574422]
[570,230,235295,235564]
[571,245,44643,43203]
[572,261,686560,686442]
[573,255,596984,596116]
[574,154,285968,286733]
[575,175,327998,326841]
[576,156,46845,48091]
[577,107,141715,140730]
[578,126,618784,619473]
[579,109,306000,304970]
[580,52,458691,459951]
[581,242,624307,625349]
[582,31,153179,152395]
[583,104,633623,634650]
[584,140,13961,14489]
[585,123,497866,496456]
[586,73,641660,641304]
[587,242,463214,463258]
[588,177,339710,339494]
[589,245,507441,506312]
[590,45,341987,341338]
[591,140,587010,587526]
[592,133,573937,572781]
[593,81,641882,640877]
[594,171,15084,14922]
[595,12,95937,96947]
[596,257,378525,377519]
[597,152,568373,569337]
[598,241,93524,92864]
[599,4,653042,653254]
[600,233,64380,63579]
[601,38,242771,243764]
[602,28,688558,689845]
[603,80,145013,145570]
[604,18,523335,523640]
[605,174,63874,65259]
[606,227,417093,416613]
[607,142,517033,517367]
[608,28,555380,556142]
[609,211,5295,4616]
[610,159,121756,120621]
[611,60,699181,699766]
[612,130,77185,77550]
[613,197,391998,391959]
[614,242,587108,587155]
[615,88,304574,305029]
[616,86,266269,266837]
[617,26,6211,6855]
[618,215,95245,94093]
[619,93,586306,585453]
[620,87,662777,661837]
[621,269,265837,265577]
[622,39,513527,512540]
[623,279,80546,80164]
[624,131,558088,556770]
[625,115,698761,697960]
[626,72,75596,77093]
[627,270,90240,90305]
[628,133,499024,498504]
[629,217,234772,234708]
[630,95,540235,539674]
[631,161,307505,306446]
[632,192,271923,272511]
[633,110,72643,73138]
[634,77,201972,200703]
[635,243,456017,455731]
[636,123,193778,193584]
[637,72,622139,622951]
[638,70,81177,82291]
[639,184,572598,573864]
[640,210,272466,273358]
[641,256,35725,36642]
[642,141,369375,368187]
[643,112,359781,359972]
[644,0,396342,396785]
[645,180,218372,218476]
[646,49,341801,340445]
[647,133,573871,573655]
[648,182,67768,68196]
[649,217,117400,116491]
[650,53,597427,596667]
[651,55,448721,447880]
[652,89,595501,594290]
[653,105,261836,260729]
[654,92,382028,382770]
[655,197,680982,680029]
[656,147,494724,494679]
[657,152,47769,47860]
[658,40,149531,150525]
[659,145,436566,436490]
[660,68,123455,124284]
[661,271,414271,413465]
[662,57,417784,416291]
[663,193,709734,709397]
[664,190,392494,393268]
[665,94,665532,666393]
[666,19,638373,638039]
[667,208,612482,613372]
[668,154,298822,299515]
[669,272,452418,452760]
[670,139,481945,481690]
[671,234,672823,673128]
[672,167,725435,724455]
[673,146,475639,476585]
[674,112,213732,215131]
[675,17,364299,364223]
[676,194,524342,525405]
[677,7,255700,255042]
[678,238,494764,495399]
[679,196,376923,377866]
[680,101,448617,447142]
[681,203,228264,227550]
[682,201,515992,515468]
[683,245,722076,720996]
[684,243,26104,25692]
[685,44,153654,154302]
[686,225,615185,614298]
[687,201,2735,1335]
[688,50,590765,591287]
[689,135,70051,69701]
[690,236,250069,251067]
[691,112,390321,391219]
[692,209,375464,375009]
[693,87,218607,217199]
[694,270,670115,671132]
[695,177,18895,17789]
[696,114,622203,622388]
[697,8,141875,142672]
[698,145,519118,518419]
[699,28,724740,725638]
[700,188,557849,558535]
[701,188,138488,139631]
[702,21,134680,134563]
[703,65,339019,338462]
[704,214,102929,104375]
[705,237,387666,386952]
[706,124,386329,387498]
[707,156,77661,77897]
[708,163,630924,630746]
[709,173,596899,595726]
[710,41,280765,280544]
[711,32,229857,230793]
[712,64,318035,318396]
[713,155,233179,231880]
[714,76,3438,3712]
[715,146,611903,612313]
[716,23,275203,274541]
[717,100,658652,658742]
[718,247,71107,71070]
[719,65,443275,442583]
[720,3,508020,507169]
[721,33,108738,107245]
[722,173,87986,87587]
[723,134,605749,606045]
[724,136,699510,699794]
[725,72,230458,230996]
[726,200,703813,704996]
[727,225,459949,459077]
[728,120,431155,432564]
[729,256,568421,568483]
[730,41,259936,258776]
[731,92,216531,217044]
[732,104,619483,620865]
[733,119,53163,52481]
[734,227,623627,623011]
[735,89,91759,90458]
[736,193,273805,272361]
[737,2,202001,202576]
[738,200,240479,241031]
[739,149,53209,52563]
[740,261,535498,534807]
[741,9,723612,723304]
[742,14,608611,609894]
[743,178,158843,159877]
[744,4,597104,598577]
[745,180,629594,629956]
[746,124,140852,141151]
[747,27,92671,92328]
[748,137,162471,161958]
[749,266,246953,248445]
[750,155,243758,242379]
[751,91,329423,328736]
[752,109,164355,162918]
[753,89,651306,650677]
[754,2,179797,180020]
[755,143,356189,355850]
[756,31,583094,582469]
[757,68,261215,262061]
[758,244,489745,489889]
[759,199,89893,89617]
[760,101,114738,113818]
[761,0,542128,543233]
[762,45,717313,715913]
[763,49,379615,378503]
[764,151,56159,54753]
[765,277,36581,35108]
[766,252,69236,70366]
[767,178,185948,186459]
[768,77,365553,364165]
[769,23,66665,66330]
[770,254,94099,95363]
[771,46,352445,353553]
[772,3,609651,609037]
[773,80,38594,39041]
[774,91,382328,380859]
[775,247,28151,27398]
[776,202,638098,639377]
[777,151,613073,612484]
[778,87,428564,428364]
[779,198,474620,475270]
[780,23,375996,375543]
[781,186,287063,287110]
[782,71,344146,344083]
[783,85,423842,422894]
[784,98,116185,117667]
[785,180,574203,575526]
[786,40,10294,10717]
[787,140,478010,478182]
[788,251,354990,354808]
[789,186,226108,227460]
[790,48,281701,283111]
[791,91,589190,587840]
[792,222,296890,297860]
[793,18,636118,637382]
[794,249,66416,65541]
[795,156,604764,605415]
[796,215,535322,533863]
[797,99,440392,439704]
[798,97,35825,34868]
[799,135,580012,579276]
[800,225,46996,46844]
[801,278,391928,393048]
[802,4,368134,368960]
[803,83,373693,372457]
[804,178,291229,291938]
[805,83,504219,503794]
[806,165,435230,434891]
[807,165,395703,395482]
[808,258,226326,226838]
[809,242,105856,105967]
[810,118,65061,66283]
[811,51,311681,310524]
[812,49,585925,585332]
[813,275,308138,306742]
[814,140,332244,333363]
[815,186,140703,141899]
[816,27,80498,80391]
[817,89,628101,627098]
[818,12,127370,128232]
[819,5,631140,630881]
[820,208,279140,279701]
[821,4,62380,63741]
[822,146,373874,374388]
[823,270,706646,707892]
[824,111,159523,159272]
[825,92,260041,260822]
[826,193,369606,368449]
[827,47,493955,493361]
[828,28,517213,517731]
[829,216,140704,142045]
[830,22,375594,375801]
[831,43,283531,282111]
[832,59,471969,470842]
[833,200,671833,672571]
[834,242,548170,549391]
[835,20,57585,58303]
[836,109,514462,512991]
[837,42,166597,167324]
[838,169,722736,722151]
[839,242,106934,108306]
[840,180,516589,517279]
[841,202,582246,583205]
[842,162,441741,442622]
[843,144,412617,413373]
[844,31,191344,190526]
[845,12,184580,185769]
[846,269,654969,654457]
[847,29,521318,521058]
[848,120,637672,638576]
[849,92,351298,352688]
[850,126,369875,370172]
[851,117,282097,281520]
[852,91,104386,103012]
[853,140,702739,703997]
[854,38,670050,670655]
[855,279,585950,585819]
[856,49,432298,431117]
[857,69,593608,592885]
[858,235,184511,183990]
[859,156,582973,584092]
[860,82,599632,600841]
[861,17,596563,595347]
[862,130,288192,289027]
[863,41,115947,114793]
[864,205,681021,679664]
[865,74,417046,418281]
[866,60,462823,463775]
[867,113,666401,665748]
[868,35,429945,428763]
[869,145,470227,468811]
[870,202,7703,7885]
[871,25,179206,177874]
[872,268,79131,79386]
[873,151,410299,409829]
[874,260,349630,350425]
[875,92,580668,580739]
[876,210,352793,353826]
[877,64,705736,706606]
[878,124,449502,449600]
[879,182,606302,606688]
[880,260,121198,122534]
[881,241,278462,277003]
[882,152,694942,695411]
[883,59,534339,533135]
[884,16,201857,202263]
[885,28,84649,84915]
[886,37,685489,683998]
[887,169,312550,312163]
[888,11,441878,441288]
[889,266,79015,79532]
[890,121,479739,479533]
[891,117,563305,562224]
[892,254,652047,652107]
[893,216,205702,206792]
[894,226,698293,699789]
[895,167,710306,708868]
[896,56,423076,424258]
[897,26,397830,399115]
[898,85,352125,351745]
[899,229,593760,592644]
[900,172,189278,190627]
[901,5,324214,323063]
[902,255,44316,43000]
[903,180,167825,169083]
[904,187,554558,553362]
[905,69,37170,35805]
[906,195,479371,478873]
[907,238,355135,356468]
[908,116,415305,416487]
[909,212,411826,412661]
[910,157,651191,649873]
[911,244,447561,448516]
[912,140,580218,581259]
[913,6,111126,112087]
[914,49,213736,213539]
[915,203,208684,208455]
[916,240,203169,204464]
[917,110,16795,17122]
[918,133,315467,315432]
[919,51,641794,641112]
[920,53,117554,116598]
[921,163,438183,436940]
[922,45,364822,363408]
[923,119,5272,4855]
[924,222,540684,540915]
[925,163,325421,325361]
[926,46,409592,410586]
[927,127,400344,399690]
[928,27,450789,450151]
[929,192,325880,326836]
[930,78,676407,677781]
[931,162,722975,723797]
[932,16,612790,613224]
[933,263,695327,694264]
[934,132,70556,70864]
[935,185,539416,538800]
[936,142,607080,608333]
[937,120,222119,223516]
[938,95,350764,349790]
[939,158,314286,314979]
[940,261,426316,425294]
[941,164,337126,338387]
[942,85,600976,599879]
[943,164,299740,300588]
[944,179,395329,394684]
[945,64,308692,309364]
[946,7,249965,249779]
[947,205,510293,509099]
[948,173,509607,509013]
[949,83,124932,124345]
[950,213,375287,373834]
[951,101,695686,694365]
[952,62,705457,706367]
[953,67,648683,648379]
[954,160,597951,598282]
[955,106,72466,72970]
[956,20,347881,348461]
[957,92,54729,55011]
[958,272,424915,425398]
[959,113,70252,68858]
[960,45,657478,656748]
[961,2,295380,296858]
[962,212,716170,716461]
[963,149,389182,389007]
[964,79,500110,498790]
[965,126,581273,582192]
[966,153,586424,585798]
[967,270,38276,38764]
[968,143,530609,530418]
[969,165,507330,506574]
[970,0,222335,223095]
[971,202,481767,482255]
[972,33,563235,563066]
[973,148,677768,678460]
[974,120,233283,234330]
[975,36,682047,682639]
[976,8,278103,279106]
[977,246,78646,78801]
[978,9,419542,419201]
[979,164,8559,9603]
[980,113,119307,118724]
[981,108,428237,428762]
[982,59,661282,660416]
[983,263,50397,49757]
[984,140,115640,116504]
[985,88,336667,337949]
[986,270,247273,247683]
[987,127,650349,650264]
[988,63,14422,14140]
[989,79,64478,63288]
[990,18,151225,151312]
[991,173,85981,85014]
[992,244,724832,725066]
[993,98,617270,617795]
[994,37,89137,87723]
[995,167,170481,169466]
[996,239,658423,657978]
[997,87,410326,408913]
[998,17,279146,278561]
[999,185,265815,264624]
[1000,193,428042,426690]
[1001,226,161556,162260]
[1002,272,73245,73686]
[1003,131,60827,59717]
[1004,47,230366,230272]
[1005,157,495793,494294]
[1006,239,485324,484572]
[1007,164,279382,280721]
[1008,4,311586,311685]
[1009,177,66549,66495]
[1010,125,277290,276689]
[1011,228,601663,602486]
[1012,99,688747,687356]
[1013,186,224291,224344]
[1014,59,381388,380680]
[1015,275,541814,541752]
[1016,27,34441,34058]
[1017,132,249142,250045]
[1018,267,178113,178014]
[1019,270,524442,525369]
[1020,77,9377,8763]
[1021,123,355488,355210]
[1022,200,425277,426762]
[1023,174,638536,638744]
[1024,41,690168,689966]
[1025,201,196318,194970]
[1026,138,361006,361997]
[1027,121,205410,204396]
[1028,238,279315,279703]
[1029,237,543506,543411]
[1030,46,577318,578183]
[1031,266,567179,567663]
[1032,31,332757,331853]
[1033,54,167895,168312]
[1034,107,499958,499044]
[1035,106,229555,230548]
[1036,149,117482,116103]
[1037,82,401019,402368]
[1038,122,496685,497026]
[1039,241,242013,241468]
[1040,201,168193,166817]
[1041,69,576475,575869]
[1042,120,37064,37280]
[1043,122,520132,520697]
[1044,77,303963,303715]
[1045,226,291764,292922]
[1046,9,551205,550662]
[1047,28,599820,600132]
[1048,7,415696,414320]
[1049,147,317961,316859]
[1050,251,409175,407963]
[1051,202,439394,440856]
[1052,145,214942,214200]
[1053,261,533159,532307]
[1054,116,594967,595626]
[1055,142,253313,254164]
[1056,42,590920,591749]
[1057,98,516203,516876]
[1058,230,381151,381386]
[1059,118,192478,193201]
[1060,71,700346,699424]
[1061,73,289964,288701]
[1062,168,225412,225670]
[1063,128,596892,597807]
[1064,174,592153,593555]
[1065,77,103958,103178]
[1066,61,111240,110265]
[1067,97,274768,274723]
[1068,144,217609,218106]
[1069,147,285997,285603]
[1070,244,116290,117570]
[1071,24,162502,163881]
[1072,176,373698,373895]
[1073,90,312608,313644]
[1074,146,126140,126875]
[1075,86,282092,283222]
[1076,164,385491,386443]
[1077,2,313026,313740]
[1078,228,573356,574226]
[1079,254,718676,719346]
[1080,72,90409,91119]
[1081,144,322506,323749]
[1082,236,317176,317370]
[1083,192,73209,74616]
[1084,243,350799,350327]
[1085,7,495079,494983]
[1086,102,417440,417742]
[1087,229,178974,178291]
[1088,222,629336,629863]
[1089,233,41629,40741]
[1090,114,154058,155367]
[1091,233,363692,363233]
[1092,227,289689,288619]
[1093,235,115984,115614]
[1094,128,278968,279680]
[1095,65,173958,172872]
[1096,110,109638,110946]
[1097,139,99415,98529]
[1098,144,213989,214459]
[1099,61,331782,331103]
[1100,175,413354,412622]
[1101,94,201958,202112]
[1102,22,489844,490320]
[1103,125,76997,75551]
[1104,89,117127,115839]
[1105,18,200857,201535]
[1106,150,416319,416369]
[1107,205,309653,308911]
[1108,220,339708,340001]
[1109,187,175765,175360]
[1110,103,82470,81878]
[1111,172,87390,87946]
[1112,118,682090,683140]
[1113,243,246642,245757]
[1114,182,104300,105331]
[1115,55,332520,331224]
[1116,172,385115,386265]
[1117,243,318047,316939]
[1118,90,670728,672088]
[1119,247,672516,672406]
[1120,121,333679,333126]
[1121,257,407809,406405]
[1122,138,527354,527855]
[1123,217,281127,280156]
[1124,166,575509,576299]
[1125,137,586037,584565]
[1126,258,572419,573220]
[1127,84,30031,30777]
[1128,164,638065,639519]
[1129,210,659172,660214]
[1130,59,553844,553098]
[1131,107,478301,478061]
[1132,82,30111,30559]
[1133,95,699404,699002]
[1134,207,187436,186156]
[1135,142,83065,83870]
[1136,99,81590,80906]
[1137,31,192844,191660]
[1138,82,251672,252643]
[1139,276,662141,662348]
[1140,197,277293,277002]
[1141,2,146332,147662]
[1142,156,57574,58252]
[1143,169,719818,719656]
[1144,44,177334,177807]
[1145,171,280560,280518]
[1146,160,503540,504518]
[1147,67,621410,620332]
[1148,115,489976,489842]
[1149,34,403787,404366]
[1150,112,323175,323583]
[1151,10,416206,417586]
[1152,129,326573,325276]
[1153,243,218882,218423]
[1154,20,187885,188004]
[1155,15,29791,28651]
[1156,25,466813,465995]
[1157,86,383238,384670]
[1158,193,578835,577694]
[1159,256,373926,374439]
[1160,246,234488,234794]
[1161,172,616814,617295]
[1162,113,16967,16872]
[1163,239,277318,277081]
[1164,161,345831,344810]
[1165,79,629235,627763]
[1166,3,523162,522060]
[1167,75,463877,463278]
[1168,134,456369,456457]
[1169,67,164628,164089]
[1170,69,172050,170935]
[1171,80,130151,130273]
[1172,200,627206,627692]
[1173,87,610319,610146]
[1174,271,574425,573332]
[1175,112,670772,672186]
[1176,127,499572,498758]
[1177,254,660250,660659]
[1178,31,490061,488572]
[1179,23,500331,498901]
[1180,29,298118,297670]
[1181,90,155688,156340]
[1182,39,247603,247560]
[1183,127,507434,507261]
[1184,3,309728,308960]
[1185,66,140592,141090]
[1186,15,586594,585816]
[1187,205,254861,254169]
[1188,211,576522,575664]
[1189,254,490446,491342]
[1190,229,654975,654208]
[1191,159,89360,88622]
[1192,176,133377,134253]
[1193,36,602454,603442]
[1194,53,607063,606139]
[1195,55,180456,180335]
[1196,49,54212,53869]
[1197,58,291836,292495]
[1198,215,185151,184656]
[1199,248,478443,479282]
[1200,262,208638,209873]
[1201,110,118241,118857]
[1202,23,491524,490633]
[1203,52,211787,211981]
[1204,277,358689,357630]
[1205,197,644611,644095]
[1206,67,169764,168319]
[1207,203,536737,535412]
[1208,232,637247,637311]
[1209,15,75706,74488]
[1210,128,728675,729099]
[1211,116,619421,619620]
[1212,164,225760,225827]
[1213,23,575798,574494]
[1214,139,295998,295962]
[1215,252,470656,471711]
[1216,275,455373,455213]
[1217,165,399529,398740]
[1218,147,551982,550626]
[1219,191,426834,426531]
[1220,79,660920,660016]
[1221,167,230868,230622]
[1222,197,241665,240870]
[1223,134,392900,394124]
[1224,200,437063,437733]
[1225,11,283722,282690]
[1226,220,400900,401320]
[1227,18,608334,609031]
[1228,256,564211,565286]
[1229,126,86800,88156]
[1230,88,702317,703480]
[1231,161,622762,622057]
[1232,256,312934,313726]
[1233,174,415273,416082]
[1234,198,456463,456553]
[1235,232,394145,395435]
[1236,277,541862,540754]
[1237,121,609144,608308]
[1238,273,573280,572699]
[1239,215,188658,187890]
[1240,15,144613,143459]
[1241,14,549618,549778]
[1242,12,318397,318950]
[1243,172,209410,210402]
[1244,12,212169,212202]
[1245,92,129334,129645]
[1246,34,579464,580757]
[1247,103,16767,16339]
[1248,19,320738,319608]
[1249,64,182938,184067]
[1250,166,99239,100059]
[1251,129,691172,690307]
[1252,248,158427,159889]
[1253,63,560142,558979]
[1254,94,425416,426341]
[1255,238,717446,717673]
[1256,60,507145,508026]
[1257,4,293524,293760]
[1258,64,348153,348748]
[1259,80,668730,670212]
[1260,174,616181,617034]
[1261,234,66822,67683]
[1262,151,170502,169883]
[1263,114,472007,473283]
[1264,230,19712,20757]
[1265,220,468484,469358]
[1266,220,436216,436348]
[1267,143,253923,253571]
[1268,17,336706,335762]
[1269,64,261419,262609]
[1270,122,323907,325196]
[1271,236,169121,170612]
[1272,94,706878,707428]
[1273,95,226592,225798]
[1274,206,292372,293215]
[1275,25,339587,339288]
[1276,10,148793,150193]
[1277,128,225570,226215]
[1278,190,292269,292594]
[1279,145,59121,58317]
[1280,41,237885,237788]
[1281,8,513036,514323]
[1282,34,306075,307512]
[1283,168,628335,628440]
[1284,206,63618,64964]
[1285,188,31908,31958]
[1286,211,653137,652881]
[1287,71,696063,695905]
[1288,53,255135,254172]
[1289,207,400079,399176]
[1290,133,65421,64370]
[1291,70,288540,288921]
[1292,165,435568,434843]
[1293,4,176759,177658]
[1294,167,636497,635370]
[1295,205,273721,272712]
[1296,65,186236,185465]
[1297,68,638806,639526]
[1298,165,159496,158924]
[1299,47,598920,598580]
[1300,110,392830,394137]
[1301,82,488017,488546]
[1302,15,68772,68637]
[1303,85,388552,387128]
[1304,243,466251,464762]
[1305,261,592231,592063]
[1306,261,148929,147714]
[1307,246,87086,88275]
[1308,23,543196,542420]
[1309,95,583204,582308]
[1310,145,352062,351551]
[1311,157,108454,107061]
[1312,270,693895,694484]
[1313,214,238763,240258]
[1314,15,203754,203332]
[1315,39,208508,207394]
[1316,51,538023,537987]
[1317,161,122771,121340]
[1318,215,514352,513552]
[1319,249,350188,350012]
[1320,275,312191,311906]
[1321,67,210598,209278]
[1322,62,278082,278948]
[1323,56,449705,451086]
[1324,94,533531,534920]
[1325,275,218507,218226]
[1326,206,689903,690545]
[1327,140,652719,653286]
[1328,276,218405,218762]
[1329,218,102915,104205]
[1330,205,322847,322719]
[1331,75,486344,485143]
[1332,82,522110,522712]
[1333,271,139668,138362]
[1334,242,681344,682509]
[1335,205,237747,236734]
[1336,147,333936,332863]
[1337,223,661745,660462]
[1338,144,580876,582024]
[1339,32,123407,123663]
[1340,9,245263,244934]
[1341,103,374664,374268]
[1342,251,45523,45228]
[1343,223,390185,389701]
[1344,87,362447,361983]
[1345,240,358333,358385]
[1346,63,262748,262194]
[1347,227,505192,504130]
[1348,178,158946,159780]
[1349,3,674567,673645]
[1350,190,397426,398001]
[1351,34,322504,323322]
[1352,24,601203,601961]
[1353,12,554020,554316]
[1354,58,23204,24321]
[1355,15,656601,655195]
[1356,135,693727,693046]
[1357,44,391619,392985]
[1358,37,617410,617287]
[1359,256,727549,727986]
[1360,212,310102,311437]
[1361,148,383228,384403]
[1362,166,275216,276356]
[1363,196,446435,446621]
[1364,29,607053,606841]
[1365,125,575880,575378]
[1366,83,394277,393517]
[1367,58,354034,354834]
[1368,101,118471,117678]
[1369,177,36344,36023]
[1370,237,463383,462407]
[1371,195,583326,582127]
[1372,35,102703,101752]
[1373,251,155734,155616]
[1374,111,195365,194636]
[1375,261,31184,30156]
[1376,265,385494,384481]
[1377,91,69426,69341]
[1378,64,669328,670802]
[1379,11,100254,99211]
[1380,154,151511,152673]
[1381,261,283834,283081]
[1382,255,683719,682904]
[1383,273,119115,118155]
[1384,43,61467,60969]
[1385,133,693444,692296]
[1386,150,490397,491640]
[1387,31,299160,297766]
[1388,163,682734,681891]
[1389,112,289860,291017]
[1390,193,656536,656069]
[1391,185,420916,419978]
[1392,278,449534,450401]
[1393,226,616837,617095]
[1394,27,724459,723731]
[1395,173,625904,625429]
[1396,268,501530,502736]
[1397,272,612935,614146]
[1398,244,378692,378746]
[1399,197,700839,699854]
[1400,238,326280,326705]
[1401,86,568098,568266]
[1402,221,633658,632582]
[1403,111,207007,205605]
[1404,127,218892,218840]
[1405,166,314412,314490]
[1406,60,487013,487964]
[1407,119,363347,362937]
[1408,17,442849,442355]
[1409,32,384775,385637]
[1410,141,455714,455016]
[1411,140,684772,685793]
[1412,51,632423,632088]
[1413,196,10455,11380]
[1414,130,147682,147739]
[1415,221,19611,19202]
[1416,163,106065,105845]
[1417,89,398039,397760]
[1418,255,176506,175884]
[1419,42,469301,470439]
[1420,79,188358,187896]
[1421,77,384851,383965]
[1422,139,358349,358093]
[1423,55,399860,399690]
[1424,95,216645,215432]
[1425,102,337350,337606]
[1426,220,91199,92078]
[1427,144,195147,196060]
[1428,118,66089,66546]
[1429,118,312840,313678]
[1430,91,264279,263023]
[1431,258,1549,2121]
[1432,63,460438,460058]
[1433,179,219511,218662]
[1434,225,415067,414545]
[1435,47,688166,686675]
[1436,108,265708,266321]
[1437,250,315978,316557]
[1438,6,6072,7081]
[1439,138,218580,219381]
[1440,10,155361,155913]
[1441,264,72423,72504]
[1442,40,542029,542537]
[1443,86,285197,286344]
[1444,279,267742,266781]
[1445,124,468998,469155]
[1446,174,148524,149663]
[1447,34,245787,246512]
[1448,23,534120,533797]
[1449,189,713018,711632]
[1450,11,47599,46363]
[1451,70,26620,26697]
[1452,254,418747,419173]
[1453,50,77938,78820]
[1454,76,594225,594934]
[1455,154,136730,137061]
[1456,263,166003,165293]
[1457,166,211983,212197]
[1458,104,298644,298979]
[1459,100,267202,267791]
[1460,123,35624,35098]
[1461,65,537115,537001]
[1462,162,715436,715730]
[1463,56,381078,382446]
[1464,204,390078,390360]
[1465,149,381440,379940]
[1466,207,451021,450102]
[1467,148,149595,150239]
[1468,4,389057,389647]
[1469,159,556358,555037]
[1470,208,362145,362945]
[1471,3,628013,626845]
[1472,4,90577,91944]
[1473,212,456078,457549]
[1474,123,114735,113976]
[1475,267,321647,321202]
[1476,78,447954,448319]
[1477,278,578655,579524]
[1478,74,543361,544091]
[1479,210,432194,432276]
[1480,131,40868,39824]
[1481,17,673616,672153]
[1482,180,452354,453158]
[1483,55,38360,37019]
[1484,148,388072,388908]
[1485,33,616371,615263]
[1486,141,427146,426447]
[1487,60,720468,721232]
[1488,55,289451,288326]
[1489,78,645816,646191]
[1490,10,325536,325926]
[1491,35,651807,651080]
[1492,223,722206,720926]
[1493,175,373120,372472]
[1494,39,155409,154069]
[1495,170,233545,234484]
[1496,167,350390,349717]
[1497,184,530384,531755]
[1498,23,395806,395015]
[1499,177,52037,50834]
[1500,264,640605,641299]
[1501,40,502621,504071]
[1502,36,174441,175085]
[1503,22,560531,560907]
[1504,57,197399,196303]
[1505,263,177265,177041]
[1506,236,197612,198303]
[1507,22,218867,218917]
[1508,29,50357,49023]
[1509,13,479468,478911]
[1510,185,85702,85269]
[1511,135,463226,462488]
[1512,32,43719,44786]
[1513,177,291518,291275]
[1514,139,434647,434256]
[1515,87,410646,410315]
[1516,258,560072,560193]
[1517,137,451582,451135]
[1518,195,657172,656401]
[1519,5,494875,494443]
[1520,211,543232,542707]
[1521,241,237996,237228]
[1522,175,658748,658521]
[1523,58,700398,700714]
[1524,85,716546,716149]
[1525,126,360138,360290]
[1526,175,559540,559042]
[1527,200,56319,57681]
[1528,169,165273,164296]
[1529,90,127953,128525]
[1530,189,264162,263064]
[1531,132,143139,144625]
[1532,153,18541,18223]
[1533,140,451635,452463]
[1534,150,694439,695614]
[1535,213,551214,550598]
[1536,204,224799,225894]
[1537,8,615569,616636]
[1538,104,390230,390678]
[1539,153,267067,266405]
[1540,26,477781,479118]
[1541,18,73754,73870]
[1542,164,268397,269669]
[1543,136,190746,192054]
[1544,274,6635,6914]
[1545,198,696974,697496]
[1546,91,277328,276318]
[1547,232,725686,726252]
[1548,227,180885,179719]
[1549,274,473569,474601]
[1550,33,361258,361201]
[1551,77,37274,37207]
[1552,26,98212,99015]
[1553,129,153362,152109]
[1554,228,650037,651132]
[1555,49,629171,628870]
[1556,244,550655,552035]
[1557,237,232898,232174]
[1558,181,69853,69494]
[1559,217,104491,103088]
[1560,111,359720,358774]
[1561,133,493414,493153]
[1562,129,294747,293887]
[1563,165,363553,362277]
[1564,97,233873,233006]
[1565,22,525889,526768]
[1566,43,675822,674339]
[1567,171,728774,728381]
[1568,204,325208,326216]
[1569,32,52855,53177]
[1570,96,117806,118702]
[1571,3,120764,120636]
[1572,68,32809,33816]
[1573,103,399347,398502]
[1574,133,351350,351163]
[1575,247,172578,171319]
[1576,105,690422,689718]
[1577,193,686118,684767]
[1578,69,197770,196969]
[1579,24,629508,629852]
[1580,109,698666,698425]
[1581,230,253223,253801]
[1582,186,386747,388212]
[1583,131,683828,683394]
[1584,260,185005,185289]
[1585,106,237980,238044]
[1586,218,332609,333918]
[1587,275,356602,355798]
[1588,50,231652,232489]
[1589,109,576046,575155]
[1590,139,67656,67392]
[1591,265,578629,578218]
[1592,239,98620,98485]
[1593,169,637209,636529]
[1594,72,400603,401482]
[1595,132,319226,319391]
[1596,17,554309,553605]
[1597,142,713603,714726]
[1598,183,290207,288724]
[1599,236,588779,589353]
[1600,116,79461,80863]
[1601,162,33866,34687]
[1602,10,152559,152833]
[1603,175,227522,227446]
[1604,187,86640,85556]
[1605,78,353257,354737]
[1606,233,702926,702629]
[1607,164,15531,16178]
[1608,227,437343,437192]
[1609,115,306085,305901]
[1610,33,279923,279541]
[1611,247,565494,564257]
[1612,8,188392,188463]
[1613,239,522631,522322]
[1614,129,464266,463200]
[1615,242,184497,185446]
[1616,128,34692,35110]
[1617,154,611945,612419]
[1618,134,360563,361065]
[1619,97,505576,505299]
[1620,32,707975,708528]
[1621,222,727505,728763]
[1622,98,440109,440165]
[1623,54,552647,553052]
[1624,271,138427,138032]
[1625,169,475853,475040]
[1626,153,640643,639209]
[1627,45,344810,344176]
[1628,124,722527,724009]
[1629,63,654129,652661]
[1630,229,725887,724907]
[1631,69,493637,493592]
[1632,138,232471,233755]
[1633,137,436118,435280]
[1634,195,164491,163025]
[1635,279,122894,122741]
[1636,4,24876,25826]
[1637,227,308059,307296]
[1638,169,609679,609408]
[1639,254,82699,83933]
[1640,175,356385,355372]
[1641,0,489490,489633]
[1642,149,3789,3019]
[1643,54,277367,278595]
[1644,30,149184,150577]
[1645,189,304373,303845]
[1646,8,94331,94484]
[1647,142,488661,489024]
[1648,213,598606,598069]
[1649,251,375561,375140]
[1650,150,148922,149617]
[1651,177,30106,28928]
[1652,111,358527,358360]
[1653,152,414261,414618]
[1654,244,205336,206671]
[1655,16,475530,476474]
[1656,250,632289,633151]
[1657,245,684791,684551]
[1658,174,619539,620231]
[1659,199,262792,262439]
[1660,61,374513,373320]
[1661,199,612264,611005]
[1662,276,531168,531635]
[1663,91,55388,55017]
[1664,46,10579,11449]
[1665,192,234234,235232]
[1666,51,243721,242874]
[1667,97,151374,150094]
[1668,157,643626,643035]
[1669,111,240877,239920]
[1670,249,494482,493168]
[1671,250,375067,376174]
[1672,91,577260,576987]
[1673,221,213245,213040]
[1674,41,203641,202201]
[1675,179,14423,14049]
[1676,93,205076,204579]
[1677,64,445477,446180]
[1678,229,634477,633085]
[1679,140,671003,671067]
[1680,192,117058,118266]
[1681,124,519012,519153]
[1682,218,416895,417588]
[1683,117,430763,430202]
[1684,94,575587,575999]
[1685,106,534794,535041]
[1686,235,357798,356447]
[1687,203,108075,107991]
[1688,245,488683,487678]
[1689,98,54793,54934]
[1690,104,111769,112457]
[1691,98,570218,571055]
[1692,87,268488,267056]
[1693,265,447458,447184]
[1694,127,150410,149445]
[1695,158,127058,127540]
[1696,179,259742,259441]
[1697,162,491822,492574]
[1698,51,81974,81036]
[1699,42,662166,663187]
[1700,58,124801,125881]
[1701,231,53793,53340]
[1702,250,74461,74981]
[1703,229,515290,514986]
[1704,210,151798,151909]
[1705,269,661471,661180]
[1706,228,454729,455863]
[1707,199,499123,498652]
[1708,214,717610,719087]
[1709,201,14675,13711]
[1710,247,553161,552979]
[1711,43,371202,370149]
[1712,257,233038,231750]
[1713,119,668105,667857]
[1714,200,634016,634485]
[1715,151,539068,538594]
[1716,177,162199,161300]
[1717,56,387613,388488]
[1718,187,369158,368243]
[1719,262,491652,492762]
[1720,14,318517,319047]
[1721,158,96845,97702]
[1722,185,401476,400876]
[1723,10,441404,441704]
[1724,1,429244,428316]
[1725,141,394820,393557]
[1726,56,580440,581242]
[1727,112,153847,154540]
[1728,262,415471,416313]
[1729,7,473609,472509]
[1730,91,633856,633439]
[1731,53,288571,288427]
[1732,212,100527,100979]
[1733,165,582940,581964]
[1734,203,554381,553836]
[1735,182,188872,189752]
[1736,77,4664,3336]
[1737,12,410087,410246]
[1738,277,204433,203833]
[1739,222,624517,625283]
[1740,32,454436,455809]
[1741,208,64083,65022]
[1742,90,182705,182985]
[1743,14,80612,81964]
[1744,46,492397,493843]
[1745,98,24396,25222]
[1746,92,452053,452405]
[1747,76,487849,488793]
[1748,253,334879,334621]
[1749,136,242764,243741]
[1750,126,205478,206505]
[1751,16,52013,53480]
[1752,218,702904,703272]
[1753,248,492917,493943]
[1754,182,720371,720960]
[1755,58,629291,630788]
[1756,36,163602,164242]
[1757,180,498833,500046]
[1758,4,413319,413986]
[1759,75,345764,344690]
[1760,189,641049,640485]
[1761,5,363807,362876]
[1762,150,395792,396415]
[1763,71,268562,268307]
[1764,60,486397,487073]
[1765,54,182771,183801]
[1766,253,518876,517519]
[1767,235,483263,481996]
[1768,44,49660,49845]
[1769,22,23625,24523]
[1770,190,439128,440250]
[1771,137,481961,481461]
[1772,58,276462,277556]
[1773,160,657573,658063]
[1774,101,235498,235037]
[1775,162,146131,146731]
[1776,120,277924,279423]
[1777,1,221004,220609]
[1778,219,467531,467266]
[1779,240,560187,561389]
[1780,39,230603,229820]
[1781,185,54848,54108]
[1782,158,420571,422022]
[1783,56,79017,79792]
[1784,126,359302,360420]
[1785,152,282441,282510]
[1786,192,173466,174813]
[1787,264,177292,177418]
[1788,93,436496,435014]
[1789,256,614403,614753]
[1790,21,8150,7668]
[1791,184,312735,313740]
[1792,217,437064,436116]
[1793,220,334360,335280]
[1794,235,516788,515959]
[1795,50,324450,325202]
[1796,87,94625,93223]
[1797,108,655971,656598]
[1798,11,724318,724045]
[1799,124,20907,21257]
[1800,104,255462,256845]
[1801,186,38954,39388]
[1802,246,79720,80655]
[1803,103,343619,342322]
[1804,255,135264,134314]
[1805,213,46541,46014]
[1806,79,486398,485698]
[1807,91,727930,726701]
[1808,50,557438,558387]
[1809,16,304628,304891]
[1810,177,338226,337770]
[1811,247,206689,205305]
[1812,193,232919,231796]
[1813,0,25853,26578]
[1814,73,539557,539215]
[1815,134,297776,298387]
[1816,233,687299,687163]
[1817,200,398831,399001]
[1818,222,97787,97840]
[1819,174,196592,197692]
[1820,207,137736,137603]
[1821,243,524903,524194]
[1822,50,564682,565538]
[1823,38,370535,370918]
[1824,111,491039,489840]
[1825,239,283042,281660]
[1826,82,497007,497525]
[1827,153,450535,449744]
[1828,168,553163,554642]
[1829,169,239967,238633]
[1830,90,381075,382505]
[1831,34,103596,104948]
[1832,210,379414,380083]
[1833,238,572297,573369]
[1834,154,356242,356743]
[1835,9,341491,340404]
[1836,218,383145,384164]
[1837,138,94058,95228]
[1838,126,631425,632630]
[1839,207,599833,599332]
[1840,103,717188,716322]
[1841,256,13133,14054]
[1842,258,398760,398894]
[1843,126,715211,716130]
[1844,202,456909,457891]
[1845,246,282662,284106]
[1846,169,493784,492394]
[1847,175,492471,491071]
[1848,10,311424,312418]
[1849,86,291193,291801]
[1850,64,131353,131427]
[1851,94,18489,18896]
[1852,119,286614,285584]
[1853,69,424428,423266]
[1854,68,139670,140376]
[1855,142,60498,60825]
[1856,201,111254,111022]
[1857,270,428825,429498]
[1858,16,245975,246478]
[1859,237,430582,429759]
[1860,116,88416,89874]
[1861,163,127028,126929]
[1862,179,244846,243609]
[1863,12,242422,243190]
[1864,55,198261,197128]
[1865,5,16877,16015]
[1866,34,123234,124410]
[1867,200,282432,282665]
[1868,134,264738,265131]
[1869,221,169507,169477]
[1870,261,517956,516601]
[1871,108,678350,679713]
[1872,241,110339,109466]
[1873,242,8986,9268]
[1874,66,204716,205721]
[1875,59,87896,87345]
[1876,90,681494,682224]
[1877,132,718490,719618]
[1878,60,340808,342167]
[1879,216,512291,513650]
[1880,159,665652,664281]
[1881,31,174978,174281]
[1882,121,142467,141696]
[1883,90,659685,659837]
[1884,6,17996,19194]
[1885,57,155001,154907]
[1886,138,320446,320570]
[1887,98,121659,122005]
[1888,126,707725,708030]
[1889,4,79493,80613]
[1890,250,375057,375326]
[1891,270,408400,409855]
[1892,255,239259,238914]
[1893,249,346694,346217]
[1894,107,23955,23536]
[1895,233,101104,99651]
[1896,151,95729,95635]
[1897,187,193699,192997]
[1898,110,709028,709389]
[1899,132,622306,623516]
[1900,160,394689,396163]
[1901,15,714033,713613]
[1902,209,344033,343111]
[1903,223,672853,671696]
[1904,156,580407,581850]
[1905,170,116482,117526]
[1906,77,384501,383584]
[1907,106,692537,693174]
[1908,226,206160,206237]
[1909,272,463343,464595]
[1910,135,712163,710978]
[1911,69,273754,273579]
[1912,182,473447,473944]
[1913,12,217089,218152]
[1914,232,309768,309883]
[1915,138,669867,671109]
[1916,118,389252,390158]
[1917,272,387077,388206]
[1918,182,375400,376552]
[1919,224,94896,95965]
[1920,24,139409,139961]
[1921,130,132373,133315]
[1922,71,544568,544283]
[1923,207,68251,67732]
[1924,249,155225,154770]
[1925,120,328844,329836]
[1926,98,398640,399260]
[1927,238,692477,693908]
[1928,191,668844,667646]
[1929,231,575113,574203]
[1930,23,92331,91800]
[1931,148,666531,667198]
[1932,8,388440,389610]
[1933,188,140180,141392]
[1934,142,687174,688469]
[1935,73,400654,399927]
[1936,129,354414,353709]
[1937,59,54022,53699]
[1938,35,634715,633546]
[1939,57,454813,454527]
[1940,135,719668,718726]
[1941,14,63136,63338]
[1942,52,111201,112602]
[1943,251,298289,297531]
[1944,275,326430,325621]
[1945,95,209966,209873]
[1946,77,564255,563472]
[1947,217,442210,440722]
[1948,119,227678,226817]
[1949,27,85109,84877]
[1950,47,363269,362621]
[1951,173,729486,728604]
[1952,192,439828,440382]
[1953,232,301785,303091]
[1954,13,392245,392070]
[1955,279,612195,610787]
[1956,271,196701,196509]
[1957,44,213148,213246]
[1958,103,594069,592987]
[1959,119,388281,386909]
[1960,46,271236,272208]
[1961,22,465895,466618]
[1962,100,10916,12008]
[1963,58,567918,568029]
[1964,211,96169,95015]
[1965,89,433113,431977]
[1966,78,628149,629050]
[1967,219,68725,68142]
[1968,272,88353,88670]
[1969,175,324239,323429]
[1970,68,71804,72233]
[1971,274,593298,593329]
[1972,40,5050,5285]
[1973,266,181738,182433]
[1974,131,84754,84079]
[1975,94,90732,91523]
[1976,185,46248,45806]
[1977,111,379251,378158]
[1978,223,107783,107332]
[1979,94,643122,644542]
[1980,231,288477,287401]
[1981,161,34198,33740]
[1982,46,622419,622463]
[1983,102,579050,579222]
[1984,214,495673,496589]
[1985,116,329431,330909]
[1986,183,614601,613240]
[1987,232,474196,474539]
[1988,91,194902,194390]
[1989,56,725627,726769]
[1990,80,129200,129270]
[1991,34,279367,279502]
[1992,16,597041,598440]
[1993,81,268712,268375]
[1994,214,100540,101200]
[1995,128,504717,505823]
[1996,30,702138,703260]
[1997,11,706528,705066]
[1998,243,144431,143867]
[1999,264,175614,176862]
[2000,222,83283,83774]
[2001,35,236380,235344]
[2002,261,166979,166489]
[2003,228,270498,271855]
[2004,196,656170,657572]
[2005,272,337941,338000]
[2006,38,160073,160159]
[2007,164,580337,581811]
[2008,189,628674,627269]
[2009,133,243973,243592]
[2010,45,161505,160361]
[2011,67,466202,465263]
[2012,74,27660,27890]
[2013,9,663812,663148]
[2014,1,664871,664054]
[2015,224,607015,607648]
[2016,18,48525,48755]
[2017,96,660391,661055]
[2018,44,213877,214660]
[2019,45,470079,468684]
[2020,90,128238,128924]
[2021,44,373706,374918]
[2022,135,584148,583774]
[2023,45,619030,618576]
[2024,142,106140,106820]
[2025,134,407237,407499]
[2026,262,297540,297981]
[2027,126,621625,621753]
[2028,58,4425,5212]
[2029,182,531009,531684]
[2030,171,26913,25849]
[2031,33,449204,448668]
[2032,90,163608,164916]
[2033,127,292853,291720]
[2034,25,317163,316421]
[2035,115,389374,388272]
[2036,198,582670,583806]
[2037,141,398804,397537]
[2038,149,117834,116612]
[2039,207,572906,571969]
[2040,56,40842,41692]
[2041,224,717640,718857]
[2042,178,55400,55495]
[2043,258,276204,277634]
[2044,177,667184,665823]
[2045,223,292401,291625]
[2046,90,24993,25450]
[2047,253,361853,360508]
[2048,11,59886,59014]
[2049,120,646387,646448]
[2050,191,669817,669399]
[2051,25,151041,150433]
[2052,22,144698,145854]
[2053,165,250771,250253]
[2054,154,286788,286940]
[2055,197,458421,457671]
[2056,167,42742,41354]
[2057,140,12450,13190]
[2058,217,278473,277596]
[2059,162,30564,31253]
[2060,63,486814,486536]
[2061,252,624533,624569]
[2062,74,626297,626405]
[2063,216,592183,592508]
[2064,234,79616,80315]
[2065,45,142690,141256]
[2066,18,262162,263547]
[2067,258,680239,680399]
[2068,256,272294,273055]
[2069,85,638911,637729]
[2070,136,626676,626940]
[2071,183,266043,265983]
[2072,207,389800,388547]
[2073,46,151760,152380]
[2074,182,149609,150346]
[2075,132,568470,568956]
[2076,167,295968,295539]
[2077,269,723878,722704]
[2078,89,596721,595593]
[2079,167,166293,165024]
[2080,60,132421,133379]
[2081,205,168078,167895]
[2082,7,180378,179652]
[2083,210,660933,661216]
[2084,219,542817,542217]
[2085,88,381981,383284]
[2086,184,614946,615557]
[2087,23,533977,533230]
[2088,130,451368,452364]
[2089,255,433255,432786]
[2090,153,379549,379373]
[2091,45,127863,126590]
[2092,4,204814,204920]
[2093,193,58383,57676]
[2094,234,361226,362460]
[2095,144,62909,63710]
[2096,206,288359,289095]
[2097,128,639001,640194]
[2098,124,392540,392950]
[2099,21,382311,381316]
[2100,104,602595,603595]
[2101,75,721271,720253]
[2102,95,476248,476190]
[2103,99,298906,298363]
[2104,64,277104,277357]
[2105,47,268764,268537]
[2106,246,584184,585255]
[2107,259,721939,721906]
[2108,152,248605,250011]
[2109,204,655881,656879]
[2110,154,87096,87926]
[2111,1,26685,26633]
[2112,76,210236,210490]
[2113,52,176103,176549]
[2114,275,681654,681030]
[2115,2,439511,440327]
[2116,16,660485,660752]
[2117,255,340537,340480]
[2118,15,390973,390372]
[2119,70,4087,5346]
[2120,184,670215,670876]
[2121,170,346226,347103]
[2122,72,444450,445842]
[2123,270,378414,379682]
[2124,145,454692,454464]
[2125,139,376066,375268]
[2126,194,325122,326253]
[2127,11,719699,718392]
[2128,257,113503,113003]
[2129,170,335290,335379]
[2130,221,564855,563829]
[2131,278,722523,722763]
[2132,114,57018,57299]
[2133,173,426085,424712]
[2134,132,97603,97878]
[2135,131,718855,718315]
[2136,257,213713,213082]
[2137,69,642158,640989]
[2138,271,118758,118375]
[2139,179,183861,183209]
[2140,226,33313,33922]
[2141,231,313088,312553]
[2142,57,639013,638706]
[2143,89,198062,196698]
[2144,76,356085,357284]
[2145,267,403717,403439]
[2146,274,29632,30662]
[2147,276,701348,702446]
[2148,269,602442,601817]
[2149,176,555605,556859]
[2150,216,224893,225144]
[2151,82,659374,660631]
[2152,7,577902,577176]
[2153,95,376268,375820]
[2154,174,210080,211298]
[2155,151,501793,500678]
[2156,222,564113,565504]
[2157,214,337550,337594]
[2158,23,618799,618637]
[2159,236,494770,495007]
[2160,272,395750,396965]
[2161,154,212627,212664]
[2162,49,373724,372772]
[2163,121,646518,646356]
[2164,209,669681,668689]
[2165,64,249468,250746]
[2166,10,160945,162423]
[2167,104,580892,581028]
[2168,226,494925,496015]
[2169,209,28690,28340]
[2170,215,393419,393304]
[2171,240,604996,605517]
[2172,34,329024,329927]
[2173,240,43639,43955]
[2174,242,551526,551939]
[2175,225,725494,725003]
[2176,173,555863,554617]
[2177,209,41314,40290]
[2178,158,64368,65303]
[2179,205,178988,178006]
[2180,258,272489,273684]
[2181,13,37877,36707]
[2182,231,366422,365763]
[2183,54,586350,587519]
[2184,216,383376,384447]
[2185,212,240405,240819]
[2186,135,527477,526502]
[2187,13,385064,384231]
[2188,30,708065,708316]
[2189,229,301337,301266]
[2190,22,177457,177941]
[2191,203,166526,165498]
[2192,198,590499,591930]
[2193,52,572233,572790]
[2194,257,57257,56684]
[2195,220,378834,380149]
[2196,207,117707,117407]
[2197,142,176340,176678]
[2198,80,640867,641648]
[2199,108,213551,213775]
[2200,220,628999,629729]
[2201,45,30502,29289]
[2202,198,124731,125655]
[2203,78,230445,231027]
[2204,213,312482,311772]
[2205,133,200238,198749]
[2206,139,663421,662676]
[2207,42,398395,398656]
[2208,204,545434,545479]
[2209,108,44280,44604]
[2210,187,329135,327976]
[2211,101,73456,73353]
[2212,102,585794,587100]
[2213,212,138867,139611]
[2214,137,253040,252513]
[2215,143,485774,484331]
[2216,52,352370,352409]
[2217,16,2,1380]
[2218,83,660028,659436]
[2219,151,189653,188593]
[2220,64,7492,8324]
[2221,161,80036,78915]
[2222,21,406120,405938]
[2223,5,178237,177028]
[2224,169,75724,75218]
[2225,279,196214,194894]
[2226,29,665789,665350]
[2227,278,247466,248234]
[2228,220,620118,620258]
[2229,173,77004,75529]
[2230,130,715813,715887]
[2231,251,349983,348711]
[2232,18,371047,371386]
[2233,51,376413,375906]
[2234,144,669546,670154]
[2235,69,590963,590601]
[2236,38,599584,600373]
[2237,137,339114,337792]
[2238,143,208449,207256]
[2239,36,603134,603462]
[2240,64,56191,57561]
[2241,25,154777,154562]
[2242,41,392830,392597]
[2243,37,43137,42873]
[2244,15,516640,516401]
[2245,240,601,1169]
[2246,156,491403,491587]
[2247,92,360767,361721]
[2248,128,602261,603258]
[2249,33,381018,380794]
[2250,107,409637,408513]
[2251,131,63720,62319]
[2252,208,425079,426570]
[2253,186,596187,597490]
[2254,105,529452,529191]
[2255,212,59549,61014]
[2256,27,402737,402072]
[2257,59,213844,212669]
[2258,224,712471,712812]
[2259,52,609022,609201]
[2260,145,84765,83931]
[2261,60,517241,518174]
[2262,204,661589,663069]
[2263,230,28810,29456]
[2264,103,404531,404395]
[2265,155,69265,68223]
[2266,34,682407,682813]
[2267,170,635568,636359]
[2268,218,50299,51581]
[2269,110,365920,366018]
[2270,112,389257,389787]
[2271,200,162584,162685]
[2272,12,558860,559471]
[2273,2,395024,395993]
[2274,248,313302,313738]
[2275,78,347778,349218]
[2276,132,720036,720787]
[2277,51,651698,651178]
[2278,254,102906,103982]
[2279,193,74092,74017]
[2280,235,413824,413755]
[2281,22,25445,26600]
[2282,231,644815,643733]
[2283,276,421610,422426]
[2284,161,379614,378590]
[2285,119,433436,433379]
[2286,40,588152,589315]
[2287,81,336290,334835]
[2288,180,728063,728775]
[2289,136,250887,252324]
[2290,230,664587,665031]
[2291,14,620347,621436]
[2292,223,256875,256052]
[2293,154,717095,717905]
[2294,223,372994,372405]
[2295,148,456360,456990]
[2296,182,585420,586566]
[2297,265,178765,177556]
[2298,106,69042,70496]
[2299,15,559391,559010]
[2300,108,113448,114500]
[2301,277,131808,131332]
[2302,196,19788,20525]
[2303,206,71680,72079]
[2304,212,128979,129550]
[2305,117,679314,678538]
[2306,232,616381,616562]
[2307,216,292331,293325]
[2308,251,597204,596183]
[2309,120,102537,102980]
[2310,8,133309,134400]
[2311,235,379896,378721]
[2312,34,610407,610735]
[2313,13,475413,474947]
[2314,250,131805,132438]
[2315,71,505359,504679]
[2316,131,471305,471091]
[2317,99,566483,566024]
[2318,112,419246,420329]
[2319,98,216177,216231]
[2320,11,40187,39224]
[2321,219,338307,336895]
[2322,77,339968,339229]
[2323,277,223537,222483]
[2324,13,293400,293347]
[2325,107,285538,285204]
[2326,165,83167,82075]
[2327,150,160784,162058]
[2328,85,721757,721549]
[2329,272,665927,667131]
[2330,122,419346,420318]
[2331,207,31572,31447]
[2332,228,36944,37242]
[2333,226,51945,53377]
[2334,160,492506,493985]
[2335,9,179174,178016]
[2336,230,21048,21341]
[2337,198,591133,591249]
[2338,13,172196,170959]
[2339,174,42822,43800]
[2340,12,117654,118159]
[2341,121,266531,265603]
[2342,131,167894,166572]
[2343,77,102287,100911]
[2344,0,182114,183339]
[2345,105,1526,366]
[2346,113,335224,334759]
[2347,203,342153,341648]
[2348,147,457080,456257]
[2349,223,374141,374072]
[2350,200,468983,470034]
[2351,96,500066,500880]
[2352,117,432705,432185]
[2353,5,287769,287118]
[2354,179,651252,650472]
[2355,264,381873,383251]
[2356,94,269318,270057]
[2357,3,408402,407150]
[2358,160,624569,624986]
[2359,143,403341,402478]
[2360,67,332179,330975]
[2361,173,363933,362659]
[2362,164,384219,384463]
[2363,230,326784,327007]
[2364,99,33206,32637]
[2365,54,20697,20894]
[2366,157,462716,461287]
[2367,210,108084,108445]
[2368,177,100833,99705]
[2369,187,370212,368968]
[2370,21,304383,304201]
[2371,78,78076,78162]
[2372,173,120747,120379]
[2373,110,82676,82745]
[2374,122,606539,606655]
[2375,219,580625,580500]
[2376,73,656723,655594]
[2377,237,502887,502668]
[2378,29,160456,159955]
[2379,49,17183,16601]
[2380,76,157602,158869]
[2381,50,360004,360935]
[2382,199,128151,127849]
[2383,1,278550,277472]
[2384,68,194641,195369]
[2385,115,141200,139823]
[2386,108,681480,681530]
[2387,3,201483,200949]
[2388,216,466028,467274]
[2389,47,380962,380686]
[2390,250,178818,180057]
[2391,64,699329,699731]
[2392,216,724224,724715]
[2393,169,446107,444917]
[2394,35,348215,347354]
[2395,211,286965,285672]
[2396,236,573742,573829]
[2397,9,167319,166467]
[2398,174,357063,357576]
[2399,160,538431,539767]
[2400,137,197510,196727]
[2401,154,500666,501439]
[2402,187,167654,167488]
[2403,84,495465,496504]
[2404,261,271173,270301]
[2405,33,455644,454492]
[2406,191,366722,365356]
[2407,158,99804,100981]
[2408,133,99899,99667]
[2409,69,643968,642567]
[2410,72,326625,327958]
[2411,154,545470,546943]
[2412,79,659759,658543]
[2413,83,176737,175891]
[2414,256,13784,15264]
[2415,67,696318,695053]
[2416,21,308698,307348]
[2417,110,119846,119919]
[2418,185,35295,33874]
[2419,217,32372,30922]
[2420,139,185014,183703]
[2421,207,378200,377664]
[2422,134,95820,96640]
[2423,135,466335,466203]
[2424,174,591722,592107]
[2425,128,71912,72108]
[2426,43,48222,47132]
[2427,92,432346,433496]
[2428,131,169007,168786]
[2429,92,308638,309963]
[2430,137,606307,606030]
[2431,92,667045,667214]
[2432,75,513957,512519]
[2433,241,211670,210772]
[2434,169,102839,101824]
[2435,161,675583,674373]
[2436,160,131461,132826]
[2437,97,95018,93812]
[2438,70,62205,62663]
[2439,104,322187,322512]
[2440,33,180970,180254]
[2441,181,687128,686368]
[2442,111,596848,596773]
[2443,52,59739,60883]
[2444,188,190564,191525]
[2445,129,180536,180506]
[2446,279,169428,169185]
[2447,231,13001,12225]
[2448,131,170251,169960]
[2449,258,307263,308584]
[2450,29,133236,132758]
[2451,114,75840,76291]
[2452,169,6172,5845]
[2453,142,592352,593763]
[2454,113,527140,525981]
[2455,48,274160,275549]
[2456,91,541049,539669]
[2457,161,388245,387083]
[2458,126,613083,613794]
[2459,248,70359,71713]
[2460,33,503174,503141]
[2461,208,393127,394590]
[2462,70,309604,309824]
[2463,185,408777,408642]
[2464,41,531870,530789]
[2465,102,52918,53023]
[2466,0,94600,95812]
[2467,33,493873,493261]
[2468,223,424124,423312]
[2469,33,724443,723873]
[2470,46,389844,389905]
[2471,261,48899,47611]
[2472,100,637451,638614]
[2473,129,659050,658097]
[2474,5,432268,432005]
[2475,187,355134,354375]
[2476,19,383862,383776]
[2477,200,719658,721073]
[2478,179,617145,616897]
[2479,99,171489,170642]
[2480,276,651907,653359]
[2481,215,270997,269603]
[2482,18,69656,71053]
[2483,32,342906,343181]
[2484,211,669057,668077]
[2485,194,118009,118499]
[2486,258,395588,396903]
[2487,43,702989,701889]
[2488,206,695823,696457]
[2489,80,37258,38472]
[2490,222,580396,580830]
[2491,41,91269,90154]
[2492,54,128099,128802]
[2493,136,171602,172646]
[2494,133,173266,172834]
[2495,24,150961,151567]
[2496,70,40638,41596]
[2497,77,426280,425592]
[2498,245,647027,646268]
[2499,86,262647,262841]
[2500,81,406991,405595]
