["head":"wrap","lpos","status"]
[259,603386,1]
["io count"]
[255]
["io":"id","wrap","startLpos","endLpos"]
[1,65,147637,146799]
[2,216,185675,187016]
[3,261,221511,221074]
[4,245,729261,729107]
[5,17,502403,501249]
[6,52,580721,581835]
[7,218,665236,666697]
[8,233,557984,556910]
[9,207,463102,462349]
[10,143,582791,581669]
[11,131,367544,366225]
[12,30,223590,224525]
[13,33,311284,310496]
[14,206,707011,708310]
[15,188,629248,629330]
[16,203,378081,376665]
[17,3,289825,289391]
[18,138,365508,366530]
[19,66,577360,578806]
[20,174,279639,281130]
[21,207,644815,644452]
[22,47,409106,409014]
[23,48,627641,627897]
[24,67,702189,701492]
[25,97,702476,702134]
[26,101,60949,59654]
[27,206,482884,483213]
[28,51,343826,343081]
[29,91,527733,526817]
[30,256,458723,459513]
[31,77,391889,390867]
[32,234,29959,31443]
[33,236,589290,589946]
[34,33,187240,187135]
[35,64,311414,312205]
[36,10,82645,84086]
[37,110,507011,507477]
[38,148,62569,63979]
[39,269,293930,293780]
[40,5,691856,691330]
[41,191,115336,114105]
[42,10,66843,67150]
[43,117,373581,373000]
[44,111,575983,575219]
[45,132,558294,559465]
[46,89,726800,726345]
[47,36,102147,103092]
[48,135,222211,221246]
[49,117,97126,95961]
[50,279,697446,696006]
[51,184,359516,359887]
[52,115,219883,219707]
[53,104,116230,117026]
[54,242,646640,647649]
[55,225,57768,56294]
[56,142,620198,620752]
[57,92,336017,336050]
[58,248,564416,565033]
[59,157,723182,723013]
[60,185,691854,691378]
[61,170,272291,272671]
[62,78,50244,50393]
[63,170,251740,252090]
[64,187,565337,563905]
[65,38,526955,527057]
[66,4,120467,120604]
[67,278,447560,448335]
[68,74,41990,43087]
[69,1,721201,720399]
[70,239,589424,589291]
[71,131,689800,689441]
[72,65,453185,451832]
[73,131,685204,685061]
[74,212,289691,289974]
[75,115,283016,281797]
[76,2,614351,615522]
[77,118,524399,524568]
[78,146,523306,524333]
[79,231,502632,501960]
[80,112,636700,638199]
[81,56,667696,667827]
[82,170,267452,267483]
[83,213,649594,648867]
[84,59,510669,509647]
[85,133,204540,203547]
[86,98,81165,81231]
[87,191,703952,703699]
[88,126,170508,171553]
[89,46,315192,315500]
[90,53,33492,32007]
[91,226,295975,296232]
[92,210,185305,186709]
[93,39,136072,136014]
[94,13,189411,189124]
[95,263,551672,550530]
[96,92,156971,158164]
[97,121,287054,286542]
[98,213,394296,393070]
[99,254,527779,528792]
[100,90,158023,158624]
[101,125,694355,692953]
[102,133,649799,649257]
[103,82,177045,177666]
[104,3,171626,170273]
[105,122,133375,133546]
[106,23,265196,263779]
[107,19,134985,134425]
[108,84,214174,215142]
[109,279,417576,416520]
[110,43,713068,711901]
[111,137,76332,75630]
[112,200,655926,656853]
[113,63,328713,327754]
[114,62,651302,652622]
[115,277,475756,474262]
[116,168,18495,19869]
[117,242,127981,128216]
[118,35,124151,122743]
[119,189,214959,214046]
[120,279,32238,31290]
[121,16,477267,478220]
[122,199,588107,587135]
[123,91,607351,606943]
[124,65,543451,543128]
[125,124,715929,716416]
[126,199,488400,487246]
[127,82,87886,88340]
[128,171,611144,609669]
[129,158,180953,181095]
[130,11,87896,87397]
[131,20,97506,98534]
[132,233,719197,717987]
[133,195,209951,209095]
[134,235,728698,727784]
[135,79,335755,335213]
[136,30,128059,128851]
[137,145,195411,195110]
[138,37,690451,689742]
[139,268,529805,530452]
[140,71,624384,623221]
[141,109,624712,623818]
[142,135,562466,561229]
[143,249,531430,530051]
[144,198,78853,80238]
[145,218,563109,563418]
[146,110,444736,445565]
[147,253,644266,643000]
[148,51,246085,244938]
[149,203,296593,295353]
[150,196,504192,505379]
[151,92,375933,376492]
[152,27,436083,435948]
[153,158,21635,22946]
[154,159,633773,632526]
[155,68,232028,232478]
[156,55,683739,683402]
[157,33,511942,510879]
[158,17,255117,254147]
[159,204,718783,719644]
[160,262,421134,421278]
[161,163,456493,456386]
[162,141,470819,469822]
[163,88,108257,109216]
[164,97,193209,191762]
[165,189,303283,303179]
[166,146,142492,143781]
[167,28,62353,62614]
[168,171,276405,275971]
[169,172,607588,608976]
[170,77,177304,176872]
[171,258,177812,178740]
[172,270,193057,193208]
[173,68,686617,687435]
[174,232,424710,426003]
[175,64,375895,377144]
[176,225,450685,450465]
[177,90,81827,81932]
[178,35,574959,574911]
[179,263,270646,270388]
[180,138,675366,675601]
[181,186,333851,335258]
[182,44,557606,558131]
[183,2,239783,239970]
[184,261,208646,207461]
[185,36,451682,452712]
[186,179,367671,366622]
[187,269,137516,136147]
[188,266,374179,374516]
[189,212,33710,34607]
[190,202,669551,670807]
[191,171,5139,4881]
[192,251,590979,590882]
[193,247,258183,256702]
[194,81,187473,187265]
[195,120,538246,539703]
[196,247,648594,648075]
[197,193,100492,99639]
[198,70,118432,119680]
[199,138,618692,619603]
[200,43,429270,427808]
[201,19,138289,138253]
[202,126,222028,223494]
[203,84,100792,101830]
[204,95,329495,328932]
[205,127,43146,41757]
[206,53,707955,707569]
[207,108,234914,236046]
[208,96,680239,680469]
[209,190,218065,218908]
[210,156,465403,466842]
[211,46,3346,4694]
[212,249,82395,81942]
[213,60,295121,296020]
[214,194,260283,261645]
[215,194,390021,390849]
[216,109,603468,602724]
[217,85,364294,363640]
[218,208,504316,505250]
[219,39,218550,218280]
[220,17,357650,356810]
[221,98,460043,460634]
[222,222,54845,55862]
[223,141,211559,210788]
[224,28,527483,527950]
[225,152,695264,695906]
[226,214,30538,30614]
[227,132,18564,19145]
[228,144,480344,480749]
[229,167,510965,510903]
[230,112,58562,58761]
[231,60,155512,156204]
[232,262,67949,69139]
[233,171,52268,50970]
[234,134,616933,618278]
[235,116,3181,3498]
[236,127,688266,687741]
[237,178,554563,555893]
[238,182,307226,308527]
[239,137,707245,705979]
[240,39,121634,121404]
[241,55,372892,372518]
[242,198,438549,438700]
[243,169,261309,260091]
[244,258,357654,358829]
[245,109,362073,361460]
[246,94,597136,598097]
[247,77,258517,257468]
[248,82,640661,641864]
[249,100,85910,86921]
[250,60,709231,709381]
[251,23,521645,521510]
[252,276,157567,158488]
[253,211,423649,422228]
[254,33,216218,215710]
[255,87,716551,715852]
