["head":"wrap","lpos","status"]
[147,111022,1]
["io count"]
[260]
["io":"id","wrap","startLpos","endLpos"]
[1,97,687888,687408]
[2,151,274784,273588]
[3,168,699819,700306]
[4,89,222183,222131]
[5,74,452108,452621]
[6,201,438980,437797]
[7,219,176760,176657]
[8,220,214826,216274]
[9,237,385033,384124]
[10,19,492750,491811]
[11,111,406155,405901]
[12,85,164664,163712]
[13,72,341404,341559]
[14,67,225030,224215]
[15,12,323063,323450]
[16,197,373403,373240]
[17,226,602900,603605]
[18,201,652854,651523]
[19,97,473503,472615]
[20,55,517046,515815]
[21,223,652766,652126]
[22,255,671127,670780]
[23,93,455241,453840]
[24,16,653753,654748]
[25,220,721981,723285]
[26,169,698997,698462]
[27,245,325274,324975]
[28,18,423081,424414]
[29,184,412830,413134]
[30,209,222622,221445]
[31,87,353836,353433]
[32,168,287242,287683]
[33,132,81906,82683]
[34,81,195047,194898]
[35,115,71227,69902]
[36,87,584636,583156]
[37,129,253224,251764]
[38,147,496363,496046]
[39,47,427100,426666]
[40,40,407374,408079]
[41,67,584665,583634]
[42,63,239890,238997]
[43,222,321424,322375]
[44,120,48384,49529]
[45,200,625651,626378]
[46,33,24189,23083]
[47,199,710665,710531]
[48,11,194453,194139]
[49,169,645196,644247]
[50,159,332001,331093]
[51,242,632695,632939]
[52,133,667697,667294]
[53,271,174313,173339]
[54,246,269896,270698]
[55,110,11460,11658]
[56,255,357901,356810]
[57,125,618053,617946]
[58,239,578474,578011]
[59,32,47868,49243]
[60,213,62385,61054]
[61,216,503463,504049]
[62,226,483282,484574]
[63,232,595375,596381]
[64,118,610868,611979]
[65,10,575315,576211]
[66,203,248043,246925]
[67,227,221893,221056]
[68,234,138398,138717]
[69,33,533048,531613]
[70,188,309179,309425]
[71,183,186702,186020]
[72,81,623932,622864]
[73,0,421485,421724]
[74,259,85733,84404]
[75,193,66585,66254]
[76,56,714267,714994]
[77,228,688592,689285]
[78,203,627607,626281]
[79,10,26722,27460]
[80,191,648822,648752]
[81,153,582566,582325]
[82,193,88647,88044]
[83,79,676267,675436]
[84,223,377757,377473]
[85,97,510172,509769]
[86,4,666860,667825]
[87,65,494649,494581]
[88,199,184338,184145]
[89,170,621137,622126]
[90,229,653410,652914]
[91,97,541109,540288]
[92,19,690769,689377]
[93,256,559657,560689]
[94,72,651830,652571]
[95,194,178891,178990]
[96,241,107692,106335]
[97,20,218082,219493]
[98,81,208937,208736]
[99,177,169030,168813]
[100,26,727545,727590]
[101,263,659077,658261]
[102,128,488523,489567]
[103,177,400775,399898]
[104,168,689771,690651]
[105,217,571397,570519]
[106,47,94359,94309]
[107,252,151069,151805]
[108,201,522617,522470]
[109,11,531523,530272]
[110,51,232302,231966]
[111,273,70608,69630]
[112,187,223533,222831]
[113,251,86035,85834]
[114,54,382099,383337]
[115,35,371174,371086]
[116,175,286916,285962]
[117,1,518135,518100]
[118,36,227303,228195]
[119,184,663984,665315]
[120,40,31761,32682]
[121,166,513887,514035]
[122,237,47047,46433]
[123,271,519821,518907]
[124,111,484415,484139]
[125,85,120410,120070]
[126,25,363508,362452]
[127,126,669290,670013]
[128,267,332300,331321]
[129,269,625429,624539]
[130,83,706775,705569]
[131,207,240992,240798]
[132,40,392523,393775]
[133,227,560186,559448]
[134,168,372537,373052]
[135,109,684779,683867]
[136,58,472964,473070]
[137,51,272075,271614]
[138,155,462028,460759]
[139,6,724418,725878]
[140,15,355246,354167]
[141,80,217704,218064]
[142,91,500102,498721]
[143,121,351113,350748]
[144,160,91212,91376]
[145,112,47218,47920]
[146,251,211339,210352]
[147,251,53220,52992]
[148,249,417858,416669]
[149,61,587240,586534]
[150,46,301650,302810]
[151,235,226051,225693]
[152,248,475604,476209]
[153,111,717527,716809]
[154,29,602790,601324]
[155,21,637007,636751]
[156,171,600851,600718]
[157,21,522350,520884]
[158,240,55999,56111]
[159,37,430086,428909]
[160,58,532599,532902]
[161,16,255049,255280]
[162,123,715228,714567]
[163,235,708371,708231]
[164,35,518817,518786]
[165,203,265321,263924]
[166,169,637210,636053]
[167,96,121140,122585]
[168,120,111237,112558]
[169,141,648189,646728]
[170,68,30303,30727]
[171,180,456248,457665]
[172,16,36550,37185]
[173,13,185502,184932]
[174,204,249534,249631]
[175,233,339851,338784]
[176,22,40518,41664]
[177,110,535036,535862]
[178,69,206379,205128]
[179,204,554853,556322]
[180,133,276865,276198]
[181,206,65732,66837]
[182,262,72788,73145]
[183,71,635330,634653]
[184,184,276935,278030]
[185,239,670778,670336]
[186,239,36295,35781]
[187,153,402580,402401]
[188,266,367870,368953]
[189,142,555278,555998]
[190,273,8011,7525]
[191,17,681748,681045]
[192,145,539397,539241]
[193,83,266167,264867]
[194,244,192958,193097]
[195,226,665430,666574]
[196,129,84498,83849]
[197,97,292113,291318]
[198,189,609209,608193]
[199,258,557917,558508]
[200,71,315633,315141]
[201,272,616912,617906]
[202,211,165558,164411]
[203,161,122068,121969]
[204,103,592020,591514]
[205,183,516433,515001]
[206,98,5604,5972]
[207,26,410510,411441]
[208,75,543275,542593]
[209,187,524794,524365]
[210,194,631031,631606]
[211,260,336318,337235]
[212,253,75204,74216]
[213,255,261472,261061]
[214,88,374113,375217]
[215,124,707558,708756]
[216,213,589117,588468]
[217,118,60811,61260]
[218,133,272026,271433]
[219,45,472904,471619]
[220,256,159091,159676]
[221,26,560080,560542]
[222,60,307750,308818]
[223,203,256572,255338]
[224,39,91340,90803]
[225,157,77016,76401]
[226,216,262586,263062]
[227,29,199658,199218]
[228,275,170092,169959]
[229,259,403137,402030]
[230,32,682211,683302]
[231,40,215027,216431]
[232,77,711990,711079]
[233,29,453224,452003]
[234,245,641789,640680]
[235,246,71400,72000]
[236,138,305327,306702]
[237,255,521546,520411]
[238,113,358552,357673]
[239,246,595763,596675]
[240,65,417928,417319]
[241,38,591849,592220]
[242,189,340436,339547]
[243,95,581374,580882]
[244,173,410938,410705]
[245,59,39591,38895]
[246,70,190821,191294]
[247,204,673251,673801]
[248,271,217012,216768]
[249,87,662314,660850]
[250,9,721841,721746]
[251,56,270823,271919]
[252,150,406435,407196]
[253,2,428713,429333]
[254,271,515337,514048]
[255,132,316070,316766]
[256,201,57400,56350]
[257,155,598469,597808]
[258,271,523322,522380]
[259,267,291317,289894]
[260,49,668538,667802]
