["head":"wrap","lpos","status"]
[231,310334,1]
["io count"]
[265]
["io":"id","wrap","startLpos","endLpos"]
[1,119,139193,138641]
[2,250,103802,104427]
[3,162,394424,394457]
[4,211,477454,476822]
[5,159,114000,113366]
[6,8,705053,705460]
[7,46,451534,452779]
[8,10,674387,675334]
[9,180,367891,369196]
[10,261,122212,121406]
[11,257,320263,320056]
[12,225,103868,103691]
[13,48,393536,394005]
[14,53,692550,691745]
[15,21,74075,72705]
[16,187,720355,719769]
[17,58,366201,367059]
[18,185,177112,176422]
[19,97,569175,568266]
[20,60,32588,32842]
[21,8,275083,276123]
[22,72,94514,94673]
[23,260,194373,195582]
[24,115,399564,398435]
[25,73,462659,461682]
[26,154,517557,517814]
[27,220,485747,486098]
[28,269,3274,2298]
[29,209,513253,512989]
[30,25,508091,507194]
[31,50,660859,661832]
[32,272,98791,99960]
[33,2,386157,387212]
[34,59,150668,149227]
[35,82,650380,650674]
[36,165,114945,114181]
[37,136,713303,713536]
[38,207,167631,166147]
[39,12,283774,284929]
[40,22,162663,163993]
[41,184,60500,61961]
[42,128,212239,213243]
[43,278,33878,33928]
[44,187,228544,227345]
[45,265,461036,459885]
[46,101,190524,189300]
[47,204,332606,332961]
[48,132,190548,191281]
[49,233,499387,498392]
[50,75,633157,631967]
[51,36,652070,652411]
[52,212,40594,42022]
[53,151,640221,638952]
[54,194,589729,590754]
[55,258,390548,391820]
[56,179,594036,592566]
[57,246,682982,683996]
[58,216,639640,640859]
[59,24,631992,632483]
[60,193,151866,151350]
[61,176,406232,406880]
[62,209,438383,437758]
[63,27,187001,186414]
[64,263,622170,621567]
[65,101,687144,685728]
[66,183,155117,154854]
[67,114,280095,280244]
[68,264,267801,268557]
[69,185,156166,156090]
[70,145,518167,516882]
[71,4,83799,84633]
[72,42,522009,522984]
[73,214,15698,16587]
[74,196,584478,584718]
[75,207,133594,132396]
[76,179,329569,328989]
[77,18,298313,299447]
[78,230,704275,705575]
[79,176,479360,480188]
[80,215,351298,350585]
[81,173,269052,268479]
[82,44,109773,110352]
[83,8,689163,690224]
[84,168,118137,118436]
[85,256,176916,177363]
[86,118,82584,82791]
[87,70,583339,583530]
[88,160,379008,379692]
[89,138,423278,424047]
[90,124,103695,104350]
[91,270,332230,332594]
[92,120,641026,642093]
[93,180,543417,544556]
[94,274,552810,553186]
[95,260,36904,36995]
[96,20,317276,317518]
[97,74,575110,575917]
[98,247,379186,379110]
[99,90,383876,383914]
[100,34,435627,436260]
[101,113,238386,237722]
[102,92,186247,186977]
[103,213,444095,442902]
[104,194,289494,290974]
[105,279,270908,269947]
[106,51,573189,571712]
[107,24,654215,654350]
[108,164,298721,300022]
[109,80,129834,131023]
[110,8,265238,265940]
[111,279,620104,619916]
[112,98,200595,201338]
[113,70,668320,669809]
[114,232,500892,501131]
[115,1,172725,171976]
[116,178,330140,330667]
[117,95,40930,39861]
[118,127,414673,413983]
[119,158,422871,423040]
[120,84,223991,224306]
[121,72,666173,666420]
[122,219,385092,385010]
[123,72,477375,477481]
[124,173,472933,472731]
[125,232,266591,267434]
[126,45,198608,198225]
[127,128,180078,180339]
[128,254,251345,252159]
[129,15,263089,262428]
[130,72,105395,106344]
[131,197,197353,196438]
[132,35,456676,456360]
[133,279,588560,587332]
[134,151,335130,333715]
[135,261,236474,236068]
[136,208,347085,348271]
[137,215,476902,476332]
[138,185,158674,157322]
[139,220,59660,60890]
[140,101,413493,412577]
[141,73,164043,163762]
[142,260,73889,74183]
[143,245,299823,299729]
[144,114,317814,318070]
[145,79,253535,252917]
[146,211,509468,508928]
[147,131,702706,701859]
[148,131,323707,323589]
[149,76,11412,12063]
[150,12,338253,339200]
[151,93,695627,694610]
[152,211,270537,270043]
[153,85,559850,559611]
[154,66,390232,391558]
[155,267,626641,625726]
[156,102,322688,323278]
[157,62,307691,307834]
[158,114,87455,87973]
[159,230,46400,47273]
[160,261,618947,617950]
[161,253,147706,146655]
[162,258,690502,691396]
[163,198,570789,571260]
[164,76,140926,141925]
[165,8,693971,694584]
[166,222,9287,10680]
[167,90,589279,589572]
[168,64,394992,395205]
[169,184,296273,296911]
[170,61,658039,657613]
[171,26,477606,478191]
[172,2,39550,39753]
[173,246,191286,192228]
[174,171,309956,309151]
[175,277,99251,98739]
[176,129,252814,252653]
[177,155,635338,635217]
[178,170,499140,499720]
[179,162,564688,565348]
[180,6,477339,477479]
[181,259,179134,178819]
[182,10,259026,260176]
[183,203,516740,515647]
[184,25,616043,615553]
[185,277,44582,43472]
[186,17,100562,99328]
[187,11,50971,49623]
[188,200,684928,685033]
[189,251,79081,78593]
[190,166,157128,157394]
[191,102,277288,278082]
[192,64,420202,420992]
[193,246,330787,330958]
[194,139,378505,377967]
[195,131,663408,663281]
[196,210,474354,474850]
[197,148,112591,113708]
[198,94,563106,563329]
[199,115,99655,98206]
[200,104,492946,493574]
[201,253,65580,65087]
[202,94,495998,497476]
[203,31,481742,481459]
[204,137,115288,114820]
[205,278,671362,672463]
[206,212,521319,522472]
[207,108,164382,165524]
[208,132,569048,570167]
[209,204,202731,203441]
[210,104,403988,404465]
[211,90,298585,299601]
[212,63,586878,585422]
[213,117,111911,110745]
[214,83,164724,164270]
[215,197,34589,33803]
[216,17,415582,414218]
[217,98,469126,469476]
[218,215,366331,365786]
[219,227,385559,384610]
[220,111,414962,414245]
[221,26,647289,647868]
[222,18,727379,728786]
[223,56,81835,81891]
[224,183,286891,286705]
[225,175,542032,540666]
[226,204,408662,409298]
[227,3,190515,189624]
[228,85,150000,148736]
[229,71,524605,524433]
[230,85,392719,392570]
[231,174,147740,149118]
[232,108,421750,422352]
[233,54,391295,392241]
[234,61,650367,650227]
[235,210,672064,673188]
[236,237,728896,727845]
[237,163,428371,427844]
[238,197,281076,279727]
[239,170,127425,127483]
[240,29,675725,675011]
[241,47,89344,88528]
[242,93,386062,384622]
[243,227,339662,338540]
[244,58,581996,582102]
[245,85,468369,468121]
[246,252,238617,239618]
[247,58,516795,517885]
[248,213,457802,457310]
[249,161,500096,499477]
[250,68,533531,534065]
[251,160,544319,544359]
[252,258,41025,41969]
[253,276,552205,552468]
[254,25,505218,504519]
[255,23,242716,241455]
[256,157,487880,487325]
[257,95,356142,355649]
[258,132,594302,595450]
[259,71,161136,160190]
[260,237,13311,12299]
[261,44,34615,35081]
[262,160,115100,116325]
[263,182,129535,130680]
[264,144,276030,276083]
[265,262,437213,437815]
