["head":"wrap","lpos","status"]
[232,586162,0]
["io count"]
[270]
["io":"id","wrap","startLpos","endLpos"]
[1,253,381938,381146]
[2,181,363519,363200]
[3,110,31737,33057]
[4,205,230436,229594]
[5,249,717551,716836]
[6,171,8247,8014]
[7,144,274888,275186]
[8,116,185810,186333]
[9,266,343081,344084]
[10,229,335059,333647]
[11,85,142835,142803]
[12,46,352430,353735]
[13,152,234960,235536]
[14,184,293073,293951]
[15,40,343025,344263]
[16,226,241138,241459]
[17,265,518985,517642]
[18,171,242041,241421]
[19,98,632248,632569]
[20,159,245110,243702]
[21,114,576076,576700]
[22,137,634018,632933]
[23,159,219246,218666]
[24,203,425163,424994]
[25,176,583699,583887]
[26,234,437717,437780]
[27,229,187498,186594]
[28,192,405098,406590]
[29,154,515924,515967]
[30,174,345593,345928]
[31,200,443995,444111]
[32,272,185400,185898]
[33,21,10424,9820]
[34,134,560428,560689]
[35,139,556102,554671]
[36,23,157246,156500]
[37,209,259512,259015]
[38,51,697185,697144]
[39,235,326432,325599]
[40,202,284303,284420]
[41,104,204958,206432]
[42,51,83085,81614]
[43,128,651541,652983]
[44,83,530911,529452]
[45,171,514837,514160]
[46,167,313802,313116]
[47,211,305048,303938]
[48,192,683672,684698]
[49,261,19705,18536]
[50,62,41525,43008]
[51,133,42497,42192]
[52,262,633045,633927]
[53,101,660328,659949]
[54,96,632616,632702]
[55,43,595898,594721]
[56,204,341657,342794]
[57,4,252244,252850]
[58,275,680018,678824]
[59,260,532271,532445]
[60,151,359125,358051]
[61,174,356628,357250]
[62,3,423967,423891]
[63,13,258728,257974]
[64,254,238773,239771]
[65,61,447015,446145]
[66,166,296942,298118]
[67,226,111001,112023]
[68,135,408535,407836]
[69,177,562276,561707]
[70,210,169617,170936]
[71,54,541487,542919]
[72,100,649486,650748]
[73,223,407729,406935]
[74,252,639375,640162]
[75,75,534824,534624]
[76,279,727132,726308]
[77,195,316208,315804]
[78,117,121266,121080]
[79,273,429786,429304]
[80,257,583174,582072]
[81,168,199402,199677]
[82,173,271671,271248]
[83,277,380753,379258]
[84,73,728741,728273]
[85,221,476309,475980]
[86,51,278426,276961]
[87,155,186769,186271]
[88,230,490883,491517]
[89,27,107476,106457]
[90,170,370561,371703]
[91,195,271980,271927]
[92,70,91327,91456]
[93,19,346350,344898]
[94,268,124912,126240]
[95,119,711966,711850]
[96,162,155101,155881]
[97,83,675296,675087]
[98,49,334777,334174]
[99,93,465147,464288]
[100,192,569743,569841]
[101,128,179748,180764]
[102,219,40767,40152]
[103,234,585198,586420]
[104,203,3439,2152]
[105,50,464291,465748]
[106,139,238958,237920]
[107,202,121686,122322]
[108,148,518068,518971]
[109,82,228179,228943]
[110,85,317241,316063]
[111,190,227381,228054]
[112,230,200586,201786]
[113,151,524485,523738]
[114,12,724145,724742]
[115,202,507678,508834]
[116,245,343760,342640]
[117,131,274444,273235]
[118,197,17118,16039]
[119,96,293358,293455]
[120,265,507478,506664]
[121,148,612421,613709]
[122,91,402257,401603]
[123,237,493137,492945]
[124,178,281251,282245]
[125,176,283799,284473]
[126,197,393069,392470]
[127,123,145742,145257]
[128,137,265293,264426]
[129,279,519607,518747]
[130,52,124543,125395]
[131,95,572327,571408]
[132,251,647063,646277]
[133,79,311693,311507]
[134,104,18307,19724]
[135,257,463849,463673]
[136,238,152043,152350]
[137,182,648608,649540]
[138,212,128542,129537]
[139,147,265841,264896]
[140,213,597967,596694]
[141,19,324675,324185]
[142,244,320746,322072]
[143,219,685580,684188]
[144,228,687366,688131]
[145,14,343013,343964]
[146,40,546066,546392]
[147,129,310097,309021]
[148,29,690779,690310]
[149,18,655655,656175]
[150,231,652863,652341]
[151,199,652783,651575]
[152,118,332876,333472]
[153,130,473151,474414]
[154,73,709599,708300]
[155,80,272999,273508]
[156,207,577086,576179]
[157,106,576612,577038]
[158,96,330046,330307]
[159,249,559737,558849]
[160,151,583013,582626]
[161,187,352432,352211]
[162,250,165617,166144]
[163,10,144818,145723]
[164,60,729173,729904]
[165,102,571854,572092]
[166,16,588035,588490]
[167,262,345732,347097]
[168,173,520764,519767]
[169,275,572362,570932]
[170,145,15849,14552]
[171,13,550531,549434]
[172,26,390621,391436]
[173,213,257092,256266]
[174,24,488739,489403]
[175,122,404679,405898]
[176,164,566142,566191]
[177,219,687619,687095]
[178,189,467225,465832]
[179,74,109932,110244]
[180,242,62819,63441]
[181,251,251526,250596]
[182,44,349582,349979]
[183,91,2495,2148]
[184,146,389247,390279]
[185,88,274020,274897]
[186,51,188710,187353]
[187,187,248044,247660]
[188,44,572871,573076]
[189,43,33385,33093]
[190,178,680694,681346]
[191,11,36855,36431]
[192,29,190283,190083]
[193,270,130698,131113]
[194,273,13232,12485]
[195,16,264673,265306]
[196,266,513707,515181]
[197,70,683209,683600]
[198,147,134708,133785]
[199,164,82689,83138]
[200,244,648331,648918]
[201,189,409799,409397]
[202,161,144690,144299]
[203,264,256385,257790]
[204,263,202009,201568]
[205,134,405371,405677]
[206,68,421624,422771]
[207,167,702077,700779]
[208,125,113357,113075]
[209,9,15324,15271]
[210,51,155327,154479]
[211,162,586621,587784]
[212,172,385469,386154]
[213,29,7850,6894]
[214,139,534970,534291]
[215,271,70333,69207]
[216,39,216068,215650]
[217,25,314862,314072]
[218,101,451863,451478]
[219,35,268152,266905]
[220,256,241122,242058]
[221,7,712528,711142]
[222,30,520745,521345]
[223,276,144745,145464]
[224,188,145357,145537]
[225,136,490115,491383]
[226,50,574003,574198]
[227,133,203316,202763]
[228,23,696889,696211]
[229,248,216070,217334]
[230,124,390658,391129]
[231,235,447171,447055]
[232,63,374013,372522]
[233,276,172284,172456]
[234,258,574021,574706]
[235,205,212374,212294]
[236,44,204466,204638]
[237,278,547552,548168]
[238,14,238276,238382]
[239,86,704199,704525]
[240,130,475446,475855]
[241,223,401080,399731]
[242,234,443000,443849]
[243,181,411365,410913]
[244,120,719059,720440]
[245,150,247164,248212]
[246,172,285737,286501]
[247,79,555924,554954]
[248,276,134027,134176]
[249,23,263581,263515]
[250,109,614514,613984]
[251,45,331857,331450]
[252,245,670435,669517]
[253,129,442838,442631]
[254,279,461931,461575]
[255,255,328520,327884]
[256,249,291772,291019]
[257,26,638949,639912]
[258,18,419178,420471]
[259,13,256407,256111]
[260,251,680330,680234]
[261,211,588494,587501]
[262,276,584223,584281]
[263,168,21898,22623]
[264,141,185814,185606]
[265,87,124955,124544]
[266,14,162695,163692]
[267,245,386620,385703]
[268,214,41948,42824]
[269,102,339922,340343]
[270,21,596602,596420]
