["head":"wrap","lpos","status"]
[125,77820,0]
["io count"]
[275]
["io":"id","wrap","startLpos","endLpos"]
[1,164,388699,390072]
[2,124,47534,47740]
[3,135,140472,139355]
[4,238,420428,420710]
[5,182,157685,159105]
[6,108,318622,320035]
[7,272,320192,321664]
[8,15,184122,183411]
[9,86,286201,287056]
[10,6,80993,81350]
[11,262,641043,641137]
[12,223,248965,248468]
[13,43,480983,479610]
[14,58,208037,209068]
[15,196,419374,419978]
[16,183,570273,569799]
[17,210,434010,434528]
[18,152,293590,294133]
[19,123,345128,345025]
[20,102,220021,221319]
[21,122,378942,380324]
[22,218,403320,404795]
[23,41,264702,263991]
[24,242,495476,496570]
[25,231,175304,173969]
[26,185,173399,172340]
[27,230,15417,16728]
[28,89,297767,296639]
[29,43,489822,489607]
[30,255,233609,232207]
[31,170,190252,191591]
[32,44,506098,506932]
[33,138,261587,262137]
[34,144,516351,517603]
[35,137,491361,489949]
[36,277,355496,355080]
[37,81,404247,403241]
[38,19,527154,526882]
[39,163,685433,685032]
[40,7,495707,495461]
[41,14,423767,424360]
[42,217,76944,76339]
[43,214,255707,256764]
[44,13,48581,47643]
[45,56,617276,618586]
[46,180,114470,115760]
[47,85,544265,543201]
[48,118,535081,535640]
[49,153,240917,239516]
[50,222,721467,721922]
[51,34,323515,323903]
[52,176,728960,729402]
[53,246,422529,423609]
[54,146,62837,63632]
[55,138,569002,569800]
[56,198,610691,611706]
[57,105,434446,433623]
[58,20,316664,317329]
[59,276,507767,508822]
[60,74,244332,244769]
[61,253,340099,338696]
[62,61,224039,223134]
[63,21,680845,679763]
[64,206,448932,449636]
[65,42,68936,70186]
[66,27,69807,68862]
[67,215,34313,34029]
[68,172,588107,589454]
[69,242,191669,192946]
[70,192,359979,361211]
[71,189,549982,549324]
[72,133,367752,367095]
[73,279,420832,420104]
[74,169,139647,138581]
[75,127,383434,382624]
[76,84,536131,536798]
[77,272,385913,386269]
[78,111,194742,194078]
[79,99,333713,332677]
[80,267,193542,192996]
[81,177,538681,537967]
[82,48,245144,246240]
[83,206,606719,607693]
[84,79,545525,545160]
[85,196,548309,548459]
[86,216,627476,628718]
[87,122,309834,310588]
[88,152,321549,322540]
[89,154,708925,710008]
[90,92,689382,690099]
[91,106,115886,115938]
[92,152,99342,100759]
[93,199,295894,295443]
[94,143,205526,204678]
[95,247,41570,40423]
[96,39,296346,295448]
[97,83,379533,378843]
[98,278,147854,148699]
[99,85,444607,443626]
[100,186,658876,660201]
[101,84,154024,154720]
[102,60,131083,132164]
[103,192,356540,357847]
[104,171,689805,688651]
[105,51,12886,11591]
[106,245,336135,334993]
[107,267,431105,430753]
[108,14,659276,660648]
[109,124,178182,178964]
[110,95,30001,29752]
[111,45,141182,140703]
[112,169,214316,214155]
[113,207,72156,71271]
[114,222,621092,621936]
[115,33,137450,136779]
[116,133,498213,496851]
[117,37,348647,348293]
[118,154,596891,598251]
[119,170,346981,348049]
[120,269,518619,517681]
[121,2,701711,701883]
[122,97,106685,106305]
[123,38,5197,5778]
[124,216,125119,125314]
[125,114,565918,566629]
[126,183,362318,361309]
[127,48,168781,170144]
[128,112,412114,413009]
[129,14,62879,63541]
[130,69,416198,415533]
[131,276,378504,379793]
[132,166,361144,361638]
[133,67,651308,650769]
[134,148,11251,11380]
[135,108,93181,93756]
[136,111,647536,646489]
[137,145,669354,668181]
[138,90,111478,112866]
[139,188,608779,608945]
[140,154,564730,565590]
[141,164,277463,278024]
[142,207,93526,92359]
[143,256,3037,3567]
[144,36,112624,112773]
[145,106,93065,93949]
[146,30,258511,259633]
[147,216,302309,303611]
[148,109,561923,560548]
[149,229,228074,226886]
[150,180,480890,481286]
[151,108,384000,384996]
[152,262,569122,570314]
[153,109,201371,200239]
[154,117,420492,420004]
[155,173,420656,419509]
[156,260,164200,164293]
[157,248,453210,453412]
[158,42,171261,172026]
[159,57,364501,364283]
[160,160,208561,209204]
[161,71,374870,374700]
[162,244,401725,402561]
[163,179,352097,351416]
[164,150,10915,11338]
[165,127,725794,724937]
[166,242,441515,441747]
[167,179,293352,293197]
[168,102,562805,563878]
[169,92,353621,354035]
[170,253,116981,116916]
[171,47,141605,141324]
[172,274,89353,89972]
[173,153,205065,204790]
[174,173,513275,512835]
[175,256,122483,123885]
[176,260,131267,132208]
[177,47,125749,124836]
[178,202,440824,441184]
[179,165,167142,166265]
[180,253,566694,565861]
[181,242,86631,86901]
[182,258,497282,498029]
[183,197,609628,609518]
[184,17,162944,162243]
[185,81,676835,675414]
[186,32,53459,54210]
[187,68,297260,298038]
[188,71,191685,191439]
[189,134,164175,165330]
[190,34,269777,269833]
[191,125,257104,256089]
[192,187,380328,379175]
[193,72,426133,426392]
[194,111,585989,585771]
[195,107,306331,305041]
[196,230,174971,175821]
[197,187,211849,210396]
[198,220,568701,569190]
[199,118,90805,91428]
[200,250,209969,210293]
[201,105,489644,488650]
[202,173,375060,374335]
[203,241,500215,498993]
[204,151,595350,594128]
[205,71,489722,488803]
[206,96,76766,77583]
[207,83,30555,29914]
[208,159,648997,648144]
[209,142,9540,10130]
[210,218,396988,397456]
[211,213,597196,596498]
[212,245,448081,447273]
[213,113,526688,526044]
[214,262,393617,393988]
[215,160,332353,333338]
[216,142,527099,528354]
[217,257,188454,188009]
[218,121,160459,159964]
[219,273,643118,642318]
[220,19,41204,39716]
[221,138,120606,121386]
[222,1,380384,379396]
[223,134,406237,406447]
[224,39,292493,291822]
[225,155,540710,539285]
[226,253,682415,681509]
[227,222,633145,633515]
[228,10,644623,646060]
[229,150,695404,696188]
[230,218,153207,153638]
[231,34,720937,722234]
[232,134,42981,43298]
[233,189,438560,437284]
[234,12,296130,296374]
[235,212,95775,96323]
[236,141,681933,680978]
[237,64,109798,110954]
[238,82,277900,279294]
[239,54,248853,249177]
[240,86,605653,606267]
[241,123,382944,382090]
[242,233,302284,301060]
[243,79,212939,212846]
[244,235,127036,126182]
[245,246,174781,175756]
[246,134,505733,505897]
[247,134,708472,708950]
[248,1,634427,633341]
[249,27,265233,264364]
[250,72,384921,386242]
[251,178,730181,730691]
[252,105,555555,555022]
[253,148,683552,684077]
[254,108,509822,509949]
[255,219,182598,182568]
[256,230,449081,449592]
[257,84,637259,638530]
[258,204,32645,33353]
[259,241,639300,639179]
[260,81,95649,94923]
[261,259,28220,27791]
[262,182,594996,595652]
[263,60,508963,509175]
[264,90,498,1989]
[265,279,726223,725733]
[266,261,458278,457740]
[267,123,7931,7416]
[268,165,354727,353616]
[269,21,483355,482931]
[270,85,410638,409443]
[271,154,205288,206656]
[272,107,468058,467299]
[273,261,232613,231984]
[274,91,279889,278818]
[275,229,517207,516205]
