["head":"wrap","lpos","status"]
[96,150925,1]
["io count"]
[280]
["io":"id","wrap","startLpos","endLpos"]
[1,39,384868,384593]
[2,181,617620,616148]
[3,144,545980,546663]
[4,124,324505,325120]
[5,31,615079,614760]
[6,137,644049,642816]
[7,118,589263,589924]
[8,165,375423,374038]
[9,7,522672,522572]
[10,140,101520,102278]
[11,32,174669,174797]
[12,157,398046,397431]
[13,67,247388,247232]
[14,85,668065,667562]
[15,214,336089,336704]
[16,79,147945,147626]
[17,264,83790,84503]
[18,91,357613,357238]
[19,265,561572,560599]
[20,40,145433,146618]
[21,47,517461,516593]
[22,128,662343,662897]
[23,80,41360,41643]
[24,35,712289,711458]
[25,85,1591,1210]
[26,212,601353,602083]
[27,56,499742,500368]
[28,147,559563,558834]
[29,157,19909,19013]
[30,66,365559,366572]
[31,206,672100,673077]
[32,239,517964,516596]
[33,51,97233,96222]
[34,84,407064,407343]
[35,63,480586,479856]
[36,93,185083,184256]
[37,155,678412,678216]
[38,155,11761,11185]
[39,227,472394,471575]
[40,50,373521,373872]
[41,74,436833,437308]
[42,118,375059,375287]
[43,192,3660,4995]
[44,195,117223,116376]
[45,155,356299,356130]
[46,277,130555,129997]
[47,72,520202,520290]
[48,55,348891,347947]
[49,162,210851,211883]
[50,66,12602,13010]
[51,13,526325,526162]
[52,267,6272,5247]
[53,113,55343,54934]
[54,249,90236,89214]
[55,10,705824,707255]
[56,194,78698,78940]
[57,257,133034,132742]
[58,206,725841,726007]
[59,220,195051,195205]
[60,72,606642,607772]
[61,150,488176,488616]
[62,126,588552,589662]
[63,113,725324,724694]
[64,0,122114,123491]
[65,140,533277,533941]
[66,124,277564,279043]
[67,252,357377,357479]
[68,183,273412,271976]
[69,53,641145,640710]
[70,33,46049,45828]
[71,107,127810,126708]
[72,203,701507,701153]
[73,174,501030,501296]
[74,208,458652,459181]
[75,18,109507,109761]
[76,174,591995,592483]
[77,154,113235,113722]
[78,178,620347,620854]
[79,71,476618,476138]
[80,133,363725,362602]
[81,126,19349,19494]
[82,216,189999,191230]
[83,178,584469,585906]
[84,257,173422,172825]
[85,57,380486,379221]
[86,258,124113,124904]
[87,54,677971,678930]
[88,147,597780,597366]
[89,233,485318,484914]
[90,256,332340,333691]
[91,36,290932,291694]
[92,145,650757,649668]
[93,146,61274,61757]
[94,268,464232,465573]
[95,174,709348,709770]
[96,1,23668,22726]
[97,70,612433,613694]
[98,49,638199,637979]
[99,153,67270,66197]
[100,181,91595,91178]
[101,146,662074,662760]
[102,54,715529,716422]
[103,131,67550,67266]
[104,153,618305,617813]
[105,106,64242,65369]
[106,202,683303,683656]
[107,252,259046,259624]
[108,60,33647,33792]
[109,19,590574,589768]
[110,272,128877,129140]
[111,13,546035,544961]
[112,1,316197,316150]
[113,223,207329,206969]
[114,205,332926,332623]
[115,26,513906,514978]
[116,46,613901,615107]
[117,122,322175,322254]
[118,237,28072,27462]
[119,88,208149,209100]
[120,38,589398,590480]
[121,84,525586,526919]
[122,167,619246,618165]
[123,79,467696,467419]
[124,257,142744,142630]
[125,106,43327,44674]
[126,205,351784,351010]
[127,50,276435,277165]
[128,15,707661,707487]
[129,184,440889,442299]
[130,167,730155,730083]
[131,186,606196,607041]
[132,130,525438,526155]
[133,165,551459,551326]
[134,135,112027,111016]
[135,273,311048,310652]
[136,39,670256,669606]
[137,195,726707,725454]
[138,14,48599,48832]
[139,252,160902,162241]
[140,75,52227,51380]
[141,56,613619,614478]
[142,189,531259,530492]
[143,120,322111,323556]
[144,187,446089,445941]
[145,136,139119,139269]
[146,150,684750,685520]
[147,53,52233,51301]
[148,243,501124,499686]
[149,171,349452,348827]
[150,175,448511,448313]
[151,151,539687,538825]
[152,78,311548,311978]
[153,196,577346,577482]
[154,71,147047,146505]
[155,268,675116,676571]
[156,37,29204,29037]
[157,140,410593,411116]
[158,17,522319,521328]
[159,210,216276,217616]
[160,252,361283,362619]
[161,156,3415,4289]
[162,152,408499,408735]
[163,87,22090,21471]
[164,35,279899,279652]
[165,131,666178,665604]
[166,111,350000,348723]
[167,183,236804,235698]
[168,194,708051,708188]
[169,147,545034,544992]
[170,185,18883,18738]
[171,171,336160,335297]
[172,178,580126,581455]
[173,16,414459,415371]
[174,191,450173,448786]
[175,198,405970,406206]
[176,148,157990,159160]
[177,146,697398,698475]
[178,125,706628,706314]
[179,233,298069,297325]
[180,201,354852,354364]
[181,82,141899,142690]
[182,100,443550,443928]
[183,98,48973,49968]
[184,60,122080,123135]
[185,173,650217,649423]
[186,32,456799,458134]
[187,92,558405,559261]
[188,38,509817,509932]
[189,128,662815,662911]
[190,49,382863,382584]
[191,107,729165,728854]
[192,269,520875,520517]
[193,184,19984,20365]
[194,76,496419,497753]
[195,53,539108,538180]
[196,160,256259,256636]
[197,87,270899,270399]
[198,245,572433,571197]
[199,92,612364,613821]
[200,197,357096,355760]
[201,245,397037,396551]
[202,83,475238,473968]
[203,58,112550,112772]
[204,97,336526,335048]
[205,59,548685,547512]
[206,210,76495,77163]
[207,44,655309,655406]
[208,58,460791,461228]
[209,78,182481,182899]
[210,74,244831,244872]
[211,219,142161,141316]
[212,139,35307,34108]
[213,162,105368,106161]
[214,175,572564,571555]
[215,279,310250,308893]
[216,107,540485,539798]
[217,244,251002,251589]
[218,266,322790,323170]
[219,257,665009,664728]
[220,135,313297,311877]
[221,58,575263,576346]
[222,102,211405,211479]
[223,224,461935,463415]
[224,203,613898,612837]
[225,246,382104,382464]
[226,239,82965,81924]
[227,7,258667,257664]
[228,150,65566,66176]
[229,18,150377,151538]
[230,185,614909,613561]
[231,207,344132,342894]
[232,40,279610,280360]
[233,75,402920,401941]
[234,238,13746,14586]
[235,191,292344,291073]
[236,93,395794,395108]
[237,255,227418,226248]
[238,11,728434,727357]
[239,252,33590,33648]
[240,138,547948,549218]
[241,172,22447,22510]
[242,5,83559,83324]
[243,111,250752,249830]
[244,260,421715,422069]
[245,226,504760,505438]
[246,142,160558,161414]
[247,56,78437,79626]
[248,93,70544,69647]
[249,257,482089,481557]
[250,52,197732,198873]
[251,10,482945,484425]
[252,127,279508,279199]
[253,259,55432,54928]
[254,44,192256,192509]
[255,199,265650,264848]
[256,217,282966,282102]
[257,278,356889,358137]
[258,29,449937,449581]
[259,216,726070,727470]
[260,257,168627,168443]
[261,252,633058,633169]
[262,167,118026,117881]
[263,128,322287,323705]
[264,122,8885,9957]
[265,147,471121,470578]
[266,31,401076,399984]
[267,147,230696,229201]
[268,135,229319,228187]
[269,252,264358,265561]
[270,202,436309,437554]
[271,83,607313,606892]
[272,32,162757,163649]
[273,153,378159,377846]
[274,206,620696,621727]
[275,21,1673,915]
[276,28,408100,409097]
[277,184,240172,241054]
[278,268,674310,674574]
[279,134,482525,482864]
[280,102,249167,249855]
