["head":"wrap","lpos","status"]
[169,196811,1]
["io count"]
[285]
["io":"id","wrap","startLpos","endLpos"]
[1,167,151520,151424]
[2,10,568733,569202]
[3,70,648768,650252]
[4,82,323890,324118]
[5,156,503249,503542]
[6,108,540452,541691]
[7,96,611532,612382]
[8,199,250389,249946]
[9,79,557280,556396]
[10,188,254443,254980]
[11,81,121358,120972]
[12,81,460192,459748]
[13,46,166588,167309]
[14,178,4485,5593]
[15,86,484683,486144]
[16,86,346353,347441]
[17,128,463113,464003]
[18,86,452559,453409]
[19,271,558299,557790]
[20,95,362254,361903]
[21,47,228304,227362]
[22,163,525536,524168]
[23,136,417920,418689]
[24,155,69829,68511]
[25,2,696266,697609]
[26,229,535624,534624]
[27,106,532178,532821]
[28,240,661822,661935]
[29,15,259907,259570]
[30,229,538839,538600]
[31,80,188538,188710]
[32,249,714909,713876]
[33,23,340384,340195]
[34,198,577149,577778]
[35,253,569859,568862]
[36,271,98712,98046]
[37,153,392900,391740]
[38,66,47582,48031]
[39,259,381610,381131]
[40,189,289038,288600]
[41,172,340815,341767]
[42,130,305664,307001]
[43,44,102448,103412]
[44,210,347823,348216]
[45,91,98341,98099]
[46,49,233003,232385]
[47,107,207323,206175]
[48,73,598504,597568]
[49,273,561842,560853]
[50,176,256553,257669]
[51,88,289744,291005]
[52,252,81396,81487]
[53,210,257180,258297]
[54,236,375558,375933]
[55,159,525094,523905]
[56,124,222699,223274]
[57,239,688788,687697]
[58,12,460574,461518]
[59,209,158248,157488]
[60,13,708658,707742]
[61,2,509297,509464]
[62,36,218980,220469]
[63,214,218321,218841]
[64,71,602929,601541]
[65,54,548643,549392]
[66,6,448580,449971]
[67,125,428264,427935]
[68,244,262086,262998]
[69,129,104640,103654]
[70,159,354915,353517]
[71,98,136887,137048]
[72,157,229873,228968]
[73,201,632970,632753]
[74,145,80658,80595]
[75,2,308789,310048]
[76,145,271678,271193]
[77,102,245883,246028]
[78,147,103293,102134]
[79,1,28249,27649]
[80,198,195429,196677]
[81,86,209348,209738]
[82,85,398589,397721]
[83,28,242494,243466]
[84,84,143497,143974]
[85,244,121362,121902]
[86,236,606573,607141]
[87,140,173792,175010]
[88,18,496302,497711]
[89,209,80277,79755]
[90,190,126313,126668]
[91,140,55906,57186]
[92,66,168926,169120]
[93,252,463913,465244]
[94,201,562505,561128]
[95,219,465646,465442]
[96,249,314799,314247]
[97,115,381478,381329]
[98,6,260441,261742]
[99,181,360341,359515]
[100,259,51167,50629]
[101,103,127385,126656]
[102,123,382610,381753]
[103,27,32639,31606]
[104,74,723806,725022]
[105,174,471311,472268]
[106,119,7163,6730]
[107,81,200501,200046]
[108,219,679529,679019]
[109,166,495883,496610]
[110,9,67819,67315]
[111,157,268557,268144]
[112,195,412461,411443]
[113,4,484372,484841]
[114,52,579920,580208]
[115,188,432130,432504]
[116,45,708831,708248]
[117,47,159092,158821]
[118,229,116754,116710]
[119,138,94427,95220]
[120,131,257912,257850]
[121,90,405635,406288]
[122,7,395905,395507]
[123,138,115236,115791]
[124,216,164808,165428]
[125,238,667641,668074]
[126,21,341160,341017]
[127,116,447314,447348]
[128,51,729994,728996]
[129,125,707618,706948]
[130,155,468691,467860]
[131,154,60850,61343]
[132,120,488688,489821]
[133,62,239740,241019]
[134,191,181102,179903]
[135,177,624505,623988]
[136,116,32614,32830]
[137,187,487068,485660]
[138,150,671620,672639]
[139,205,21862,21200]
[140,141,654205,653527]
[141,255,421271,419823]
[142,217,317802,317359]
[143,166,429319,429366]
[144,179,258011,257909]
[145,177,291361,290994]
[146,74,676526,677626]
[147,141,420944,419651]
[148,97,706964,706021]
[149,44,601275,601744]
[150,104,160276,160830]
[151,147,598700,598144]
[152,91,577554,577067]
[153,36,296364,296619]
[154,140,389370,390061]
[155,235,716024,714611]
[156,154,527377,528683]
[157,164,11124,11910]
[158,225,530273,530106]
[159,12,165515,166725]
[160,83,561364,561108]
[161,178,17369,17861]
[162,183,717926,717832]
[163,101,685989,684626]
[164,141,281310,280895]
[165,194,71590,72759]
[166,156,298798,299072]
[167,111,145003,144609]
[168,249,230003,228886]
[169,140,37626,38625]
[170,15,632879,632243]
[171,71,96392,95800]
[172,26,90585,91413]
[173,203,606616,605742]
[174,30,55408,55973]
[175,2,629741,629843]
[176,81,186891,185497]
[177,117,629973,628979]
[178,35,215814,215468]
[179,40,445462,446091]
[180,276,89801,90470]
[181,149,730577,729862]
[182,190,24251,24993]
[183,45,564912,564042]
[184,119,723470,722360]
[185,186,93090,94190]
[186,57,301996,301842]
[187,143,709349,709017]
[188,21,33162,32343]
[189,236,688928,689233]
[190,99,93051,92222]
[191,236,529657,530916]
[192,226,49327,50405]
[193,56,144743,146188]
[194,6,304765,305555]
[195,250,698653,699646]
[196,226,567648,568003]
[197,37,142722,141577]
[198,89,198683,197450]
[199,57,529005,528353]
[200,180,240540,241850]
[201,102,125649,126410]
[202,179,113526,113232]
[203,148,643230,643904]
[204,204,428917,430204]
[205,13,269838,268819]
[206,193,302530,302292]
[207,213,655834,654854]
[208,147,412973,411476]
[209,145,350044,349529]
[210,262,285857,286174]
[211,110,229065,229229]
[212,5,186604,186159]
[213,93,684514,683551]
[214,273,99436,99239]
[215,104,566750,567830]
[216,163,514970,514546]
[217,8,338207,339079]
[218,52,259969,261326]
[219,164,175908,176635]
[220,256,633658,634687]
[221,211,446022,445754]
[222,240,70235,71358]
[223,196,698619,700009]
[224,112,231890,232924]
[225,271,717211,716895]
[226,40,550521,551504]
[227,219,148389,147811]
[228,15,684212,683422]
[229,76,507735,508223]
[230,39,722790,722450]
[231,213,582643,582572]
[232,84,285921,286649]
[233,90,260988,261261]
[234,94,576498,577180]
[235,109,362649,361290]
[236,245,258068,257919]
[237,210,189801,190326]
[238,201,672147,670875]
[239,239,336145,336003]
[240,149,461758,460975]
[241,26,548221,548545]
[242,255,567408,566931]
[243,248,125891,127224]
[244,128,307416,307622]
[245,223,41438,40687]
[246,244,138493,139157]
[247,149,135724,134746]
[248,6,189120,189905]
[249,99,587681,586427]
[250,253,388533,388027]
[251,34,321470,322503]
[252,118,489301,490526]
[253,252,140453,141039]
[254,48,411510,412430]
[255,166,183918,184119]
[256,133,704341,703878]
[257,86,189661,190159]
[258,229,116735,116200]
[259,241,213677,212307]
[260,84,599469,600927]
[261,235,604476,603764]
[262,184,244078,244967]
[263,163,228786,227681]
[264,39,252723,251518]
[265,179,594739,594134]
[266,64,422172,422389]
[267,252,632004,632738]
[268,172,479415,479640]
[269,28,642904,644251]
[270,91,397337,397048]
[271,265,663681,662572]
[272,210,152552,153913]
[273,44,483882,484039]
[274,151,1872,1816]
[275,193,233211,232827]
[276,171,666118,665880]
[277,243,300126,298772]
[278,252,451868,452172]
[279,15,355866,355174]
[280,199,106506,105910]
[281,209,540029,539163]
[282,233,265608,264837]
[283,208,207986,208260]
[284,167,163592,162822]
[285,128,276798,278227]
