["head":"wrap","lpos","status"]
[227,619556,0]
["io count"]
[290]
["io":"id","wrap","startLpos","endLpos"]
[1,262,194871,195948]
[2,15,468241,467100]
[3,242,175515,175774]
[4,97,335158,334360]
[5,46,290370,291551]
[6,170,442875,442937]
[7,257,140047,138960]
[8,66,951,2318]
[9,63,633479,633139]
[10,46,585195,586625]
[11,273,72744,72498]
[12,195,693249,692743]
[13,36,407741,409105]
[14,17,209973,208542]
[15,76,343316,344612]
[16,24,673776,675235]
[17,130,691966,693108]
[18,203,723680,723121]
[19,132,114416,115457]
[20,256,284438,285349]
[21,122,494332,495138]
[22,127,292707,292259]
[23,64,483579,484267]
[24,83,283192,282589]
[25,121,138954,138177]
[26,51,162408,162020]
[27,8,318601,318722]
[28,238,605559,605962]
[29,256,493031,494484]
[30,169,280132,278887]
[31,191,111770,110528]
[32,231,339239,338775]
[33,157,32017,31152]
[34,133,627799,627282]
[35,204,378880,379128]
[36,260,8906,9277]
[37,103,244836,244045]
[38,88,531129,531493]
[39,158,467581,468970]
[40,268,80918,82114]
[41,262,551158,551845]
[42,68,558053,558884]
[43,166,112858,113556]
[44,180,588116,588690]
[45,16,373651,373805]
[46,185,603253,602146]
[47,229,579162,578458]
[48,76,627332,628026]
[49,67,97996,97040]
[50,0,655346,656426]
[51,258,543862,545135]
[52,124,358618,359097]
[53,216,472439,472976]
[54,97,377646,376374]
[55,34,355139,355854]
[56,222,458632,459459]
[57,204,247071,248302]
[58,233,445073,444814]
[59,57,333904,333280]
[60,244,286070,287216]
[61,250,543047,543866]
[62,9,109609,108698]
[63,65,340202,339152]
[64,68,621829,622634]
[65,184,207838,209005]
[66,218,552519,553836]
[67,0,715680,715971]
[68,101,340436,339657]
[69,187,73707,73332]
[70,72,553813,554420]
[71,91,514386,513070]
[72,273,200226,198739]
[73,251,417474,416086]
[74,36,396,1487]
[75,81,704268,703677]
[76,229,122086,121345]
[77,204,339594,339716]
[78,269,47190,46197]
[79,163,282577,281174]
[80,181,538233,537994]
[81,269,61947,61272]
[82,130,147689,148609]
[83,160,178042,178081]
[84,38,375357,375758]
[85,265,121990,120697]
[86,36,559642,561072]
[87,218,227237,227779]
[88,278,568060,568218]
[89,20,271466,272713]
[90,17,200485,200000]
[91,198,305218,305661]
[92,209,375060,374358]
[93,130,516998,518435]
[94,161,605529,604745]
[95,243,549330,548267]
[96,100,471779,472942]
[97,166,479663,479778]
[98,9,35202,34814]
[99,183,326777,326375]
[100,225,612540,611305]
[101,19,369520,368242]
[102,219,162017,160961]
[103,269,664836,663537]
[104,190,409876,411020]
[105,182,705862,706991]
[106,52,456409,457722]
[107,202,491559,491650]
[108,44,467643,468305]
[109,249,17661,16402]
[110,190,302159,303522]
[111,8,138244,138835]
[112,167,110659,109931]
[113,93,567381,567270]
[114,239,158784,157921]
[115,170,602617,603136]
[116,24,35241,36614]
[117,65,20507,19341]
[118,245,264464,264069]
[119,26,143684,144318]
[120,76,287288,288479]
[121,20,646247,646760]
[122,134,350650,351521]
[123,121,569355,568486]
[124,230,147345,147756]
[125,237,233108,232951]
[126,4,235231,235676]
[127,55,239243,237906]
[128,219,509155,508491]
[129,264,513714,515182]
[130,184,334052,334934]
[131,26,437933,438676]
[132,6,570311,571343]
[133,189,286787,285647]
[134,275,80949,80139]
[135,178,498208,499269]
[136,117,617086,616646]
[137,265,362146,360967]
[138,138,123899,124139]
[139,206,178597,179438]
[140,204,181582,182293]
[141,20,327834,328062]
[142,208,722388,723758]
[143,68,86374,87378]
[144,71,215415,215187]
[145,6,6284,6608]
[146,218,72855,73950]
[147,24,178105,179174]
[148,16,573174,573463]
[149,254,728382,729524]
[150,266,605749,607236]
[151,240,644985,645034]
[152,258,152733,152797]
[153,206,93152,94484]
[154,111,366007,365583]
[155,84,367825,369281]
[156,186,514629,516122]
[157,91,115092,114575]
[158,55,430243,429772]
[159,73,24317,23999]
[160,190,476086,476616]
[161,90,705264,705512]
[162,18,673888,674317]
[163,270,400569,402005]
[164,268,705959,706539]
[165,122,574123,574220]
[166,266,716745,716926]
[167,253,215014,214715]
[168,264,48261,49381]
[169,179,143806,142916]
[170,145,707963,707426]
[171,41,654402,653116]
[172,276,208169,208822]
[173,62,86062,87115]
[174,176,265854,267054]
[175,70,147178,148257]
[176,111,699339,698808]
[177,256,479137,480177]
[178,116,89669,90942]
[179,237,150087,148644]
[180,148,72905,73828]
[181,245,480382,479731]
[182,188,259631,261102]
[183,247,67956,67611]
[184,198,335141,335771]
[185,260,506841,507435]
[186,279,606767,605363]
[187,128,716576,716633]
[188,158,632724,634076]
[189,207,723190,722041]
[190,69,430921,430641]
[191,89,460664,459307]
[192,71,161777,161545]
[193,206,115312,115577]
[194,129,523677,522746]
[195,68,55658,56956]
[196,128,722286,722678]
[197,229,639865,638828]
[198,92,333513,334353]
[199,197,389398,389016]
[200,97,107543,107473]
[201,67,174379,173941]
[202,228,497854,498131]
[203,144,92990,93789]
[204,98,429789,430034]
[205,266,315859,316449]
[206,218,468394,468579]
[207,79,172549,171089]
[208,46,385811,387301]
[209,35,133517,132916]
[210,156,462907,464101]
[211,10,216420,216890]
[212,0,60991,62329]
[213,137,28130,27111]
[214,243,692762,692289]
[215,168,309830,311049]
[216,252,661277,662500]
[217,94,288073,289223]
[218,132,162872,163093]
[219,64,681346,682029]
[220,105,609173,608359]
[221,44,362709,362977]
[222,240,452387,453386]
[223,17,675211,674280]
[224,36,14571,15176]
[225,147,31624,30507]
[226,94,458971,459856]
[227,272,549443,550328]
[228,34,45556,46968]
[229,108,534143,534654]
[230,82,460924,461804]
[231,78,468419,469113]
[232,239,465178,464371]
[233,31,241251,240760]
[234,104,538104,539296]
[235,75,614002,613542]
[236,110,722734,723127]
[237,35,125063,124784]
[238,34,218884,219827]
[239,53,430753,429836]
[240,273,506942,506433]
[241,206,196740,197309]
[242,20,113419,113608]
[243,275,184878,184019]
[244,247,235270,234799]
[245,230,59198,60114]
[246,90,239531,240683]
[247,202,700929,702204]
[248,21,641857,641333]
[249,153,80679,80095]
[250,215,81089,80811]
[251,100,326242,327575]
[252,208,687893,689158]
[253,46,696040,697297]
[254,206,122415,123646]
[255,0,286760,287182]
[256,124,158598,158936]
[257,54,255542,256055]
[258,68,525184,526109]
[259,246,354706,355912]
[260,130,5247,6084]
[261,143,387973,387847]
[262,56,698324,699171]
[263,264,186575,187506]
[264,185,150866,150531]
[265,145,213902,212600]
[266,150,487215,488588]
[267,72,653480,654216]
[268,13,64431,63552]
[269,111,563156,562275]
[270,50,484353,485584]
[271,94,534799,535621]
[272,259,589158,589118]
[273,215,376720,375322]
[274,162,18794,18857]
[275,110,490576,492048]
[276,178,211921,212720]
[277,142,692145,693568]
[278,23,136010,134714]
[279,164,397427,398510]
[280,28,327669,327830]
[281,217,561563,561068]
[282,149,258610,257312]
[283,252,112494,113266]
[284,277,685751,684834]
[285,238,580609,581764]
[286,16,638934,639582]
[287,20,57,917]
[288,270,709004,709849]
[289,37,138265,138113]
[290,229,494736,494142]
