["head":"wrap","lpos","status"]
[185,328177,1]
["io count"]
[295]
["io":"id","wrap","startLpos","endLpos"]
[1,247,180343,179748]
[2,148,424150,425191]
[3,230,649626,650072]
[4,49,677812,676689]
[5,170,536758,537885]
[6,71,258789,257678]
[7,219,292939,292031]
[8,138,630460,631428]
[9,120,2261,3173]
[10,203,632730,632473]
[11,255,272136,271423]
[12,45,420217,418981]
[13,92,660860,662196]
[14,30,282910,284154]
[15,267,6379,6219]
[16,39,423399,421936]
[17,204,446031,446071]
[18,155,219774,218597]
[19,208,56045,56843]
[20,184,89643,90294]
[21,22,438699,439144]
[22,255,6533,5796]
[23,10,327950,328210]
[24,148,672369,673375]
[25,49,362074,361219]
[26,169,684985,683817]
[27,171,77473,76066]
[28,219,304018,303092]
[29,274,112272,112916]
[30,84,352576,353785]
[31,251,645286,644874]
[32,139,229682,228852]
[33,51,646034,645242]
[34,252,440635,441239]
[35,72,14667,14788]
[36,53,531043,530466]
[37,224,205931,207351]
[38,97,333888,333224]
[39,48,238692,240025]
[40,221,358789,358066]
[41,179,158728,157265]
[42,57,486538,485705]
[43,135,210154,209060]
[44,115,491414,490059]
[45,32,149514,149662]
[46,178,584938,585854]
[47,247,556625,555719]
[48,6,299522,299662]
[49,226,366293,366894]
[50,28,94680,95710]
[51,172,7361,8816]
[52,80,121770,122767]
[53,166,468755,469432]
[54,174,290002,290363]
[55,232,297365,297696]
[56,268,97554,98200]
[57,13,420460,419359]
[58,274,230372,231585]
[59,78,686015,687244]
[60,119,687276,686543]
[61,91,316350,314854]
[62,209,179901,178704]
[63,200,203287,204504]
[64,86,622916,623636]
[65,13,52275,51417]
[66,4,414608,415382]
[67,150,474558,475418]
[68,262,436713,437533]
[69,18,210848,211493]
[70,222,341829,342946]
[71,159,618140,617436]
[72,205,536411,535299]
[73,91,220273,219778]
[74,209,661932,661715]
[75,236,174790,175583]
[76,261,427753,426806]
[77,2,492493,493022]
[78,127,170515,169238]
[79,218,587303,587550]
[80,96,447271,447594]
[81,193,654695,654617]
[82,189,145856,144610]
[83,241,197449,196657]
[84,43,581978,581478]
[85,109,558263,557771]
[86,213,41603,41440]
[87,96,335830,336456]
[88,243,52177,51342]
[89,192,543281,544206]
[90,252,698126,699191]
[91,254,327441,327481]
[92,208,403828,404293]
[93,154,50348,50577]
[94,188,529082,529881]
[95,0,339656,340061]
[96,189,152187,151750]
[97,211,390900,390280]
[98,91,420865,420367]
[99,56,532874,533510]
[100,101,385410,385059]
[101,67,264424,263744]
[102,166,443890,444888]
[103,185,348175,347847]
[104,207,508065,507647]
[105,278,680434,681909]
[106,214,658503,659769]
[107,208,109331,110181]
[108,139,262693,261992]
[109,154,77218,77377]
[110,134,421191,421937]
[111,244,281939,282841]
[112,20,113693,114357]
[113,115,72781,72731]
[114,79,283068,282569]
[115,115,494729,494438]
[116,242,226539,227758]
[117,88,145195,145936]
[118,229,258542,258237]
[119,268,183989,185237]
[120,87,36302,36196]
[121,278,70350,71121]
[122,186,52493,53833]
[123,145,265246,265027]
[124,247,240104,238706]
[125,195,320789,319829]
[126,234,486004,487180]
[127,31,246663,245966]
[128,119,257675,257589]
[129,91,280143,279662]
[130,164,557008,557619]
[131,120,642547,642754]
[132,22,289487,289919]
[133,194,611114,612545]
[134,182,320921,321033]
[135,270,257428,257737]
[136,72,729024,729666]
[137,169,406468,405369]
[138,60,180996,182455]
[139,134,272052,272852]
[140,40,169202,170320]
[141,266,33118,33506]
[142,197,9117,8332]
[143,38,628413,628712]
[144,122,454383,455599]
[145,149,645850,644724]
[146,141,176929,176629]
[147,119,649524,649073]
[148,208,271401,271549]
[149,11,117767,116569]
[150,77,607306,606360]
[151,87,28046,27376]
[152,131,110074,109104]
[153,54,532994,534446]
[154,31,472904,472746]
[155,96,217442,217506]
[156,140,40721,41907]
[157,87,52149,51758]
[158,159,505304,505034]
[159,136,341234,342506]
[160,84,655110,656562]
[161,54,678879,679571]
[162,253,383866,383332]
[163,258,38412,38453]
[164,182,536063,536190]
[165,65,345528,344556]
[166,111,388163,387046]
[167,54,164047,164667]
[168,245,55287,55000]
[169,194,531255,532118]
[170,134,408242,408529]
[171,111,454633,453306]
[172,102,650948,651506]
[173,69,71277,69879]
[174,6,231803,233209]
[175,205,439776,438463]
[176,241,35940,35169]
[177,95,226401,225960]
[178,12,687104,688528]
[179,18,291463,291638]
[180,109,442693,441906]
[181,84,359478,359784]
[182,127,577239,576528]
[183,128,44587,45109]
[184,35,605842,605807]
[185,184,278036,278333]
[186,237,522789,522706]
[187,105,564080,563202]
[188,82,56930,58255]
[189,92,673858,674219]
[190,251,730874,729800]
[191,195,658758,657742]
[192,212,531702,532531]
[193,170,523417,524242]
[194,95,375312,374677]
[195,77,696000,695720]
[196,97,203311,201979]
[197,204,353451,354030]
[198,113,279563,279031]
[199,234,415380,416033]
[200,53,367749,366804]
[201,186,289474,289791]
[202,160,540397,540980]
[203,79,82756,81867]
[204,260,98170,99210]
[205,149,425346,424137]
[206,152,414296,415484]
[207,252,473862,474086]
[208,246,93618,93807]
[209,250,482599,482741]
[210,230,286823,288321]
[211,173,51481,50946]
[212,35,291596,291203]
[213,159,246428,245559]
[214,183,558483,557941]
[215,72,297124,297567]
[216,98,359504,360837]
[217,176,467036,468147]
[218,216,638272,639062]
[219,238,187729,188025]
[220,261,229021,227735]
[221,205,130337,130137]
[222,37,170180,170018]
[223,216,556528,557492]
[224,200,417041,417158]
[225,208,212944,213910]
[226,143,245368,245326]
[227,72,455807,456721]
[228,115,458218,457026]
[229,237,535694,534712]
[230,5,475411,474998]
[231,114,331766,332911]
[232,111,35013,34060]
[233,80,106225,107528]
[234,93,599464,598609]
[235,61,380242,378990]
[236,9,312112,311730]
[237,134,634973,635695]
[238,99,405954,405689]
[239,220,111261,111589]
[240,26,287519,288277]
[241,128,555539,556467]
[242,244,613200,614001]
[243,200,315103,315730]
[244,85,173895,173858]
[245,271,218499,218014]
[246,70,58102,59592]
[247,3,259118,257739]
[248,243,512702,511615]
[249,133,128304,127205]
[250,47,677894,676626]
[251,105,559209,557851]
[252,256,716764,717924]
[253,77,335332,334434]
[254,250,544301,544509]
[255,184,437470,437895]
[256,222,285572,286522]
[257,196,484669,485525]
[258,210,503568,505065]
[259,121,366184,365376]
[260,236,352959,353515]
[261,108,660636,661869]
[262,139,395503,395259]
[263,34,460411,461672]
[264,136,146718,147530]
[265,255,334281,333826]
[266,259,25299,25147]
[267,206,546883,547883]
[268,87,427321,426953]
[269,151,47186,46898]
[270,26,77900,77972]
[271,278,144434,144494]
[272,219,346327,345733]
[273,210,713378,714346]
[274,245,397251,395901]
[275,21,574015,572598]
[276,23,409007,408303]
[277,12,336281,336951]
[278,249,343157,341816]
[279,114,503552,505029]
[280,266,582777,583950]
[281,233,369920,368658]
[282,79,214039,212937]
[283,221,253185,252598]
[284,112,724604,725404]
[285,191,224573,223357]
[286,118,536633,537615]
[287,59,225013,223690]
[288,93,350210,350060]
[289,222,214482,215229]
[290,234,581888,583035]
[291,178,329882,330616]
[292,240,529971,531042]
[293,251,131142,129712]
[294,118,421418,422162]
[295,104,524940,525560]
