["head":"wrap","lpos","status"]
[237,711326,0]
["io count"]
[30]
["io":"id","wrap","startLpos","endLpos"]
[1,107,489138,488051]
[2,6,566645,567855]
[3,157,149332,148249]
[4,35,138755,138348]
[5,17,459830,459438]
[6,144,228530,229703]
[7,168,290449,290616]
[8,111,372157,371887]
[9,243,158524,158338]
[10,102,61848,62405]
[11,268,274857,276221]
[12,261,404795,404571]
[13,46,79051,79292]
[14,227,179559,178616]
[15,37,629246,627979]
[16,125,568784,568098]
[17,278,656818,657776]
[18,277,424729,423810]
[19,241,515318,514503]
[20,250,644308,644650]
[21,5,674443,673978]
[22,180,624483,625173]
[23,5,637016,636850]
[24,52,412678,412934]
[25,244,595028,595391]
[26,185,556769,556090]
[27,134,315669,316401]
[28,217,531514,530073]
[29,150,716802,717576]
[30,111,57592,56348]
