["head":"wrap","lpos","status"]
[137,565102,0]
["io count"]
[300]
["io":"id","wrap","startLpos","endLpos"]
[1,103,706686,705663]
[2,74,95608,96655]
[3,151,226059,224601]
[4,98,194778,195172]
[5,226,378109,379524]
[6,92,245309,246071]
[7,11,221471,220911]
[8,78,527917,528742]
[9,208,357175,357911]
[10,190,728002,729380]
[11,69,96661,95739]
[12,156,146237,146395]
[13,177,433705,433539]
[14,189,206869,205986]
[15,187,591223,590312]
[16,0,677135,678461]
[17,194,460592,461273]
[18,254,212497,213377]
[19,240,529082,530533]
[20,129,654260,653263]
[21,130,297366,298757]
[22,253,213159,212309]
[23,147,35384,34637]
[24,265,126792,126404]
[25,261,382092,380947]
[26,197,62741,62572]
[27,129,422062,420866]
[28,188,431314,432084]
[29,132,262237,262742]
[30,171,554788,554348]
[31,170,468296,468529]
[32,170,348093,349254]
[33,183,155427,154363]
[34,254,184446,185305]
[35,137,598013,596907]
[36,255,609098,608223]
[37,125,541301,540574]
[38,229,302256,301800]
[39,107,104882,103804]
[40,204,336516,337162]
[41,155,274002,272835]
[42,134,483365,483843]
[43,103,175578,175169]
[44,131,637169,636359]
[45,258,723871,724635]
[46,16,395498,395560]
[47,98,88122,89206]
[48,127,718598,717783]
[49,172,517690,518818]
[50,144,713721,714746]
[51,82,145733,146038]
[52,79,137048,136580]
[53,143,66770,66298]
[54,78,693901,695080]
[55,180,433927,434056]
[56,262,153880,154728]
[57,91,137272,136302]
[58,185,103127,101788]
[59,87,578602,578006]
[60,5,464618,464028]
[61,147,28914,28393]
[62,60,477454,478466]
[63,34,229821,230873]
[64,279,569537,568469]
[65,66,712152,713536]
[66,136,474150,474334]
[67,117,299738,298938]
[68,32,318236,318566]
[69,88,521689,522150]
[70,268,560901,562207]
[71,25,213469,212366]
[72,38,424965,425319]
[73,253,713021,712121]
[74,163,223111,221628]
[75,15,573628,573032]
[76,240,129686,129810]
[77,130,564641,565070]
[78,18,106386,107313]
[79,259,181918,181044]
[80,254,727110,727644]
[81,163,533945,533793]
[82,195,153478,152226]
[83,12,614093,615093]
[84,24,625367,625920]
[85,257,425224,424455]
[86,156,727496,728831]
[87,113,199799,198470]
[88,29,24312,23416]
[89,12,671593,672271]
[90,34,222266,223577]
[91,194,247229,247449]
[92,78,554774,554853]
[93,86,495781,496257]
[94,130,624139,624529]
[95,163,101953,101696]
[96,38,513853,514574]
[97,173,588063,586758]
[98,212,307465,308952]
[99,39,582789,582178]
[100,36,490728,491832]
[101,269,423842,422579]
[102,260,583785,585237]
[103,267,337084,336660]
[104,230,490793,491520]
[105,72,561045,561501]
[106,34,585491,586625]
[107,70,13234,13755]
[108,176,209393,209797]
[109,8,293301,294763]
[110,31,168574,168230]
[111,244,576591,577505]
[112,215,181400,180749]
[113,52,798,2223]
[114,20,486398,486510]
[115,135,217300,216066]
[116,123,478038,477026]
[117,136,196377,197212]
[118,201,683154,681674]
[119,162,124806,126293]
[120,143,537156,536673]
[121,192,389021,389828]
[122,262,612305,613594]
[123,1,388400,387513]
[124,154,336334,337517]
[125,77,309953,308637]
[126,216,698550,699021]
[127,134,592569,592893]
[128,227,520515,519340]
[129,113,544633,543163]
[130,79,199865,198592]
[131,268,189159,189570]
[132,254,723231,724156]
[133,50,665986,666298]
[134,205,226472,225437]
[135,208,65925,66460]
[136,80,176276,177035]
[137,72,128970,129600]
[138,212,466097,466233]
[139,97,431082,430742]
[140,36,103028,103717]
[141,197,85937,85778]
[142,189,278240,276865]
[143,101,610721,609602]
[144,72,42087,43321]
[145,149,408564,407787]
[146,86,71924,72699]
[147,125,486552,486207]
[148,87,511859,511145]
[149,126,343189,343222]
[150,236,662914,663115]
[151,261,208122,207103]
[152,47,243486,242785]
[153,98,655371,656063]
[154,145,418384,417255]
[155,213,288029,287821]
[156,163,586719,586194]
[157,143,437376,436811]
[158,60,187091,187251]
[159,215,339115,337926]
[160,96,495680,495899]
[161,227,574346,574083]
[162,16,519279,519687]
[163,258,19573,20407]
[164,249,590438,589096]
[165,130,478082,478285]
[166,147,414319,414283]
[167,230,434549,435025]
[168,114,195865,196377]
[169,128,156027,157215]
[170,240,433943,434148]
[171,193,703093,702404]
[172,130,545667,546960]
[173,102,676768,678163]
[174,8,464498,465935]
[175,157,471020,470915]
[176,259,359775,359380]
[177,139,469117,468596]
[178,19,388022,386947]
[179,96,580764,581094]
[180,143,578876,577961]
[181,224,305123,306303]
[182,32,520401,520522]
[183,67,208553,207278]
[184,87,36490,36217]
[185,150,511126,511195]
[186,207,315773,314595]
[187,53,577454,576517]
[188,242,446842,448091]
[189,27,180412,179143]
[190,110,22915,23080]
[191,26,424212,424330]
[192,9,150118,148740]
[193,246,728407,729037]
[194,275,645938,645606]
[195,190,664973,666341]
[196,193,51832,50446]
[197,254,289842,290287]
[198,94,634614,634903]
[199,104,330556,331040]
[200,98,431838,432041]
[201,33,587108,586782]
[202,249,576899,576303]
[203,118,580174,581119]
[204,239,518303,517406]
[205,34,563437,564692]
[206,126,380382,381093]
[207,139,538774,538336]
[208,206,463034,463459]
[209,242,695993,696876]
[210,260,482833,483613]
[211,127,295575,294566]
[212,30,229571,230764]
[213,116,689168,689759]
[214,186,555734,556620]
[215,101,436682,435378]
[216,230,525701,526293]
[217,28,199081,199614]
[218,248,665906,666933]
[219,1,487731,486377]
[220,181,162107,160947]
[221,164,194886,195950]
[222,2,352997,354396]
[223,189,527337,526725]
[224,147,519427,518294]
[225,81,615530,615280]
[226,186,358358,359658]
[227,26,444693,446149]
[228,257,617799,616497]
[229,233,476022,475703]
[230,11,400552,399726]
[231,132,668080,669172]
[232,102,178827,179968]
[233,198,709101,709996]
[234,141,441606,441543]
[235,230,201549,202111]
[236,147,725481,724408]
[237,50,312382,312524]
[238,4,194432,194510]
[239,169,353982,353314]
[240,229,83227,82355]
[241,40,439357,440095]
[242,188,100420,101734]
[243,4,192650,193709]
[244,64,439609,440434]
[245,100,707292,707766]
[246,26,503056,503548]
[247,213,428007,427569]
[248,137,690493,690255]
[249,66,426929,427288]
[250,65,77108,75611]
[251,223,642470,641821]
[252,23,707660,707098]
[253,177,309135,308084]
[254,84,636372,637581]
[255,169,536630,536183]
[256,201,226513,225656]
[257,68,559931,559995]
[258,32,527281,527449]
[259,174,517764,519027]
[260,144,559687,561156]
[261,17,28987,28031]
[262,6,691649,692439]
[263,190,402267,403297]
[264,1,696665,696107]
[265,208,398994,400297]
[266,115,557383,555966]
[267,83,646897,646140]
[268,192,632192,633267]
[269,234,207141,207326]
[270,55,223375,223253]
[271,240,728403,728549]
[272,187,330498,330241]
[273,61,673442,672326]
[274,201,145634,144701]
[275,196,444195,445005]
[276,44,28293,29648]
[277,0,494383,494644]
[278,137,74739,74209]
[279,185,566227,565979]
[280,12,129357,129815]
[281,171,315988,315318]
[282,121,262015,260524]
[283,41,505025,504886]
[284,249,36518,35870]
[285,231,364763,363829]
[286,195,511726,510901]
[287,226,545404,545721]
[288,277,611124,609635]
[289,210,155238,155987]
[290,257,431092,429815]
[291,35,268249,268181]
[292,273,607125,606473]
[293,53,724349,724166]
[294,25,515466,514203]
[295,239,304619,304188]
[296,12,536133,536890]
[297,100,442714,443341]
[298,24,273266,274205]
[299,256,13373,13749]
[300,220,178276,179507]
