["head":"wrap","lpos","status"]
[175,234219,0]
["io count"]
[3000]
["io":"id","wrap","startLpos","endLpos"]
[1,143,148512,147993]
[2,51,313516,313384]
[3,245,54173,53092]
[4,180,303220,303456]
[5,76,155975,156635]
[6,224,289678,290878]
[7,111,65961,65476]
[8,136,47173,47256]
[9,141,513978,513809]
[10,17,702484,702254]
[11,21,648424,647231]
[12,125,436926,436144]
[13,152,199564,201018]
[14,59,253714,252516]
[15,82,721054,721196]
[16,138,270075,270896]
[17,278,335213,336597]
[18,194,608205,608652]
[19,59,447848,446882]
[20,140,317784,318860]
[21,220,286637,287570]
[22,227,124383,123788]
[23,102,595236,596656]
[24,0,647013,647109]
[25,199,313335,312783]
[26,90,272207,273398]
[27,42,297724,298098]
[28,129,61641,60944]
[29,63,14597,14259]
[30,166,347433,347613]
[31,49,543803,542595]
[32,185,178217,177440]
[33,66,409831,410072]
[34,266,460153,460244]
[35,57,497659,497402]
[36,3,291480,290999]
[37,274,328257,328746]
[38,225,129903,128788]
[39,230,167289,168379]
[40,79,685622,685126]
[41,229,156476,155051]
[42,279,323160,322951]
[43,222,7484,7717]
[44,110,193616,195087]
[45,243,92088,91677]
[46,52,324622,325507]
[47,66,369218,370275]
[48,167,558310,557547]
[49,160,532118,533385]
[50,28,341161,341746]
[51,163,454437,453578]
[52,128,485772,486893]
[53,255,246099,244768]
[54,233,479486,478624]
[55,55,730066,729235]
[56,231,523265,523053]
[57,169,393969,392570]
[58,141,571506,571144]
[59,59,703585,703035]
[60,39,435573,434935]
[61,149,304395,303778]
[62,89,526938,526277]
[63,92,609828,611221]
[64,81,209433,209236]
[65,258,14707,15631]
[66,111,374301,372993]
[67,174,305755,307194]
[68,70,352070,353366]
[69,274,193276,193551]
[70,277,373078,371703]
[71,37,681763,681048]
[72,171,680846,680032]
[73,75,536627,536014]
[74,244,326815,328269]
[75,11,135100,134684]
[76,127,344213,344079]
[77,65,694446,693974]
[78,10,699040,699405]
[79,126,380933,382167]
[80,66,55384,56784]
[81,137,269432,269029]
[82,202,685427,686506]
[83,114,409901,411001]
[84,74,126364,127603]
[85,266,672996,673384]
[86,128,702354,703015]
[87,64,334640,335783]
[88,245,254417,254126]
[89,225,680782,680728]
[90,138,41158,42257]
[91,103,363639,362246]
[92,158,703273,703913]
[93,257,606424,605145]
[94,53,70553,70249]
[95,17,54754,53525]
[96,141,339801,339410]
[97,95,248963,248616]
[98,25,368201,367337]
[99,279,225042,223705]
[100,82,573060,573353]
[101,166,401563,401634]
[102,40,388914,389440]
[103,142,556570,557109]
[104,56,348672,348865]
[105,146,266964,267538]
[106,235,282284,281707]
[107,180,707409,708268]
[108,133,389971,388923]
[109,84,588240,589259]
[110,126,124693,125497]
[111,238,445871,446439]
[112,236,299857,301064]
[113,195,354564,354201]
[114,72,229258,229509]
[115,3,352317,352231]
[116,133,39479,38079]
[117,106,642177,642649]
[118,19,487893,486816]
[119,266,707398,707745]
[120,92,719245,719877]
[121,113,183718,182245]
[122,91,714196,713005]
[123,173,237383,236912]
[124,265,153457,152791]
[125,131,296494,296344]
[126,196,378176,378357]
[127,203,223454,222061]
[128,90,701277,702512]
[129,24,348768,348996]
[130,186,686587,687968]
[131,190,79425,80872]
[132,175,124683,123784]
[133,58,3602,4781]
[134,267,364526,364241]
[135,184,292197,293477]
[136,95,216973,216094]
[137,82,569862,570970]
[138,83,628183,627878]
[139,2,36354,37544]
[140,22,647372,648225]
[141,60,412410,412778]
[142,60,712203,713457]
[143,169,315902,315680]
[144,89,508927,507558]
[145,40,592392,593771]
[146,30,501094,501804]
[147,26,364313,364599]
[148,93,268275,267967]
[149,113,143719,143273]
[150,42,580362,580814]
[151,165,588652,588403]
[152,105,316568,315200]
[153,19,42340,41163]
[154,76,677471,678316]
[155,106,119830,120454]
[156,148,198998,200332]
[157,116,42342,43120]
[158,89,497929,496865]
[159,114,535795,535889]
[160,91,541404,540069]
[161,79,562890,561675]
[162,174,215611,215873]
[163,23,120661,120429]
[164,103,525490,524286]
[165,75,82667,82370]
[166,191,421915,421170]
[167,9,146950,146812]
[168,106,126825,126923]
[169,166,306131,307028]
[170,237,136072,135154]
[171,9,416424,416110]
[172,249,653803,653359]
[173,211,22745,21556]
[174,51,360489,359515]
[175,36,452890,453545]
[176,53,304036,303613]
[177,96,46979,47051]
[178,222,224882,225817]
[179,144,57843,58347]
[180,125,225487,224248]
[181,163,533536,532073]
[182,129,633589,632632]
[183,79,695876,694567]
[184,236,442215,443089]
[185,33,530198,529462]
[186,211,585240,583779]
[187,204,351277,351496]
[188,184,629062,630121]
[189,102,368679,369762]
[190,244,49114,49622]
[191,118,211372,211660]
[192,165,49211,48212]
[193,152,524524,524837]
[194,214,676822,677458]
[195,42,185575,185717]
[196,216,315546,316554]
[197,63,498583,498130]
[198,106,286574,287426]
[199,141,569583,568688]
[200,157,378054,377486]
[201,56,446016,447493]
[202,209,61170,60413]
[203,181,75688,75131]
[204,257,576702,575541]
[205,95,202421,202090]
[206,82,202145,203206]
[207,83,164002,162545]
[208,81,230880,230730]
[209,132,82282,82876]
[210,183,665931,664436]
[211,91,300156,300079]
[212,82,151403,151894]
[213,22,498323,498758]
[214,46,18725,19693]
[215,135,236548,235515]
[216,191,361695,361329]
[217,105,193811,193010]
[218,196,343130,344577]
[219,157,253126,252169]
[220,40,338497,339876]
[221,69,272443,272402]
[222,173,677248,676970]
[223,216,23979,24877]
[224,191,70006,69904]
[225,85,640585,640381]
[226,269,190584,189164]
[227,238,675805,675887]
[228,202,183235,183571]
[229,237,118877,118322]
[230,220,362530,363812]
[231,96,719132,720251]
[232,236,274226,274449]
[233,45,8983,7764]
[234,254,163551,163991]
[235,16,239938,240121]
[236,196,39227,40624]
[237,82,65978,66826]
[238,191,612837,612574]
[239,261,695276,694237]
[240,234,34266,35390]
[241,178,144086,145024]
[242,100,190036,190269]
[243,111,32568,31266]
[244,221,595358,594382]
[245,246,17569,19042]
[246,75,335461,334564]
[247,138,531328,531605]
[248,145,515155,514653]
[249,73,551999,550619]
[250,168,520815,522291]
[251,64,29469,29519]
[252,272,256357,256883]
[253,118,156295,157431]
[254,64,624726,625463]
[255,87,137229,136654]
[256,24,176193,176331]
[257,258,149603,150211]
[258,180,70236,70775]
[259,175,201249,199800]
[260,69,267702,267262]
[261,121,709580,708511]
[262,252,273473,274169]
[263,104,93138,94573]
[264,276,488588,489432]
[265,163,24747,23970]
[266,230,189146,189745]
[267,177,26881,26819]
[268,142,418631,419700]
[269,24,289179,289267]
[270,69,173888,172428]
[271,152,132167,133247]
[272,86,650794,651007]
[273,161,426254,425093]
[274,36,470291,470685]
[275,235,161134,160936]
[276,275,252039,251064]
[277,102,214416,215575]
[278,123,340246,338900]
[279,19,540039,539480]
[280,136,264897,266313]
[281,32,388430,388818]
[282,20,144852,146220]
[283,245,38259,37697]
[284,107,201406,200304]
[285,132,669352,670176]
[286,202,306943,307408]
[287,142,630629,631353]
[288,133,173984,173771]
[289,88,638969,639255]
[290,210,290654,291370]
[291,138,351481,352367]
[292,175,685261,684392]
[293,272,327274,327615]
[294,152,594409,594965]
[295,44,7222,7271]
[296,19,22917,21819]
[297,178,376629,377723]
[298,72,285945,286466]
[299,87,115154,114088]
[300,24,200291,201725]
[301,190,228612,229503]
[302,134,679543,679891]
[303,262,686248,687179]
[304,148,112238,113152]
[305,79,110837,109586]
[306,38,170432,171132]
[307,149,277409,277014]
[308,261,712069,710582]
[309,140,270555,271308]
[310,277,601119,599964]
[311,225,640523,639689]
[312,25,451081,450374]
[313,70,309782,311133]
[314,62,475062,475889]
[315,9,712004,711560]
[316,49,497699,497148]
[317,129,247643,247330]
[318,224,522644,523156]
[319,68,81105,81262]
[320,124,418640,418851]
[321,212,664217,664920]
[322,50,719234,719631]
[323,100,357908,359120]
[324,248,328730,329110]
[325,213,251444,250426]
[326,23,648880,647770]
[327,211,70629,69315]
[328,36,478907,479416]
[329,100,646726,647806]
[330,190,702507,703058]
[331,5,283541,283244]
[332,3,549662,548195]
[333,180,519359,519658]
[334,96,630678,632100]
[335,211,185101,184113]
[336,123,43927,43130]
[337,55,502252,501026]
[338,213,560971,560125]
[339,92,695792,696331]
[340,86,631084,631905]
[341,139,141859,140693]
[342,85,359545,358666]
[343,120,142234,142700]
[344,275,30237,29349]
[345,188,429829,430066]
[346,261,155246,154552]
[347,216,720646,721322]
[348,69,162038,161655]
[349,123,203938,203319]
[350,82,726794,727845]
[351,75,99934,99092]
[352,123,217542,216587]
[353,5,712251,711114]
[354,127,348112,347885]
[355,232,521153,522312]
[356,97,493065,492453]
[357,35,100119,99036]
[358,261,261864,261084]
[359,276,202365,203031]
[360,169,81584,81263]
[361,94,562101,562202]
[362,60,384797,386103]
[363,58,497508,497985]
[364,141,350465,349439]
[365,165,259862,259313]
[366,254,516597,516904]
[367,123,180879,180223]
[368,191,289338,288104]
[369,213,5395,4172]
[370,2,577771,578266]
[371,108,24473,25158]
[372,259,247384,247234]
[373,227,656208,654990]
[374,175,40130,38831]
[375,48,2033,2737]
[376,47,601817,601357]
[377,183,106335,105258]
[378,272,561732,562439]
[379,0,549643,551105]
[380,64,604036,605277]
[381,194,425997,426304]
[382,130,483747,484468]
[383,179,323883,322541]
[384,3,417753,416397]
[385,101,5224,4673]
[386,72,8681,9827]
[387,222,339596,340414]
[388,257,600162,599614]
[389,215,483626,483040]
[390,28,532572,532709]
[391,106,88056,89186]
[392,154,701152,701588]
[393,233,358319,358045]
[394,276,132598,133325]
[395,156,481667,482415]
[396,232,273955,274333]
[397,260,578229,578290]
[398,178,414529,415504]
[399,176,650732,651861]
[400,261,13444,12705]
[401,125,656364,656241]
[402,176,682417,683790]
[403,242,447933,449010]
[404,236,259781,260100]
[405,277,195925,194439]
[406,51,611147,609676]
[407,225,130518,129264]
[408,107,225994,225943]
[409,87,466307,464980]
[410,76,314094,315044]
[411,126,138982,140076]
[412,140,250029,250822]
[413,50,406064,407407]
[414,251,100627,99391]
[415,207,112489,111965]
[416,202,426268,426356]
[417,236,138174,138408]
[418,255,712076,711628]
[419,117,192382,192245]
[420,237,222216,221645]
[421,161,330704,330094]
[422,140,38991,39235]
[423,159,451880,450441]
[424,85,233757,232435]
[425,64,528189,529578]
[426,89,49652,48403]
[427,251,246842,246275]
[428,199,142606,141964]
[429,7,10662,10187]
[430,28,585375,585670]
[431,269,493790,492713]
[432,241,427245,425929]
[433,136,145722,147092]
[434,260,163026,164152]
[435,230,25861,26543]
[436,181,605328,605003]
[437,267,432383,430942]
[438,37,408603,408092]
[439,177,534234,533780]
[440,184,339978,341157]
[441,0,379051,380281]
[442,131,575305,574939]
[443,62,69456,70850]
[444,239,186422,185546]
[445,10,151797,152188]
[446,71,141662,140666]
[447,11,243643,242507]
[448,132,503095,504269]
[449,126,47355,48298]
[450,89,477301,476863]
[451,7,371632,370857]
[452,122,337149,338387]
[453,192,649261,649876]
[454,130,621511,622792]
[455,122,401540,402482]
[456,253,367777,367723]
[457,187,305280,304684]
[458,268,256691,256734]
[459,32,198519,198549]
[460,153,37919,37408]
[461,5,177835,177099]
[462,271,163907,162879]
[463,262,559219,559846]
[464,234,640886,642250]
[465,125,119760,118467]
[466,172,131334,131909]
[467,166,597375,598192]
[468,227,192995,192897]
[469,272,600048,600951]
[470,51,299129,297674]
[471,73,535964,534757]
[472,172,592797,594000]
[473,161,676772,676148]
[474,164,123235,124665]
[475,238,1368,2711]
[476,181,134895,133839]
[477,179,440058,439293]
[478,169,81368,80472]
[479,25,539588,538669]
[480,115,74014,73402]
[481,217,704930,704699]
[482,213,49774,49095]
[483,201,707684,706823]
[484,114,235687,236726]
[485,26,176894,176941]
[486,95,543068,542804]
[487,37,118173,116878]
[488,67,322734,322239]
[489,7,126238,124869]
[490,171,393370,393254]
[491,45,295066,294663]
[492,174,51744,52254]
[493,88,575622,576219]
[494,143,210407,209975]
[495,81,43500,42112]
[496,273,131587,131106]
[497,28,719794,720801]
[498,262,147128,147294]
[499,124,410812,412021]
[500,151,505492,504611]
[501,258,256503,256742]
[502,176,660575,660796]
[503,166,281144,281802]
[504,3,645480,644376]
[505,132,521161,522166]
[506,203,25930,25552]
[507,221,561111,560599]
[508,185,7361,5963]
[509,79,163962,162753]
[510,209,224633,223964]
[511,132,250315,251270]
[512,272,565433,565518]
[513,199,395062,393737]
[514,208,214727,215426]
[515,154,81462,81541]
[516,81,182473,181743]
[517,271,290431,290256]
[518,244,634059,635299]
[519,92,99553,100424]
[520,91,468646,467531]
[521,54,619961,620104]
[522,178,596278,596580]
[523,192,442052,442719]
[524,140,719028,720349]
[525,53,358973,358748]
[526,221,546156,544760]
[527,112,353070,353596]
[528,82,135568,135831]
[529,7,72792,71390]
[530,116,620696,620860]
[531,165,628958,628920]
[532,245,659301,659009]
[533,279,191150,189840]
[534,106,330503,330848]
[535,232,336792,338048]
[536,100,526342,527190]
[537,120,693339,693673]
[538,208,67133,67892]
[539,214,160216,161276]
[540,248,691628,692509]
[541,269,543062,542513]
[542,195,329981,329083]
[543,202,220788,222000]
[544,234,129547,130937]
[545,264,433536,434130]
[546,104,324270,325217]
[547,272,363078,363519]
[548,60,101252,101991]
[549,43,603980,603714]
[550,97,91215,90477]
[551,104,585252,586586]
[552,202,15321,16232]
[553,71,30996,29785]
[554,137,286126,285003]
[555,151,244479,244010]
[556,134,277744,277828]
[557,170,33497,34875]
[558,20,131047,132178]
[559,153,225320,224028]
[560,8,709954,710719]
[561,44,284747,285380]
[562,247,689114,688484]
[563,189,382722,381626]
[564,63,604347,604055]
[565,218,544068,545245]
[566,121,227630,227324]
[567,122,421511,422792]
[568,164,391702,392227]
[569,67,416057,414577]
[570,159,373634,372697]
[571,144,359734,361214]
[572,101,325998,324859]
[573,216,34193,34480]
[574,223,475052,474384]
[575,88,582332,582715]
[576,226,564381,565080]
[577,152,549963,550030]
[578,125,200332,199460]
[579,85,304506,303532]
[580,256,375632,376426]
[581,204,518492,519852]
[582,26,37914,38605]
[583,15,295285,294334]
[584,13,91211,91111]
[585,6,668529,669747]
[586,187,166147,165683]
[587,156,243200,244661]
[588,198,22968,23643]
[589,41,334173,332846]
[590,122,312645,313511]
[591,266,386611,387040]
[592,229,640880,639597]
[593,113,115755,115608]
[594,22,405581,406123]
[595,179,28936,27566]
[596,202,603712,603972]
[597,80,151502,152825]
[598,235,379528,379225]
[599,177,644864,644568]
[600,160,693075,693172]
[601,182,499992,500453]
[602,217,207534,207194]
[603,147,395683,394985]
[604,268,199477,200320]
[605,58,444514,445101]
[606,253,335677,334280]
[607,268,347241,347900]
[608,118,37600,38069]
[609,244,95229,96112]
[610,76,689198,690437]
[611,119,419849,418874]
[612,91,722448,721207]
[613,74,620427,620891]
[614,73,235220,234494]
[615,148,710974,711151]
[616,64,724780,724999]
[617,224,184544,185373]
[618,14,475900,476678]
[619,25,341774,340477]
[620,201,159461,159387]
[621,65,16553,16229]
[622,249,175436,174669]
[623,138,397918,398532]
[624,21,692091,691084]
[625,273,704806,704636]
[626,268,444054,445151]
[627,232,48829,49744]
[628,91,578330,577869]
[629,111,615852,615417]
[630,92,667208,668260]
[631,102,285719,286448]
[632,261,149494,148703]
[633,205,120298,119408]
[634,76,57752,58415]
[635,123,556683,555605]
[636,178,480369,480969]
[637,129,577224,576339]
[638,91,466364,465557]
[639,233,383451,382593]
[640,270,505740,506408]
[641,229,111286,109982]
[642,49,608917,608765]
[643,268,413114,414227]
[644,26,452326,453469]
[645,274,230229,231229]
[646,129,525453,525225]
[647,78,272955,273774]
[648,58,117741,119027]
[649,54,188645,189054]
[650,247,665998,665132]
[651,169,293024,292767]
[652,94,70362,70541]
[653,74,361234,361877]
[654,92,657217,657439]
[655,124,688991,689951]
[656,115,102455,101915]
[657,274,231248,232407]
[658,147,453188,452402]
[659,132,555036,555140]
[660,113,496977,496010]
[661,30,52662,52854]
[662,156,635451,635727]
[663,256,210922,211398]
[664,117,561055,560768]
[665,66,181340,181454]
[666,149,433446,433232]
[667,178,275950,275983]
[668,60,595405,596507]
[669,187,452505,451390]
[670,244,524391,524607]
[671,147,355307,354517]
[672,175,681178,680823]
[673,69,268517,267458]
[674,243,469572,469342]
[675,54,350560,351208]
[676,16,354690,355658]
[677,97,515047,514173]
[678,163,188952,187858]
[679,254,679454,680946]
[680,197,496024,495296]
[681,74,521573,522857]
[682,275,645287,644709]
[683,29,668847,668049]
[684,218,85759,87187]
[685,108,2566,2919]
[686,199,492783,492142]
[687,83,115900,114500]
[688,78,231445,232251]
[689,182,329076,330370]
[690,253,21878,21766]
[691,94,531346,532034]
[692,11,364088,363569]
[693,14,682100,682573]
[694,244,250121,250555]
[695,17,98369,98001]
[696,211,382242,381722]
[697,250,379614,380468]
[698,46,459872,460203]
[699,38,208533,208947]
[700,171,487886,486733]
[701,134,5392,6509]
[702,242,711760,712086]
[703,31,629057,627817]
[704,231,584539,583378]
[705,21,168799,167909]
[706,172,101210,101347]
[707,247,485627,485095]
[708,101,697121,696082]
[709,132,35629,35893]
[710,58,532520,533350]
[711,262,462891,463504]
[712,142,503322,503529]
[713,84,619464,619581]
[714,16,343208,344300]
[715,267,584200,583721]
[716,128,566311,566654]
[717,250,566804,567569]
[718,80,461917,462696]
[719,235,373855,373497]
[720,48,303073,303689]
[721,81,611366,610613]
[722,47,417638,417244]
[723,38,716887,717146]
[724,94,365415,366055]
[725,235,126873,126656]
[726,86,223894,224199]
[727,80,676301,677538]
[728,71,196640,196314]
[729,55,701844,701114]
[730,244,574324,575547]
[731,30,26670,27045]
[732,199,123797,123446]
[733,127,239326,238809]
[734,250,197989,198608]
[735,115,162649,161901]
[736,55,267604,266261]
[737,259,33753,33011]
[738,275,14108,13834]
[739,96,459481,460978]
[740,16,132293,132745]
[741,100,394801,394910]
[742,1,661685,661145]
[743,53,265571,264168]
[744,110,720766,721927]
[745,7,208907,208550]
[746,22,73942,75300]
[747,240,249330,249375]
[748,56,404279,404364]
[749,180,427094,427419]
[750,64,512394,512883]
[751,182,77124,78583]
[752,18,26572,27603]
[753,223,56440,56270]
[754,57,676372,675251]
[755,148,97281,98042]
[756,51,69114,69078]
[757,227,331052,330409]
[758,186,205349,205773]
[759,47,415269,415021]
[760,164,20947,21437]
[761,250,332452,333351]
[762,86,446041,446582]
[763,181,429159,428829]
[764,76,241937,242665]
[765,237,652149,651506]
[766,36,131244,132469]
[767,221,203538,202858]
[768,249,363963,363243]
[769,20,20286,20810]
[770,148,130804,130902]
[771,12,309717,310258]
[772,219,593635,593580]
[773,176,600855,601620]
[774,206,605967,606144]
[775,48,620529,621211]
[776,160,588155,588657]
[777,270,615434,616758]
[778,56,321052,321840]
[779,191,412348,410851]
[780,251,187225,187048]
[781,214,263302,264751]
[782,211,442960,442701]
[783,256,42645,43432]
[784,100,181113,182242]
[785,252,699854,699893]
[786,257,688304,688033]
[787,97,182860,182637]
[788,207,469830,469580]
[789,89,355409,355272]
[790,214,371397,372414]
[791,191,495333,494062]
[792,173,709805,709297]
[793,53,139500,138858]
[794,9,133554,132074]
[795,160,725407,725857]
[796,176,367176,367519]
[797,59,95210,93814]
[798,98,411353,411822]
[799,213,297476,297213]
[800,57,207703,206675]
[801,2,232316,233221]
[802,82,252771,253926]
[803,180,724022,725065]
[804,145,637689,637210]
[805,136,604393,604985]
[806,278,574109,575140]
[807,217,679876,678778]
[808,41,41997,40962]
[809,157,604381,604239]
[810,133,457441,457411]
[811,63,67979,67715]
[812,152,55716,56532]
[813,132,216315,216409]
[814,193,366812,365844]
[815,182,65449,65533]
[816,62,329005,329684]
[817,188,496219,497708]
[818,12,397884,398738]
[819,228,280788,281637]
[820,208,608268,608923]
[821,196,122452,122915]
[822,86,129673,130767]
[823,178,461269,461364]
[824,224,727360,727943]
[825,70,380504,381138]
[826,137,61134,60100]
[827,144,504720,504969]
[828,41,316633,315856]
[829,153,109090,107871]
[830,1,343966,343406]
[831,208,452220,453192]
[832,202,241748,242646]
[833,241,75827,75111]
[834,236,211680,213151]
[835,29,85118,83644]
[836,196,33344,33785]
[837,212,491438,491936]
[838,21,510847,509988]
[839,94,482291,483162]
[840,187,229931,228586]
[841,13,247159,245691]
[842,163,50045,48958]
[843,61,138381,136980]
[844,3,426845,425911]
[845,196,481780,482007]
[846,93,726861,726554]
[847,176,129483,130259]
[848,240,407145,408082]
[849,234,399175,400013]
[850,77,484721,483650]
[851,10,464711,465622]
[852,34,31053,32408]
[853,154,361248,362412]
[854,275,664499,663644]
[855,37,218387,218321]
[856,244,377727,377914]
[857,196,283673,284039]
[858,30,652576,653282]
[859,118,676622,677999]
[860,211,190124,189427]
[861,54,284602,285641]
[862,121,507030,506657]
[863,258,98272,98969]
[864,203,125178,124402]
[865,33,321151,320408]
[866,62,236851,237984]
[867,110,420865,421589]
[868,35,337779,337426]
[869,132,170195,171346]
[870,239,241769,241068]
[871,180,116973,117551]
[872,131,393406,392396]
[873,65,523074,523029]
[874,56,729766,730533]
[875,0,717131,718116]
[876,168,193769,193949]
[877,248,460197,460379]
[878,59,91584,90758]
[879,45,553207,551933]
[880,181,494625,493912]
[881,268,401728,402449]
[882,156,46900,46994]
[883,183,613609,612293]
[884,172,224496,225290]
[885,274,665184,666552]
[886,11,192301,191838]
[887,104,206727,206922]
[888,172,508429,509823]
[889,16,533464,534937]
[890,277,467805,467138]
[891,228,227538,228767]
[892,219,126551,125354]
[893,65,266403,265678]
[894,159,671452,671174]
[895,223,213462,212773]
[896,237,328436,327799]
[897,39,124767,123465]
[898,28,664914,666114]
[899,168,242711,243538]
[900,33,470107,469213]
[901,203,169568,168115]
[902,50,486587,487053]
[903,220,25952,26442]
[904,127,527320,526369]
[905,139,406948,406875]
[906,89,619498,618131]
[907,279,86928,86367]
[908,129,657345,655907]
[909,3,459691,458680]
[910,193,682018,680824]
[911,193,191581,190949]
[912,103,677478,676296]
[913,250,516451,517406]
[914,241,522355,521141]
[915,76,608364,608571]
[916,158,85127,85459]
[917,276,247104,247800]
[918,117,594758,594394]
[919,11,259359,258227]
[920,63,280699,280593]
[921,117,719793,718370]
[922,97,347934,347144]
[923,180,466809,466872]
[924,159,514195,513560]
[925,212,621587,622490]
[926,263,700928,699504]
[927,39,521795,521734]
[928,39,659295,658011]
[929,236,399699,399830]
[930,188,478512,479252]
[931,65,333327,332439]
[932,208,487254,487858]
[933,275,145721,145412]
[934,173,403639,403034]
[935,127,529410,529126]
[936,229,9736,8938]
[937,261,100064,99578]
[938,90,361365,361692]
[939,78,254350,255086]
[940,44,491313,492724]
[941,136,545785,546932]
[942,109,269505,269438]
[943,113,610663,609713]
[944,82,196924,197452]
[945,122,293192,293915]
[946,224,327959,327989]
[947,195,432244,431101]
[948,45,227054,225872]
[949,48,203100,203604]
[950,42,181749,182298]
[951,221,623425,622399]
[952,244,687390,687762]
[953,51,288404,288230]
[954,176,156060,156694]
[955,70,531905,533347]
[956,114,28378,29333]
[957,197,228145,227933]
[958,275,506871,506185]
[959,21,331287,329943]
[960,263,288909,288585]
[961,263,196369,195526]
[962,109,65830,65026]
[963,202,37039,37131]
[964,96,726145,726685]
[965,47,63247,62428]
[966,279,15846,14989]
[967,54,581799,582702]
[968,274,374479,375941]
[969,216,680355,680887]
[970,40,711933,713150]
[971,36,292185,292769]
[972,254,556343,556727]
[973,118,421564,421923]
[974,72,615877,616067]
[975,120,34986,36263]
[976,54,614470,615692]
[977,34,209855,209959]
[978,248,534874,536320]
[979,8,479317,480279]
[980,249,285368,284047]
[981,239,652668,651882]
[982,69,501666,500207]
[983,267,120030,119141]
[984,213,694115,693066]
[985,43,589980,589307]
[986,271,490252,489450]
[987,203,12783,11938]
[988,95,475887,474757]
[989,267,560286,559811]
[990,152,587152,588193]
[991,79,187835,186654]
[992,250,341152,342527]
[993,241,617819,617512]
[994,208,263337,263470]
[995,91,56067,55330]
[996,18,538237,538888]
[997,241,538439,538335]
[998,84,628914,629458]
[999,165,408823,408346]
[1000,57,610015,609801]
[1001,233,121014,120101]
[1002,60,50617,51758]
[1003,198,714716,716060]
[1004,87,34981,33907]
[1005,244,356216,356944]
[1006,50,675673,675892]
[1007,148,699401,700346]
[1008,273,309419,308820]
[1009,172,370119,370240]
[1010,0,306699,306930]
[1011,42,635700,636017]
[1012,225,127853,127196]
[1013,108,159570,159611]
[1014,215,51088,50807]
[1015,53,592357,591387]
[1016,223,364392,363279]
[1017,249,432867,431842]
[1018,130,314519,315591]
[1019,275,221483,220845]
[1020,75,488859,488534]
[1021,11,518089,516832]
[1022,208,152767,153073]
[1023,48,292668,292712]
[1024,150,315608,315894]
[1025,42,598924,599206]
[1026,195,369925,369058]
[1027,139,513910,512670]
[1028,268,599905,600154]
[1029,163,152409,152066]
[1030,259,646137,645363]
[1031,24,711570,712411]
[1032,99,93886,92877]
[1033,246,331537,331656]
[1034,8,558660,558912]
[1035,96,691314,692400]
[1036,226,314398,314846]
[1037,245,61977,60863]
[1038,162,333655,334870]
[1039,57,448591,447781]
[1040,188,635960,636062]
[1041,275,298037,297241]
[1042,70,16462,17767]
[1043,172,262246,262970]
[1044,160,224352,224696]
[1045,155,402490,401618]
[1046,40,93225,94104]
[1047,207,67533,66287]
[1048,73,217564,216683]
[1049,225,265603,265147]
[1050,151,262283,261625]
[1051,181,647053,646434]
[1052,159,361070,360224]
[1053,275,159971,159880]
[1054,248,320874,321232]
[1055,82,600214,601161]
[1056,32,704541,704969]
[1057,230,385046,386190]
[1058,56,161901,163235]
[1059,209,17945,17549]
[1060,255,380485,379859]
[1061,151,267678,266409]
[1062,69,13129,12095]
[1063,9,126060,125286]
[1064,145,653625,653444]
[1065,272,563545,564321]
[1066,230,316318,317003]
[1067,48,476414,477394]
[1068,135,162415,162154]
[1069,244,684817,685792]
[1070,84,423099,424161]
[1071,34,557382,557591]
[1072,63,79269,78894]
[1073,183,518766,518033]
[1074,161,622796,622026]
[1075,23,278903,277528]
[1076,137,374218,373406]
[1077,226,48582,49979]
[1078,24,567272,567558]
[1079,132,650605,651574]
[1080,192,289412,290864]
[1081,260,266167,266917]
[1082,166,787,1302]
[1083,44,697567,698085]
[1084,82,428830,429435]
[1085,199,625791,624755]
[1086,80,657021,658152]
[1087,120,125087,126490]
[1088,61,672556,671810]
[1089,78,618879,620213]
[1090,200,570309,571522]
[1091,116,219880,220629]
[1092,153,491894,491342]
[1093,145,380195,379648]
[1094,145,164322,163757]
[1095,229,341956,340691]
[1096,87,624126,623258]
[1097,97,220864,220742]
[1098,278,433974,434576]
[1099,230,45426,46058]
[1100,44,32816,33909]
[1101,203,236934,236409]
[1102,206,490617,492019]
[1103,222,628701,628820]
[1104,108,436517,437258]
[1105,72,22905,23355]
[1106,1,672723,671269]
[1107,111,592120,591957]
[1108,85,314920,313536]
[1109,226,682233,682712]
[1110,132,128870,129377]
[1111,145,407644,406881]
[1112,23,465117,464854]
[1113,111,43687,42817]
[1114,100,276206,277463]
[1115,182,396422,397279]
[1116,63,467875,467417]
[1117,44,682454,683790]
[1118,39,654140,653227]
[1119,236,107962,109429]
[1120,103,723361,722959]
[1121,279,26307,26114]
[1122,130,591225,592574]
[1123,103,525352,525190]
[1124,204,496165,497208]
[1125,264,719366,720338]
[1126,214,342343,342992]
[1127,205,513943,512684]
[1128,169,477476,477278]
[1129,228,184165,185565]
[1130,83,58415,56930]
[1131,169,266216,266069]
[1132,244,393689,394922]
[1133,104,660291,661121]
[1134,61,17320,16905]
[1135,88,475398,476068]
[1136,61,672704,672400]
[1137,53,409566,409454]
[1138,3,364617,363784]
[1139,218,39897,41090]
[1140,103,168024,167014]
[1141,96,629161,629232]
[1142,276,184760,184872]
[1143,16,396359,397000]
[1144,65,23577,22854]
[1145,253,209114,207944]
[1146,85,216636,215952]
[1147,137,645694,644877]
[1148,116,113488,114089]
[1149,4,579343,579547]
[1150,240,573452,574482]
[1151,225,14112,13745]
[1152,212,8033,9074]
[1153,46,401361,402034]
[1154,263,628343,627813]
[1155,148,326013,326946]
[1156,121,309168,308854]
[1157,173,257705,257656]
[1158,165,685927,685378]
[1159,48,611914,612641]
[1160,252,159493,159554]
[1161,52,419122,419301]
[1162,52,386935,388315]
[1163,144,523620,524027]
[1164,274,642314,643747]
[1165,225,583144,582466]
[1166,129,709867,709369]
[1167,194,707602,708327]
[1168,232,179399,179894]
[1169,228,582178,582910]
[1170,127,118601,118507]
[1171,214,13533,13884]
[1172,12,114797,115700]
[1173,134,570514,571760]
[1174,116,224928,226222]
[1175,77,642292,640817]
[1176,9,270744,269694]
[1177,152,398232,398999]
[1178,50,723887,724739]
[1179,242,441352,442793]
[1180,252,276064,276346]
[1181,215,346540,345512]
[1182,54,523222,524330]
[1183,150,236874,237056]
[1184,179,665728,664398]
[1185,230,271769,273034]
[1186,200,631146,631870]
[1187,10,336678,336943]
[1188,22,279498,279785]
[1189,108,566454,566570]
[1190,162,74822,75271]
[1191,199,631444,631283]
[1192,200,440306,441603]
[1193,278,94554,95257]
[1194,3,546440,546339]
[1195,26,21213,22532]
[1196,148,113288,114106]
[1197,57,157442,156123]
[1198,93,125173,125102]
[1199,82,685900,687191]
[1200,264,283242,284112]
[1201,20,480735,481601]
[1202,230,211863,212010]
[1203,187,87050,86569]
[1204,58,5601,6271]
[1205,114,103190,104653]
[1206,107,503944,502759]
[1207,59,156576,155935]
[1208,163,481731,481266]
[1209,114,172778,173050]
[1210,150,265562,266629]
[1211,165,36513,35905]
[1212,109,566326,564973]
[1213,141,289728,288365]
[1214,105,359939,359324]
[1215,118,257214,258559]
[1216,247,135828,135108]
[1217,205,287348,285947]
[1218,134,457182,458149]
[1219,213,286388,285928]
[1220,23,343452,342282]
[1221,42,5375,5483]
[1222,10,522922,523774]
[1223,29,207538,207181]
[1224,186,419509,420373]
[1225,218,241620,242566]
[1226,14,611274,611360]
[1227,197,662199,660743]
[1228,6,576248,577528]
[1229,250,531071,531634]
[1230,221,19991,18814]
[1231,8,264818,266147]
[1232,112,290275,291365]
[1233,271,255333,254062]
[1234,267,472868,471592]
[1235,253,429296,429143]
[1236,273,48605,47955]
[1237,162,499825,500888]
[1238,65,566886,566663]
[1239,236,368823,369960]
[1240,46,388941,389547]
[1241,211,347319,346898]
[1242,63,634669,633544]
[1243,38,665846,666071]
[1244,118,64152,64670]
[1245,270,210627,210956]
[1246,256,257318,257373]
[1247,81,354249,353261]
[1248,133,515205,514545]
[1249,51,710826,710709]
[1250,19,547620,546171]
[1251,248,425703,426547]
[1252,66,509804,510077]
[1253,211,413591,412897]
[1254,86,31250,32609]
[1255,245,691033,689670]
[1256,65,214349,214135]
[1257,7,682375,681476]
[1258,208,102574,103853]
[1259,17,196900,196802]
[1260,93,686837,686428]
[1261,75,237231,236198]
[1262,43,582191,582158]
[1263,44,113211,113546]
[1264,177,375502,374612]
[1265,199,250604,249987]
[1266,65,358125,357783]
[1267,129,80133,78885]
[1268,263,266399,265896]
[1269,95,236542,235294]
[1270,116,262772,263256]
[1271,90,148777,149332]
[1272,142,287833,289116]
[1273,9,129555,128686]
[1274,277,689320,688427]
[1275,49,399109,398317]
[1276,268,69412,69570]
[1277,33,502211,500879]
[1278,163,50456,49918]
[1279,130,521236,522508]
[1280,59,716346,715653]
[1281,231,246618,246280]
[1282,39,473182,472197]
[1283,15,239068,238867]
[1284,44,255326,255976]
[1285,207,462764,461660]
[1286,257,204456,203241]
[1287,236,329713,330607]
[1288,71,161897,160863]
[1289,162,373486,373784]
[1290,218,566875,567361]
[1291,133,342969,342041]
[1292,248,356909,358162]
[1293,229,569348,567897]
[1294,206,226403,226489]
[1295,212,565806,566300]
[1296,243,728022,727731]
[1297,51,134771,134099]
[1298,34,331253,331937]
[1299,53,463720,462704]
[1300,150,584043,584240]
[1301,5,678888,678357]
[1302,222,441453,441846]
[1303,144,885,1918]
[1304,102,611030,612317]
[1305,199,605091,604117]
[1306,8,288956,289670]
[1307,57,702903,702585]
[1308,245,469620,468300]
[1309,246,532723,532868]
[1310,240,499997,501193]
[1311,83,245217,243956]
[1312,177,222777,221979]
[1313,56,399394,399491]
[1314,60,27989,29417]
[1315,173,506037,505060]
[1316,235,115766,115042]
[1317,220,461843,462377]
[1318,238,428110,428254]
[1319,124,646782,647993]
[1320,1,720946,720704]
[1321,221,463548,462149]
[1322,67,121482,120957]
[1323,274,631930,632592]
[1324,136,344299,345560]
[1325,101,117661,116750]
[1326,177,68959,67788]
[1327,100,194095,194736]
[1328,28,540836,541939]
[1329,124,176839,177615]
[1330,273,127263,126901]
[1331,119,590248,589872]
[1332,138,74427,75123]
[1333,152,35313,35428]
[1334,237,262620,262498]
[1335,54,677622,678547]
[1336,105,617336,616368]
[1337,24,151225,151576]
[1338,131,450038,449756]
[1339,139,281314,279946]
[1340,29,511106,511037]
[1341,120,661717,662906]
[1342,275,489803,489575]
[1343,243,561357,560775]
[1344,79,550049,549330]
[1345,133,363383,363029]
[1346,219,231544,230362]
[1347,246,635034,636380]
[1348,172,387095,387568]
[1349,160,435207,436196]
[1350,68,27295,28480]
[1351,203,720453,720004]
[1352,194,605266,606726]
[1353,24,97028,97539]
[1354,134,484381,484675]
[1355,237,476505,475901]
[1356,35,258969,258201]
[1357,267,487363,486401]
[1358,176,587824,588401]
[1359,79,729809,729692]
[1360,116,550688,551809]
[1361,48,124635,125579]
[1362,27,466867,465864]
[1363,167,643600,642655]
[1364,75,383702,382362]
[1365,87,337532,336173]
[1366,115,129987,129651]
[1367,261,533844,533682]
[1368,189,481189,479867]
[1369,57,280273,279143]
[1370,235,99422,98075]
[1371,232,176899,178257]
[1372,161,404519,403234]
[1373,29,385772,384862]
[1374,6,338033,338126]
[1375,193,177533,176198]
[1376,177,612217,611062]
[1377,221,496928,496635]
[1378,254,29642,29931]
[1379,127,487339,486621]
[1380,24,265166,265613]
[1381,47,152103,150942]
[1382,133,99455,99019]
[1383,261,351450,350474]
[1384,25,109109,109070]
[1385,190,61829,62195]
[1386,260,547259,548706]
[1387,116,460474,460506]
[1388,172,407756,408004]
[1389,275,515903,514720]
[1390,41,173858,172542]
[1391,263,35510,34709]
[1392,24,593445,593881]
[1393,263,158136,157471]
[1394,180,544376,545341]
[1395,77,632876,632775]
[1396,14,628581,629029]
[1397,15,68351,66967]
[1398,156,724575,725633]
[1399,60,666538,667707]
[1400,153,292504,292383]
[1401,72,554669,554717]
[1402,22,336393,337482]
[1403,58,658255,659719]
[1404,63,546154,544758]
[1405,55,678394,676934]
[1406,89,657784,656908]
[1407,48,518785,519702]
[1408,225,543934,542711]
[1409,24,677554,677952]
[1410,83,318062,316715]
[1411,108,447441,447625]
[1412,71,655447,654872]
[1413,125,7747,7647]
[1414,246,39588,40431]
[1415,9,420942,419722]
[1416,267,453019,452860]
[1417,85,526124,525989]
[1418,234,510698,511339]
[1419,165,374800,373814]
[1420,206,291365,292209]
[1421,271,325014,323569]
[1422,59,411277,410322]
[1423,202,238527,238873]
[1424,24,41915,42145]
[1425,182,230879,232297]
[1426,50,699697,700891]
[1427,259,543079,541912]
[1428,256,390069,390492]
[1429,168,384290,385098]
[1430,80,721614,722277]
[1431,72,217735,218167]
[1432,147,528212,527961]
[1433,70,341112,341270]
[1434,106,217615,218311]
[1435,180,241193,241754]
[1436,138,489165,489846]
[1437,31,555970,555106]
[1438,278,442724,443373]
[1439,119,21040,20916]
[1440,147,215768,214686]
[1441,236,352063,352333]
[1442,55,710439,710300]
[1443,160,80436,81463]
[1444,5,223797,223595]
[1445,250,69068,70331]
[1446,145,309362,308697]
[1447,3,474141,474042]
[1448,20,17610,17745]
[1449,196,255200,255303]
[1450,75,154865,154051]
[1451,214,673032,673234]
[1452,274,526350,527174]
[1453,275,492158,491411]
[1454,277,281534,280260]
[1455,264,181778,182528]
[1456,113,277364,276214]
[1457,83,727395,725997]
[1458,149,220109,218997]
[1459,112,710428,710790]
[1460,21,332039,330683]
[1461,244,219300,219981]
[1462,255,625337,624910]
[1463,203,453517,452323]
[1464,39,255200,255129]
[1465,218,461990,462272]
[1466,251,320714,320030]
[1467,19,286102,284771]
[1468,170,499483,499636]
[1469,268,652839,653455]
[1470,19,611452,611259]
[1471,150,440507,441975]
[1472,208,296342,297758]
[1473,192,15366,15830]
[1474,209,95386,94101]
[1475,255,601080,600930]
[1476,0,244873,244960]
[1477,14,121540,122068]
[1478,31,588526,587953]
[1479,109,664420,663873]
[1480,229,500892,500697]
[1481,14,452148,453541]
[1482,261,284207,283041]
[1483,110,486625,487023]
[1484,239,40468,40138]
[1485,103,147477,146830]
[1486,5,546531,546266]
[1487,159,101587,100493]
[1488,74,452921,454146]
[1489,255,25554,25459]
[1490,22,632470,633436]
[1491,55,173851,173496]
[1492,241,696982,695843]
[1493,187,403993,403356]
[1494,54,231437,231614]
[1495,14,33599,34384]
[1496,34,565186,565239]
[1497,103,704954,704784]
[1498,264,185709,187130]
[1499,64,559021,560031]
[1500,110,171893,173230]
[1501,211,408270,407814]
[1502,84,181503,181799]
[1503,251,534255,533995]
[1504,20,240572,241757]
[1505,185,706560,706407]
[1506,168,583072,583499]
[1507,143,33947,32903]
[1508,112,702923,702983]
[1509,145,318810,317792]
[1510,11,504036,503227]
[1511,53,293124,292497]
[1512,253,299232,297992]
[1513,9,290757,290485]
[1514,126,198256,198744]
[1515,17,229007,228831]
[1516,33,530072,529370]
[1517,276,540217,541423]
[1518,84,68110,69188]
[1519,148,490050,490841]
[1520,263,71492,70464]
[1521,269,465860,465498]
[1522,98,690171,690614]
[1523,265,710721,710369]
[1524,113,208059,207249]
[1525,36,520803,521444]
[1526,143,640768,640036]
[1527,207,483001,482303]
[1528,79,686908,686037]
[1529,100,583100,583940]
[1530,112,215660,215711]
[1531,227,676905,675534]
[1532,265,3840,3297]
[1533,182,12928,13726]
[1534,12,439388,439890]
[1535,179,592738,592453]
[1536,218,419575,420588]
[1537,184,422308,423476]
[1538,231,175254,174512]
[1539,112,550984,551914]
[1540,32,650150,650956]
[1541,10,464380,464966]
[1542,212,526253,527535]
[1543,51,457240,456858]
[1544,270,573562,575049]
[1545,151,336974,336828]
[1546,187,24316,22844]
[1547,248,187492,187900]
[1548,141,113753,113634]
[1549,72,677517,677618]
[1550,166,217314,217368]
[1551,83,274628,273619]
[1552,22,301487,301681]
[1553,61,371866,370940]
[1554,7,386079,385331]
[1555,27,118021,117725]
[1556,67,434502,433581]
[1557,267,228765,227650]
[1558,136,295772,296584]
[1559,159,194363,193171]
[1560,44,592903,593692]
[1561,79,710525,710267]
[1562,161,497810,497148]
[1563,131,101789,101222]
[1564,81,637634,636632]
[1565,151,292093,291551]
[1566,86,631194,631854]
[1567,65,376937,376639]
[1568,2,463815,464821]
[1569,11,279332,278580]
[1570,0,630903,631726]
[1571,270,515160,516009]
[1572,168,362827,363935]
[1573,230,641452,642129]
[1574,215,81868,81431]
[1575,12,249137,249968]
[1576,201,272368,271980]
[1577,78,197673,198906]
[1578,192,582598,583283]
[1579,149,360544,359759]
[1580,159,87688,86615]
[1581,102,490841,490958]
[1582,209,40029,39624]
[1583,273,28971,28465]
[1584,238,564441,564763]
[1585,129,426427,426357]
[1586,60,17598,18706]
[1587,95,519361,519061]
[1588,202,71725,72554]
[1589,268,70521,71074]
[1590,38,148067,148834]
[1591,37,346717,345475]
[1592,256,84611,86061]
[1593,97,533962,533137]
[1594,25,220809,219798]
[1595,151,454704,453282]
[1596,13,374282,373927]
[1597,231,471268,470115]
[1598,117,362707,362601]
[1599,56,727812,728165]
[1600,215,658390,657361]
[1601,40,456888,457628]
[1602,165,403791,403441]
[1603,88,680974,681939]
[1604,225,595173,594309]
[1605,233,550824,549673]
[1606,119,700097,699313]
[1607,148,407155,408202]
[1608,37,388569,387160]
[1609,135,309020,308694]
[1610,19,576527,575575]
[1611,193,342353,340853]
[1612,60,35031,35854]
[1613,69,252681,251290]
[1614,152,496694,497423]
[1615,269,506907,506780]
[1616,42,224669,224799]
[1617,183,590830,590050]
[1618,272,686268,686963]
[1619,5,24607,23812]
[1620,9,227614,226896]
[1621,167,66277,65505]
[1622,83,126543,125112]
[1623,174,619572,620268]
[1624,2,449787,450826]
[1625,229,282507,282340]
[1626,261,264634,263700]
[1627,162,536450,536799]
[1628,59,554386,553441]
[1629,161,404600,404519]
[1630,167,457431,456600]
[1631,38,139714,140492]
[1632,36,610990,611616]
[1633,252,533175,534249]
[1634,6,50640,51997]
[1635,9,75002,74407]
[1636,243,231784,231549]
[1637,276,114161,114319]
[1638,262,461561,461872]
[1639,250,402253,403428]
[1640,175,158108,158012]
[1641,261,26622,26260]
[1642,277,497745,496314]
[1643,272,686930,687508]
[1644,149,207818,206830]
[1645,89,253508,252948]
[1646,43,412650,411686]
[1647,71,374941,373454]
[1648,181,519622,518690]
[1649,177,702135,700953]
[1650,6,137357,138134]
[1651,92,689078,689712]
[1652,128,46412,47718]
[1653,180,254182,255302]
[1654,240,240285,241119]
[1655,190,357434,358193]
[1656,34,266543,267816]
[1657,211,239729,238975]
[1658,245,476344,475588]
[1659,47,418106,417634]
[1660,178,576802,577269]
[1661,62,419271,420418]
[1662,165,35364,35112]
[1663,274,516912,517644]
[1664,254,8867,9688]
[1665,156,492358,493785]
[1666,85,433069,432672]
[1667,129,312035,311610]
[1668,87,501484,500829]
[1669,60,542594,543941]
[1670,241,295910,295547]
[1671,54,438714,439362]
[1672,7,694315,693792]
[1673,5,382036,380902]
[1674,110,569077,569597]
[1675,8,218694,219442]
[1676,207,134956,134540]
[1677,22,230894,231237]
[1678,109,638278,637683]
[1679,38,55446,56554]
[1680,137,460371,459108]
[1681,81,675092,673816]
[1682,224,454742,456004]
[1683,114,484582,485223]
[1684,115,642729,641638]
[1685,237,593807,592662]
[1686,44,427037,427329]
[1687,150,92758,94078]
[1688,223,145367,143952]
[1689,149,140145,139933]
[1690,225,92489,91910]
[1691,243,497466,496598]
[1692,137,171208,170428]
[1693,184,342941,343014]
[1694,61,188132,187665]
[1695,266,234988,235706]
[1696,21,186143,184748]
[1697,211,692483,691840]
[1698,0,495089,496549]
[1699,253,142330,141174]
[1700,137,307268,307043]
[1701,265,420442,419461]
[1702,113,137024,136553]
[1703,75,704241,703313]
[1704,207,563694,562769]
[1705,75,345674,345608]
[1706,167,687782,687402]
[1707,101,602800,602566]
[1708,136,139680,139969]
[1709,32,66798,67775]
[1710,47,730373,729566]
[1711,68,365171,365509]
[1712,130,375623,376892]
[1713,258,349428,350838]
[1714,191,444400,442937]
[1715,105,41940,41770]
[1716,169,491898,491510]
[1717,221,10872,10502]
[1718,112,58827,59759]
[1719,277,502110,501791]
[1720,111,628826,627770]
[1721,108,533279,534107]
[1722,71,339596,338477]
[1723,67,410995,410849]
[1724,102,711019,712225]
[1725,9,2199,1870]
[1726,8,434003,435410]
[1727,192,169118,169852]
[1728,50,588493,589178]
[1729,198,470643,471423]
[1730,164,149028,150239]
[1731,31,599016,598100]
[1732,114,533833,534830]
[1733,204,531818,533123]
[1734,103,233031,232614]
[1735,224,541387,542508]
[1736,137,716213,715270]
[1737,21,668012,667182]
[1738,191,625397,624027]
[1739,214,327443,328558]
[1740,67,373140,372347]
[1741,134,499655,500925]
[1742,118,107240,108031]
[1743,48,633702,634287]
[1744,217,71430,71333]
[1745,219,440024,439868]
[1746,182,110422,111225]
[1747,121,674636,673329]
[1748,85,618111,617252]
[1749,3,188218,186807]
[1750,196,90579,91830]
[1751,37,198003,197949]
[1752,235,363543,362858]
[1753,87,255067,254020]
[1754,202,273938,274757]
[1755,118,35430,35516]
[1756,39,474344,473610]
[1757,236,483579,484650]
[1758,200,634302,634605]
[1759,106,332903,333005]
[1760,218,61216,62394]
[1761,236,89077,89722]
[1762,109,104221,103429]
[1763,241,607218,606191]
[1764,5,243882,242715]
[1765,47,446557,445738]
[1766,121,510669,509963]
[1767,48,19693,20370]
[1768,173,629538,628507]
[1769,90,390910,391075]
[1770,255,333876,332514]
[1771,234,610797,611476]
[1772,250,215149,216238]
[1773,179,372004,371655]
[1774,37,629342,628401]
[1775,229,188865,188355]
[1776,272,206598,207481]
[1777,193,316379,315291]
[1778,63,567075,566933]
[1779,113,269083,267974]
[1780,40,410135,410765]
[1781,194,719670,720025]
[1782,113,178012,177563]
[1783,91,352752,352315]
[1784,255,542195,541538]
[1785,46,532298,533531]
[1786,189,564934,564136]
[1787,127,682899,682682]
[1788,87,170244,170004]
[1789,85,351726,351416]
[1790,5,655532,655126]
[1791,52,685278,685876]
[1792,218,696905,697040]
[1793,184,530016,530710]
[1794,58,723227,724423]
[1795,262,23139,24327]
[1796,115,710970,710718]
[1797,212,405244,406639]
[1798,123,487312,486622]
[1799,161,649564,649014]
[1800,147,677657,676362]
[1801,39,155605,154567]
[1802,254,80782,81262]
[1803,187,476639,476063]
[1804,62,599892,600405]
[1805,238,399735,400661]
[1806,127,19786,19322]
[1807,71,449596,449063]
[1808,229,120187,119934]
[1809,229,20212,20030]
[1810,13,347969,347872]
[1811,163,538245,537782]
[1812,205,384469,383908]
[1813,229,446238,445131]
[1814,10,59607,61040]
[1815,53,441837,441269]
[1816,127,126088,125065]
[1817,268,250846,251735]
[1818,91,149726,149009]
[1819,263,480886,479823]
[1820,82,164589,165659]
[1821,140,633620,634395]
[1822,109,160481,160081]
[1823,110,114657,114723]
[1824,76,361911,363358]
[1825,6,97831,98032]
[1826,187,156475,155781]
[1827,119,685520,685452]
[1828,45,455018,454100]
[1829,230,462696,462885]
[1830,37,165167,164821]
[1831,184,435777,435871]
[1832,157,204126,202730]
[1833,234,135844,135934]
[1834,59,600592,599833]
[1835,131,269760,268667]
[1836,214,218511,219712]
[1837,69,272237,270860]
[1838,152,715221,715900]
[1839,101,340984,340110]
[1840,125,512687,511799]
[1841,58,353964,354327]
[1842,154,127410,127916]
[1843,232,564509,565521]
[1844,273,654036,652621]
[1845,132,369820,370268]
[1846,52,580016,580859]
[1847,115,382013,381946]
[1848,215,2932,2005]
[1849,195,298410,298073]
[1850,225,289748,289559]
[1851,10,45050,46187]
[1852,34,706303,706932]
[1853,29,702868,701574]
[1854,238,260782,261846]
[1855,204,518753,519139]
[1856,243,100226,99069]
[1857,201,287292,287178]
[1858,95,520711,519587]
[1859,7,471579,470840]
[1860,157,590154,589932]
[1861,273,694096,694017]
[1862,204,17982,18356]
[1863,193,417915,416862]
[1864,25,231557,230368]
[1865,202,193292,194479]
[1866,239,402260,401345]
[1867,268,560449,561280]
[1868,45,113763,112713]
[1869,131,207816,207438]
[1870,245,287659,286880]
[1871,101,226458,225544]
[1872,106,71279,72358]
[1873,270,456845,457197]
[1874,225,85425,84137]
[1875,199,382798,382009]
[1876,90,77326,77444]
[1877,164,188715,189480]
[1878,184,384946,385056]
[1879,5,626619,626030]
[1880,248,345426,345626]
[1881,49,370779,369758]
[1882,37,440862,439778]
[1883,9,707302,706787]
[1884,76,43210,44629]
[1885,190,231132,231989]
[1886,177,88550,88267]
[1887,224,252206,252584]
[1888,183,201818,200580]
[1889,209,443094,442086]
[1890,139,321432,320738]
[1891,238,647929,648923]
[1892,223,103271,102774]
[1893,141,257736,256641]
[1894,91,650658,650243]
[1895,246,45035,45766]
[1896,264,322899,323471]
[1897,270,586586,586755]
[1898,53,329340,329070]
[1899,81,437504,437439]
[1900,91,457290,456638]
[1901,256,679622,680389]
[1902,243,458876,457894]
[1903,270,33942,35432]
[1904,260,506697,507082]
[1905,206,81236,82354]
[1906,212,433126,434089]
[1907,169,709875,709331]
[1908,154,163017,164384]
[1909,81,271176,270432]
[1910,71,67206,66098]
[1911,252,565248,566263]
[1912,121,38006,37143]
[1913,214,635089,636218]
[1914,119,66145,65314]
[1915,23,34965,33987]
[1916,72,591500,592311]
[1917,198,404523,405764]
[1918,54,725923,726335]
[1919,127,78455,77991]
[1920,13,232356,231524]
[1921,167,332588,332465]
[1922,148,172656,173978]
[1923,45,301256,300148]
[1924,131,624233,623586]
[1925,28,484531,485675]
[1926,136,136733,137072]
[1927,142,546436,547685]
[1928,247,683859,683610]
[1929,117,524865,524366]
[1930,178,129448,130512]
[1931,11,378820,377708]
[1932,258,337475,338019]
[1933,238,347549,348694]
[1934,241,551562,550949]
[1935,172,472890,474090]
[1936,48,231448,232632]
[1937,245,175650,175144]
[1938,230,459948,460069]
[1939,81,334525,333535]
[1940,152,710302,711775]
[1941,263,35874,34914]
[1942,133,703416,702802]
[1943,58,108537,109577]
[1944,91,362269,361239]
[1945,256,182089,182533]
[1946,50,714778,715063]
[1947,45,559896,558907]
[1948,86,104324,104717]
[1949,98,538245,539257]
[1950,21,398208,397456]
[1951,183,79877,79529]
[1952,8,411224,412037]
[1953,260,58159,58676]
[1954,215,487241,486366]
[1955,57,287502,287442]
[1956,214,226406,226752]
[1957,94,611781,612133]
[1958,177,23099,22199]
[1959,179,533239,531744]
[1960,271,642486,642359]
[1961,218,275400,276551]
[1962,83,259184,259114]
[1963,130,249243,250506]
[1964,20,373768,374650]
[1965,121,407020,406466]
[1966,268,446555,447402]
[1967,197,303435,302144]
[1968,259,458237,456869]
[1969,15,417361,415878]
[1970,115,545631,544903]
[1971,198,364053,364670]
[1972,125,211416,210515]
[1973,118,207828,208260]
[1974,138,259441,260708]
[1975,34,450842,450939]
[1976,230,249588,250404]
[1977,37,155588,155253]
[1978,35,1091,236]
[1979,227,522282,520953]
[1980,107,595707,595520]
[1981,187,169277,168550]
[1982,157,656905,655972]
[1983,98,117852,118129]
[1984,200,113985,115455]
[1985,266,85865,87251]
[1986,240,437539,437749]
[1987,190,15249,16579]
[1988,192,386187,386681]
[1989,70,211358,212396]
[1990,245,463905,462496]
[1991,142,74253,75276]
[1992,214,707972,708539]
[1993,31,191792,190927]
[1994,123,555951,555083]
[1995,169,432950,432184]
[1996,239,696444,696311]
[1997,5,448549,448337]
[1998,131,629878,629570]
[1999,172,628970,629486]
[2000,19,382229,381790]
[2001,116,612884,613751]
[2002,13,561596,560402]
[2003,160,233723,234162]
[2004,77,703443,703382]
[2005,189,639482,638003]
[2006,31,403754,403182]
[2007,95,629240,629014]
[2008,93,263178,262275]
[2009,163,465236,464895]
[2010,266,590915,591012]
[2011,106,178606,178760]
[2012,263,526963,525642]
[2013,59,725616,724916]
[2014,108,573186,573515]
[2015,185,476870,475996]
[2016,200,718851,719145]
[2017,277,206473,206192]
[2018,264,629231,630001]
[2019,233,336826,336694]
[2020,215,19064,17865]
[2021,21,441755,441362]
[2022,223,319256,318244]
[2023,171,84212,83811]
[2024,72,240436,241725]
[2025,97,597696,597619]
[2026,192,422341,423015]
[2027,130,462981,464172]
[2028,91,3528,2959]
[2029,20,213044,213829]
[2030,16,548433,548715]
[2031,36,55818,56646]
[2032,39,394119,393747]
[2033,267,522410,521250]
[2034,218,491600,492872]
[2035,151,40965,40044]
[2036,211,694953,694366]
[2037,7,357616,356249]
[2038,123,698086,697240]
[2039,202,61299,62601]
[2040,51,177355,176374]
[2041,9,324060,323067]
[2042,210,570898,572178]
[2043,37,574728,573746]
[2044,115,105347,105108]
[2045,140,306503,306540]
[2046,217,159492,158637]
[2047,68,388324,389075]
[2048,60,270898,272130]
[2049,80,236677,237180]
[2050,157,643968,643260]
[2051,207,445449,444428]
[2052,256,523096,524359]
[2053,33,137870,136691]
[2054,113,77849,76622]
[2055,189,148630,147527]
[2056,77,17664,16409]
[2057,97,659146,657695]
[2058,79,540077,540039]
[2059,148,495144,495422]
[2060,230,98732,98834]
[2061,238,81780,82226]
[2062,172,393029,394036]
[2063,127,422868,421979]
[2064,130,647404,648635]
[2065,138,698265,698733]
[2066,248,675627,676085]
[2067,114,89765,89919]
[2068,268,52838,54318]
[2069,232,454446,454915]
[2070,215,351521,350607]
[2071,200,423323,423513]
[2072,55,476604,476408]
[2073,213,555178,554798]
[2074,120,184052,184901]
[2075,273,134593,134383]
[2076,83,250057,249250]
[2077,81,503887,503329]
[2078,227,12442,11287]
[2079,243,389134,388597]
[2080,1,663782,663323]
[2081,243,380943,380091]
[2082,53,14502,13321]
[2083,218,203621,205036]
[2084,30,586826,588213]
[2085,129,67356,66518]
[2086,237,653426,652824]
[2087,67,628507,627260]
[2088,44,683728,685193]
[2089,243,482553,481218]
[2090,208,301155,301694]
[2091,96,509251,509413]
[2092,160,383299,383957]
[2093,80,233239,233555]
[2094,59,8894,8625]
[2095,69,497459,496160]
[2096,58,300185,300669]
[2097,117,335885,334791]
[2098,167,700086,699675]
[2099,20,638331,638659]
[2100,155,366454,365713]
[2101,277,193308,192991]
[2102,204,594421,594595]
[2103,119,105793,104826]
[2104,68,303246,303738]
[2105,85,465635,464174]
[2106,238,26529,27621]
[2107,143,51192,51138]
[2108,207,465374,463911]
[2109,56,17099,17863]
[2110,4,299398,299657]
[2111,86,290432,291144]
[2112,102,386090,387019]
[2113,37,424321,423058]
[2114,249,225321,224272]
[2115,6,447645,448644]
[2116,219,264548,263098]
[2117,199,153062,152158]
[2118,150,387579,388024]
[2119,228,272803,273985]
[2120,180,24184,25151]
[2121,237,576687,575846]
[2122,3,320591,320360]
[2123,112,438217,439055]
[2124,156,496451,497062]
[2125,1,518194,516799]
[2126,120,690917,692309]
[2127,139,543360,542943]
[2128,222,644478,645400]
[2129,148,667834,668076]
[2130,56,421695,423075]
[2131,9,336541,335483]
[2132,157,710265,709934]
[2133,180,367661,368596]
[2134,182,726377,727088]
[2135,189,350427,348969]
[2136,83,268783,268615]
[2137,196,178967,180379]
[2138,262,643865,645183]
[2139,119,60953,59810]
[2140,239,166268,164882]
[2141,83,195037,194756]
[2142,90,226794,227426]
[2143,133,375104,374600]
[2144,84,311129,311830]
[2145,141,694597,693958]
[2146,201,428178,427447]
[2147,236,23038,23972]
[2148,60,164463,164792]
[2149,33,428428,427098]
[2150,126,146944,147453]
[2151,164,335105,335164]
[2152,166,727525,728918]
[2153,251,495208,494781]
[2154,277,418241,417265]
[2155,81,633800,633628]
[2156,66,664911,665454]
[2157,254,234398,235040]
[2158,165,526346,524996]
[2159,277,708835,707741]
[2160,91,622389,621841]
[2161,183,263305,262858]
[2162,143,641531,640224]
[2163,120,400529,401918]
[2164,257,34477,33110]
[2165,137,240894,240691]
[2166,44,239539,240766]
[2167,140,259540,260569]
[2168,182,357900,358990]
[2169,144,96122,96778]
[2170,76,677755,677860]
[2171,101,676020,674523]
[2172,44,575794,576416]
[2173,42,256172,257560]
[2174,270,585843,586901]
[2175,4,250972,251408]
[2176,204,587943,588617]
[2177,185,236195,236095]
[2178,227,722125,721733]
[2179,49,144010,143770]
[2180,263,654911,654149]
[2181,248,457479,457754]
[2182,16,602268,603520]
[2183,150,171313,172780]
[2184,202,196945,197961]
[2185,245,300692,300430]
[2186,139,45485,45328]
[2187,182,240565,241704]
[2188,83,487934,487450]
[2189,153,467003,466639]
[2190,27,40687,39223]
[2191,140,387719,388874]
[2192,241,295770,294656]
[2193,109,26170,25610]
[2194,198,553517,553902]
[2195,136,238655,239354]
[2196,61,370178,368945]
[2197,204,391157,391407]
[2198,105,22661,21647]
[2199,226,151256,151771]
[2200,170,411,1120]
[2201,65,364220,363186]
[2202,155,149599,148689]
[2203,57,279822,278732]
[2204,29,332176,331765]
[2205,239,97339,96544]
[2206,3,594358,592904]
[2207,253,321969,321191]
[2208,219,162864,162010]
[2209,247,690989,690418]
[2210,246,295991,296374]
[2211,27,503237,501783]
[2212,116,723960,724084]
[2213,83,125647,125460]
[2214,108,511147,511429]
[2215,136,616684,617886]
[2216,173,566887,566129]
[2217,59,710147,709174]
[2218,242,451380,452205]
[2219,24,520965,521801]
[2220,42,290530,291389]
[2221,117,629294,628509]
[2222,130,431127,431339]
[2223,197,682899,682599]
[2224,48,552699,553997]
[2225,64,378661,379518]
[2226,94,320508,320746]
[2227,211,406595,405291]
[2228,247,617274,616824]
[2229,44,61402,62703]
[2230,100,495820,496133]
[2231,25,66333,65266]
[2232,164,344807,345385]
[2233,257,214741,214548]
[2234,177,246160,245310]
[2235,253,292283,291776]
[2236,173,460245,459940]
[2237,199,94879,93430]
[2238,19,163424,162914]
[2239,253,350252,349956]
[2240,272,664780,665965]
[2241,205,473588,473004]
[2242,92,590068,590262]
[2243,83,688686,688470]
[2244,164,420406,420616]
[2245,275,413708,413053]
[2246,106,493790,493915]
[2247,260,109817,110538]
[2248,134,153874,154565]
[2249,83,642014,640934]
[2250,165,369944,369093]
[2251,102,62786,64119]
[2252,127,171855,170455]
[2253,161,499544,499454]
[2254,210,331415,332360]
[2255,67,32518,31405]
[2256,247,281115,280633]
[2257,144,408143,409311]
[2258,33,683640,682510]
[2259,273,105136,104748]
[2260,138,499169,499479]
[2261,247,667551,666468]
[2262,229,287043,285846]
[2263,43,70873,70226]
[2264,23,315646,314757]
[2265,165,85500,84432]
[2266,112,481303,482069]
[2267,162,719324,720036]
[2268,163,518676,517648]
[2269,148,675913,677277]
[2270,211,684804,683497]
[2271,171,317304,316658]
[2272,224,648601,649726]
[2273,203,363621,363416]
[2274,226,498659,499923]
[2275,159,442622,441581]
[2276,19,568748,568376]
[2277,211,325603,324954]
[2278,180,439734,440391]
[2279,23,293389,292368]
[2280,120,277278,277907]
[2281,239,720427,720156]
[2282,94,593887,594914]
[2283,153,184176,183486]
[2284,143,674008,673384]
[2285,100,236570,237871]
[2286,110,23921,24700]
[2287,164,730640,730914]
[2288,263,266072,264756]
[2289,173,258846,258395]
[2290,25,22194,21653]
[2291,107,593270,591953]
[2292,102,95828,97295]
[2293,46,614148,614978]
[2294,3,278942,278385]
[2295,140,713063,713173]
[2296,83,419957,418996]
[2297,173,19970,18816]
[2298,39,615765,615549]
[2299,241,289711,289467]
[2300,111,358486,358125]
[2301,257,544740,543416]
[2302,42,286983,287039]
[2303,277,468057,466574]
[2304,75,364514,363638]
[2305,185,583484,583087]
[2306,176,374916,375661]
[2307,14,44348,45051]
[2308,98,80090,81496]
[2309,205,542624,541309]
[2310,120,396509,396908]
[2311,23,713585,712091]
[2312,46,544332,545724]
[2313,8,278712,279199]
[2314,249,63042,61736]
[2315,102,436978,438122]
[2316,63,486255,485768]
[2317,236,127639,129050]
[2318,40,187167,188293]
[2319,12,433597,434845]
[2320,264,495854,497026]
[2321,235,24494,23616]
[2322,271,42642,42358]
[2323,193,169305,168807]
[2324,115,99133,98241]
[2325,193,124026,123281]
[2326,219,478276,477879]
[2327,196,671428,672900]
[2328,244,459778,460580]
[2329,229,77738,77706]
[2330,42,66159,67203]
[2331,210,534708,535461]
[2332,213,291487,290129]
[2333,96,387691,388499]
[2334,17,253081,251876]
[2335,5,658057,657682]
[2336,47,622501,622219]
[2337,202,530980,531369]
[2338,140,51504,51924]
[2339,112,103163,103817]
[2340,249,497987,496932]
[2341,258,101391,102840]
[2342,129,252778,251964]
[2343,225,294816,293431]
[2344,70,617296,618239]
[2345,240,319024,320271]
[2346,152,314490,315391]
[2347,0,682516,683851]
[2348,212,663975,664062]
[2349,40,555325,556667]
[2350,49,328455,327124]
[2351,38,378536,379898]
[2352,229,178112,177009]
[2353,48,23326,24060]
[2354,117,227908,227059]
[2355,178,161380,162373]
[2356,131,365754,365669]
[2357,197,610653,609939]
[2358,46,221148,221777]
[2359,265,652475,651805]
[2360,213,41765,40678]
[2361,29,707651,707108]
[2362,184,625290,626298]
[2363,251,93851,93302]
[2364,156,620811,621921]
[2365,238,254244,255731]
[2366,188,376194,377018]
[2367,47,439556,439277]
[2368,85,584661,584135]
[2369,150,366101,367496]
[2370,198,634706,635710]
[2371,124,505702,506943]
[2372,218,593655,594820]
[2373,209,398161,397065]
[2374,176,145810,146325]
[2375,163,67665,66344]
[2376,165,592444,591996]
[2377,234,587048,588516]
[2378,6,294605,295348]
[2379,237,481849,480966]
[2380,107,302585,301105]
[2381,48,444433,444850]
[2382,48,170685,171707]
[2383,151,332684,331509]
[2384,232,469616,470527]
[2385,171,671798,671206]
[2386,213,222947,222694]
[2387,27,41990,40504]
[2388,73,128098,127271]
[2389,31,110744,110246]
[2390,228,522333,523776]
[2391,68,39072,39875]
[2392,159,644824,643328]
[2393,157,375866,375559]
[2394,255,383282,382659]
[2395,120,530991,532030]
[2396,105,578741,578322]
[2397,36,247496,248242]
[2398,148,257310,258755]
[2399,222,189551,189733]
[2400,113,458569,458260]
[2401,90,582495,583214]
[2402,161,251743,251343]
[2403,152,636083,636144]
[2404,228,519801,520397]
[2405,155,283994,283218]
[2406,95,690206,690151]
[2407,1,163913,163849]
[2408,118,418064,418567]
[2409,6,414714,415244]
[2410,73,496327,496234]
[2411,9,534789,533735]
[2412,0,494809,495824]
[2413,90,228735,229421]
[2414,180,110475,110521]
[2415,4,310441,310614]
[2416,112,565531,566215]
[2417,250,329428,329543]
[2418,216,169327,169472]
[2419,72,665890,666058]
[2420,122,502332,503333]
[2421,125,235845,235405]
[2422,73,175682,174850]
[2423,87,279807,279493]
[2424,117,426261,425060]
[2425,165,98443,97996]
[2426,273,545040,544516]
[2427,100,123515,124425]
[2428,224,421232,421491]
[2429,130,114836,116128]
[2430,256,424502,424781]
[2431,55,511323,509847]
[2432,48,729343,729864]
[2433,257,144143,144061]
[2434,36,705513,706582]
[2435,106,295977,296295]
[2436,6,268928,269130]
[2437,182,717562,717903]
[2438,101,299110,297783]
[2439,15,659421,658531]
[2440,246,716337,716580]
[2441,100,66470,67951]
[2442,39,378230,377852]
[2443,206,57709,58551]
[2444,206,381293,381814]
[2445,22,251068,251331]
[2446,10,513184,514022]
[2447,130,644523,645057]
[2448,51,103439,103169]
[2449,60,181792,182076]
[2450,160,558350,559285]
[2451,20,480950,481504]
[2452,69,404255,403698]
[2453,174,35727,36729]
[2454,139,517003,515550]
[2455,241,378307,376875]
[2456,154,605092,605386]
[2457,168,351899,352983]
[2458,185,124252,123104]
[2459,241,169675,168525]
[2460,51,686393,686074]
[2461,25,263602,263542]
[2462,215,307382,307141]
[2463,64,127824,128847]
[2464,154,573453,574002]
[2465,199,361204,360240]
[2466,160,540923,541645]
[2467,236,136033,136847]
[2468,204,707605,708876]
[2469,259,414234,413747]
[2470,168,506083,507378]
[2471,133,139211,138177]
[2472,215,253373,252112]
[2473,182,207233,207653]
[2474,138,32723,34029]
[2475,247,276591,275607]
[2476,239,22977,21701]
[2477,271,445555,444733]
[2478,146,250078,250842]
[2479,89,8515,7726]
[2480,28,676860,677824]
[2481,197,642975,642492]
[2482,51,383115,382048]
[2483,65,432602,431196]
[2484,246,506861,506985]
[2485,236,574501,574879]
[2486,205,232602,231284]
[2487,202,105475,105833]
[2488,62,441282,442293]
[2489,259,278429,277295]
[2490,108,277269,278110]
[2491,240,6086,7200]
[2492,242,410442,410784]
[2493,73,480381,479145]
[2494,47,580968,580881]
[2495,41,653093,651899]
[2496,262,572248,573689]
[2497,21,537746,537613]
[2498,243,260851,259746]
[2499,12,489675,490348]
[2500,212,493992,494905]
[2501,46,382849,383024]
[2502,73,414544,413319]
[2503,254,201971,202050]
[2504,278,124896,126234]
[2505,99,701095,700832]
[2506,102,251849,252996]
[2507,184,427192,428158]
[2508,177,323701,323360]
[2509,125,533434,532970]
[2510,36,273494,273578]
[2511,100,386799,387171]
[2512,123,459894,459775]
[2513,98,338116,338361]
[2514,85,636197,635096]
[2515,249,161592,161355]
[2516,256,577398,577489]
[2517,134,20509,21687]
[2518,270,667845,669193]
[2519,266,130295,131595]
[2520,119,493299,492563]
[2521,192,138607,138967]
[2522,77,454751,454542]
[2523,227,465204,465082]
[2524,137,536012,534890]
[2525,235,542751,541594]
[2526,52,583614,584040]
[2527,86,722249,722675]
[2528,60,567352,568310]
[2529,185,59944,58671]
[2530,236,617029,617367]
[2531,90,228592,229255]
[2532,220,674347,675033]
[2533,151,318735,318168]
[2534,131,261369,260148]
[2535,157,367994,367489]
[2536,6,223715,224732]
[2537,27,332400,331886]
[2538,58,210775,211681]
[2539,154,322356,322514]
[2540,96,564543,564816]
[2541,231,453247,452039]
[2542,4,20458,20979]
[2543,166,415439,416873]
[2544,184,595812,596957]
[2545,145,595373,595181]
[2546,192,511764,512467]
[2547,71,505374,504875]
[2548,252,476747,477742]
[2549,0,704762,705714]
[2550,74,129223,129661]
[2551,46,318391,319357]
[2552,3,465183,464341]
[2553,108,490561,491880]
[2554,222,612917,614398]
[2555,259,294843,294228]
[2556,219,433572,432344]
[2557,141,119045,118591]
[2558,168,364561,364943]
[2559,162,139659,139821]
[2560,139,703422,702707]
[2561,279,404819,404560]
[2562,189,333718,333579]
[2563,11,444787,444252]
[2564,90,155655,156922]
[2565,193,309125,307719]
[2566,65,459861,458512]
[2567,65,26322,25602]
[2568,37,136389,135966]
[2569,167,210452,209056]
[2570,24,465764,467230]
[2571,201,507763,506600]
[2572,134,107913,108999]
[2573,239,472303,471693]
[2574,248,32220,32737]
[2575,9,311517,310221]
[2576,244,115402,116155]
[2577,218,417907,419303]
[2578,279,456055,454828]
[2579,249,501821,501110]
[2580,195,484177,483222]
[2581,72,31761,33061]
[2582,265,81285,81236]
[2583,120,523052,523851]
[2584,20,228330,228624]
[2585,18,342326,342550]
[2586,30,313653,314888]
[2587,66,285890,286916]
[2588,233,499350,498486]
[2589,257,199847,199702]
[2590,263,345129,344964]
[2591,198,300830,301036]
[2592,48,10806,11558]
[2593,121,604505,603276]
[2594,52,294617,295668]
[2595,42,693067,694071]
[2596,165,129473,128432]
[2597,81,202591,201835]
[2598,61,452626,451275]
[2599,91,212431,211290]
[2600,51,603593,602847]
[2601,102,515533,516256]
[2602,45,24068,22819]
[2603,194,585009,585738]
[2604,236,664233,664326]
[2605,164,542840,543272]
[2606,233,264498,263447]
[2607,216,663547,663749]
[2608,187,30863,30266]
[2609,24,106246,107416]
[2610,245,9426,8268]
[2611,166,176334,176731]
[2612,38,261968,263340]
[2613,172,55608,56375]
[2614,273,137671,136660]
[2615,243,97925,97696]
[2616,230,325330,326430]
[2617,176,355740,356626]
[2618,47,135080,134442]
[2619,30,145129,145230]
[2620,170,388442,388995]
[2621,188,535807,537263]
[2622,95,430261,428920]
[2623,239,583437,582241]
[2624,111,342186,340814]
[2625,116,541248,541933]
[2626,39,114297,112849]
[2627,11,124498,124386]
[2628,34,570296,571609]
[2629,132,485278,485397]
[2630,88,114663,115892]
[2631,204,386135,387100]
[2632,232,106071,107161]
[2633,169,59336,59003]
[2634,86,434892,435617]
[2635,244,707979,708981]
[2636,164,375022,376001]
[2637,223,113811,113021]
[2638,111,151128,150855]
[2639,249,409298,409186]
[2640,136,487180,487523]
[2641,234,648289,649401]
[2642,194,116069,117057]
[2643,6,520350,521703]
[2644,162,454496,455763]
[2645,117,342986,342319]
[2646,110,321083,322565]
[2647,27,67443,66263]
[2648,242,415248,416710]
[2649,152,18660,19719]
[2650,180,568027,568559]
[2651,6,213474,214311]
[2652,226,250278,250343]
[2653,234,256737,257270]
[2654,249,365232,364724]
[2655,42,473720,475192]
[2656,181,116937,116272]
[2657,135,474364,473356]
[2658,109,123278,121939]
[2659,201,532825,531993]
[2660,128,198596,199321]
[2661,20,20602,21149]
[2662,135,458532,457417]
[2663,152,653974,655375]
[2664,166,442385,443148]
[2665,250,679158,679919]
[2666,232,329910,330150]
[2667,254,17752,18806]
[2668,163,130201,129126]
[2669,250,245672,246097]
[2670,100,525089,526245]
[2671,202,455975,457434]
[2672,241,107751,106300]
[2673,34,152506,153888]
[2674,139,317584,316267]
[2675,93,445121,443799]
[2676,239,607314,606062]
[2677,72,281577,282033]
[2678,150,494690,495803]
[2679,18,178302,179658]
[2680,236,693520,694534]
[2681,78,332861,333122]
[2682,195,377164,377037]
[2683,6,395537,396875]
[2684,242,226460,226942]
[2685,132,189385,190023]
[2686,63,489681,489339]
[2687,53,545697,545199]
[2688,22,705182,705317]
[2689,87,468262,467578]
[2690,4,313680,313886]
[2691,64,681969,682162]
[2692,19,203559,202487]
[2693,146,193431,194114]
[2694,142,578659,578830]
[2695,112,301692,302500]
[2696,256,476702,477938]
[2697,259,607266,606536]
[2698,36,338669,339374]
[2699,128,542870,544276]
[2700,153,368082,368025]
[2701,202,125165,125502]
[2702,170,379136,379280]
[2703,59,350651,350317]
[2704,118,367887,368205]
[2705,272,532357,532735]
[2706,199,411765,410758]
[2707,78,289160,289245]
[2708,23,586541,585208]
[2709,220,671214,671898]
[2710,89,569255,568842]
[2711,201,207060,206990]
[2712,104,361941,362193]
[2713,146,53144,54377]
[2714,95,26967,25835]
[2715,254,192289,192980]
[2716,225,553166,552785]
[2717,255,719862,718768]
[2718,29,345616,345145]
[2719,117,525958,525839]
[2720,166,122424,123295]
[2721,279,446275,445400]
[2722,237,244680,244238]
[2723,157,199166,197986]
[2724,218,393285,393636]
[2725,73,457414,456019]
[2726,31,627722,626620]
[2727,37,648669,647256]
[2728,6,34997,35203]
[2729,91,200178,200108]
[2730,214,666571,667455]
[2731,79,218414,217875]
[2732,189,262979,261798]
[2733,138,152809,152972]
[2734,183,347990,347730]
[2735,139,627064,626721]
[2736,196,356671,356966]
[2737,155,647252,645867]
[2738,116,146896,147192]
[2739,252,316812,317608]
[2740,274,24852,25863]
[2741,92,42277,43604]
[2742,111,711943,710656]
[2743,187,644675,643801]
[2744,184,512790,513463]
[2745,223,347427,346109]
[2746,212,492501,493597]
[2747,83,277738,276621]
[2748,12,266609,266801]
[2749,68,279919,281302]
[2750,270,541351,542611]
[2751,179,634717,634287]
[2752,152,714906,716385]
[2753,143,428339,427520]
[2754,81,345011,343698]
[2755,42,652591,653416]
[2756,214,600316,600822]
[2757,15,104591,104050]
[2758,42,585519,586218]
[2759,8,617358,617895]
[2760,219,558447,557168]
[2761,70,473529,474277]
[2762,39,318930,318769]
[2763,86,298072,299363]
[2764,45,556127,556089]
[2765,53,398488,397935]
[2766,269,270639,270149]
[2767,31,420768,419464]
[2768,159,6521,6043]
[2769,150,272128,272639]
[2770,74,668287,668589]
[2771,137,667040,666322]
[2772,146,384696,385088]
[2773,134,428240,428341]
[2774,70,205108,206550]
[2775,200,144460,145501]
[2776,235,672867,672721]
[2777,108,676679,677063]
[2778,46,432141,432927]
[2779,257,330253,329559]
[2780,181,66681,65572]
[2781,142,421002,422318]
[2782,222,670967,672449]
[2783,42,72253,73203]
[2784,275,330215,329213]
[2785,169,278937,277619]
[2786,6,163874,164581]
[2787,243,481307,480618]
[2788,166,420244,421027]
[2789,246,35368,35931]
[2790,273,269639,268405]
[2791,59,712988,711630]
[2792,241,8053,7655]
[2793,79,11425,11214]
[2794,195,356192,354811]
[2795,50,264607,265294]
[2796,29,695554,695032]
[2797,131,119660,118609]
[2798,40,164306,165282]
[2799,72,289751,289853]
[2800,108,109118,109381]
[2801,0,252734,253163]
[2802,58,86993,87353]
[2803,2,623564,624981]
[2804,15,123005,121933]
[2805,92,255466,255819]
[2806,191,6867,6326]
[2807,22,224679,225101]
[2808,10,371076,371822]
[2809,22,422316,423746]
[2810,194,591820,591917]
[2811,57,53322,52898]
[2812,121,650610,649426]
[2813,92,683150,683221]
[2814,206,160452,161163]
[2815,199,363609,363429]
[2816,106,255971,256685]
[2817,81,228870,227686]
[2818,86,527949,529061]
[2819,185,616767,616444]
[2820,28,327563,328805]
[2821,62,656662,657794]
[2822,58,446776,447247]
[2823,215,535106,534826]
[2824,129,514972,513968]
[2825,138,594875,595315]
[2826,186,394638,395101]
[2827,164,287690,288280]
[2828,89,545196,543709]
[2829,195,466100,464787]
[2830,259,262418,261248]
[2831,195,160181,158701]
[2832,251,170456,169171]
[2833,119,489472,488506]
[2834,34,433700,434813]
[2835,258,593479,593612]
[2836,264,536189,537383]
[2837,130,276308,277611]
[2838,213,670192,669083]
[2839,107,631346,630501]
[2840,181,622918,621457]
[2841,90,458213,458370]
[2842,184,580315,580700]
[2843,79,81247,79907]
[2844,142,78111,79101]
[2845,125,439827,439370]
[2846,276,234276,234409]
[2847,279,97386,96474]
[2848,67,407873,407782]
[2849,47,513403,512420]
[2850,147,711981,711108]
[2851,58,478541,478832]
[2852,141,311888,310997]
[2853,209,530015,529364]
[2854,242,694545,695241]
[2855,54,504790,505153]
[2856,119,254466,253221]
[2857,200,26065,26130]
[2858,200,77870,78083]
[2859,24,41344,42097]
[2860,101,508648,507273]
[2861,123,249626,249182]
[2862,213,38780,37989]
[2863,98,327145,328574]
[2864,31,234003,233094]
[2865,274,200619,201098]
[2866,216,526675,527698]
[2867,21,358961,357623]
[2868,173,627829,627246]
[2869,113,328117,327659]
[2870,11,639770,639284]
[2871,265,598270,597807]
[2872,148,713658,713963]
[2873,154,319744,320851]
[2874,172,371311,372064]
[2875,19,24892,23563]
[2876,142,152117,152797]
[2877,229,429667,428588]
[2878,245,223863,223087]
[2879,221,720851,720698]
[2880,91,627205,626976]
[2881,108,212132,212977]
[2882,228,130769,131815]
[2883,60,231798,232727]
[2884,23,204100,203067]
[2885,37,539075,538047]
[2886,109,316804,315473]
[2887,278,128058,128350]
[2888,275,146627,145887]
[2889,243,267906,267660]
[2890,222,10142,10877]
[2891,42,613402,613571]
[2892,236,193502,194366]
[2893,147,523037,522453]
[2894,44,673837,675183]
[2895,259,583180,582338]
[2896,187,438258,437560]
[2897,55,459286,457890]
[2898,233,508896,507755]
[2899,233,603844,602687]
[2900,102,403277,404096]
[2901,172,119311,120111]
[2902,80,16693,17589]
[2903,66,247122,247160]
[2904,31,48999,48831]
[2905,262,235854,236560]
[2906,127,40808,40773]
[2907,89,557416,556089]
[2908,234,381883,382695]
[2909,257,362641,362284]
[2910,71,30205,29939]
[2911,82,626571,627602]
[2912,196,425783,426283]
[2913,245,370501,369730]
[2914,110,378283,378370]
[2915,151,14331,13583]
[2916,199,333924,332581]
[2917,173,579818,579571]
[2918,70,230802,231459]
[2919,139,522012,520593]
[2920,237,32834,31802]
[2921,270,174729,175707]
[2922,95,538440,537761]
[2923,65,523943,522500]
[2924,134,174298,174393]
[2925,26,684079,684700]
[2926,168,568433,568536]
[2927,261,630392,628959]
[2928,244,270278,271710]
[2929,209,544039,543087]
[2930,237,399258,398697]
[2931,234,607004,608486]
[2932,96,406257,407285]
[2933,51,662912,662255]
[2934,268,606175,607543]
[2935,231,74798,73633]
[2936,118,1636,1741]
[2937,153,679858,678557]
[2938,221,67593,66508]
[2939,227,203488,202951]
[2940,57,4589,4000]
[2941,84,685636,687126]
[2942,163,354307,353577]
[2943,75,642120,641698]
[2944,76,102978,103176]
[2945,108,451393,452501]
[2946,88,58162,58505]
[2947,221,548706,548499]
[2948,150,527956,529342]
[2949,233,311699,311567]
[2950,267,252772,252028]
[2951,133,61281,60390]
[2952,113,566516,565648]
[2953,37,350910,350240]
[2954,34,345293,346709]
[2955,87,140649,139217]
[2956,48,29629,30448]
[2957,19,109675,109013]
[2958,91,385546,385125]
[2959,12,280658,281252]
[2960,269,687515,686871]
[2961,179,510038,509659]
[2962,30,285711,287051]
[2963,60,598373,598955]
[2964,256,321515,322086]
[2965,194,17095,18535]
[2966,208,373094,374480]
[2967,241,534118,533865]
[2968,68,108790,108894]
[2969,182,292022,293314]
[2970,96,604818,605018]
[2971,11,321802,320562]
[2972,107,42531,42190]
[2973,60,240136,240921]
[2974,200,57702,57949]
[2975,236,478664,479741]
[2976,99,317159,316765]
[2977,205,671407,670783]
[2978,254,393944,395240]
[2979,127,718504,717223]
[2980,66,72400,73389]
[2981,65,59509,59346]
[2982,56,418009,419396]
[2983,224,530936,531249]
[2984,223,417300,416400]
[2985,0,576360,577850]
[2986,132,163019,163718]
[2987,224,545265,545868]
[2988,16,308369,309441]
[2989,254,598979,599884]
[2990,269,708752,707403]
[2991,113,716520,716367]
[2992,201,439462,439191]
[2993,47,547256,546209]
[2994,157,258577,257180]
[2995,93,52895,52109]
[2996,77,66829,65950]
[2997,202,526995,527605]
[2998,263,602951,601455]
[2999,18,213924,214735]
[3000,231,678511,678414]
