["head":"wrap","lpos","status"]
[257,7911,1]
["io count"]
[305]
["io":"id","wrap","startLpos","endLpos"]
[1,222,617921,619413]
[2,97,204270,203790]
[3,8,296461,296721]
[4,159,311035,309852]
[5,56,163305,163801]
[6,69,526769,526695]
[7,150,728463,728666]
[8,57,405203,404249]
[9,22,385701,386013]
[10,162,197572,197793]
[11,83,517942,516811]
[12,180,704228,705518]
[13,59,338402,337581]
[14,198,381422,382197]
[15,34,475273,475609]
[16,222,580021,581513]
[17,270,554968,555448]
[18,62,370683,370719]
[19,277,595571,595011]
[20,66,225324,226424]
[21,190,339184,340554]
[22,20,713536,714476]
[23,50,606637,607348]
[24,83,711709,711540]
[25,202,16862,17113]
[26,243,109365,109247]
[27,218,262821,263078]
[28,232,303258,304556]
[29,106,533480,533514]
[30,190,254227,255448]
[31,88,131204,131734]
[32,103,698150,697597]
[33,13,463988,463597]
[34,236,189113,189410]
[35,57,440006,439048]
[36,59,331261,330914]
[37,125,461155,460594]
[38,70,140095,140476]
[39,46,1110,2189]
[40,31,526350,525174]
[41,135,719011,718315]
[42,63,279116,278062]
[43,45,40038,39762]
[44,206,656683,657266]
[45,155,569932,568623]
[46,241,439837,438764]
[47,80,47591,47685]
[48,263,614779,613368]
[49,37,485126,484510]
[50,203,140249,139914]
[51,0,410930,411580]
[52,138,555925,556482]
[53,72,262227,262630]
[54,173,40334,40266]
[55,85,458982,458870]
[56,279,449441,448057]
[57,155,527261,526121]
[58,177,482213,481861]
[59,165,187247,187088]
[60,184,176015,176666]
[61,178,133884,135095]
[62,196,325573,326267]
[63,157,230919,229920]
[64,20,485131,486255]
[65,95,341388,340640]
[66,21,417756,416860]
[67,181,5490,5136]
[68,68,324482,325286]
[69,262,674749,675225]
[70,216,84697,85999]
[71,127,343474,343387]
[72,195,145499,144552]
[73,195,196660,196016]
[74,121,434812,433604]
[75,126,344864,345418]
[76,108,471097,471622]
[77,159,436567,436460]
[78,124,403960,404730]
[79,208,375314,375716]
[80,223,575176,575028]
[81,168,200444,200718]
[82,273,626250,626164]
[83,11,327476,326799]
[84,121,445216,444325]
[85,20,559341,560695]
[86,105,495240,494600]
[87,118,158987,160058]
[88,144,89225,89291]
[89,151,214482,214205]
[90,242,690571,690881]
[91,47,140119,138832]
[92,0,694440,694656]
[93,47,270221,269301]
[94,228,328430,329215]
[95,27,710239,708794]
[96,114,286427,287411]
[97,249,476490,475837]
[98,21,574381,572908]
[99,207,605158,604735]
[100,135,164642,164344]
[101,272,389048,389212]
[102,181,433691,433202]
[103,136,690445,691176]
[104,167,690045,688730]
[105,182,694349,695594]
[106,48,269859,270547]
[107,55,526742,525905]
[108,149,435618,434827]
[109,149,210125,209885]
[110,111,345231,343863]
[111,244,494487,495317]
[112,109,637946,636674]
[113,60,700716,701176]
[114,13,561610,560685]
[115,219,220670,220020]
[116,149,256789,255923]
[117,155,605814,605042]
[118,52,556905,558282]
[119,255,267246,267046]
[120,206,711648,712303]
[121,170,626294,627143]
[122,80,463615,464775]
[123,128,213739,214052]
[124,149,44622,43557]
[125,20,385772,386355]
[126,39,268611,267535]
[127,124,576046,576482]
[128,39,315582,315170]
[129,60,168755,169478]
[130,122,719626,720861]
[131,202,382871,384026]
[132,233,358609,358471]
[133,270,88847,89731]
[134,104,175659,176083]
[135,143,645586,645060]
[136,16,263941,264439]
[137,193,34318,33420]
[138,256,216789,218014]
[139,133,312759,312667]
[140,263,143497,142851]
[141,242,264552,266024]
[142,218,73769,74996]
[143,39,600657,600594]
[144,162,602731,603458]
[145,249,380846,380364]
[146,269,82929,82813]
[147,279,208690,207816]
[148,213,476199,475569]
[149,107,340928,340603]
[150,122,73371,73813]
[151,160,481954,482265]
[152,77,278084,277073]
[153,270,97308,97998]
[154,61,365957,365520]
[155,161,87180,86473]
[156,250,20437,21069]
[157,267,378167,378022]
[158,185,531330,531278]
[159,197,598063,597464]
[160,210,564126,565056]
[161,138,520745,520871]
[162,17,144420,143467]
[163,14,688139,688995]
[164,40,389359,390714]
[165,219,150691,150454]
[166,105,685796,685672]
[167,205,240261,239143]
[168,207,420227,419822]
[169,236,660277,660643]
[170,1,605049,604500]
[171,116,368807,369987]
[172,159,483531,483312]
[173,163,504233,503971]
[174,209,319561,319026]
[175,237,416414,415492]
[176,240,280189,280653]
[177,234,101819,102254]
[178,229,135203,134281]
[179,42,351986,352954]
[180,271,337789,337040]
[181,86,199726,200099]
[182,187,377222,376616]
[183,263,597650,596223]
[184,76,267403,267690]
[185,143,377463,377365]
[186,186,577096,578476]
[187,157,64074,62884]
[188,273,7401,6972]
[189,61,428442,428266]
[190,190,122137,123559]
[191,17,368851,368037]
[192,252,631160,631496]
[193,257,365667,364180]
[194,43,556533,556379]
[195,43,58838,58261]
[196,116,301863,302346]
[197,190,50671,51961]
[198,120,57107,58128]
[199,123,169132,168109]
[200,10,693703,694813]
[201,67,227338,226477]
[202,152,334765,335502]
[203,18,148479,149558]
[204,24,411740,411780]
[205,217,431350,430993]
[206,50,296309,297598]
[207,45,39253,38635]
[208,167,222383,221533]
[209,212,436984,437277]
[210,39,646648,646434]
[211,188,656606,657498]
[212,64,381662,382869]
[213,220,271174,271951]
[214,227,368370,367467]
[215,169,6817,6781]
[216,153,605595,604622]
[217,77,249963,249544]
[218,27,141045,139840]
[219,5,337558,337016]
[220,220,538905,539109]
[221,63,633045,632209]
[222,216,684768,686150]
[223,120,652464,652556]
[224,49,207244,205918]
[225,163,42940,42186]
[226,18,177753,178388]
[227,239,516889,515890]
[228,175,335430,334013]
[229,96,241701,243010]
[230,120,102706,103843]
[231,235,532302,532159]
[232,226,351430,352254]
[233,121,613475,612905]
[234,64,356287,356836]
[235,142,322106,323288]
[236,22,633378,633916]
[237,138,449541,450658]
[238,64,605511,606676]
[239,179,357850,356825]
[240,70,354678,355725]
[241,0,221385,222523]
[242,15,393951,393657]
[243,163,601551,600480]
[244,22,70249,70698]
[245,276,285084,286522]
[246,166,226533,226689]
[247,257,144358,143270]
[248,246,327935,329434]
[249,165,18839,17718]
[250,90,586806,587279]
[251,181,331216,330061]
[252,265,512745,512404]
[253,211,429793,428714]
[254,245,622442,621548]
[255,213,62299,62160]
[256,212,165395,166020]
[257,211,117125,115768]
[258,145,100556,100335]
[259,42,93526,93791]
[260,124,37710,38193]
[261,177,395702,394812]
[262,162,145308,145664]
[263,252,397176,397363]
[264,226,532262,532860]
[265,192,730401,730675]
[266,29,56806,56631]
[267,3,603413,602570]
[268,126,390572,391566]
[269,7,491745,490964]
[270,228,621737,622988]
[271,196,169362,170839]
[272,278,415696,416397]
[273,235,11635,11346]
[274,209,621917,620537]
[275,89,115008,113648]
[276,38,470473,471744]
[277,261,109876,108799]
[278,152,2515,2913]
[279,19,714982,714394]
[280,187,615438,615192]
[281,25,252813,251485]
[282,177,228447,227537]
[283,16,273570,274394]
[284,2,594708,595644]
[285,31,442579,442399]
[286,29,314188,313568]
[287,84,219175,220618]
[288,112,282333,282482]
[289,155,535798,534380]
[290,270,361677,362434]
[291,279,575763,575070]
[292,23,251870,251382]
[293,188,20028,20932]
[294,106,448259,448783]
[295,53,430188,429314]
[296,59,515498,515274]
[297,124,215532,216758]
[298,172,677483,677571]
[299,162,131526,132062]
[300,20,44986,45464]
[301,57,276463,275734]
[302,168,684547,685518]
[303,224,57621,58298]
[304,123,89849,88619]
[305,32,422090,422558]
