["head":"wrap","lpos","status"]
[80,375179,1]
["io count"]
[310]
["io":"id","wrap","startLpos","endLpos"]
[1,279,621669,620917]
[2,24,625707,626339]
[3,57,517891,517235]
[4,249,231649,231103]
[5,41,430384,429495]
[6,249,356900,356541]
[7,82,405369,406027]
[8,213,68253,66992]
[9,174,392354,393308]
[10,273,263133,262589]
[11,10,275408,275606]
[12,58,33141,33244]
[13,175,253835,252714]
[14,21,491464,490045]
[15,209,573798,572967]
[16,90,26070,27546]
[17,135,55334,54801]
[18,206,535358,535477]
[19,160,336569,337572]
[20,114,568687,568980]
[21,54,229876,230009]
[22,207,47375,46209]
[23,32,280333,281152]
[24,125,340935,340379]
[25,92,195273,195686]
[26,277,233331,232038]
[27,268,167206,168310]
[28,68,515782,516859]
[29,68,501432,502352]
[30,183,132441,132380]
[31,10,573293,573994]
[32,175,720374,719949]
[33,116,600030,600393]
[34,2,328408,328704]
[35,125,646249,644980]
[36,112,616439,617788]
[37,152,335647,336851]
[38,66,660595,661369]
[39,53,510283,510023]
[40,115,37190,36723]
[41,96,187680,188945]
[42,193,269132,268554]
[43,53,409848,409194]
[44,67,260892,260542]
[45,257,28703,28124]
[46,161,191886,190567]
[47,118,238406,238606]
[48,99,377934,376585]
[49,222,128678,128826]
[50,227,530257,529509]
[51,166,468548,469373]
[52,249,588197,586949]
[53,250,229897,230645]
[54,111,297683,297018]
[55,275,207212,207053]
[56,22,67681,69136]
[57,272,48508,48602]
[58,262,43652,45139]
[59,140,262148,262886]
[60,54,296237,296886]
[61,202,284910,285330]
[62,226,515270,516278]
[63,116,268772,268910]
[64,259,42191,41080]
[65,96,214753,216218]
[66,241,695557,694400]
[67,39,173491,172425]
[68,246,67330,67475]
[69,192,3945,4824]
[70,32,463676,464253]
[71,236,591177,592013]
[72,194,190416,191259]
[73,52,348138,348230]
[74,49,465487,464708]
[75,71,424083,423934]
[76,112,67608,68191]
[77,176,659962,661404]
[78,121,392618,392550]
[79,186,67936,68854]
[80,96,435288,435576]
[81,246,91879,91940]
[82,12,484951,485316]
[83,32,589383,590773]
[84,92,686746,687632]
[85,175,641259,639868]
[86,123,236515,236090]
[87,187,330914,330111]
[88,196,110362,111043]
[89,49,227715,226982]
[90,249,270389,269071]
[91,27,534459,533004]
[92,273,379449,378112]
[93,271,676354,674979]
[94,22,469718,470652]
[95,138,598363,599809]
[96,160,92703,94172]
[97,30,375571,375982]
[98,54,333754,334258]
[99,265,242223,240998]
[100,28,407470,407853]
[101,162,43458,43841]
[102,264,638425,639372]
[103,84,370689,371969]
[104,182,645835,646905]
[105,52,335783,337213]
[106,36,655284,655962]
[107,166,203585,204424]
[108,209,51913,51435]
[109,185,90796,89410]
[110,218,508909,510236]
[111,48,4528,5714]
[112,227,409775,408605]
[113,243,281594,281027]
[114,224,643733,644875]
[115,192,642581,644068]
[116,51,578581,578547]
[117,167,546131,545847]
[118,121,595460,593982]
[119,217,525975,524925]
[120,92,511420,512239]
[121,147,31788,30708]
[122,189,138523,138436]
[123,141,193879,192395]
[124,233,220381,218902]
[125,259,13849,13325]
[126,276,560115,560873]
[127,32,416955,417698]
[128,90,480312,481702]
[129,97,555113,554376]
[130,205,98698,97872]
[131,124,374596,374835]
[132,19,163442,163177]
[133,74,226001,227408]
[134,54,553631,554095]
[135,151,286408,286110]
[136,88,21886,22352]
[137,57,376477,375687]
[138,257,460424,459508]
[139,68,210630,211900]
[140,245,694200,693392]
[141,29,205446,204163]
[142,131,269284,268936]
[143,88,196316,197059]
[144,259,293166,292187]
[145,2,615451,616333]
[146,231,724139,723588]
[147,233,298090,297332]
[148,55,512710,511781]
[149,262,535156,535201]
[150,148,570529,570649]
[151,102,102009,103505]
[152,3,403595,402321]
[153,52,556605,556814]
[154,248,2278,3333]
[155,68,236316,237770]
[156,130,106376,106481]
[157,19,139066,137818]
[158,263,362668,362134]
[159,103,716423,716270]
[160,192,689112,689533]
[161,171,539148,538238]
[162,121,573850,573617]
[163,99,628192,627588]
[164,184,670895,671328]
[165,40,570718,571238]
[166,225,562445,561917]
[167,43,295380,294546]
[168,145,629652,628291]
[169,161,697877,696651]
[170,0,664162,665592]
[171,235,405110,404142]
[172,111,104086,102936]
[173,236,551878,552061]
[174,249,296444,295372]
[175,55,146634,146333]
[176,35,81179,81003]
[177,34,528908,529422]
[178,39,451028,450943]
[179,206,45305,45338]
[180,265,543937,543397]
[181,134,3227,3988]
[182,189,548162,547763]
[183,22,538067,539177]
[184,253,647783,647550]
[185,62,40572,40949]
[186,52,209932,209971]
[187,189,559494,558139]
[188,230,357286,357592]
[189,103,394629,393763]
[190,223,422418,421933]
[191,248,97393,97670]
[192,200,339449,339544]
[193,128,33425,34676]
[194,269,605210,605152]
[195,23,32814,32600]
[196,136,695874,696781]
[197,257,492427,491743]
[198,38,577098,577376]
[199,260,512243,512884]
[200,30,528380,528411]
[201,86,424640,425528]
[202,237,719820,719004]
[203,90,145136,146161]
[204,166,135317,136663]
[205,252,468086,469201]
[206,60,313980,315121]
[207,252,100408,100660]
[208,77,561376,559944]
[209,235,307471,306586]
[210,172,186449,187499]
[211,240,582626,583822]
[212,101,151974,150955]
[213,132,576450,577434]
[214,22,130909,131511]
[215,233,298008,297828]
[216,0,484136,484845]
[217,139,645027,644057]
[218,236,513248,514221]
[219,198,242430,242626]
[220,257,541947,541138]
[221,134,566715,567748]
[222,100,123944,124657]
[223,55,258258,258025]
[224,258,679109,680560]
[225,106,526901,527026]
[226,71,484382,483982]
[227,153,206848,206747]
[228,254,698027,698098]
[229,115,156622,156214]
[230,171,679348,678461]
[231,9,443370,443337]
[232,140,296471,297872]
[233,17,408013,407072]
[234,215,407491,406079]
[235,103,114669,114075]
[236,15,711459,711171]
[237,1,427196,425831]
[238,28,574590,575105]
[239,226,578386,578659]
[240,111,320337,320107]
[241,215,606407,606195]
[242,146,281821,283054]
[243,89,539983,538951]
[244,144,121241,121374]
[245,70,422814,424159]
[246,188,163694,164678]
[247,198,581196,582494]
[248,103,631659,631434]
[249,93,222775,222191]
[250,159,520190,519215]
[251,217,498415,497508]
[252,144,540025,541202]
[253,102,10114,10540]
[254,168,435860,436525]
[255,7,211260,210376]
[256,249,728169,727103]
[257,263,130244,128753]
[258,263,253635,252266]
[259,7,520782,519840]
[260,105,533326,531998]
[261,9,526251,526151]
[262,62,474096,474593]
[263,101,674315,672930]
[264,108,519020,519466]
[265,142,115569,116389]
[266,0,584953,586355]
[267,138,51700,52369]
[268,33,567937,566693]
[269,179,628494,627308]
[270,190,456027,457483]
[271,174,82568,84006]
[272,180,98454,99586]
[273,211,162646,161841]
[274,180,507038,508531]
[275,156,209311,209345]
[276,171,713397,712108]
[277,203,218262,216863]
[278,272,729836,730618]
[279,233,277608,276881]
[280,23,721640,720631]
[281,277,484109,482647]
[282,253,722841,722704]
[283,103,207779,207531]
[284,99,577222,576302]
[285,75,512928,511760]
[286,9,427533,426203]
[287,100,180850,182264]
[288,13,682686,682465]
[289,147,631771,631478]
[290,12,35110,35857]
[291,81,526601,526361]
[292,230,714899,715295]
[293,235,328770,327828]
[294,9,443219,442493]
[295,57,266986,266117]
[296,227,607717,606385]
[297,272,523470,524154]
[298,25,31671,30313]
[299,98,684169,685599]
[300,57,198557,197868]
[301,279,293342,292284]
[302,279,400208,399616]
[303,120,417472,418727]
[304,166,282262,283069]
[305,276,42076,42467]
[306,267,442091,441401]
[307,211,430984,430005]
[308,99,168765,167955]
[309,50,4840,4988]
[310,72,117399,118007]
