["head":"wrap","lpos","status"]
[188,433986,0]
["io count"]
[315]
["io":"id","wrap","startLpos","endLpos"]
[1,131,78208,77620]
[2,159,445154,444831]
[3,191,440480,440182]
[4,6,251408,251779]
[5,82,340291,341173]
[6,186,30580,31497]
[7,110,599250,600708]
[8,23,490964,489652]
[9,258,387150,388289]
[10,250,295828,296352]
[11,83,721966,720879]
[12,213,549948,549910]
[13,43,19028,18819]
[14,39,360992,360258]
[15,134,662275,663212]
[16,237,383122,382457]
[17,177,341983,341817]
[18,239,519069,518390]
[19,109,333321,333088]
[20,205,502387,501381]
[21,119,387055,386919]
[22,177,288047,287951]
[23,161,477338,475896]
[24,39,490531,489697]
[25,206,458118,459617]
[26,114,101787,102056]
[27,191,285145,283805]
[28,216,84845,85036]
[29,159,129211,127958]
[30,89,576214,575853]
[31,248,378335,379280]
[32,257,495471,495233]
[33,108,646738,647855]
[34,55,639180,638201]
[35,277,719854,719632]
[36,13,245571,244962]
[37,256,626620,627828]
[38,262,22075,22387]
[39,212,100341,101202]
[40,26,708923,710044]
[41,96,369749,371190]
[42,152,560100,560251]
[43,114,152899,154017]
[44,271,616719,615388]
[45,277,312611,311543]
[46,52,309727,311095]
[47,221,178901,178697]
[48,160,509799,509898]
[49,159,268900,268695]
[50,208,194646,196090]
[51,53,503260,502416]
[52,269,261126,260221]
[53,5,231730,230533]
[54,242,549103,550151]
[55,43,249800,249666]
[56,7,671387,670243]
[57,143,656752,655555]
[58,131,436228,434742]
[59,221,565793,564663]
[60,234,349384,350483]
[61,220,76628,76925]
[62,191,172656,172231]
[63,101,610799,610286]
[64,6,461591,461756]
[65,122,180575,181050]
[66,155,550717,549808]
[67,5,264962,264074]
[68,159,8289,7581]
[69,201,206914,205900]
[70,193,480994,479987]
[71,72,374753,375341]
[72,53,127119,125628]
[73,53,343621,342784]
[74,2,397942,399379]
[75,173,565892,565203]
[76,264,526538,527685]
[77,210,631094,632165]
[78,159,312958,312268]
[79,48,65075,65505]
[80,170,688766,689886]
[81,178,474462,474914]
[82,27,94270,94095]
[83,51,533780,533358]
[84,257,633302,632571]
[85,59,467141,466979]
[86,141,163508,162285]
[87,135,533247,532482]
[88,134,172385,173118]
[89,172,533147,533326]
[90,101,475506,474199]
[91,27,717370,717094]
[92,99,560247,560085]
[93,214,643583,644851]
[94,275,626196,624952]
[95,54,342266,343058]
[96,185,614001,612934]
[97,18,683313,683411]
[98,108,12291,13766]
[99,76,162505,163643]
[100,204,425333,426606]
[101,105,314417,313706]
[102,225,327900,327112]
[103,233,381885,380544]
[104,228,79905,80463]
[105,271,94250,93106]
[106,163,223748,222705]
[107,73,34865,33953]
[108,98,77471,78491]
[109,133,239504,239436]
[110,251,636443,635268]
[111,251,506395,505607]
[112,255,385719,385337]
[113,72,583782,584487]
[114,27,204201,203060]
[115,211,565806,565260]
[116,71,9350,8667]
[117,102,638269,639557]
[118,238,297129,298186]
[119,277,437575,437402]
[120,92,184711,185298]
[121,172,723549,724555]
[122,189,728993,728949]
[123,235,222033,221130]
[124,22,281643,282462]
[125,151,504134,503844]
[126,171,203240,202365]
[127,204,81550,81805]
[128,147,670286,670015]
[129,176,661221,661817]
[130,27,621948,620964]
[131,229,469520,469457]
[132,107,275372,274660]
[133,16,464027,464328]
[134,229,525204,524310]
[135,277,499009,498915]
[136,26,318444,318763]
[137,206,197465,198938]
[138,141,144637,143298]
[139,195,468951,467513]
[140,120,217640,218879]
[141,90,99496,100027]
[142,267,468047,467801]
[143,116,198858,200334]
[144,153,368935,368444]
[145,102,448615,449072]
[146,6,202352,202397]
[147,62,118469,119867]
[148,51,597927,596637]
[149,261,658019,657612]
[150,227,266651,266265]
[151,150,157434,157895]
[152,10,704790,705994]
[153,69,97952,97117]
[154,210,488072,488161]
[155,241,363018,362219]
[156,65,62913,62842]
[157,102,252009,253098]
[158,9,313529,312519]
[159,206,336250,336399]
[160,49,66675,66269]
[161,61,442381,442144]
[162,84,284679,284713]
[163,140,217734,218055]
[164,238,641864,642357]
[165,22,567463,568798]
[166,30,448892,449374]
[167,133,69566,68304]
[168,274,256190,257583]
[169,159,246995,246823]
[170,1,660496,660301]
[171,55,529906,528442]
[172,90,702061,703243]
[173,91,671790,671588]
[174,57,427508,426183]
[175,232,116872,118279]
[176,82,515556,515615]
[177,148,230938,231413]
[178,66,653002,653714]
[179,77,54591,54039]
[180,233,154562,154530]
[181,105,99597,98741]
[182,56,149757,150006]
[183,194,57299,57702]
[184,167,59848,58652]
[185,85,692301,691261]
[186,10,129636,130056]
[187,156,473319,474172]
[188,66,640216,640901]
[189,59,379633,378474]
[190,213,544678,544269]
[191,267,94455,93848]
[192,266,97553,98377]
[193,116,581876,582207]
[194,142,238218,238436]
[195,149,585366,584212]
[196,0,399177,400032]
[197,68,185664,186170]
[198,148,534833,536308]
[199,46,640608,641997]
[200,43,427781,426482]
[201,277,153314,152790]
[202,14,437177,438164]
[203,171,256828,255912]
[204,119,651381,650609]
[205,219,237468,236533]
[206,14,393781,395118]
[207,273,404265,403529]
[208,197,388205,387882]
[209,245,185100,184993]
[210,169,358468,357245]
[211,19,512613,511936]
[212,248,12209,12865]
[213,213,491161,489965]
[214,240,400974,401375]
[215,238,478627,478694]
[216,38,113960,114793]
[217,153,440565,440403]
[218,175,394433,393629]
[219,12,159760,160869]
[220,134,409683,410697]
[221,276,308934,309607]
[222,128,80781,81611]
[223,140,525342,525506]
[224,92,423805,423843]
[225,18,498309,498696]
[226,278,114320,114808]
[227,151,242335,241694]
[228,10,247953,249134]
[229,139,161325,161106]
[230,198,136642,136701]
[231,232,208406,208483]
[232,82,405923,406422]
[233,34,717175,717950]
[234,277,279602,278549]
[235,159,250351,249074]
[236,158,555995,556874]
[237,175,101208,100540]
[238,77,557947,556935]
[239,230,611486,612396]
[240,151,153072,152778]
[241,126,495777,496925]
[242,252,544210,544629]
[243,65,224469,224020]
[244,183,162488,161090]
[245,227,143325,142897]
[246,132,455174,456427]
[247,86,406249,406362]
[248,202,136194,137231]
[249,180,150801,151538]
[250,135,243897,243177]
[251,23,715127,715004]
[252,217,376684,375712]
[253,36,511313,511856]
[254,279,729196,729119]
[255,0,500392,501562]
[256,228,141017,141745]
[257,95,155539,154661]
[258,89,218187,217830]
[259,136,122165,122236]
[260,198,378967,379493]
[261,96,21724,22238]
[262,278,726627,727360]
[263,115,396934,396665]
[264,130,272202,273684]
[265,122,315369,316680]
[266,279,281177,280414]
[267,39,28386,28305]
[268,10,59101,59724]
[269,60,425778,427158]
[270,136,46628,47763]
[271,3,527969,526997]
[272,238,714574,715836]
[273,256,287007,287458]
[274,43,12609,11966]
[275,112,442990,443496]
[276,84,109179,109255]
[277,108,717000,717162]
[278,277,463608,462161]
[279,153,113875,112461]
[280,49,434203,433862]
[281,268,729036,730508]
[282,235,527371,527075]
[283,133,324671,323914]
[284,167,169246,167766]
[285,165,211557,211019]
[286,234,139510,139743]
[287,123,358913,357934]
[288,198,76818,77536]
[289,279,540312,540123]
[290,17,318281,316840]
[291,240,559082,559413]
[292,14,380405,380640]
[293,197,151251,150636]
[294,271,142774,142638]
[295,85,80345,79826]
[296,218,471415,472557]
[297,98,578332,578570]
[298,184,297344,298686]
[299,74,390086,391105]
[300,42,405784,406369]
[301,277,542749,542574]
[302,265,53791,52307]
[303,184,476274,476637]
[304,157,453563,452642]
[305,18,544434,545519]
[306,136,524891,525613]
[307,64,4592,5330]
[308,59,349286,349226]
[309,158,127660,128966]
[310,181,665567,664156]
[311,247,562646,561253]
[312,63,42643,41211]
[313,238,349425,350189]
[314,46,401687,401789]
[315,100,96248,97630]
