["head":"wrap","lpos","status"]
[120,711641,0]
["io count"]
[320]
["io":"id","wrap","startLpos","endLpos"]
[1,74,118302,119262]
[2,45,627173,626836]
[3,183,395845,394765]
[4,43,505461,504744]
[5,141,714546,713549]
[6,45,109990,109640]
[7,105,138364,137641]
[8,180,88040,88594]
[9,277,379613,378498]
[10,251,231174,231083]
[11,53,20898,20210]
[12,179,399098,398961]
[13,98,709039,709571]
[14,245,179957,178773]
[15,200,311391,312735]
[16,242,247001,247766]
[17,271,48298,47433]
[18,197,624519,623859]
[19,79,355953,354727]
[20,164,540464,540749]
[21,161,142714,141620]
[22,153,51361,50105]
[23,49,201499,200428]
[24,185,684130,684034]
[25,232,31616,32621]
[26,26,726502,727790]
[27,265,72337,71232]
[28,256,367300,367350]
[29,263,702852,701664]
[30,138,113162,114389]
[31,218,405157,405315]
[32,111,392314,391932]
[33,139,403103,402141]
[34,53,130237,130072]
[35,258,475280,476216]
[36,38,307802,308736]
[37,246,376410,377324]
[38,81,364945,363767]
[39,141,187423,186338]
[40,49,235972,235649]
[41,258,648944,649301]
[42,42,435336,436082]
[43,140,605606,606464]
[44,114,421798,423269]
[45,105,282649,281983]
[46,96,453402,453754]
[47,11,439875,438808]
[48,149,641346,640037]
[49,171,309174,308394]
[50,235,704865,704758]
[51,88,301194,302533]
[52,204,274358,275144]
[53,6,421115,421791]
[54,35,280287,279498]
[55,215,679229,678783]
[56,127,287708,286999]
[57,18,411978,413235]
[58,16,174251,175276]
[59,189,61153,61009]
[60,18,508195,508601]
[61,212,86028,87428]
[62,216,239510,240281]
[63,79,497735,497495]
[64,201,339467,339244]
[65,113,110675,110548]
[66,147,396946,395698]
[67,125,535037,534464]
[68,259,178190,177060]
[69,88,251479,251885]
[70,200,357310,358051]
[71,190,588747,590100]
[72,85,420611,420503]
[73,167,234743,233447]
[74,99,506805,505886]
[75,121,355827,355774]
[76,82,594924,596320]
[77,100,288415,289346]
[78,109,667990,667547]
[79,191,168954,167877]
[80,201,1316,25]
[81,70,147232,147884]
[82,55,711200,710038]
[83,115,519827,519229]
[84,181,10686,9610]
[85,100,567998,568385]
[86,124,172301,172399]
[87,47,109699,109016]
[88,39,257897,256812]
[89,277,542766,541934]
[90,18,114306,115136]
[91,216,564110,564737]
[92,1,445566,444258]
[93,226,248422,249864]
[94,105,13493,13300]
[95,134,526022,526205]
[96,10,428277,429547]
[97,44,256164,256648]
[98,188,522689,523081]
[99,94,175149,175411]
[100,153,267962,267748]
[101,99,527482,526173]
[102,57,604530,604140]
[103,150,676378,677698]
[104,269,555700,554575]
[105,24,196461,197369]
[106,267,444922,444494]
[107,20,251257,252073]
[108,169,224427,223984]
[109,115,188634,188544]
[110,194,477563,477734]
[111,119,641862,641280]
[112,63,70401,70364]
[113,86,70607,70937]
[114,247,609159,607854]
[115,248,301421,302133]
[116,79,533720,533233]
[117,78,119808,120173]
[118,19,73006,72150]
[119,15,361925,361246]
[120,260,506339,507410]
[121,3,418695,417419]
[122,171,573018,572317]
[123,210,644255,645465]
[124,52,375365,376278]
[125,241,409092,408083]
[126,175,215374,213968]
[127,112,64794,65961]
[128,127,460338,459713]
[129,65,552308,551231]
[130,40,29769,31185]
[131,87,645078,644287]
[132,120,598452,599165]
[133,32,620942,620997]
[134,217,265037,263898]
[135,257,86384,85810]
[136,166,483145,483360]
[137,151,546611,545567]
[138,132,479544,479952]
[139,86,693595,693841]
[140,123,102211,101592]
[141,112,703944,704046]
[142,203,563882,562585]
[143,178,8517,8719]
[144,123,260603,260389]
[145,27,308480,307319]
[146,90,661006,661598]
[147,149,385532,385024]
[148,238,530009,530585]
[149,142,553353,553503]
[150,56,14316,15208]
[151,273,250879,250527]
[152,130,277283,277652]
[153,66,618642,618996]
[154,7,668921,668798]
[155,265,31459,31303]
[156,115,434900,434684]
[157,266,62865,63638]
[158,217,598892,598144]
[159,90,659852,660539]
[160,77,423506,423178]
[161,192,408223,409655]
[162,78,336919,338352]
[163,14,563895,563959]
[164,172,335509,336491]
[165,29,33382,32062]
[166,146,62134,63431]
[167,168,34446,34942]
[168,42,289534,289582]
[169,131,155748,154872]
[170,206,251177,252403]
[171,115,346852,346201]
[172,262,106231,106624]
[173,200,635502,635776]
[174,1,368963,368178]
[175,244,205195,205741]
[176,211,396374,395738]
[177,26,34805,35671]
[178,169,414903,413636]
[179,76,165357,166666]
[180,48,144820,145799]
[181,211,298203,296899]
[182,100,690968,692182]
[183,63,216753,215683]
[184,156,477911,478485]
[185,235,131364,131133]
[186,73,490631,489760]
[187,218,154482,155075]
[188,155,397465,396063]
[189,172,527529,528517]
[190,195,358413,358268]
[191,191,644933,644071]
[192,95,682487,682290]
[193,200,398468,399598]
[194,88,36487,36871]
[195,271,195609,194856]
[196,238,382302,382526]
[197,95,329454,328530]
[198,138,70277,70814]
[199,141,715422,713987]
[200,5,323724,323562]
[201,194,249643,250785]
[202,52,556735,557099]
[203,202,212519,212667]
[204,144,102432,102913]
[205,115,504799,503367]
[206,137,230129,229265]
[207,60,689422,690158]
[208,39,616867,616120]
[209,79,396514,396395]
[210,137,445013,443779]
[211,211,424544,423324]
[212,175,626432,625446]
[213,90,711656,711918]
[214,83,42156,41659]
[215,181,610519,609518]
[216,21,131596,130649]
[217,187,170918,169960]
[218,244,470075,470864]
[219,80,433082,433757]
[220,159,5296,4274]
[221,15,86792,86390]
[222,174,211988,212316]
[223,45,6500,5282]
[224,31,614706,614400]
[225,84,704813,705972]
[226,71,586989,586728]
[227,84,30987,31108]
[228,232,209212,209377]
[229,27,75304,74719]
[230,224,270669,272124]
[231,214,490393,491025]
[232,279,666814,665856]
[233,43,719094,718254]
[234,222,566352,567416]
[235,17,309832,309185]
[236,21,563420,562257]
[237,245,616755,615285]
[238,102,713276,713413]
[239,11,228677,227370]
[240,137,462084,461417]
[241,230,580413,581377]
[242,261,220321,219955]
[243,222,263362,263595]
[244,149,674577,673829]
[245,48,330245,330318]
[246,80,666490,667666]
[247,250,391656,392256]
[248,261,8452,8373]
[249,10,362002,363052]
[250,20,13731,14457]
[251,96,312696,312847]
[252,251,725259,723950]
[253,235,425525,425113]
[254,94,586637,587593]
[255,164,49520,50275]
[256,111,718692,717728]
[257,164,589339,589994]
[258,73,275652,275474]
[259,218,591888,593126]
[260,172,92047,93105]
[261,186,488921,489794]
[262,164,605232,605996]
[263,246,290992,291705]
[264,52,563114,564074]
[265,83,189459,189209]
[266,88,138965,140360]
[267,272,148365,149103]
[268,237,111917,111681]
[269,10,163634,164479]
[270,88,270909,271546]
[271,141,261485,260452]
[272,174,369384,370798]
[273,102,114767,116172]
[274,217,663446,662647]
[275,115,205655,204288]
[276,273,685432,684358]
[277,250,324955,325085]
[278,24,539053,539104]
[279,131,261587,260549]
[280,122,329442,330645]
[281,112,122642,122925]
[282,116,52034,52516]
[283,72,406927,407533]
[284,222,634206,635063]
[285,113,647327,645951]
[286,179,115535,114427]
[287,187,62885,61964]
[288,226,240355,240777]
[289,239,668716,667883]
[290,118,410457,410661]
[291,43,723799,722617]
[292,62,111337,112306]
[293,58,621084,621431]
[294,185,631427,630650]
[295,0,80967,81125]
[296,101,17284,17128]
[297,16,205742,206755]
[298,255,346301,346078]
[299,181,479087,478068]
[300,105,680252,679043]
[301,32,654910,656203]
[302,135,620833,620103]
[303,216,253592,254130]
[304,39,436618,435148]
[305,80,443455,444673]
[306,227,367607,367576]
[307,256,440608,441041]
[308,148,88126,89545]
[309,105,52600,51999]
[310,107,423036,422173]
[311,131,539967,538845]
[312,13,480234,479763]
[313,231,593145,593068]
[314,64,389962,390520]
[315,114,213024,213272]
[316,184,12377,12586]
[317,143,222310,221250]
[318,218,198061,198392]
[319,164,316325,316763]
[320,139,399597,399056]
