["head":"wrap","lpos","status"]
[252,518661,1]
["io count"]
[325]
["io":"id","wrap","startLpos","endLpos"]
[1,255,598948,598032]
[2,258,237742,238381]
[3,9,216813,216771]
[4,5,727593,727013]
[5,186,601732,602055]
[6,10,297966,298032]
[7,256,113825,114709]
[8,43,93322,92845]
[9,106,581911,582319]
[10,278,236538,237106]
[11,150,470143,470448]
[12,164,253017,254048]
[13,166,340771,341176]
[14,159,263410,262604]
[15,70,450630,451681]
[16,264,249070,249142]
[17,266,410700,411186]
[18,215,292184,291532]
[19,44,234831,234899]
[20,228,512184,513670]
[21,71,575829,574864]
[22,106,121245,121698]
[23,74,114392,115889]
[24,137,418132,416851]
[25,114,131765,132139]
[26,58,508748,509182]
[27,56,252213,252751]
[28,266,413802,415265]
[29,153,708141,706881]
[30,209,660762,659593]
[31,53,399595,399370]
[32,216,475895,476757]
[33,162,656040,656580]
[34,149,415381,413916]
[35,24,561730,562702]
[36,164,165452,165762]
[37,64,643528,643606]
[38,62,26188,27666]
[39,261,451686,450475]
[40,60,467087,468314]
[41,95,377968,376745]
[42,138,683994,684608]
[43,85,717884,717097]
[44,130,119253,119845]
[45,129,10948,9938]
[46,12,640983,641958]
[47,237,575795,574589]
[48,161,649413,648710]
[49,54,120810,120867]
[50,242,421507,422645]
[51,37,36311,35408]
[52,235,289979,288574]
[53,219,236363,235157]
[54,206,606647,607196]
[55,219,461437,461328]
[56,86,546062,546752]
[57,229,530033,529777]
[58,109,582139,581639]
[59,229,244491,244014]
[60,107,326737,325314]
[61,191,570465,570152]
[62,218,602391,603255]
[63,267,514606,513380]
[64,40,438130,439298]
[65,149,677985,677510]
[66,253,331838,330908]
[67,160,568210,568364]
[68,153,32510,31238]
[69,11,648337,648257]
[70,187,425327,424779]
[71,133,245219,243958]
[72,140,242317,243393]
[73,67,201277,200054]
[74,221,408647,407806]
[75,54,704928,705378]
[76,208,423041,423773]
[77,211,151259,151103]
[78,218,503353,504436]
[79,0,301289,301440]
[80,39,425091,424247]
[81,70,387720,388442]
[82,42,389289,390464]
[83,130,243423,244733]
[84,47,619505,618281]
[85,265,396779,395765]
[86,228,573387,573582]
[87,71,469923,469368]
[88,2,283857,284643]
[89,27,716733,716487]
[90,145,82892,82103]
[91,200,578900,579758]
[92,199,177998,176606]
[93,13,11851,10684]
[94,31,345557,344942]
[95,99,14980,14008]
[96,97,149677,149418]
[97,53,22320,21558]
[98,203,164848,163421]
[99,148,651968,652453]
[100,274,364339,365076]
[101,66,236593,238077]
[102,48,165443,165601]
[103,149,76026,75546]
[104,19,371017,370501]
[105,117,709901,709157]
[106,188,361475,361997]
[107,125,679222,678334]
[108,184,566743,568114]
[109,130,418405,419649]
[110,182,32732,34194]
[111,104,33388,33688]
[112,110,266978,267369]
[113,175,659556,659360]
[114,137,151600,150769]
[115,138,410392,410840]
[116,262,500359,500802]
[117,183,452182,451852]
[118,117,471345,471027]
[119,202,492881,494090]
[120,259,550651,549703]
[121,272,457940,459349]
[122,210,688952,689747]
[123,246,36887,37211]
[124,210,341865,342883]
[125,229,226071,225166]
[126,172,160128,160968]
[127,66,403060,404395]
[128,137,247498,246778]
[129,120,219792,220943]
[130,235,8087,7333]
[131,94,444012,444603]
[132,251,324105,323322]
[133,56,616607,617611]
[134,165,297594,296444]
[135,39,18368,17792]
[136,80,604322,605064]
[137,187,95587,94294]
[138,243,632645,632095]
[139,220,543044,543742]
[140,187,177496,177204]
[141,174,534678,535886]
[142,18,504672,504976]
[143,193,54870,53871]
[144,273,388207,387446]
[145,21,167612,167270]
[146,254,525787,527096]
[147,121,448325,447438]
[148,35,372035,371112]
[149,164,326159,326673]
[150,162,394216,395321]
[151,206,216333,216698]
[152,166,277908,279143]
[153,148,518545,518663]
[154,134,138963,139967]
[155,186,361100,362434]
[156,145,171291,171003]
[157,120,146787,147221]
[158,4,598811,599840]
[159,244,656514,657500]
[160,83,102882,101941]
[161,115,416436,415481]
[162,108,278619,278907]
[163,57,26158,25804]
[164,27,465703,464908]
[165,241,123619,122880]
[166,133,457190,456645]
[167,43,54733,54667]
[168,177,51752,50967]
[169,96,635092,635837]
[170,70,465154,465707]
[171,112,465169,465801]
[172,171,57262,56806]
[173,69,38708,38103]
[174,68,354690,354899]
[175,254,672655,673955]
[176,71,389434,389238]
[177,90,424273,425086]
[178,247,207510,207434]
[179,31,486393,485014]
[180,143,532698,531661]
[181,105,294604,294172]
[182,144,255940,257224]
[183,130,357950,359023]
[184,228,99913,100421]
[185,186,309859,311102]
[186,5,116031,115654]
[187,222,525045,525485]
[188,56,236875,238033]
[189,19,247568,246170]
[190,3,560885,560221]
[191,126,347548,348822]
[192,208,150702,151833]
[193,40,101603,102866]
[194,3,181687,180283]
[195,207,455541,454193]
[196,223,695833,695335]
[197,153,14720,14035]
[198,35,176050,174868]
[199,160,581052,581979]
[200,171,233695,233573]
[201,74,529305,530054]
[202,98,476182,476567]
[203,239,532086,531271]
[204,210,556500,557685]
[205,122,326040,326887]
[206,5,491095,489966]
[207,177,105683,105382]
[208,251,34803,33995]
[209,241,56763,55851]
[210,5,409690,408563]
[211,155,73093,71674]
[212,146,115187,116071]
[213,245,541137,540341]
[214,164,103144,104631]
[215,145,481869,480374]
[216,239,431338,431098]
[217,180,571907,573138]
[218,0,107040,107225]
[219,199,311153,310626]
[220,3,365030,364528]
[221,141,456521,455478]
[222,44,469869,470185]
[223,0,617828,618674]
[224,209,102753,101313]
[225,70,341912,342613]
[226,144,131858,133058]
[227,13,23321,22487]
[228,129,376071,375863]
[229,20,443427,444670]
[230,164,216692,217651]
[231,194,701323,702712]
[232,196,368219,368601]
[233,19,309236,308512]
[234,13,185325,185089]
[235,82,676794,677262]
[236,75,467847,466468]
[237,157,594740,594132]
[238,128,459123,459914]
[239,86,129545,131025]
[240,239,542773,541311]
[241,168,122269,122637]
[242,113,467428,467084]
[243,127,538452,538238]
[244,91,91258,91081]
[245,118,108008,109501]
[246,253,116891,115457]
[247,183,327400,325903]
[248,86,521022,521575]
[249,69,173767,172670]
[250,268,678454,679596]
[251,278,280405,280859]
[252,100,685125,686174]
[253,49,75626,74358]
[254,16,579099,580428]
[255,127,322889,321413]
[256,137,521986,521852]
[257,239,277778,277744]
[258,52,9217,10079]
[259,83,490540,490460]
[260,82,562299,563797]
[261,55,304472,303712]
[262,71,493244,491943]
[263,97,277829,276719]
[264,44,358302,358750]
[265,6,264219,264891]
[266,206,444455,445335]
[267,220,464910,464948]
[268,87,388137,387893]
[269,41,322719,322441]
[270,266,315531,315941]
[271,120,628069,629293]
[272,25,624150,622861]
[273,109,435815,434549]
[274,35,34096,33938]
[275,198,319885,320001]
[276,219,645215,644076]
[277,218,572894,573122]
[278,176,247796,248415]
[279,84,410095,411581]
[280,263,534220,533072]
[281,48,568084,569307]
[282,29,264473,263645]
[283,229,379519,379214]
[284,168,595994,597127]
[285,175,235233,234768]
[286,277,64458,63058]
[287,158,506655,508096]
[288,198,626541,626598]
[289,112,19418,20600]
[290,257,124728,123524]
[291,183,434872,434143]
[292,74,530910,531361]
[293,150,308874,309157]
[294,255,568433,567826]
[295,221,23129,23096]
[296,203,10892,9667]
[297,177,587208,586867]
[298,117,635288,634935]
[299,270,390306,390955]
[300,181,588987,588109]
[301,271,294474,294352]
[302,210,238801,239059]
[303,88,318079,318182]
[304,98,706171,706278]
[305,270,712493,713104]
[306,157,201314,200890]
[307,178,721912,722675]
[308,240,305852,306796]
[309,234,656496,657808]
[310,14,433764,434293]
[311,277,169895,169253]
[312,0,82436,83253]
[313,103,29070,29040]
[314,69,308293,307067]
[315,252,38991,40095]
[316,156,414239,415427]
[317,84,87392,87553]
[318,83,71264,71137]
[319,139,516969,515550]
[320,106,591649,592259]
[321,88,616849,617889]
[322,154,46080,46211]
[323,34,124010,124859]
[324,7,533339,532148]
[325,267,42626,41415]
