["head":"wrap","lpos","status"]
[85,568038,0]
["io count"]
[330]
["io":"id","wrap","startLpos","endLpos"]
[1,162,411812,413058]
[2,7,351645,351202]
[3,239,444639,443985]
[4,127,43125,41754]
[5,226,573687,574196]
[6,214,299406,300063]
[7,6,530925,532205]
[8,114,4202,5061]
[9,34,161785,162756]
[10,15,556248,555608]
[11,152,483183,484309]
[12,246,406530,406698]
[13,245,245872,244659]
[14,151,367016,365743]
[15,191,429779,429447]
[16,78,684545,684869]
[17,2,678831,680324]
[18,262,74101,74311]
[19,206,468768,469409]
[20,109,492609,491221]
[21,251,129895,128634]
[22,226,417933,419268]
[23,227,67646,66562]
[24,129,475691,474952]
[25,192,713688,714101]
[26,261,270307,270157]
[27,194,134270,134802]
[28,26,492522,493818]
[29,74,571127,572432]
[30,20,729271,729795]
[31,181,700886,700674]
[32,225,618870,618267]
[33,155,431488,431271]
[34,42,155701,156274]
[35,82,714969,715275]
[36,41,722079,721881]
[37,237,52903,52538]
[38,266,97550,98398]
[39,245,61273,60387]
[40,155,11702,11414]
[41,139,70281,69516]
[42,64,615463,616047]
[43,190,610773,610836]
[44,69,566566,565357]
[45,140,390142,390226]
[46,184,513228,513328]
[47,276,35686,36813]
[48,26,61060,61254]
[49,127,45225,45010]
[50,165,171106,169978]
[51,210,330572,331127]
[52,28,480179,481158]
[53,192,123085,123932]
[54,271,700624,700229]
[55,194,481589,482269]
[56,174,443154,443660]
[57,252,144759,145555]
[58,110,286196,286976]
[59,242,418153,419431]
[60,127,45716,45497]
[61,266,578706,578742]
[62,256,548174,548852]
[63,28,710887,712048]
[64,6,139725,140504]
[65,228,288786,288956]
[66,153,295564,294389]
[67,202,27014,27633]
[68,227,358437,358339]
[69,131,336896,335683]
[70,160,136264,136539]
[71,78,283412,284146]
[72,56,530224,530546]
[73,243,246286,245139]
[74,87,252540,251204]
[75,106,438593,438975]
[76,18,298872,299365]
[77,99,173086,171960]
[78,129,631379,630149]
[79,111,80321,79209]
[80,26,686230,686341]
[81,127,598053,597298]
[82,146,369502,370087]
[83,220,676898,677347]
[84,26,348356,349638]
[85,100,295541,296458]
[86,228,722362,723104]
[87,261,416168,414817]
[88,47,690430,690375]
[89,227,85295,83820]
[90,45,213797,213413]
[91,100,549247,550415]
[92,218,569343,570077]
[93,77,604907,604821]
[94,145,38401,37784]
[95,213,154500,153774]
[96,107,289801,288880]
[97,151,161455,161039]
[98,264,357784,358535]
[99,25,395441,394229]
[100,200,725262,725453]
[101,40,518018,518272]
[102,67,39058,37598]
[103,130,245856,246864]
[104,237,616847,615358]
[105,41,194676,193815]
[106,7,516554,515583]
[107,159,22062,21277]
[108,197,689806,689739]
[109,66,310252,310939]
[110,230,313534,314385]
[111,70,84059,84189]
[112,204,651592,652953]
[113,59,273447,272784]
[114,49,257513,256170]
[115,173,446961,446118]
[116,201,628976,628360]
[117,192,350906,351290]
[118,250,432285,432887]
[119,228,715265,716740]
[120,115,26786,25824]
[121,226,225868,226756]
[122,39,543087,542507]
[123,147,336849,336575]
[124,44,98725,99379]
[125,168,77623,78285]
[126,17,687124,686555]
[127,232,611427,612789]
[128,35,671145,670146]
[129,272,636689,637627]
[130,239,94345,94267]
[131,247,405344,403856]
[132,188,390298,391578]
[133,98,688133,689033]
[134,69,508899,508661]
[135,121,638171,638065]
[136,27,57053,56331]
[137,141,671622,670748]
[138,77,717502,716186]
[139,201,268577,267776]
[140,194,509206,510699]
[141,247,490335,490177]
[142,109,88579,88226]
[143,227,120471,119263]
[144,10,695794,696489]
[145,140,171213,171612]
[146,3,435562,434839]
[147,256,466716,466839]
[148,35,423824,423293]
[149,250,674451,675558]
[150,146,164023,164053]
[151,183,604285,603853]
[152,266,189051,189799]
[153,92,575382,576179]
[154,18,494950,496215]
[155,103,3882,3630]
[156,198,74141,74670]
[157,190,423495,423614]
[158,266,24904,24991]
[159,248,652110,653398]
[160,15,680349,679276]
[161,21,175371,174782]
[162,265,87360,86792]
[163,16,377464,377606]
[164,79,190115,188647]
[165,156,488302,489553]
[166,118,697427,697896]
[167,130,270338,271190]
[168,55,79978,79319]
[169,58,454990,456143]
[170,196,215748,216896]
[171,277,302464,301401]
[172,118,444199,445236]
[173,244,435530,436421]
[174,121,574342,573518]
[175,52,73066,74128]
[176,213,457611,456179]
[177,39,270379,269398]
[178,236,146352,146479]
[179,242,421274,421990]
[180,279,54310,52977]
[181,110,374778,375893]
[182,194,123852,124217]
[183,180,128831,129957]
[184,21,369734,369581]
[185,235,326401,326337]
[186,276,693453,694552]
[187,270,179401,180201]
[188,151,640055,638563]
[189,212,255030,255084]
[190,26,336447,337689]
[191,274,310405,311346]
[192,13,636401,636002]
[193,238,567552,568437]
[194,229,715103,713690]
[195,176,33299,34315]
[196,126,275133,276403]
[197,207,523498,522272]
[198,190,404759,405184]
[199,57,277461,276090]
[200,247,586048,585749]
[201,180,440470,441511]
[202,120,14997,15971]
[203,231,299902,298508]
[204,176,585693,587185]
[205,47,301381,300340]
[206,226,710794,712089]
[207,92,191174,191715]
[208,261,131296,131070]
[209,53,5106,3759]
[210,156,326704,326869]
[211,105,90201,89222]
[212,57,77887,77714]
[213,260,154017,154569]
[214,244,190411,191757]
[215,187,649752,649538]
[216,171,36996,36502]
[217,26,146613,147531]
[218,207,252878,252478]
[219,138,233494,233738]
[220,42,144296,144348]
[221,178,688192,688312]
[222,172,232646,234139]
[223,148,43392,44026]
[224,278,718377,718939]
[225,122,228570,229783]
[226,162,627383,627784]
[227,226,274020,274575]
[228,77,730211,728904]
[229,73,272586,271167]
[230,49,720530,719578]
[231,181,311318,310000]
[232,271,505286,504954]
[233,22,601354,601412]
[234,250,142728,143056]
[235,9,132507,131343]
[236,76,106585,106870]
[237,187,256918,255586]
[238,85,333214,332639]
[239,9,574032,573546]
[240,22,504137,505373]
[241,61,303194,302401]
[242,76,359836,361176]
[243,277,125425,124181]
[244,141,345264,344345]
[245,112,268509,268994]
[246,142,21336,22823]
[247,25,611334,609942]
[248,77,289344,288911]
[249,0,117443,117647]
[250,61,238364,238296]
[251,65,172300,170997]
[252,226,522237,522898]
[253,109,72887,72828]
[254,200,641051,642015]
[255,182,337209,338371]
[256,167,147461,146540]
[257,110,307346,307610]
[258,257,688270,687055]
[259,75,322005,321171]
[260,255,110107,108902]
[261,255,257417,256799]
[262,77,331983,331295]
[263,150,245654,246895]
[264,136,319058,320089]
[265,123,284044,283755]
[266,217,391459,390010]
[267,279,252911,251900]
[268,110,473173,474482]
[269,156,612430,613162]
[270,75,73928,73110]
[271,49,684585,683657]
[272,193,130217,130165]
[273,16,65617,67004]
[274,250,719027,719200]
[275,241,13163,12912]
[276,135,485832,484526]
[277,184,553896,555125]
[278,92,314657,315466]
[279,118,659309,660707]
[280,41,449959,448782]
[281,176,12273,13356]
[282,257,708240,706981]
[283,0,227204,227805]
[284,260,232525,233390]
[285,152,201121,201174]
[286,272,274823,275539]
[287,74,652561,653092]
[288,112,92681,94136]
[289,218,23776,24331]
[290,236,348588,349983]
[291,106,297635,298068]
[292,71,546041,545078]
[293,190,325965,326899]
[294,204,572581,573581]
[295,183,161161,160441]
[296,5,626456,625781]
[297,102,566232,567579]
[298,269,673872,673681]
[299,275,532950,531597]
[300,146,91947,92083]
[301,131,410149,408816]
[302,85,352570,352461]
[303,157,267515,266768]
[304,121,429540,428695]
[305,179,16181,14925]
[306,58,319867,320971]
[307,228,513417,513495]
[308,276,167795,168121]
[309,24,238681,240034]
[310,223,652610,651409]
[311,172,20316,20446]
[312,235,88988,87698]
[313,68,78112,79216]
[314,166,266242,266353]
[315,22,31342,32397]
[316,218,396297,397317]
[317,133,514164,513523]
[318,24,188267,189141]
[319,26,259010,259999]
[320,117,590414,589099]
[321,106,321284,322339]
[322,241,188175,187750]
[323,63,241278,240768]
[324,21,200872,200265]
[325,255,86438,85200]
[326,202,554027,555115]
[327,274,58388,58717]
[328,189,517147,516248]
[329,104,340310,341178]
[330,165,594489,593977]
