["head":"wrap","lpos","status"]
[225,701030,0]
["io count"]
[335]
["io":"id","wrap","startLpos","endLpos"]
[1,151,717850,717699]
[2,94,624967,626255]
[3,253,252274,251560]
[4,57,6986,5784]
[5,80,34862,35108]
[6,2,591446,592259]
[7,218,105345,105593]
[8,210,337209,337242]
[9,97,230696,230449]
[10,273,45693,45435]
[11,34,103889,104676]
[12,41,255145,254108]
[13,122,140153,140885]
[14,257,381056,379782]
[15,115,657934,657298]
[16,41,417074,416208]
[17,40,95243,95403]
[18,255,505091,503981]
[19,233,334116,333917]
[20,89,637197,636632]
[21,44,718835,719623]
[22,48,199621,200884]
[23,146,382503,383088]
[24,209,337721,336262]
[25,245,28667,28180]
[26,239,697655,697319]
[27,137,383235,382858]
[28,0,246904,247693]
[29,113,271668,270822]
[30,223,721189,719710]
[31,67,458250,457248]
[32,134,409690,409812]
[33,235,63901,62514]
[34,188,206328,207539]
[35,2,43171,43803]
[36,165,511784,511516]
[37,177,395111,394519]
[38,189,286590,285357]
[39,198,703827,704410]
[40,278,306581,307447]
[41,33,167431,166845]
[42,26,696253,697710]
[43,229,438439,437358]
[44,168,442108,442254]
[45,201,366082,365351]
[46,28,583618,583866]
[47,184,468480,469167]
[48,204,501971,502721]
[49,89,389637,388446]
[50,137,42290,40860]
[51,277,474214,473138]
[52,215,78515,77178]
[53,131,3270,2745]
[54,192,559211,560565]
[55,115,558329,558143]
[56,198,446852,448124]
[57,201,688016,687540]
[58,87,30550,30264]
[59,45,581774,581118]
[60,93,216086,215120]
[61,251,25647,25261]
[62,171,438435,438062]
[63,265,250719,250666]
[64,99,643275,642013]
[65,128,126457,126848]
[66,274,677475,678793]
[67,80,719311,719952]
[68,219,49315,48307]
[69,141,260225,259374]
[70,52,251577,251914]
[71,36,714171,715283]
[72,118,59560,60807]
[73,18,28159,28869]
[74,166,344121,344976]
[75,130,118096,118491]
[76,178,569696,570646]
[77,58,249619,250362]
[78,138,728458,729754]
[79,55,509809,508795]
[80,222,728493,729849]
[81,144,114570,114608]
[82,183,431642,430994]
[83,105,34418,34262]
[84,227,606545,606336]
[85,141,526778,526666]
[86,16,117225,118581]
[87,100,48464,49285]
[88,157,96581,96047]
[89,249,352841,352773]
[90,156,175,736]
[91,259,105338,105093]
[92,84,364393,364855]
[93,13,275031,273643]
[94,197,272971,271882]
[95,114,244676,245420]
[96,2,312417,312592]
[97,236,637912,637999]
[98,240,289162,290191]
[99,252,585260,585961]
[100,273,501608,500231]
[101,56,302344,303793]
[102,90,645627,646717]
[103,179,598366,597852]
[104,154,201136,201522]
[105,277,156468,155825]
[106,204,392799,392913]
[107,0,68192,69023]
[108,20,673897,674151]
[109,5,244483,244172]
[110,240,216198,217139]
[111,64,483787,484596]
[112,138,654470,655199]
[113,129,108592,107150]
[114,143,710792,710345]
[115,21,113174,111742]
[116,169,663485,663291]
[117,67,63627,62427]
[118,198,210661,211110]
[119,70,628713,629819]
[120,153,120343,119949]
[121,58,181267,181932]
[122,113,143050,142316]
[123,174,271001,271761]
[124,110,552752,554073]
[125,104,48410,49461]
[126,218,200889,201078]
[127,128,513923,513967]
[128,97,580583,580431]
[129,62,462100,463305]
[130,59,531368,530651]
[131,227,170493,169178]
[132,14,459878,461028]
[133,69,577196,576937]
[134,250,478646,478892]
[135,188,650483,651192]
[136,101,22567,21112]
[137,160,177994,179256]
[138,110,62881,64291]
[139,148,452571,453470]
[140,226,35673,35841]
[141,153,352961,352027]
[142,249,131531,130888]
[143,133,30269,29429]
[144,145,420819,419759]
[145,172,616239,616730]
[146,222,414362,414803]
[147,13,241641,240526]
[148,221,15616,14841]
[149,255,75822,74810]
[150,18,687561,687743]
[151,254,262716,263267]
[152,70,400566,401067]
[153,160,566081,566220]
[154,1,364493,363892]
[155,254,117048,118277]
[156,259,323041,322375]
[157,125,112799,111922]
[158,77,391998,391777]
[159,88,97720,98081]
[160,127,241819,240773]
[161,169,379754,378755]
[162,264,308903,309871]
[163,238,216022,216336]
[164,38,335901,337172]
[165,160,412519,413503]
[166,195,170133,169448]
[167,146,194546,195785]
[168,98,551331,551735]
[169,134,641468,642799]
[170,263,548026,547248]
[171,221,524946,524198]
[172,29,259724,259112]
[173,180,587794,588943]
[174,170,700710,701466]
[175,244,590720,591342]
[176,32,179427,180474]
[177,230,400884,401560]
[178,238,654224,655479]
[179,25,482544,481799]
[180,8,531987,533313]
[181,195,57948,56659]
[182,156,613758,614694]
[183,54,665295,665499]
[184,256,402559,403375]
[185,88,641367,641436]
[186,243,515989,515360]
[187,120,652549,652863]
[188,37,407441,407411]
[189,101,560141,559209]
[190,32,206126,207382]
[191,209,323275,322879]
[192,20,153563,154413]
[193,258,690127,691445]
[194,126,49243,50631]
[195,64,405220,405619]
[196,254,637771,638678]
[197,100,10790,11658]
[198,178,176691,177685]
[199,86,32836,33027]
[200,31,316221,315750]
[201,176,273664,274486]
[202,234,220408,221457]
[203,106,679855,680444]
[204,105,152305,151000]
[205,269,514575,513465]
[206,135,354885,354220]
[207,71,249824,249524]
[208,147,215078,214893]
[209,51,246299,245669]
[210,237,67636,66493]
[211,98,323072,323184]
[212,224,295665,296692]
[213,62,81428,82814]
[214,122,601615,601760]
[215,201,595613,595503]
[216,90,722020,722487]
[217,17,125016,123558]
[218,234,132466,132960]
[219,258,342810,343264]
[220,68,242094,242646]
[221,3,705491,704466]
[222,52,109101,110531]
[223,27,19299,18112]
[224,252,116152,117650]
[225,74,96106,97389]
[226,234,465946,466438]
[227,240,63764,65105]
[228,161,279091,279053]
[229,45,75522,75042]
[230,43,589090,587650]
[231,2,412793,413163]
[232,138,160708,161830]
[233,202,656240,657593]
[234,41,463237,461775]
[235,30,719093,719937]
[236,251,198939,197796]
[237,132,407955,408404]
[238,35,121378,119946]
[239,115,130088,129642]
[240,98,698443,699167]
[241,277,7212,7172]
[242,163,205817,205529]
[243,259,30065,28718]
[244,94,332577,332888]
[245,135,669177,668367]
[246,160,369658,369707]
[247,162,354111,355514]
[248,18,57093,57996]
[249,122,182406,183509]
[250,177,365057,364633]
[251,232,425951,426379]
[252,91,187644,186865]
[253,33,563202,562583]
[254,58,68154,68931]
[255,15,28568,27614]
[256,138,663600,665006]
[257,122,634681,635996]
[258,137,693877,693310]
[259,183,243382,242724]
[260,266,437318,438765]
[261,272,87011,88116]
[262,270,191546,191772]
[263,255,321802,320456]
[264,231,234361,233818]
[265,7,291751,291238]
[266,180,192799,193235]
[267,57,682767,681457]
[268,184,671528,672729]
[269,205,522558,522165]
[270,74,64031,64485]
[271,109,541694,540620]
[272,46,44530,44736]
[273,229,439952,439600]
[274,177,138050,136740]
[275,66,639056,639385]
[276,165,476719,475461]
[277,20,111484,111785]
[278,134,240478,241604]
[279,203,136870,135518]
[280,41,201522,201038]
[281,227,47927,46556]
[282,146,472813,473845]
[283,58,433902,435135]
[284,200,493026,494472]
[285,152,682874,684315]
[286,177,346662,346416]
[287,178,160544,161816]
[288,187,580128,580029]
[289,176,685643,685894]
[290,266,118835,120234]
[291,277,113493,112369]
[292,257,313748,312657]
[293,77,685355,684180]
[294,103,564311,564224]
[295,207,119221,118271]
[296,249,568729,567780]
[297,139,581614,580476]
[298,10,504457,504598]
[299,137,108382,107223]
[300,94,664732,665434]
[301,267,463078,462983]
[302,205,444115,443409]
[303,132,179733,180985]
[304,270,74326,74674]
[305,80,345483,346016]
[306,136,728756,729908]
[307,196,407001,407095]
[308,198,618872,620200]
[309,260,540079,540302]
[310,107,591007,589821]
[311,152,497070,497792]
[312,23,23016,22483]
[313,80,554403,554524]
[314,81,287056,286941]
[315,40,619321,619474]
[316,262,127917,129364]
[317,118,230150,230448]
[318,259,19338,18094]
[319,79,236377,235976]
[320,187,16292,16186]
[321,177,269775,269193]
[322,97,575736,575649]
[323,115,649488,648867]
[324,135,504722,503475]
[325,200,340535,340792]
[326,53,511959,510943]
[327,17,701348,701108]
[328,104,353544,354999]
[329,238,449753,451239]
[330,60,538955,539066]
[331,247,679358,678688]
[332,209,439857,439710]
[333,212,265561,265620]
[334,220,319299,320352]
[335,183,25747,25659]
