["head":"wrap","lpos","status"]
[143,430496,1]
["io count"]
[340]
["io":"id","wrap","startLpos","endLpos"]
[1,189,146972,145667]
[2,232,358409,359861]
[3,125,610792,610756]
[4,249,102546,102497]
[5,277,648767,648681]
[6,252,167729,168955]
[7,44,621073,622133]
[8,116,181955,182319]
[9,7,510399,509124]
[10,263,287214,285762]
[11,240,100877,102214]
[12,67,283691,282901]
[13,123,656540,655644]
[14,120,453300,454029]
[15,0,68222,68752]
[16,93,265715,265271]
[17,214,207052,207981]
[18,247,304791,304035]
[19,72,405386,406521]
[20,121,627094,625878]
[21,151,380016,378550]
[22,131,606576,605907]
[23,7,672559,672357]
[24,207,320660,320619]
[25,15,325144,324445]
[26,114,87199,88074]
[27,134,66527,67398]
[28,252,516319,517501]
[29,201,571380,571280]
[30,80,242394,243814]
[31,189,415056,414928]
[32,237,163459,162723]
[33,245,551926,551577]
[34,99,390673,390483]
[35,69,434776,433961]
[36,153,521253,519885]
[37,206,404665,406040]
[38,225,269589,269520]
[39,250,101542,102889]
[40,268,415777,416453]
[41,238,95244,95757]
[42,231,504696,503347]
[43,183,532710,531669]
[44,90,447034,448453]
[45,153,701187,700360]
[46,191,183637,183589]
[47,15,584624,584349]
[48,253,510390,509692]
[49,92,676155,676673]
[50,95,104847,103348]
[51,8,430846,431619]
[52,27,328170,326709]
[53,113,714549,713932]
[54,202,529651,530079]
[55,198,571911,572660]
[56,151,329908,329269]
[57,216,458539,458747]
[58,98,168747,169930]
[59,230,649933,650931]
[60,25,94536,93382]
[61,18,551862,552716]
[62,59,525286,524497]
[63,67,23666,23571]
[64,114,490952,492406]
[65,178,109948,111434]
[66,67,446825,446347]
[67,165,26278,25173]
[68,21,269042,267591]
[69,72,329738,329842]
[70,242,370443,371648]
[71,108,688724,689689]
[72,202,302590,303496]
[73,201,608260,607845]
[74,65,678928,677482]
[75,98,85068,86535]
[76,151,620746,620163]
[77,266,125145,125576]
[78,171,311967,310514]
[79,61,242680,241555]
[80,107,588521,588018]
[81,123,259372,258117]
[82,193,124957,123787]
[83,206,497183,497740]
[84,91,378271,376795]
[85,78,394253,395126]
[86,51,520536,520159]
[87,80,456146,456638]
[88,112,320661,321296]
[89,20,693075,694001]
[90,186,131697,132277]
[91,161,506466,506328]
[92,211,424714,424558]
[93,146,539165,539641]
[94,0,570185,570954]
[95,163,323499,323446]
[96,122,281663,281732]
[97,7,681652,680627]
[98,279,266053,265872]
[99,260,303774,304369]
[100,173,469122,468862]
[101,116,366804,366929]
[102,163,360799,359562]
[103,68,36990,37493]
[104,54,322203,322835]
[105,17,730796,729441]
[106,222,657073,658067]
[107,155,634059,633880]
[108,133,630569,630364]
[109,248,432927,433159]
[110,36,484484,485907]
[111,110,507969,508112]
[112,192,445392,445839]
[113,8,338235,339409]
[114,55,161764,160290]
[115,139,405363,404853]
[116,216,40250,41332]
[117,127,557653,556438]
[118,141,653677,653638]
[119,216,589635,590407]
[120,67,540283,539575]
[121,273,151624,151258]
[122,110,452162,452928]
[123,94,271011,272067]
[124,261,228794,228162]
[125,67,471505,471246]
[126,82,284094,285151]
[127,45,155004,154901]
[128,162,509819,510877]
[129,203,503429,502444]
[130,44,605750,607067]
[131,128,27782,29222]
[132,210,323773,324669]
[133,153,534180,533602]
[134,93,513313,512440]
[135,156,76292,76759]
[136,17,262572,261321]
[137,50,51751,52222]
[138,170,244828,246285]
[139,99,357197,356392]
[140,248,583869,584595]
[141,212,150232,150334]
[142,62,653864,654545]
[143,1,694982,693681]
[144,0,700734,700961]
[145,115,475419,474651]
[146,33,250438,250144]
[147,25,487879,486771]
[148,107,519347,519256]
[149,46,144163,145634]
[150,51,151978,151102]
[151,94,377066,377119]
[152,165,543929,543174]
[153,67,353778,353434]
[154,153,446269,445988]
[155,272,129782,129897]
[156,228,585040,585352]
[157,120,458628,459337]
[158,227,55776,54555]
[159,274,728325,729458]
[160,207,109098,107908]
[161,121,365567,365388]
[162,44,564806,565669]
[163,4,392601,393758]
[164,142,6964,8129]
[165,156,277940,278978]
[166,31,374771,374018]
[167,162,46354,46845]
[168,36,461057,461254]
[169,249,540198,539181]
[170,104,326334,327128]
[171,155,491232,489984]
[172,165,726002,725385]
[173,238,29159,30585]
[174,233,38730,38518]
[175,125,239394,238543]
[176,209,452818,452038]
[177,76,458069,458299]
[178,269,19454,18816]
[179,100,585237,586669]
[180,16,95004,95355]
[181,56,126489,126652]
[182,153,550251,549374]
[183,46,330870,332169]
[184,79,407078,406980]
[185,243,27463,26409]
[186,251,54698,54510]
[187,142,500176,501350]
[188,169,190010,189198]
[189,228,15522,17008]
[190,44,119500,120691]
[191,269,45869,45222]
[192,54,325167,325521]
[193,37,296996,296390]
[194,140,331303,332007]
[195,202,511296,511624]
[196,141,482858,481470]
[197,167,327617,327412]
[198,253,688075,687079]
[199,89,295651,295469]
[200,1,362243,361546]
[201,209,146877,146614]
[202,40,539065,540079]
[203,251,728426,728265]
[204,127,50102,49666]
[205,157,611551,611064]
[206,1,651473,651129]
[207,56,172654,173346]
[208,79,80547,79560]
[209,4,63608,63937]
[210,26,669964,670672]
[211,151,571043,569582]
[212,30,430907,431225]
[213,219,280046,278650]
[214,244,74117,75107]
[215,130,454758,455072]
[216,164,548188,548243]
[217,29,711701,710261]
[218,215,629260,629133]
[219,242,23453,24594]
[220,140,428539,428681]
[221,22,716934,718351]
[222,145,146734,145636]
[223,256,32774,33714]
[224,17,130352,129640]
[225,172,83147,83257]
[226,143,99430,99261]
[227,79,461550,460608]
[228,29,639459,638046]
[229,94,296358,296787]
[230,78,399331,399918]
[231,244,686492,687972]
[232,248,447855,448153]
[233,107,706497,705562]
[234,265,118225,118149]
[235,1,236097,234824]
[236,194,145546,146571]
[237,218,714437,714504]
[238,176,53031,53766]
[239,265,151612,151130]
[240,69,353608,353402]
[241,245,168917,168171]
[242,212,582878,583775]
[243,145,139634,138829]
[244,90,594309,594512]
[245,13,287940,287054]
[246,163,565210,565130]
[247,65,480885,480160]
[248,132,669836,670121]
[249,125,41307,41021]
[250,75,417654,416448]
[251,217,81725,81504]
[252,70,141696,142906]
[253,188,462663,463258]
[254,21,461306,460680]
[255,240,38371,38891]
[256,149,323645,323018]
[257,269,698029,697607]
[258,277,658549,657614]
[259,109,477654,476791]
[260,72,564432,564820]
[261,181,290423,289523]
[262,167,247887,247070]
[263,132,397171,397474]
[264,38,503663,504705]
[265,59,2803,1815]
[266,272,545327,545467]
[267,279,55684,54892]
[268,49,454576,453824]
[269,183,179212,178647]
[270,37,201722,200993]
[271,246,550984,551799]
[272,89,115266,115084]
[273,243,320345,319961]
[274,43,580619,580207]
[275,214,436678,438012]
[276,35,31237,30122]
[277,78,543659,544806]
[278,244,309793,310423]
[279,240,437558,437681]
[280,101,347886,347596]
[281,14,485758,487132]
[282,15,399774,399084]
[283,260,46396,46526]
[284,253,266977,266495]
[285,57,445735,445383]
[286,261,453972,452718]
[287,150,650921,651103]
[288,191,101998,101456]
[289,270,48852,49470]
[290,150,88795,89450]
[291,159,667573,666455]
[292,265,511476,511177]
[293,4,211872,212936]
[294,61,31968,31685]
[295,42,320280,320769]
[296,268,31759,32308]
[297,182,659358,659652]
[298,110,50915,51105]
[299,20,13569,14039]
[300,190,660291,661560]
[301,121,157247,156926]
[302,74,482243,483136]
[303,175,600335,600143]
[304,55,667661,666342]
[305,264,30297,30332]
[306,197,517397,516249]
[307,167,502839,502762]
[308,65,219913,219311]
[309,15,647510,646085]
[310,137,597430,597118]
[311,192,555475,556478]
[312,22,262653,263473]
[313,184,433880,435225]
[314,16,101435,102458]
[315,190,646969,647408]
[316,237,527491,526991]
[317,9,455066,454207]
[318,225,561693,560747]
[319,244,539693,541132]
[320,107,456847,456720]
[321,213,210806,210694]
[322,255,403792,403378]
[323,266,538731,540176]
[324,163,569069,568169]
[325,155,666528,665601]
[326,137,21631,21449]
[327,46,430709,430841]
[328,54,598956,600220]
[329,89,628872,627573]
[330,222,152917,153189]
[331,64,203846,204085]
[332,186,537934,538085]
[333,234,263235,264105]
[334,26,272904,274111]
[335,276,359087,359692]
[336,246,299089,299496]
[337,101,32359,30878]
[338,247,433616,433564]
[339,71,203590,203394]
[340,248,616885,617884]
