["head":"wrap","lpos","status"]
[9,695302,0]
["io count"]
[345]
["io":"id","wrap","startLpos","endLpos"]
[1,174,3246,4173]
[2,177,615716,615332]
[3,271,180319,180153]
[4,31,42588,42272]
[5,279,596323,596126]
[6,158,92084,92168]
[7,196,537561,537685]
[8,96,241462,242593]
[9,206,510164,511059]
[10,205,136253,136159]
[11,160,7568,7643]
[12,264,366595,368062]
[13,145,254427,253636]
[14,131,180252,179327]
[15,130,713695,714250]
[16,88,303440,304008]
[17,249,492912,491429]
[18,235,147134,145766]
[19,205,645058,644738]
[20,87,730048,729853]
[21,42,231527,231802]
[22,26,245531,246095]
[23,271,169874,168883]
[24,70,259297,260449]
[25,268,597450,597797]
[26,239,720587,719813]
[27,121,279185,278552]
[28,57,273648,272387]
[29,6,728943,729848]
[30,48,8770,9276]
[31,246,169433,170410]
[32,145,359432,358065]
[33,125,599053,598476]
[34,18,49994,50360]
[35,233,348574,348282]
[36,22,667790,668599]
[37,217,466532,465084]
[38,98,14864,15429]
[39,228,112788,113227]
[40,208,499728,500836]
[41,41,465577,464211]
[42,222,159527,160038]
[43,36,440269,440788]
[44,11,534157,533027]
[45,94,452387,452512]
[46,257,370239,369096]
[47,26,279207,279560]
[48,60,439097,440146]
[49,36,287857,289129]
[50,44,699680,700529]
[51,167,327755,327468]
[52,50,521647,522303]
[53,155,458201,458123]
[54,32,265333,265531]
[55,278,695719,696508]
[56,93,204527,204115]
[57,204,563260,563297]
[58,13,141076,140033]
[59,174,459471,459984]
[60,137,405725,405626]
[61,32,540579,541874]
[62,240,687400,687962]
[63,125,488331,486871]
[64,22,72053,72382]
[65,120,47149,48287]
[66,45,177382,176102]
[67,193,368415,367066]
[68,83,626298,626239]
[69,180,294187,295115]
[70,258,426120,426409]
[71,128,241466,242399]
[72,28,515565,516739]
[73,58,506774,507882]
[74,233,107781,107034]
[75,18,9989,10723]
[76,124,408605,409564]
[77,245,296887,295878]
[78,98,308307,309753]
[79,127,477289,475854]
[80,248,177282,177619]
[81,98,646110,646798]
[82,255,351670,350416]
[83,174,166378,167841]
[84,255,93468,92558]
[85,9,525129,524692]
[86,182,262292,262879]
[87,39,377017,375563]
[88,218,81408,81889]
[89,6,453422,453456]
[90,237,130449,129304]
[91,97,413234,411806]
[92,201,361405,360117]
[93,68,56020,56220]
[94,197,259905,259465]
[95,213,467042,465774]
[96,39,410745,409318]
[97,181,323877,322792]
[98,183,17598,16877]
[99,58,359372,359632]
[100,123,643643,643420]
[101,279,28013,27762]
[102,6,455482,456635]
[103,1,246131,244657]
[104,206,291321,291439]
[105,153,148854,148619]
[106,16,545482,546328]
[107,159,139936,139008]
[108,20,362649,364034]
[109,51,621079,619763]
[110,153,557490,556496]
[111,140,93182,94322]
[112,88,225737,226805]
[113,16,699708,699849]
[114,232,373401,374026]
[115,196,58168,59310]
[116,176,426793,428214]
[117,60,283067,284327]
[118,212,729335,730223]
[119,197,290310,289051]
[120,168,550550,550595]
[121,253,652726,652681]
[122,116,501226,501824]
[123,100,51175,51937]
[124,200,430783,432158]
[125,3,200290,200003]
[126,153,462444,461295]
[127,103,588082,586769]
[128,273,672790,672517]
[129,259,664150,663820]
[130,115,356656,356347]
[131,240,404034,404361]
[132,197,664845,664448]
[133,96,275054,275298]
[134,47,158842,158750]
[135,37,9851,9562]
[136,144,527762,528864]
[137,272,522172,522817]
[138,39,116906,116832]
[139,91,167593,166391]
[140,156,308735,309929]
[141,8,425106,425729]
[142,111,35445,34019]
[143,82,429362,430414]
[144,192,558938,559891]
[145,279,391496,391203]
[146,93,22772,22622]
[147,201,576688,575797]
[148,235,483557,483014]
[149,251,24864,24833]
[150,107,234779,234226]
[151,65,82673,82456]
[152,50,278104,278861]
[153,279,176942,176709]
[154,177,471322,470730]
[155,261,327469,326015]
[156,202,336372,337329]
[157,11,255471,254489]
[158,173,615216,615141]
[159,66,394418,395573]
[160,234,688161,689370]
[161,114,486874,487310]
[162,34,100794,102174]
[163,114,424000,424531]
[164,126,612793,612871]
[165,12,292765,293611]
[166,262,378955,380110]
[167,108,700267,701636]
[168,253,668128,666664]
[169,193,381643,381176]
[170,80,265406,266453]
[171,92,210002,211145]
[172,248,681996,682669]
[173,251,184906,184196]
[174,174,679299,680276]
[175,169,351129,350206]
[176,200,27675,28836]
[177,149,271766,270470]
[178,119,446586,446281]
[179,166,660883,661988]
[180,161,390174,390128]
[181,46,491952,492379]
[182,98,323769,324068]
[183,205,621648,621222]
[184,208,401814,402804]
[185,224,455881,456684]
[186,148,127377,127935]
[187,115,98076,96792]
[188,28,404881,405634]
[189,55,478572,477735]
[190,138,472684,472900]
[191,264,441395,442242]
[192,121,559770,559333]
[193,102,532651,533794]
[194,273,115306,113841]
[195,191,600642,599803]
[196,25,42103,41290]
[197,92,480630,481510]
[198,142,346548,347860]
[199,138,581402,582421]
[200,107,269815,268620]
[201,113,417769,416305]
[202,251,212695,211354]
[203,76,341239,341621]
[204,24,7651,8838]
[205,132,280381,281742]
[206,198,109984,110564]
[207,221,609365,608000]
[208,53,421456,420880]
[209,164,208336,209462]
[210,70,381289,381969]
[211,187,194350,193578]
[212,4,157389,157425]
[213,89,111436,110567]
[214,128,197881,198359]
[215,250,516982,517947]
[216,17,123301,122847]
[217,174,348035,349535]
[218,134,189158,189531]
[219,90,632714,633884]
[220,249,726582,725543]
[221,247,68662,68537]
[222,118,691926,692132]
[223,278,441915,442299]
[224,270,144544,144835]
[225,84,628333,628572]
[226,115,206924,205990]
[227,16,119485,119675]
[228,229,351082,350716]
[229,246,468409,469098]
[230,259,403814,403501]
[231,203,283339,282298]
[232,250,262049,263214]
[233,49,89211,87878]
[234,58,698925,699079]
[235,93,315136,314474]
[236,226,22965,23089]
[237,259,195344,194865]
[238,180,21231,21404]
[239,113,217444,216885]
[240,107,155935,155763]
[241,201,595413,594034]
[242,144,135751,137009]
[243,174,209664,209816]
[244,172,530328,531110]
[245,56,550128,550725]
[246,163,578638,577256]
[247,143,471137,469963]
[248,67,700534,699782]
[249,63,215657,214806]
[250,192,588787,588857]
[251,117,520105,519468]
[252,60,670031,670421]
[253,64,461421,462134]
[254,197,318880,317933]
[255,201,591571,591143]
[256,244,86480,87000]
[257,73,269491,268616]
[258,238,463115,463415]
[259,70,713603,714641]
[260,111,365093,364681]
[261,247,458257,456991]
[262,161,93417,91937]
[263,258,132053,132666]
[264,227,675861,674961]
[265,249,583876,583524]
[266,30,51945,52973]
[267,188,237328,238064]
[268,250,21254,21766]
[269,128,303797,303902]
[270,258,419137,420107]
[271,130,647667,647750]
[272,195,335995,335027]
[273,106,609326,609671]
[274,235,175332,173893]
[275,249,726852,726374]
[276,30,207376,207660]
[277,161,423968,422896]
[278,48,452791,453151]
[279,39,16964,15645]
[280,146,593181,594488]
[281,3,588409,587878]
[282,80,223459,224896]
[283,187,128280,127012]
[284,32,666669,667228]
[285,44,288929,290335]
[286,205,106449,106136]
[287,171,68865,67835]
[288,84,654518,655357]
[289,59,121080,120419]
[290,239,92947,91962]
[291,54,526075,527111]
[292,209,581720,581117]
[293,178,427642,428942]
[294,150,304457,305526]
[295,133,367801,366754]
[296,151,66436,65527]
[297,27,610447,608981]
[298,88,688782,689630]
[299,35,503685,503088]
[300,119,33131,32696]
[301,185,223729,222909]
[302,75,124111,124032]
[303,233,18954,17591]
[304,8,63781,64122]
[305,261,225440,224459]
[306,142,318698,319818]
[307,21,187088,186955]
[308,50,712441,713726]
[309,194,461350,461478]
[310,74,56948,57006]
[311,21,324112,322786]
[312,244,469520,469757]
[313,205,657508,656621]
[314,11,167857,166825]
[315,95,159152,159019]
[316,23,284258,283282]
[317,247,598923,597423]
[318,212,379819,381178]
[319,144,640647,641847]
[320,104,377424,377596]
[321,196,608184,608742]
[322,178,77335,77444]
[323,195,24364,23119]
[324,162,627935,628471]
[325,186,683723,683877]
[326,237,98641,97369]
[327,116,220768,221624]
[328,80,231669,232578]
[329,244,251755,252222]
[330,166,573932,575284]
[331,147,32879,32190]
[332,229,167562,167332]
[333,99,564951,564287]
[334,84,676697,677471]
[335,51,277712,277234]
[336,23,242982,242239]
[337,107,541930,541365]
[338,212,667767,669152]
[339,261,589129,588598]
[340,125,728015,727694]
[341,58,55301,56742]
[342,248,210604,211403]
[343,61,495783,495034]
[344,93,14618,14433]
[345,185,525097,523980]
