["head":"wrap","lpos","status"]
[276,169040,1]
["io count"]
[35]
["io":"id","wrap","startLpos","endLpos"]
[1,259,283716,283513]
[2,85,561889,561667]
[3,15,492373,491919]
[4,168,345868,346733]
[5,158,66022,67281]
[6,2,47269,48595]
[7,85,390275,389488]
[8,28,59648,60409]
[9,23,146065,145502]
[10,203,85967,84956]
[11,19,188681,187644]
[12,85,291634,290710]
[13,268,658918,659208]
[14,66,454586,455093]
[15,86,5254,5946]
[16,174,434875,435295]
[17,50,67523,67621]
[18,75,730787,730663]
[19,9,623384,621905]
[20,128,526462,527809]
[21,66,539739,541170]
[22,54,608255,608932]
[23,141,432003,431973]
[24,164,419419,419511]
[25,193,681706,680741]
[26,65,503681,502906]
[27,118,425659,426207]
[28,136,629042,629565]
[29,168,372784,373823]
[30,196,689509,689692]
[31,254,642906,643261]
[32,131,524011,523566]
[33,42,145379,146291]
[34,44,675009,675590]
[35,238,542788,543424]
