["head":"wrap","lpos","status"]
[86,249021,0]
["io count"]
[350]
["io":"id","wrap","startLpos","endLpos"]
[1,80,561093,561406]
[2,272,721862,722375]
[3,62,521354,521439]
[4,192,712880,713815]
[5,238,242376,243721]
[6,256,646010,647476]
[7,11,557302,556254]
[8,147,127923,127565]
[9,166,541176,542388]
[10,137,728043,727514]
[11,156,74833,75058]
[12,226,688703,689823]
[13,233,586833,585907]
[14,222,140965,141315]
[15,109,702074,701229]
[16,3,100761,99814]
[17,157,140938,140069]
[18,152,414588,415272]
[19,88,478737,479679]
[20,193,702311,702039]
[21,27,149992,149595]
[22,40,391439,392096]
[23,60,195055,195986]
[24,271,447821,446816]
[25,3,95844,95623]
[26,17,363232,363079]
[27,169,137599,136109]
[28,250,134583,135957]
[29,169,19337,19049]
[30,164,242844,243876]
[31,132,34845,35953]
[32,182,185150,185607]
[33,87,237840,236463]
[34,4,155211,155378]
[35,89,25015,24725]
[36,242,288674,288953]
[37,247,721608,720432]
[38,72,134708,135880]
[39,59,401812,400781]
[40,98,13539,14110]
[41,16,437351,438252]
[42,173,187092,185974]
[43,77,10935,10441]
[44,249,273527,272994]
[45,139,267431,266880]
[46,83,357875,356413]
[47,118,7432,8661]
[48,72,121712,122923]
[49,240,451362,452382]
[50,13,553680,553101]
[51,109,26781,25850]
[52,179,672896,671917]
[53,9,487709,486827]
[54,75,393843,392521]
[55,234,551089,551791]
[56,246,360467,361395]
[57,263,644433,644318]
[58,123,515367,514760]
[59,236,51954,53031]
[60,49,217752,216319]
[61,108,570452,571746]
[62,278,624642,625072]
[63,126,393093,394389]
[64,206,632565,633158]
[65,113,116417,115738]
[66,160,229247,229743]
[67,182,176248,177379]
[68,106,315419,315518]
[69,198,725398,726716]
[70,186,148817,150237]
[71,245,201011,200425]
[72,17,495117,495049]
[73,271,725565,725192]
[74,137,706420,705226]
[75,9,183392,182764]
[76,105,379696,378424]
[77,179,241487,240596]
[78,57,557576,557222]
[79,193,29382,28254]
[80,8,690792,691868]
[81,4,105714,106626]
[82,272,642917,643531]
[83,151,582653,582310]
[84,98,520504,520895]
[85,264,231506,231910]
[86,154,192045,192951]
[87,197,207266,206873]
[88,144,661049,662416]
[89,36,551168,551426]
[90,206,283783,285112]
[91,62,128279,129760]
[92,176,248377,249134]
[93,7,630576,630280]
[94,135,46288,45000]
[95,68,199406,200862]
[96,188,35385,36026]
[97,200,634186,634222]
[98,240,36527,37037]
[99,265,156400,156002]
[100,28,419264,419468]
[101,218,251503,252681]
[102,112,459524,460843]
[103,5,582731,582334]
[104,85,359291,358791]
[105,2,671579,671795]
[106,73,215469,214287]
[107,7,268961,267950]
[108,243,519923,519737]
[109,262,530581,532048]
[110,245,43431,42796]
[111,85,437949,437705]
[112,268,155482,156099]
[113,107,219273,218811]
[114,8,92514,93244]
[115,117,548734,548540]
[116,205,467333,465931]
[117,249,656458,655317]
[118,238,216480,216536]
[119,154,311894,313089]
[120,208,508751,508820]
[121,74,4685,5422]
[122,229,608438,607082]
[123,135,199856,198791]
[124,52,131961,132247]
[125,67,226374,225117]
[126,35,143286,142601]
[127,47,382874,382526]
[128,75,587926,587062]
[129,79,343644,342639]
[130,172,231598,232929]
[131,277,534948,533513]
[132,164,699870,700033]
[133,257,578065,577946]
[134,107,234131,233989]
[135,88,608811,609431]
[136,238,30760,31839]
[137,151,324978,324834]
[138,113,524511,524382]
[139,235,602801,602141]
[140,179,539499,538380]
[141,181,458249,456851]
[142,248,241225,242707]
[143,7,526746,526351]
[144,209,84070,83911]
[145,141,293466,292907]
[146,155,60733,59690]
[147,240,170315,171134]
[148,279,66657,66592]
[149,133,392747,392216]
[150,239,395723,394532]
[151,183,71197,70201]
[152,92,530708,531922]
[153,92,581191,582542]
[154,91,332186,331536]
[155,130,675235,676456]
[156,71,643626,642827]
[157,20,38994,40414]
[158,148,581482,581990]
[159,124,91924,92096]
[160,5,542874,541672]
[161,2,2510,3932]
[162,131,515745,514467]
[163,276,169768,171177]
[164,101,282863,282331]
[165,277,554104,554022]
[166,2,74606,75864]
[167,99,646386,645003]
[168,102,621931,622459]
[169,204,627922,628946]
[170,162,209328,210065]
[171,265,412649,411415]
[172,134,540534,541382]
[173,268,256596,256803]
[174,31,714886,713497]
[175,215,444133,442784]
[176,210,499960,501236]
[177,50,580783,581658]
[178,67,611663,610310]
[179,204,424377,424758]
[180,177,401837,400379]
[181,22,392380,393639]
[182,58,347952,349366]
[183,184,685060,685818]
[184,28,687662,688474]
[185,243,118515,117169]
[186,100,274023,274321]
[187,49,251973,251725]
[188,211,231448,230164]
[189,37,403311,402195]
[190,36,189428,190646]
[191,213,322555,321797]
[192,264,682901,684252]
[193,175,107475,107132]
[194,0,405342,405528]
[195,100,300053,300320]
[196,55,578053,576666]
[197,50,71601,72492]
[198,19,712026,711709]
[199,277,672181,670769]
[200,212,186745,187387]
[201,26,432167,433134]
[202,170,437972,438069]
[203,0,171720,172335]
[204,6,101178,101478]
[205,217,658119,657974]
[206,145,129895,129309]
[207,68,420266,421183]
[208,136,19188,19303]
[209,152,266473,266743]
[210,40,445096,445337]
[211,205,477089,476230]
[212,106,548844,550158]
[213,256,129063,129602]
[214,244,43095,43773]
[215,162,97286,98135]
[216,221,687384,685999]
[217,236,374574,375700]
[218,144,90979,92022]
[219,73,298648,297460]
[220,19,195744,195245]
[221,78,714344,715234]
[222,272,591119,591197]
[223,208,253558,253863]
[224,86,336766,337862]
[225,109,433388,432697]
[226,155,86165,85474]
[227,48,504489,504828]
[228,34,63098,63874]
[229,197,25161,23834]
[230,32,642174,643081]
[231,244,489694,490495]
[232,145,561468,560705]
[233,169,152656,151653]
[234,262,72474,73885]
[235,251,464891,463749]
[236,186,591351,592441]
[237,248,412893,414381]
[238,2,599712,599979]
[239,177,35124,34950]
[240,35,719842,719785]
[241,48,708462,709790]
[242,91,696705,696289]
[243,101,324061,323228]
[244,50,437212,438037]
[245,46,660472,661753]
[246,252,653250,653684]
[247,200,101110,101606]
[248,93,726273,725553]
[249,91,416189,415827]
[250,228,487245,488338]
[251,109,132959,131628]
[252,31,560154,559504]
[253,191,47646,46741]
[254,230,263850,264886]
[255,262,142825,143187]
[256,196,575643,575798]
[257,103,130563,130148]
[258,90,662945,663042]
[259,149,419095,418465]
[260,38,215788,216328]
[261,262,399215,399666]
[262,113,585092,584508]
[263,254,236716,237425]
[264,90,718582,719605]
[265,190,208182,208639]
[266,86,29794,30019]
[267,13,157693,156406]
[268,263,315690,315417]
[269,21,332773,331911]
[270,66,512424,513798]
[271,238,603443,603881]
[272,130,595137,595701]
[273,144,256177,257360]
[274,186,556503,557125]
[275,128,382220,382315]
[276,241,324762,324722]
[277,132,435428,436270]
[278,53,194574,193350]
[279,183,389179,388224]
[280,37,344079,343752]
[281,12,220822,221732]
[282,258,278127,278957]
[283,126,528325,529511]
[284,187,58524,57053]
[285,277,162188,161266]
[286,94,487467,488814]
[287,279,370727,369726]
[288,214,40077,40878]
[289,119,347404,346590]
[290,5,373579,372183]
[291,24,467898,469364]
[292,205,380188,379543]
[293,181,309131,307983]
[294,92,254393,255357]
[295,171,128471,127188]
[296,19,515323,514200]
[297,113,16387,15788]
[298,243,294896,294480]
[299,162,281146,282326]
[300,59,498854,498402]
[301,70,115071,115722]
[302,267,170621,169668]
[303,252,106617,107386]
[304,118,150915,151937]
[305,260,700937,701099]
[306,224,192789,193032]
[307,202,378295,378742]
[308,152,146912,147631]
[309,2,245981,247224]
[310,46,66796,67076]
[311,68,4969,6008]
[312,45,41841,40954]
[313,169,426766,426300]
[314,248,388117,388279]
[315,213,609136,608981]
[316,215,649730,648660]
[317,108,47871,48823]
[318,32,602323,603369]
[319,166,557667,558776]
[320,170,292993,293169]
[321,210,449224,449689]
[322,178,593324,594545]
[323,186,140,819]
[324,88,108224,108744]
[325,224,635342,636259]
[326,10,586195,586654]
[327,30,713082,713186]
[328,275,415640,415201]
[329,156,475238,475762]
[330,279,306515,305050]
[331,142,313156,313356]
[332,222,74514,74788]
[333,49,593732,592828]
[334,117,124253,124157]
[335,54,207663,209036]
[336,137,335379,334190]
[337,113,65207,63742]
[338,11,208992,207944]
[339,57,669059,667610]
[340,77,329296,329077]
[341,143,132134,131094]
[342,144,69813,71150]
[343,128,688532,689073]
[344,15,154601,153495]
[345,6,299101,299284]
[346,114,127567,128892]
[347,22,487179,488496]
[348,63,626358,625910]
[349,173,49412,48026]
[350,252,408717,409966]
