["head":"wrap","lpos","status"]
[85,49862,0]
["io count"]
[3500]
["io":"id","wrap","startLpos","endLpos"]
[1,181,610040,609017]
[2,198,726008,726620]
[3,228,723612,723670]
[4,275,585835,584464]
[5,167,38560,38142]
[6,234,462785,463334]
[7,173,256033,254747]
[8,201,677283,676382]
[9,107,394101,393175]
[10,2,248167,249306]
[11,64,584647,584832]
[12,164,177580,178369]
[13,134,452266,452725]
[14,166,721513,722412]
[15,123,634006,633143]
[16,73,11294,10034]
[17,109,539990,539140]
[18,210,311370,312821]
[19,173,5379,4531]
[20,163,492999,491961]
[21,96,9694,9727]
[22,134,71289,71890]
[23,239,53512,52025]
[24,246,204092,204615]
[25,159,305163,304844]
[26,211,625174,624759]
[27,83,120056,119907]
[28,14,371823,372969]
[29,74,592280,592423]
[30,35,620178,619536]
[31,131,423574,423124]
[32,40,673026,674311]
[33,12,610968,612036]
[34,6,579541,579858]
[35,47,458107,457126]
[36,143,381006,379569]
[37,1,393148,391966]
[38,114,30388,30487]
[39,149,381229,380057]
[40,253,722874,722408]
[41,120,132227,133344]
[42,57,607105,606677]
[43,3,362438,361328]
[44,265,439464,439273]
[45,75,526013,524625]
[46,94,624136,624620]
[47,88,510003,511035]
[48,166,35530,36718]
[49,215,467314,466753]
[50,19,63130,61816]
[51,157,722517,722337]
[52,214,281653,281801]
[53,239,632063,631034]
[54,66,191540,192434]
[55,155,451558,450355]
[56,246,295377,296388]
[57,132,389790,390116]
[58,81,387963,386476]
[59,256,687901,688944]
[60,192,427032,427778]
[61,191,297391,296829]
[62,64,200367,201133]
[63,241,152385,152074]
[64,37,315784,314505]
[65,27,422578,422142]
[66,253,721363,720495]
[67,111,289300,287987]
[68,263,329564,328163]
[69,274,106736,108127]
[70,143,655080,654391]
[71,179,414302,413528]
[72,213,331925,331540]
[73,25,62197,62141]
[74,254,436875,437031]
[75,125,317778,316945]
[76,112,342601,343443]
[77,97,594087,593789]
[78,192,686365,686954]
[79,183,342599,341528]
[80,221,273310,273147]
[81,234,621876,622975]
[82,134,512513,513231]
[83,58,357005,357995]
[84,171,716222,714776]
[85,95,127107,126607]
[86,104,86574,86612]
[87,214,290699,291520]
[88,162,232920,233344]
[89,224,38811,39409]
[90,276,327059,328131]
[91,231,604718,603978]
[92,238,176231,176727]
[93,224,123184,124350]
[94,29,498973,498756]
[95,205,73857,73788]
[96,243,95373,94757]
[97,153,231796,230600]
[98,264,597423,598448]
[99,70,295795,296036]
[100,80,118428,119538]
[101,218,577615,577999]
[102,140,662814,662989]
[103,250,520185,520964]
[104,82,255889,257034]
[105,4,512590,513427]
[106,219,502754,501603]
[107,59,221782,221607]
[108,208,455427,456074]
[109,276,546911,547427]
[110,266,6907,7285]
[111,163,186973,186874]
[112,54,500821,500905]
[113,248,697389,698802]
[114,202,549934,550944]
[115,133,131144,131089]
[116,169,198069,197347]
[117,42,293715,295206]
[118,70,276424,277663]
[119,65,470954,469886]
[120,174,554136,554327]
[121,21,606330,605620]
[122,200,506688,507397]
[123,195,347650,346987]
[124,252,351913,352873]
[125,152,334737,335806]
[126,110,728977,730265]
[127,264,511569,512125]
[128,121,200708,199602]
[129,115,412750,411963]
[130,33,396194,395050]
[131,93,63408,63037]
[132,65,531944,531474]
[133,235,654881,654669]
[134,176,267035,267852]
[135,28,566507,567747]
[136,157,540792,539368]
[137,11,161056,160493]
[138,71,248805,248714]
[139,84,527332,528061]
[140,2,168182,168524]
[141,15,558665,558058]
[142,52,174268,174778]
[143,181,390088,389337]
[144,32,617463,618387]
[145,166,43704,44934]
[146,125,621047,619733]
[147,228,30828,31724]
[148,29,96190,95300]
[149,60,696188,697321]
[150,37,83747,82634]
[151,42,444082,445557]
[152,217,250873,249429]
[153,199,671681,670746]
[154,187,694969,693648]
[155,239,432805,432530]
[156,257,534047,532725]
[157,242,184706,185273]
[158,101,427053,426734]
[159,220,128727,128904]
[160,229,462465,461104]
[161,151,390264,388998]
[162,106,283415,283857]
[163,169,124776,123833]
[164,236,537077,538013]
[165,102,47226,47818]
[166,262,409712,410479]
[167,119,189104,187906]
[168,130,454403,454681]
[169,151,707527,706153]
[170,114,218182,218908]
[171,161,526887,526620]
[172,131,268230,267529]
[173,278,261178,261774]
[174,12,67848,68689]
[175,169,477934,476442]
[176,119,298306,298215]
[177,242,244346,245816]
[178,30,432825,433845]
[179,91,7715,7341]
[180,15,272499,271013]
[181,220,36236,36472]
[182,179,183487,182859]
[183,3,692309,691095]
[184,214,342496,343404]
[185,176,571555,572092]
[186,230,200471,200709]
[187,228,206583,207808]
[188,180,585657,586606]
[189,112,358992,360276]
[190,248,577649,577847]
[191,62,104243,104356]
[192,28,76874,78056]
[193,272,233026,233167]
[194,202,596432,597515]
[195,183,99900,99407]
[196,199,470292,468983]
[197,7,19999,18816]
[198,104,38161,39228]
[199,22,186658,186733]
[200,46,29691,29896]
[201,161,386508,386349]
[202,128,693690,694847]
[203,172,216042,217170]
[204,223,619155,619045]
[205,177,50928,50464]
[206,135,333287,333230]
[207,141,668969,668530]
[208,47,75141,74526]
[209,152,517594,517820]
[210,6,73610,75098]
[211,216,281525,282268]
[212,124,610779,611993]
[213,222,148063,148682]
[214,31,274338,273168]
[215,266,669922,671366]
[216,78,256905,257405]
[217,211,696229,695162]
[218,7,141815,141115]
[219,32,656184,657218]
[220,131,187098,186272]
[221,194,21035,21565]
[222,171,546210,546077]
[223,106,18464,19170]
[224,27,699596,698392]
[225,56,125297,125818]
[226,68,628995,630114]
[227,43,319609,319527]
[228,144,248339,249324]
[229,141,592659,592259]
[230,50,497416,497645]
[231,245,140379,139647]
[232,69,221110,220118]
[233,226,242091,243292]
[234,94,269222,270369]
[235,202,459767,459836]
[236,244,337827,338534]
[237,117,321965,320726]
[238,206,277907,278437]
[239,31,109564,108628]
[240,186,95147,95875]
[241,226,135691,136924]
[242,106,168482,169929]
[243,274,338971,340115]
[244,206,495594,496008]
[245,265,260987,259906]
[246,148,77387,77731]
[247,220,156962,157823]
[248,191,444395,443998]
[249,88,190501,191069]
[250,55,533809,533253]
[251,275,584512,583293]
[252,129,197380,197296]
[253,222,595842,596530]
[254,230,616180,616527]
[255,135,269329,269056]
[256,47,148111,146983]
[257,59,713182,713139]
[258,117,178317,176858]
[259,49,145398,145183]
[260,160,545297,545686]
[261,209,661207,659865]
[262,240,239354,240568]
[263,277,335439,334255]
[264,199,584016,582561]
[265,89,300857,299964]
[266,13,703887,702993]
[267,9,214251,212871]
[268,164,65809,67127]
[269,218,83485,84346]
[270,45,678018,677104]
[271,222,393901,395156]
[272,115,504940,504287]
[273,183,594191,593205]
[274,158,637499,638286]
[275,256,548933,549777]
[276,36,287584,287740]
[277,117,54677,54075]
[278,133,137979,137557]
[279,30,7541,7727]
[280,46,524247,524337]
[281,100,123909,124785]
[282,237,301657,301027]
[283,210,191501,192111]
[284,22,692083,693540]
[285,134,78515,79555]
[286,273,446094,445740]
[287,204,316731,317085]
[288,275,88053,87123]
[289,228,63854,65351]
[290,231,647074,645719]
[291,217,76671,75928]
[292,175,193040,192323]
[293,220,619326,619707]
[294,251,684345,683596]
[295,176,343629,343764]
[296,130,35900,37000]
[297,45,401530,401457]
[298,250,153946,154714]
[299,31,681839,680965]
[300,131,324762,323525]
[301,272,4112,5251]
[302,16,663034,664310]
[303,224,582168,582620]
[304,208,61931,62226]
[305,160,381186,382313]
[306,251,550606,550403]
[307,279,690746,689418]
[308,124,296272,296980]
[309,186,241778,242796]
[310,221,384294,383701]
[311,138,440700,441851]
[312,98,117780,118277]
[313,203,435484,434285]
[314,169,597683,597229]
[315,39,343884,343539]
[316,230,436996,438353]
[317,203,412552,411132]
[318,237,209519,209089]
[319,89,715790,714864]
[320,27,324552,324030]
[321,229,416553,415513]
[322,100,685392,686467]
[323,96,436646,437786]
[324,217,361893,361278]
[325,223,489669,489138]
[326,41,185385,184938]
[327,88,329175,329773]
[328,53,346807,346713]
[329,227,690929,690234]
[330,198,465773,467224]
[331,3,567765,566751]
[332,43,41896,40959]
[333,228,347849,348240]
[334,130,147517,148595]
[335,69,87844,86779]
[336,204,630167,631456]
[337,96,348399,349309]
[338,242,70314,71556]
[339,118,11550,12698]
[340,183,229581,228149]
[341,114,580321,580912]
[342,51,213479,213179]
[343,136,655691,657048]
[344,47,229194,227998]
[345,3,408351,406896]
[346,3,109485,108603]
[347,271,586885,586482]
[348,62,221888,222386]
[349,52,427533,428223]
[350,152,61651,62182]
[351,259,645991,644736]
[352,234,247767,248350]
[353,74,250218,250401]
[354,18,227046,227957]
[355,96,159827,161250]
[356,39,269038,267991]
[357,106,154435,155384]
[358,158,90560,90608]
[359,243,338573,337453]
[360,195,708816,708173]
[361,31,327394,326281]
[362,279,149617,149032]
[363,36,291673,293105]
[364,106,602471,603221]
[365,31,165322,164267]
[366,39,194993,194240]
[367,232,99810,100228]
[368,72,362861,363058]
[369,242,673957,674949]
[370,135,296499,296303]
[371,18,697179,698059]
[372,269,618080,617259]
[373,20,254425,255463]
[374,15,191360,191111]
[375,91,578568,577988]
[376,270,255114,256525]
[377,139,462338,462272]
[378,0,177671,179052]
[379,133,153333,152427]
[380,123,720929,720758]
[381,139,427519,427292]
[382,30,165518,165865]
[383,205,207351,206499]
[384,249,367978,366696]
[385,113,666508,665987]
[386,65,201800,200671]
[387,130,369171,369685]
[388,104,310644,310966]
[389,78,567446,567559]
[390,161,547430,546160]
[391,270,344760,345144]
[392,206,730827,730881]
[393,199,496110,495329]
[394,108,296674,296880]
[395,178,505926,507013]
[396,199,265230,263887]
[397,277,25868,24736]
[398,264,334129,335325]
[399,217,390869,389508]
[400,144,690307,690694]
[401,116,300465,301136]
[402,171,543124,541976]
[403,59,244716,243355]
[404,206,606592,607727]
[405,71,27083,25643]
[406,11,602339,601507]
[407,109,73040,72373]
[408,37,170354,170298]
[409,229,655907,655446]
[410,16,282360,283059]
[411,198,188202,188777]
[412,213,286411,284971]
[413,90,245606,246506]
[414,59,210928,210233]
[415,163,241620,241380]
[416,16,75010,76283]
[417,247,329511,329058]
[418,87,587184,587083]
[419,31,142416,141199]
[420,54,719031,720392]
[421,82,426981,427812]
[422,270,359444,360302]
[423,279,41132,39770]
[424,51,116856,115806]
[425,92,444574,445101]
[426,263,57311,56065]
[427,245,306599,305146]
[428,255,692116,690888]
[429,38,305683,307047]
[430,115,193085,192066]
[431,259,684534,683587]
[432,103,242335,240859]
[433,251,174075,173081]
[434,274,259272,260108]
[435,205,3315,3023]
[436,26,592359,592774]
[437,40,295290,295701]
[438,228,437904,438214]
[439,212,423376,424201]
[440,38,199132,200000]
[441,279,721332,719850]
[442,85,331081,329905]
[443,161,347638,346849]
[444,141,626882,625967]
[445,206,279565,280035]
[446,187,537990,536529]
[447,170,465525,466213]
[448,162,485323,486191]
[449,177,321942,320960]
[450,188,458410,459855]
[451,152,90005,90156]
[452,87,425522,424048]
[453,149,550638,549280]
[454,182,83195,84227]
[455,52,282393,283611]
[456,187,436889,436851]
[457,148,18337,19579]
[458,0,681988,683070]
[459,223,387417,386778]
[460,237,29582,29545]
[461,144,548204,548574]
[462,217,617685,617540]
[463,233,680556,679485]
[464,50,718091,718223]
[465,118,522287,523599]
[466,251,371764,370323]
[467,51,138033,137927]
[468,168,416791,417405]
[469,274,571699,572733]
[470,146,507918,508549]
[471,77,387150,386610]
[472,191,189656,189400]
[473,230,239311,239815]
[474,227,522393,520906]
[475,264,351947,352627]
[476,239,377521,376877]
[477,242,416982,418357]
[478,17,387373,387051]
[479,73,580277,579382]
[480,279,121685,121551]
[481,276,570572,570616]
[482,269,713971,713345]
[483,37,702638,702583]
[484,133,387948,386504]
[485,242,495048,495452]
[486,63,555226,554681]
[487,131,515979,514642]
[488,254,52162,52677]
[489,263,452521,451244]
[490,228,268404,268673]
[491,268,243399,244307]
[492,222,47642,48682]
[493,67,131347,130465]
[494,198,607243,607597]
[495,126,356364,357800]
[496,147,598366,598241]
[497,101,27353,27294]
[498,18,215948,216692]
[499,64,260022,261337]
[500,42,211880,213198]
[501,42,501179,502389]
[502,87,18076,17575]
[503,12,557418,557592]
[504,229,314581,314130]
[505,67,628215,627692]
[506,105,181947,181619]
[507,72,624748,624945]
[508,22,230534,231101]
[509,137,687706,686713]
[510,276,687679,687999]
[511,275,358308,358198]
[512,143,463841,463651]
[513,176,180043,180327]
[514,142,167893,168257]
[515,167,502157,500854]
[516,237,636316,635758]
[517,234,34178,35221]
[518,98,562648,563477]
[519,15,69743,69615]
[520,12,611294,612313]
[521,240,489553,490154]
[522,73,252617,251834]
[523,244,146543,147572]
[524,149,95878,95779]
[525,29,51992,51040]
[526,123,231763,230627]
[527,153,716447,715251]
[528,184,183296,184381]
[529,206,586160,587593]
[530,89,167516,166367]
[531,77,592172,591009]
[532,216,445668,446190]
[533,12,160760,161519]
[534,119,248616,248461]
[535,164,578841,579782]
[536,7,153542,152979]
[537,208,7763,8878]
[538,193,296627,296385]
[539,198,321551,322559]
[540,261,552816,552306]
[541,19,4462,3007]
[542,5,561422,561175]
[543,20,525496,526384]
[544,144,241700,242997]
[545,129,202802,201678]
[546,165,547902,547175]
[547,37,255040,254525]
[548,7,423582,423019]
[549,125,697147,696900]
[550,79,498850,498146]
[551,14,585129,586378]
[552,271,653963,653061]
[553,14,61171,62552]
[554,53,662318,661102]
[555,182,193232,194042]
[556,125,510459,509849]
[557,47,588238,587691]
[558,73,223907,223710]
[559,42,439022,439529]
[560,242,467296,468204]
[561,221,66026,65093]
[562,130,498580,499556]
[563,214,90463,91618]
[564,69,432570,431982]
[565,200,469475,469643]
[566,100,489388,490043]
[567,16,543943,544185]
[568,204,519676,520268]
[569,95,696499,695023]
[570,256,228222,229596]
[571,103,66216,65512]
[572,61,671810,670667]
[573,43,702542,701631]
[574,27,703674,702680]
[575,244,705780,705914]
[576,164,408262,409197]
[577,145,349534,348549]
[578,125,691640,690641]
[579,202,707538,708037]
[580,13,433693,433569]
[581,93,589738,588303]
[582,65,614104,613610]
[583,207,226525,225400]
[584,191,134167,132823]
[585,105,594595,593747]
[586,222,501151,501258]
[587,243,134126,133217]
[588,101,442518,441312]
[589,117,626868,626063]
[590,267,254896,253933]
[591,146,585898,585944]
[592,244,657685,658778]
[593,181,475254,473900]
[594,220,544326,545253]
[595,204,298032,298606]
[596,20,166582,167693]
[597,262,21316,21951]
[598,51,188843,188380]
[599,204,705507,706415]
[600,160,391681,391716]
[601,76,475973,476680]
[602,52,358480,359516]
[603,79,611503,610564]
[604,116,113821,114786]
[605,179,291006,290800]
[606,29,195007,194193]
[607,226,346843,347382]
[608,27,272196,271678]
[609,98,212663,213767]
[610,186,384463,385919]
[611,4,183083,184004]
[612,96,110862,112217]
[613,92,46430,47865]
[614,29,174442,173790]
[615,187,268351,267837]
[616,26,522650,523765]
[617,46,240549,241029]
[618,165,468636,467509]
[619,273,703278,702628]
[620,273,474026,473325]
[621,274,93212,94371]
[622,58,11735,11940]
[623,195,136716,135311]
[624,1,380765,380096]
[625,91,409605,408615]
[626,148,175292,175730]
[627,144,21269,21641]
[628,151,106865,105476]
[629,90,543592,543810]
[630,130,531683,532127]
[631,28,222895,224257]
[632,205,265702,264448]
[633,36,654515,655317]
[634,149,641371,641173]
[635,143,102000,101572]
[636,85,73422,72170]
[637,206,330447,331139]
[638,57,79078,78069]
[639,225,542261,541817]
[640,73,279885,278629]
[641,99,102618,101924]
[642,90,171569,172033]
[643,60,666299,667787]
[644,273,136632,135459]
[645,11,651024,650682]
[646,88,104823,105814]
[647,51,48217,47325]
[648,63,596958,595923]
[649,208,412114,413279]
[650,41,106778,105787]
[651,189,384263,383231]
[652,4,185511,186511]
[653,46,396015,397007]
[654,260,57184,58378]
[655,30,59664,61023]
[656,200,638104,638360]
[657,225,129539,128947]
[658,226,151327,152470]
[659,76,322449,323637]
[660,209,361382,359933]
[661,259,317597,316829]
[662,251,192215,191130]
[663,250,121839,122587]
[664,16,369654,369856]
[665,57,655498,655199]
[666,192,273236,273771]
[667,159,147549,146208]
[668,98,418326,419658]
[669,258,78300,79503]
[670,200,183078,184190]
[671,69,54932,54307]
[672,49,481467,481359]
[673,149,714324,713426]
[674,224,709678,709803]
[675,198,296346,296406]
[676,230,538147,539270]
[677,235,471232,470567]
[678,7,272494,271076]
[679,224,304783,305498]
[680,24,494484,495828]
[681,235,276430,275647]
[682,149,592554,591271]
[683,162,406987,407159]
[684,148,269183,269775]
[685,256,381326,381746]
[686,41,664820,664778]
[687,203,366011,365210]
[688,96,288922,289518]
[689,33,162852,162703]
[690,15,185451,184188]
[691,35,200427,199980]
[692,258,715490,715535]
[693,62,227176,227591]
[694,25,175090,174017]
[695,125,546633,545220]
[696,250,331133,331976]
[697,138,297422,297869]
[698,195,671745,670630]
[699,199,62950,62390]
[700,89,18748,17777]
[701,210,597658,598750]
[702,50,169611,170086]
[703,62,548968,550417]
[704,269,291764,291196]
[705,277,624388,623423]
[706,141,100211,99739]
[707,204,190739,191546]
[708,197,264133,263772]
[709,229,233442,233141]
[710,259,487045,486297]
[711,190,558685,559812]
[712,185,481261,481222]
[713,111,466248,465830]
[714,167,663931,662534]
[715,133,453889,453014]
[716,5,433475,432227]
[717,57,342377,341658]
[718,144,66867,67882]
[719,185,635066,633719]
[720,63,582312,581562]
[721,138,280662,282105]
[722,62,162402,163507]
[723,161,170767,170078]
[724,178,712885,713071]
[725,244,170826,171184]
[726,72,688601,689687]
[727,55,626514,626346]
[728,131,133186,132409]
[729,122,592771,593308]
[730,70,97271,98274]
[731,94,13166,13489]
[732,173,314088,313053]
[733,183,423827,422564]
[734,148,579814,579995]
[735,133,163983,163283]
[736,209,440486,440248]
[737,225,315245,314021]
[738,198,338459,339621]
[739,152,714787,715411]
[740,97,75366,74657]
[741,15,448630,448339]
[742,222,644748,645524]
[743,78,595381,596052]
[744,193,117662,116743]
[745,7,213744,212729]
[746,95,662682,661631]
[747,55,662120,660670]
[748,258,57762,58076]
[749,61,266552,265923]
[750,0,349435,350424]
[751,164,401610,402901]
[752,147,588214,587528]
[753,231,645930,644748]
[754,97,326286,324912]
[755,16,176364,177782]
[756,60,553735,553821]
[757,211,333680,332718]
[758,205,444957,443615]
[759,257,167217,166052]
[760,116,188794,189532]
[761,56,301294,301819]
[762,226,456852,457722]
[763,119,156277,155205]
[764,74,692984,693730]
[765,75,691212,690659]
[766,41,338269,337195]
[767,60,639060,639208]
[768,127,261384,261246]
[769,208,671044,671311]
[770,76,716324,717593]
[771,86,435148,436361]
[772,263,207677,206524]
[773,260,340084,340573]
[774,158,614920,615008]
[775,258,360851,360993]
[776,225,350428,349845]
[777,264,517502,518871]
[778,64,490247,491322]
[779,34,719816,719919]
[780,158,363928,364420]
[781,256,350462,351823]
[782,225,372980,372029]
[783,179,240449,238965]
[784,183,563004,561725]
[785,172,586091,587414]
[786,133,457777,457484]
[787,218,403358,404719]
[788,270,31866,32168]
[789,228,410908,412036]
[790,72,94634,95227]
[791,160,61048,61154]
[792,153,54400,54007]
[793,271,3424,2690]
[794,145,172328,171065]
[795,110,708663,709317]
[796,208,450946,451199]
[797,182,483896,485212]
[798,157,408439,407801]
[799,145,22341,21178]
[800,154,44456,45155]
[801,114,354386,354505]
[802,16,724742,724797]
[803,131,657385,656496]
[804,158,594215,595215]
[805,120,123414,124425]
[806,41,151426,150927]
[807,30,71603,71902]
[808,95,538707,538189]
[809,149,711483,710858]
[810,112,204589,205707]
[811,43,267555,266105]
[812,95,715734,714827]
[813,263,587649,586658]
[814,35,722197,721778]
[815,116,154007,155182]
[816,132,243461,244796]
[817,69,580918,580120]
[818,237,373420,373185]
[819,184,348207,348827]
[820,236,57214,58262]
[821,129,502216,501747]
[822,141,254937,253947]
[823,262,429993,430968]
[824,104,338154,338853]
[825,257,507427,505972]
[826,258,658986,659665]
[827,192,356310,357584]
[828,131,497580,497550]
[829,234,416854,417676]
[830,73,1708,877]
[831,113,439981,439832]
[832,23,7520,6073]
[833,5,386968,385953]
[834,239,369746,368693]
[835,70,696991,697754]
[836,153,399531,398186]
[837,40,502549,503266]
[838,191,409563,408403]
[839,190,395163,396395]
[840,190,422586,423581]
[841,43,56997,56908]
[842,64,385880,386674]
[843,184,56268,56591]
[844,201,575040,574311]
[845,50,357087,357656]
[846,85,701320,700722]
[847,247,127536,126281]
[848,278,80566,80758]
[849,7,335611,334479]
[850,165,10234,9679]
[851,137,366440,365006]
[852,55,247075,246982]
[853,21,643307,642873]
[854,218,589858,590657]
[855,238,164169,164573]
[856,252,468732,470167]
[857,35,423649,423469]
[858,265,555337,554770]
[859,272,317900,318519]
[860,167,508669,507259]
[861,23,218298,218163]
[862,250,74121,74278]
[863,30,253837,254581]
[864,158,290649,291917]
[865,178,93932,94996]
[866,148,598581,598680]
[867,157,566133,565129]
[868,174,573177,573453]
[869,57,627069,626890]
[870,278,200185,201386]
[871,221,22419,21011]
[872,270,626329,627325]
[873,216,486938,487620]
[874,133,478582,477825]
[875,166,15222,15867]
[876,173,222091,221929]
[877,76,189934,190539]
[878,18,712064,712388]
[879,8,333776,335109]
[880,75,547387,546110]
[881,185,400660,399737]
[882,177,432817,432394]
[883,11,637769,637398]
[884,145,70715,69472]
[885,79,153150,151893]
[886,131,358478,357334]
[887,191,263475,262254]
[888,174,509917,511099]
[889,260,89828,90761]
[890,20,580288,580876]
[891,152,691159,691628]
[892,150,97141,98169]
[893,177,69359,68800]
[894,253,546122,546086]
[895,214,176083,176135]
[896,18,671433,672445]
[897,222,525165,526076]
[898,201,78001,77017]
[899,191,22366,21009]
[900,52,350727,352083]
[901,39,335112,334523]
[902,225,664290,663051]
[903,163,59692,59394]
[904,201,529918,529112]
[905,123,316666,316298]
[906,53,534214,533048]
[907,102,616202,616390]
[908,211,728437,727474]
[909,205,233235,231974]
[910,157,447039,445601]
[911,202,709201,710491]
[912,100,595831,596976]
[913,159,284199,284070]
[914,203,615705,615195]
[915,151,477199,476782]
[916,122,33136,33199]
[917,72,614669,615283]
[918,129,447311,446257]
[919,78,461444,462793]
[920,270,253413,253741]
[921,260,232379,233651]
[922,1,367595,367133]
[923,23,295570,294169]
[924,128,201138,202006]
[925,129,43857,42475]
[926,40,247352,247647]
[927,252,45748,45961]
[928,266,242748,243621]
[929,179,708985,708740]
[930,231,562984,562060]
[931,126,546966,547104]
[932,77,495021,494118]
[933,175,720241,719257]
[934,141,53275,52959]
[935,115,621026,620956]
[936,177,207064,205766]
[937,92,352061,352814]
[938,83,551972,551601]
[939,103,58202,57571]
[940,245,538690,538424]
[941,45,229061,228834]
[942,257,584859,583776]
[943,165,657711,656744]
[944,245,325960,325838]
[945,252,668630,668797]
[946,62,454262,454899]
[947,94,655814,656304]
[948,89,508381,507228]
[949,137,30408,29294]
[950,10,324609,324641]
[951,212,512976,513078]
[952,17,662148,661507]
[953,105,383151,382494]
[954,201,218964,218433]
[955,26,77113,77168]
[956,252,725718,726222]
[957,38,558769,558849]
[958,227,548330,547753]
[959,147,151330,150494]
[960,71,140611,139165]
[961,97,187685,186395]
[962,84,347212,348501]
[963,221,289918,289126]
[964,54,566806,568152]
[965,202,61152,62115]
[966,152,78463,78573]
[967,256,600126,601593]
[968,126,143153,143372]
[969,196,153079,153165]
[970,256,329654,330985]
[971,138,293511,293791]
[972,224,120108,120254]
[973,43,668220,667447]
[974,72,140489,141694]
[975,140,94431,95848]
[976,47,685737,684489]
[977,99,521829,521431]
[978,154,299390,300147]
[979,224,4805,5430]
[980,245,132343,131556]
[981,194,2632,2985]
[982,78,383934,384840]
[983,18,453514,453598]
[984,128,109429,109830]
[985,229,704828,703592]
[986,267,113810,113501]
[987,28,466210,467553]
[988,30,98540,98612]
[989,172,582961,583740]
[990,247,560782,559357]
[991,192,681993,682995]
[992,30,88536,89313]
[993,118,15064,15279]
[994,119,536698,536477]
[995,183,456714,455667]
[996,175,146884,146459]
[997,14,289807,290767]
[998,143,136393,135374]
[999,155,555745,554267]
[1000,254,604667,606006]
[1001,146,576774,576936]
[1002,133,283954,283007]
[1003,150,236315,237643]
[1004,220,305494,306471]
[1005,150,117612,118557]
[1006,124,278190,279551]
[1007,116,408437,409730]
[1008,172,394841,395525]
[1009,120,699279,700108]
[1010,26,602410,603027]
[1011,186,216081,217253]
[1012,42,404143,404626]
[1013,109,94242,94174]
[1014,5,512650,511685]
[1015,143,43650,43209]
[1016,206,175002,175811]
[1017,212,141096,141386]
[1018,101,635899,635483]
[1019,189,131621,130652]
[1020,90,470098,470760]
[1021,94,579982,580637]
[1022,108,48197,48317]
[1023,256,46527,47613]
[1024,261,118413,117680]
[1025,165,182781,181909]
[1026,240,562293,562571]
[1027,208,12944,13031]
[1028,71,290151,289511]
[1029,74,316114,316331]
[1030,248,611069,611768]
[1031,38,440860,440988]
[1032,124,164878,166315]
[1033,148,545270,545512]
[1034,220,611541,612258]
[1035,214,341323,342429]
[1036,222,281079,281946]
[1037,278,226623,227780]
[1038,76,295519,296626]
[1039,209,218928,218333]
[1040,273,221850,221368]
[1041,129,634762,634202]
[1042,236,107614,108031]
[1043,179,526479,525782]
[1044,229,500773,499288]
[1045,122,117535,118825]
[1046,41,460760,460518]
[1047,30,282331,283655]
[1048,17,422775,421427]
[1049,170,212751,214154]
[1050,183,464282,463471]
[1051,47,89830,89547]
[1052,91,539552,538896]
[1053,161,362090,361225]
[1054,127,143752,142331]
[1055,253,207987,206557]
[1056,160,219687,220366]
[1057,24,112870,114326]
[1058,54,353972,354887]
[1059,48,42298,42616]
[1060,268,297818,298229]
[1061,195,444531,443718]
[1062,147,54563,53514]
[1063,274,436183,437134]
[1064,64,127823,127949]
[1065,18,137285,138304]
[1066,70,97449,98010]
[1067,158,29754,31127]
[1068,137,705763,704903]
[1069,15,176122,175928]
[1070,57,270267,269381]
[1071,238,692318,693043]
[1072,250,578387,579560]
[1073,73,627615,626597]
[1074,244,373868,375339]
[1075,225,212225,210772]
[1076,102,118552,119184]
[1077,81,68467,67517]
[1078,181,118369,117621]
[1079,112,393823,394301]
[1080,268,382824,384141]
[1081,256,569298,570436]
[1082,212,317925,318325]
[1083,216,154524,154859]
[1084,248,623553,624995]
[1085,218,3693,3919]
[1086,41,495272,494960]
[1087,53,149613,149243]
[1088,103,157457,156371]
[1089,143,694094,692791]
[1090,128,514504,514798]
[1091,140,594,892]
[1092,210,497014,497095]
[1093,190,376240,376328]
[1094,179,638694,638553]
[1095,12,350091,350567]
[1096,171,520072,519380]
[1097,77,28409,27674]
[1098,162,426531,427408]
[1099,271,296494,295919]
[1100,269,178512,177464]
[1101,174,461563,461607]
[1102,147,360323,359053]
[1103,104,424993,425795]
[1104,82,266139,267256]
[1105,190,225026,226192]
[1106,133,49740,49489]
[1107,188,480627,480897]
[1108,168,231755,232079]
[1109,175,514780,514436]
[1110,219,128240,127576]
[1111,262,670039,671232]
[1112,58,264517,265871]
[1113,143,185161,184615]
[1114,240,444271,445591]
[1115,67,406319,405329]
[1116,235,136509,136404]
[1117,1,201543,200481]
[1118,244,558178,559533]
[1119,121,251725,250357]
[1120,61,494841,493821]
[1121,194,435762,436591]
[1122,206,374744,375590]
[1123,235,240531,239294]
[1124,64,332584,332992]
[1125,133,228323,227810]
[1126,273,122047,121651]
[1127,107,98734,97361]
[1128,180,571733,572632]
[1129,45,536474,536293]
[1130,21,225508,224186]
[1131,168,241983,243106]
[1132,69,336292,335166]
[1133,172,563794,564101]
[1134,87,348323,348093]
[1135,275,59356,58198]
[1136,222,150942,151589]
[1137,35,314994,314785]
[1138,15,554128,553403]
[1139,109,387583,387039]
[1140,17,287728,287548]
[1141,220,709657,710055]
[1142,210,529232,530379]
[1143,17,340358,338924]
[1144,214,114937,116247]
[1145,188,195177,196219]
[1146,244,63885,64127]
[1147,16,75091,76438]
[1148,45,528568,528382]
[1149,218,210913,211958]
[1150,248,339170,339451]
[1151,40,693691,694635]
[1152,10,84225,85338]
[1153,276,59445,59954]
[1154,26,607268,608398]
[1155,175,329882,329633]
[1156,172,321488,322202]
[1157,217,449509,448248]
[1158,135,177652,177236]
[1159,124,20675,21287]
[1160,208,728615,729453]
[1161,244,484650,485284]
[1162,263,611774,610416]
[1163,67,426115,425368]
[1164,253,721333,720114]
[1165,131,625701,625408]
[1166,48,373499,374309]
[1167,144,520534,521576]
[1168,132,75598,76158]
[1169,154,484559,484977]
[1170,32,368812,369065]
[1171,79,692216,691602]
[1172,116,188032,189131]
[1173,173,257956,257712]
[1174,172,406310,406984]
[1175,118,533,1126]
[1176,122,436269,437231]
[1177,141,254459,254064]
[1178,166,581798,582470]
[1179,256,381665,383010]
[1180,218,605849,606964]
[1181,262,173671,174062]
[1182,20,472443,473401]
[1183,28,487225,488452]
[1184,275,19556,19479]
[1185,251,246121,246008]
[1186,34,526730,526826]
[1187,84,321920,322465]
[1188,94,658439,658663]
[1189,18,643467,644909]
[1190,151,155410,154675]
[1191,61,686257,685916]
[1192,20,369403,369973]
[1193,47,526101,525580]
[1194,90,461940,462795]
[1195,155,19567,18906]
[1196,204,285360,285729]
[1197,96,314392,315141]
[1198,174,702349,703309]
[1199,166,196608,197217]
[1200,204,511296,511666]
[1201,37,552883,552041]
[1202,182,181232,182171]
[1203,147,464369,462943]
[1204,127,359323,357930]
[1205,5,636822,636229]
[1206,245,345512,344921]
[1207,23,696131,694799]
[1208,248,417451,417549]
[1209,242,4299,5722]
[1210,103,588826,587457]
[1211,83,602603,601390]
[1212,35,639760,639296]
[1213,34,374888,374956]
[1214,216,630702,631518]
[1215,140,484377,485479]
[1216,137,11028,10660]
[1217,227,582470,581231]
[1218,83,25951,24931]
[1219,90,49945,50147]
[1220,195,546577,546496]
[1221,51,721089,720586]
[1222,40,149880,150726]
[1223,39,703870,702818]
[1224,171,296332,295327]
[1225,267,349005,348351]
[1226,206,250505,251542]
[1227,212,367395,368886]
[1228,247,402187,401824]
[1229,82,442368,442775]
[1230,227,291489,291191]
[1231,80,404650,404682]
[1232,53,169107,168579]
[1233,212,38513,39353]
[1234,180,67270,68662]
[1235,130,468551,469302]
[1236,240,482855,483215]
[1237,43,697236,696295]
[1238,274,582145,582828]
[1239,204,83746,84865]
[1240,0,12879,13060]
[1241,125,249851,248620]
[1242,179,516066,515185]
[1243,54,332987,333027]
[1244,244,218043,219452]
[1245,7,36955,35533]
[1246,55,52308,51886]
[1247,102,324600,324644]
[1248,137,489821,489352]
[1249,145,292513,291522]
[1250,121,11055,10346]
[1251,137,262802,262771]
[1252,21,214522,213169]
[1253,15,278847,277732]
[1254,51,67414,66393]
[1255,180,625352,625832]
[1256,79,595937,594963]
[1257,84,227835,229302]
[1258,55,466200,464775]
[1259,201,77978,77099]
[1260,250,663952,665139]
[1261,240,668864,668984]
[1262,93,211224,210230]
[1263,28,725588,726418]
[1264,167,470319,470066]
[1265,25,650609,649612]
[1266,153,530237,528996]
[1267,22,364886,365363]
[1268,159,411706,411253]
[1269,19,191835,190800]
[1270,229,562005,561194]
[1271,51,181339,180191]
[1272,122,20378,20828]
[1273,10,24062,24620]
[1274,192,198282,198826]
[1275,181,174057,172859]
[1276,105,337789,337073]
[1277,106,396518,397156]
[1278,208,4992,5276]
[1279,240,384000,385016]
[1280,54,195164,196209]
[1281,10,79057,80536]
[1282,255,364043,363402]
[1283,132,372571,373226]
[1284,51,620914,620407]
[1285,41,438693,437297]
[1286,4,364427,365441]
[1287,228,382028,382392]
[1288,248,59389,60519]
[1289,21,489712,488555]
[1290,269,427854,426815]
[1291,156,462881,463572]
[1292,204,132857,132961]
[1293,113,167483,166546]
[1294,79,98993,98450]
[1295,32,261002,261308]
[1296,68,389258,390087]
[1297,87,102408,101410]
[1298,16,621182,621356]
[1299,28,335704,336253]
[1300,151,323853,322430]
[1301,28,244961,245448]
[1302,119,392146,392021]
[1303,3,544784,544050]
[1304,36,48284,49658]
[1305,177,331690,331157]
[1306,74,707055,708033]
[1307,90,547366,548130]
[1308,178,227734,227895]
[1309,21,14630,14545]
[1310,104,376079,376984]
[1311,207,494330,493054]
[1312,46,288470,289289]
[1313,248,699789,700738]
[1314,119,705118,704869]
[1315,235,48247,46906]
[1316,42,654079,654506]
[1317,161,206818,206009]
[1318,155,56816,56744]
[1319,203,133344,131968]
[1320,50,381266,381893]
[1321,131,532132,530653]
[1322,120,685482,686232]
[1323,156,377114,377835]
[1324,257,157330,157049]
[1325,161,126617,126542]
[1326,266,402663,403654]
[1327,188,719585,720934]
[1328,225,279570,278411]
[1329,24,691714,692760]
[1330,249,75207,74796]
[1331,272,391819,393056]
[1332,181,564065,563550]
[1333,59,299087,298621]
[1334,95,448258,448120]
[1335,193,222063,220756]
[1336,54,657633,657862]
[1337,36,340862,341448]
[1338,198,105949,106503]
[1339,57,714993,714869]
[1340,270,68757,69584]
[1341,133,264189,262915]
[1342,235,600447,599526]
[1343,145,728510,727073]
[1344,66,706554,707884]
[1345,6,135595,137045]
[1346,163,101039,100724]
[1347,43,3079,1690]
[1348,62,186805,187439]
[1349,242,167088,167839]
[1350,54,10406,11582]
[1351,61,453569,452650]
[1352,183,275315,274007]
[1353,159,682540,681916]
[1354,106,453720,454925]
[1355,229,693840,693144]
[1356,243,53601,52194]
[1357,62,501463,501783]
[1358,168,198778,199060]
[1359,130,609364,609974]
[1360,218,349773,350526]
[1361,212,420829,421346]
[1362,191,528058,527773]
[1363,188,108724,108927]
[1364,75,640556,639074]
[1365,226,470517,471348]
[1366,201,600889,600486]
[1367,144,251862,253308]
[1368,230,331303,331754]
[1369,269,581036,580500]
[1370,205,228564,227323]
[1371,242,464544,465567]
[1372,192,336094,336366]
[1373,196,348326,348493]
[1374,218,417632,417726]
[1375,71,609724,609688]
[1376,201,94975,94074]
[1377,240,249662,250552]
[1378,97,154097,152668]
[1379,234,712948,714210]
[1380,206,715538,715645]
[1381,277,726972,726079]
[1382,67,463170,462949]
[1383,10,260534,260910]
[1384,195,248332,247671]
[1385,79,22132,21735]
[1386,200,172295,173030]
[1387,131,430689,430343]
[1388,24,604482,605048]
[1389,101,434758,433624]
[1390,113,662931,662001]
[1391,134,406683,407783]
[1392,237,3947,2759]
[1393,247,78089,76716]
[1394,39,217705,217208]
[1395,25,589776,589531]
[1396,217,163590,162867]
[1397,257,264103,262813]
[1398,47,369636,369601]
[1399,30,50911,52406]
[1400,172,439247,440105]
[1401,175,406555,405937]
[1402,74,51507,52803]
[1403,229,458837,458107]
[1404,74,613309,614746]
[1405,47,87792,87155]
[1406,135,407741,406390]
[1407,144,366189,366888]
[1408,149,306113,305396]
[1409,105,403941,403854]
[1410,50,460461,461858]
[1411,67,395435,394018]
[1412,269,174137,173582]
[1413,9,671288,670010]
[1414,265,419742,419274]
[1415,96,385650,386483]
[1416,157,112237,111437]
[1417,47,711269,710997]
[1418,257,556257,554796]
[1419,98,196511,197939]
[1420,19,638718,637313]
[1421,180,54566,55503]
[1422,77,564461,564339]
[1423,166,227595,228782]
[1424,57,44384,44221]
[1425,75,154744,154325]
[1426,218,250476,250668]
[1427,101,304602,303369]
[1428,8,239154,239202]
[1429,265,168909,168102]
[1430,137,586147,585793]
[1431,75,367423,366423]
[1432,46,556888,558339]
[1433,126,192542,193669]
[1434,259,592603,592528]
[1435,188,243111,243472]
[1436,87,558227,557702]
[1437,203,415973,414790]
[1438,152,671413,672304]
[1439,148,191714,192841]
[1440,87,650254,649954]
[1441,160,153158,153242]
[1442,44,260564,261290]
[1443,213,339974,339290]
[1444,23,343593,342724]
[1445,234,437548,438177]
[1446,247,408824,407893]
[1447,87,666881,666106]
[1448,258,645263,645486]
[1449,143,649037,648699]
[1450,254,707672,708259]
[1451,192,595222,596275]
[1452,93,6307,5429]
[1453,104,142383,143726]
[1454,92,679534,679739]
[1455,228,441656,442999]
[1456,39,370991,370457]
[1457,57,71704,70711]
[1458,255,56220,56052]
[1459,251,17549,16510]
[1460,279,496512,496336]
[1461,195,555827,555460]
[1462,151,86645,85886]
[1463,275,317341,316329]
[1464,238,577105,577285]
[1465,226,631424,632025]
[1466,202,349875,351236]
[1467,149,679306,678109]
[1468,265,54718,54230]
[1469,273,727655,726567]
[1470,187,438782,437854]
[1471,231,39349,39115]
[1472,150,114408,114580]
[1473,191,67051,66124]
[1474,237,479219,478607]
[1475,206,475277,476029]
[1476,192,423058,424514]
[1477,229,699536,698446]
[1478,39,238078,237564]
[1479,26,355788,357232]
[1480,95,608500,608129]
[1481,40,409451,410589]
[1482,243,395427,395059]
[1483,242,216831,217112]
[1484,273,699630,698703]
[1485,229,289311,288517]
[1486,81,164696,164559]
[1487,54,138546,139304]
[1488,249,226958,226184]
[1489,136,309772,310825]
[1490,236,726911,728410]
[1491,173,316532,315706]
[1492,212,529009,529818]
[1493,83,41860,40640]
[1494,10,31161,31955]
[1495,27,369923,368750]
[1496,270,149825,150551]
[1497,1,303913,303643]
[1498,122,248649,250127]
[1499,263,162446,162156]
[1500,114,98885,98978]
[1501,169,331305,330538]
[1502,46,601791,602407]
[1503,69,576257,575593]
[1504,59,436661,436125]
[1505,198,212333,213506]
[1506,29,369522,368850]
[1507,85,551132,550911]
[1508,95,286757,286441]
[1509,220,401143,401778]
[1510,200,141026,141639]
[1511,256,267556,267868]
[1512,218,376275,377558]
[1513,76,21064,22302]
[1514,82,554496,555460]
[1515,159,560813,559552]
[1516,131,168114,166622]
[1517,52,374456,375943]
[1518,194,643076,643992]
[1519,276,55537,56273]
[1520,128,406947,406983]
[1521,106,227222,228649]
[1522,276,337180,337561]
[1523,17,87110,86877]
[1524,58,345306,345962]
[1525,43,404534,403570]
[1526,175,639344,639118]
[1527,118,573630,574015]
[1528,100,335458,335729]
[1529,82,333050,334008]
[1530,30,614004,615045]
[1531,41,639781,639717]
[1532,255,542478,541326]
[1533,178,270597,271611]
[1534,1,285979,284803]
[1535,137,482244,481196]
[1536,17,488173,487162]
[1537,274,221556,222176]
[1538,32,198066,198209]
[1539,113,73145,72509]
[1540,49,355783,355277]
[1541,205,512900,511542]
[1542,199,23436,22311]
[1543,58,18853,19037]
[1544,192,313235,313398]
[1545,160,82930,83013]
[1546,192,400556,401531]
[1547,2,183311,184780]
[1548,81,153385,152330]
[1549,179,699470,699264]
[1550,273,64493,63724]
[1551,154,24260,25437]
[1552,146,2529,3257]
[1553,65,486863,486541]
[1554,33,62171,61768]
[1555,277,238031,237068]
[1556,60,598117,599144]
[1557,36,108444,109826]
[1558,171,509932,509525]
[1559,176,129586,130405]
[1560,222,135125,136411]
[1561,59,588069,586797]
[1562,128,381915,382253]
[1563,211,527300,526898]
[1564,24,239653,239998]
[1565,217,344925,344186]
[1566,26,249358,249617]
[1567,38,209355,210538]
[1568,259,531995,530932]
[1569,30,233886,234083]
[1570,48,679415,679697]
[1571,144,494220,494917]
[1572,243,425224,425177]
[1573,5,132649,131489]
[1574,100,263535,263584]
[1575,192,421905,421993]
[1576,99,698213,696763]
[1577,124,663855,665075]
[1578,186,555881,556782]
[1579,66,726895,727107]
[1580,275,395647,394187]
[1581,208,587954,588220]
[1582,107,314283,314091]
[1583,128,445006,446357]
[1584,96,79119,79584]
[1585,53,574108,573507]
[1586,181,697831,697556]
[1587,134,511945,512087]
[1588,41,9102,8178]
[1589,228,395257,396502]
[1590,139,247351,247083]
[1591,109,73227,71897]
[1592,27,276854,275869]
[1593,22,468675,468996]
[1594,195,567846,566457]
[1595,91,701933,701376]
[1596,49,253015,252278]
[1597,31,345723,344359]
[1598,174,281380,282260]
[1599,88,248941,249257]
[1600,119,627476,626879]
[1601,16,419258,420171]
[1602,215,276858,275606]
[1603,46,437275,437955]
[1604,221,343112,342605]
[1605,144,93540,93985]
[1606,32,719753,720159]
[1607,60,491430,492359]
[1608,96,564221,565039]
[1609,26,666435,666492]
[1610,33,643467,642976]
[1611,35,119789,118576]
[1612,263,729732,729358]
[1613,20,212347,213415]
[1614,137,91866,91003]
[1615,244,97551,97674]
[1616,256,394587,395444]
[1617,231,652563,651932]
[1618,231,430689,429614]
[1619,122,570083,570262]
[1620,23,624156,622843]
[1621,115,161892,161148]
[1622,273,152318,151092]
[1623,68,417389,418651]
[1624,88,64691,65307]
[1625,181,13296,12788]
[1626,44,686991,688490]
[1627,162,365948,366818]
[1628,61,675864,675204]
[1629,221,560540,559464]
[1630,78,488446,488540]
[1631,259,218501,218142]
[1632,15,628683,627820]
[1633,268,156830,157891]
[1634,245,412451,411751]
[1635,263,80417,79852]
[1636,46,335732,335994]
[1637,242,517720,518052]
[1638,160,266015,267168]
[1639,197,223092,222250]
[1640,168,596092,597322]
[1641,66,12326,12849]
[1642,180,190271,191732]
[1643,139,718871,718424]
[1644,166,443880,444555]
[1645,70,54169,55020]
[1646,250,5431,6079]
[1647,111,566905,566296]
[1648,233,533924,532753]
[1649,39,226772,226636]
[1650,31,403518,402238]
[1651,278,725549,725689]
[1652,194,481019,482197]
[1653,22,568240,569432]
[1654,252,388272,388786]
[1655,33,355601,355479]
[1656,70,86845,86922]
[1657,60,633403,633729]
[1658,87,493710,493054]
[1659,251,221884,220665]
[1660,133,531502,530566]
[1661,188,265424,266665]
[1662,170,630250,631294]
[1663,158,112448,113067]
[1664,118,678576,679591]
[1665,100,48209,48281]
[1666,269,507282,506921]
[1667,110,265252,266164]
[1668,162,479028,479659]
[1669,114,86756,87576]
[1670,208,129410,130574]
[1671,182,172138,173562]
[1672,100,477452,477762]
[1673,220,565516,565813]
[1674,24,171897,173152]
[1675,241,28200,27885]
[1676,206,25882,27122]
[1677,253,474174,473237]
[1678,146,9346,10589]
[1679,213,198630,197770]
[1680,100,243959,244503]
[1681,3,335350,334922]
[1682,137,454735,454250]
[1683,109,351965,351211]
[1684,103,341379,341108]
[1685,241,700123,699670]
[1686,0,720773,721529]
[1687,247,673368,672963]
[1688,226,314135,314716]
[1689,144,22517,23742]
[1690,103,474192,473373]
[1691,145,262620,261296]
[1692,15,221682,221302]
[1693,110,375414,376145]
[1694,93,571857,571106]
[1695,26,523150,523349]
[1696,115,688848,688761]
[1697,31,599408,598092]
[1698,66,284672,285525]
[1699,279,229463,228780]
[1700,266,39981,40908]
[1701,86,709577,710488]
[1702,170,536561,537378]
[1703,83,225402,224062]
[1704,84,234995,235636]
[1705,264,532331,533641]
[1706,135,76191,75940]
[1707,108,280135,280427]
[1708,220,623543,624320]
[1709,144,90433,91630]
[1710,206,618958,620322]
[1711,100,719518,720100]
[1712,239,529285,527826]
[1713,216,13783,14132]
[1714,182,149456,150844]
[1715,52,537113,538513]
[1716,56,658096,659049]
[1717,180,292120,292655]
[1718,258,515345,516523]
[1719,277,533659,532889]
[1720,223,319612,318781]
[1721,149,44392,42974]
[1722,268,605027,605464]
[1723,152,330370,331260]
[1724,204,701832,701950]
[1725,38,589401,589910]
[1726,41,150913,150537]
[1727,182,695264,695994]
[1728,175,340562,339096]
[1729,130,686666,687035]
[1730,132,424336,424444]
[1731,74,507989,508042]
[1732,39,564499,564206]
[1733,47,49070,48144]
[1734,56,491408,492281]
[1735,91,635656,635322]
[1736,59,98977,98315]
[1737,105,387441,386532]
[1738,132,138947,139589]
[1739,73,681467,680401]
[1740,45,331500,330946]
[1741,98,173490,173960]
[1742,40,119486,120121]
[1743,269,423404,422339]
[1744,196,412006,412879]
[1745,168,283798,284355]
[1746,51,682006,681296]
[1747,66,500263,501211]
[1748,155,617974,616639]
[1749,19,611814,611121]
[1750,45,360809,360435]
[1751,38,372220,373720]
[1752,228,177562,177632]
[1753,187,553496,552282]
[1754,243,264903,264071]
[1755,194,460556,461280]
[1756,39,580323,579627]
[1757,162,363830,365060]
[1758,222,451909,453334]
[1759,182,212798,213140]
[1760,113,384568,384437]
[1761,16,710782,711388]
[1762,230,347158,348060]
[1763,48,101737,102137]
[1764,108,534026,534147]
[1765,218,359455,360480]
[1766,77,389321,387945]
[1767,149,4200,3750]
[1768,250,46720,48005]
[1769,16,441516,442296]
[1770,6,113008,113922]
[1771,103,489215,487757]
[1772,12,160734,162111]
[1773,122,691285,692237]
[1774,256,457980,458512]
[1775,182,517941,518987]
[1776,116,426116,426233]
[1777,228,554118,554724]
[1778,202,566166,567122]
[1779,246,706319,707493]
[1780,154,508140,509091]
[1781,140,561415,562250]
[1782,192,699203,700646]
[1783,50,2068,3311]
[1784,107,459922,459649]
[1785,194,279940,280544]
[1786,165,428212,427045]
[1787,118,603353,604426]
[1788,244,619385,619689]
[1789,80,318481,318959]
[1790,239,728143,727287]
[1791,277,724071,723279]
[1792,96,307400,307737]
[1793,214,503447,504345]
[1794,239,625014,624505]
[1795,187,321211,319874]
[1796,138,685114,686258]
[1797,187,305381,305255]
[1798,35,711733,711051]
[1799,195,175778,175458]
[1800,117,444220,443936]
[1801,213,379542,379314]
[1802,1,392284,390923]
[1803,98,64762,65490]
[1804,68,478932,479953]
[1805,252,321629,322583]
[1806,15,83936,82465]
[1807,186,351156,352489]
[1808,61,232477,232020]
[1809,38,63274,64365]
[1810,90,98471,99467]
[1811,201,344399,343055]
[1812,199,165848,165809]
[1813,172,410238,411073]
[1814,250,493419,494350]
[1815,20,249076,249519]
[1816,114,701564,701891]
[1817,151,279637,278436]
[1818,14,705760,706416]
[1819,94,113520,115012]
[1820,262,638200,639480]
[1821,140,77884,79015]
[1822,171,42961,41707]
[1823,157,637803,636328]
[1824,123,465920,465875]
[1825,102,724562,726053]
[1826,107,42600,42137]
[1827,243,654848,654153]
[1828,28,347440,347574]
[1829,186,174972,175234]
[1830,233,227794,227380]
[1831,277,249848,249014]
[1832,97,194278,194223]
[1833,89,309166,308008]
[1834,200,23174,24526]
[1835,74,630181,631308]
[1836,165,250959,250524]
[1837,152,263679,264406]
[1838,137,178952,177539]
[1839,136,266869,267164]
[1840,230,177777,177915]
[1841,122,23755,24842]
[1842,207,690029,688984]
[1843,240,88434,89309]
[1844,14,495514,496438]
[1845,118,380640,380677]
[1846,99,79992,79758]
[1847,59,433085,432550]
[1848,123,471937,470928]
[1849,95,88764,88686]
[1850,220,283755,283941]
[1851,277,618148,617610]
[1852,149,149108,148777]
[1853,147,276331,275015]
[1854,235,553290,553231]
[1855,155,219936,218727]
[1856,69,536584,535588]
[1857,156,131039,131994]
[1858,122,89426,90374]
[1859,83,118881,117747]
[1860,25,579987,579855]
[1861,163,230845,229875]
[1862,210,342794,344286]
[1863,247,183960,183929]
[1864,55,653192,653122]
[1865,128,99290,99969]
[1866,279,641818,641254]
[1867,136,474200,474806]
[1868,53,341629,341584]
[1869,241,265789,264931]
[1870,253,109490,108106]
[1871,259,297797,296436]
[1872,76,185847,186202]
[1873,221,466700,465579]
[1874,265,620901,620649]
[1875,233,723892,723373]
[1876,214,494466,494990]
[1877,128,430862,431755]
[1878,270,556827,557222]
[1879,100,172721,172821]
[1880,106,336792,337460]
[1881,42,406659,407795]
[1882,129,407266,406449]
[1883,247,93160,92167]
[1884,117,373731,373155]
[1885,186,622804,624290]
[1886,244,626935,627464]
[1887,212,35776,36969]
[1888,68,34531,35105]
[1889,43,340078,339603]
[1890,80,263908,265047]
[1891,2,394841,396333]
[1892,220,515306,516209]
[1893,208,569521,570578]
[1894,90,332841,333204]
[1895,103,469901,468846]
[1896,221,422046,420939]
[1897,137,252072,251252]
[1898,113,665843,665126]
[1899,190,517774,519071]
[1900,278,149276,149398]
[1901,0,652491,653889]
[1902,159,166542,165908]
[1903,228,475618,476441]
[1904,236,656105,656869]
[1905,67,201999,201771]
[1906,69,665297,664069]
[1907,151,630207,629394]
[1908,107,226302,225081]
[1909,129,277280,276867]
[1910,25,704949,704138]
[1911,49,286890,286848]
[1912,251,304705,304573]
[1913,45,93190,91919]
[1914,209,700029,699856]
[1915,107,458952,458781]
[1916,180,138038,138879]
[1917,160,217740,219140]
[1918,265,691290,690048]
[1919,51,615326,615147]
[1920,219,687789,686951]
[1921,78,292653,292986]
[1922,86,105513,106230]
[1923,211,436564,435391]
[1924,132,717764,719040]
[1925,96,483846,484603]
[1926,84,273626,274563]
[1927,167,553964,553449]
[1928,48,723531,724217]
[1929,26,14701,15867]
[1930,79,67621,66541]
[1931,179,312831,312626]
[1932,201,135079,133846]
[1933,272,488203,489280]
[1934,121,511882,511627]
[1935,177,695541,694978]
[1936,184,633946,635426]
[1937,151,602684,601700]
[1938,21,551445,549974]
[1939,182,191189,192403]
[1940,240,494814,494855]
[1941,247,222164,221820]
[1942,247,45071,43882]
[1943,21,651668,650257]
[1944,219,433805,433566]
[1945,262,427684,428900]
[1946,25,71636,70636]
[1947,53,629467,628968]
[1948,208,662055,662857]
[1949,220,452665,453918]
[1950,198,718630,719631]
[1951,274,87066,87943]
[1952,189,439243,438444]
[1953,188,446797,447092]
[1954,100,64395,65247]
[1955,171,461867,460579]
[1956,189,211219,210870]
[1957,13,9641,8964]
[1958,209,198177,197073]
[1959,117,45760,45423]
[1960,165,386714,386297]
[1961,139,292465,292226]
[1962,154,469637,470695]
[1963,25,171970,171877]
[1964,39,72476,72181]
[1965,104,711075,711437]
[1966,231,562187,561290]
[1967,154,174331,175604]
[1968,129,574034,573610]
[1969,185,272754,272405]
[1970,269,486765,485689]
[1971,238,150991,151245]
[1972,199,535932,535366]
[1973,127,590714,589673]
[1974,219,169150,168471]
[1975,244,529721,530037]
[1976,26,373537,375008]
[1977,147,387645,386592]
[1978,228,316533,317211]
[1979,63,264597,263629]
[1980,130,365201,365386]
[1981,167,167061,165750]
[1982,23,297441,296619]
[1983,32,400679,401223]
[1984,108,176495,177759]
[1985,228,170168,171279]
[1986,33,150798,149673]
[1987,252,211583,213032]
[1988,129,211079,210693]
[1989,106,714292,715594]
[1990,162,102891,104221]
[1991,45,717032,715630]
[1992,54,16320,17586]
[1993,241,156448,156022]
[1994,143,539427,538338]
[1995,38,60429,61690]
[1996,138,103995,104107]
[1997,72,30472,31597]
[1998,132,301250,301923]
[1999,99,22014,20566]
[2000,271,311380,310811]
[2001,67,625199,624113]
[2002,144,377300,378283]
[2003,254,627484,628146]
[2004,92,272774,274023]
[2005,91,713837,712811]
[2006,88,354800,355702]
[2007,98,198018,198671]
[2008,65,566121,565140]
[2009,30,192787,193704]
[2010,257,212213,210973]
[2011,97,312831,312533]
[2012,29,388232,387378]
[2013,87,106378,105484]
[2014,63,679059,678488]
[2015,262,309515,310167]
[2016,113,722697,721369]
[2017,45,502031,501173]
[2018,190,206168,206545]
[2019,86,648627,649469]
[2020,229,216823,215852]
[2021,251,17018,16397]
[2022,62,165900,166077]
[2023,155,684951,684835]
[2024,205,679074,678106]
[2025,1,614371,613828]
[2026,249,289907,289234]
[2027,268,722113,723368]
[2028,69,672994,672338]
[2029,158,156096,157305]
[2030,193,388552,387331]
[2031,94,194765,195356]
[2032,165,140001,139095]
[2033,276,527855,528384]
[2034,276,505239,506647]
[2035,29,222598,222009]
[2036,31,277438,276955]
[2037,46,644472,645359]
[2038,130,496338,496453]
[2039,112,124393,125097]
[2040,152,80048,80809]
[2041,160,22984,24018]
[2042,223,150870,149800]
[2043,278,496064,496095]
[2044,237,577522,576712]
[2045,98,262443,263851]
[2046,267,579043,577741]
[2047,21,353430,352876]
[2048,230,604141,605265]
[2049,256,529789,530795]
[2050,9,50113,49908]
[2051,17,220558,219367]
[2052,18,705319,706446]
[2053,209,313635,313551]
[2054,237,41568,40447]
[2055,25,719107,718599]
[2056,163,176180,175591]
[2057,251,109461,108261]
[2058,240,37682,38174]
[2059,98,26391,27615]
[2060,165,478014,476704]
[2061,44,333423,334039]
[2062,75,255450,254986]
[2063,129,268998,268574]
[2064,177,438455,438230]
[2065,75,718213,717887]
[2066,118,130448,130820]
[2067,105,150539,150087]
[2068,66,156383,157270]
[2069,157,569656,568784]
[2070,181,389123,389064]
[2071,85,644695,643543]
[2072,105,347410,346305]
[2073,0,354384,354649]
[2074,131,540745,539496]
[2075,133,430796,429978]
[2076,7,176087,174827]
[2077,244,633097,634526]
[2078,74,51973,53386]
[2079,191,244274,243448]
[2080,41,584351,583253]
[2081,172,160840,161733]
[2082,167,261201,261043]
[2083,246,683348,683992]
[2084,46,504707,505967]
[2085,92,633899,635101]
[2086,250,592482,592930]
[2087,235,730323,730025]
[2088,154,130218,130671]
[2089,240,589334,590032]
[2090,185,451510,451005]
[2091,159,415460,414453]
[2092,198,112782,113966]
[2093,8,237803,238454]
[2094,11,35858,35768]
[2095,74,529489,529948]
[2096,273,459869,459420]
[2097,96,117107,117525]
[2098,145,671871,670649]
[2099,176,383523,384962]
[2100,15,539089,538619]
[2101,111,32258,31428]
[2102,195,47927,47247]
[2103,63,468005,467567]
[2104,176,116208,117195]
[2105,61,280780,280005]
[2106,210,497062,497231]
[2107,157,40118,38839]
[2108,141,3920,3216]
[2109,118,588894,589186]
[2110,168,321771,322672]
[2111,122,44764,45124]
[2112,216,120773,122090]
[2113,145,362754,361556]
[2114,62,382709,383481]
[2115,189,324871,323814]
[2116,87,133917,132821]
[2117,140,181929,182343]
[2118,108,685282,686005]
[2119,180,28279,28508]
[2120,56,322614,322946]
[2121,181,701110,699746]
[2122,164,383135,384495]
[2123,104,348584,348797]
[2124,151,399607,398389]
[2125,121,578617,577509]
[2126,191,400730,400053]
[2127,129,143135,143010]
[2128,63,591694,590830]
[2129,131,508781,508576]
[2130,6,519154,519369]
[2131,198,522036,522961]
[2132,46,394932,395325]
[2133,11,507877,507135]
[2134,6,726698,727851]
[2135,190,81704,82255]
[2136,118,665185,666011]
[2137,169,163424,162554]
[2138,168,121868,122776]
[2139,237,726061,725382]
[2140,110,577375,577437]
[2141,197,202347,201122]
[2142,113,580659,580428]
[2143,224,317971,319072]
[2144,271,232672,232630]
[2145,43,41279,41127]
[2146,29,265494,264492]
[2147,193,473085,472714]
[2148,232,405960,406871]
[2149,82,175424,176401]
[2150,181,327216,325790]
[2151,42,185231,186196]
[2152,112,96950,98036]
[2153,103,226268,225376]
[2154,197,583400,582839]
[2155,252,483683,484141]
[2156,141,665663,664351]
[2157,19,539578,538407]
[2158,250,52987,53330]
[2159,143,427919,426551]
[2160,9,383689,382605]
[2161,74,384181,384976]
[2162,105,95039,94018]
[2163,212,433531,434976]
[2164,111,368902,367566]
[2165,41,401391,401121]
[2166,110,696060,697415]
[2167,183,564639,563634]
[2168,174,151817,153124]
[2169,99,116944,115993]
[2170,278,365393,366715]
[2171,85,148635,147955]
[2172,83,185552,184642]
[2173,191,326370,326161]
[2174,189,385017,384921]
[2175,230,149552,150282]
[2176,252,710178,710215]
[2177,61,411376,410086]
[2178,42,534852,535045]
[2179,62,358635,359823]
[2180,64,372195,372431]
[2181,247,486978,485740]
[2182,213,61539,60903]
[2183,53,689883,689791]
[2184,120,193169,193476]
[2185,124,278041,278401]
[2186,27,626214,625848]
[2187,19,156770,155754]
[2188,223,243027,241530]
[2189,98,216758,217093]
[2190,130,228912,230303]
[2191,270,253303,253841]
[2192,144,451299,451941]
[2193,87,554874,554140]
[2194,200,553063,554222]
[2195,189,494499,494174]
[2196,163,426272,425479]
[2197,225,597327,596523]
[2198,97,17745,17608]
[2199,109,24861,23562]
[2200,248,508177,508444]
[2201,59,367306,367143]
[2202,69,465538,464829]
[2203,220,109035,109797]
[2204,127,129189,128518]
[2205,273,614023,613830]
[2206,37,121178,119967]
[2207,197,215146,214114]
[2208,222,691023,692135]
[2209,53,506260,505641]
[2210,153,623516,622920]
[2211,263,290063,289852]
[2212,111,237767,237341]
[2213,48,121359,121774]
[2214,103,162401,161233]
[2215,265,427310,427077]
[2216,263,533451,532473]
[2217,8,81680,82370]
[2218,82,291170,292323]
[2219,13,30957,29918]
[2220,86,677198,678030]
[2221,13,66166,65775]
[2222,28,533365,534422]
[2223,38,66663,67407]
[2224,78,104489,104885]
[2225,262,61282,62054]
[2226,17,365975,365211]
[2227,224,538558,538626]
[2228,272,6655,7890]
[2229,124,661249,661582]
[2230,245,311492,311143]
[2231,199,120921,119683]
[2232,36,343256,344154]
[2233,201,527351,526654]
[2234,133,224122,223162]
[2235,5,125517,124474]
[2236,104,253142,254276]
[2237,12,12643,14110]
[2238,47,493112,493081]
[2239,260,573378,573534]
[2240,215,536813,535607]
[2241,158,577250,578419]
[2242,140,629714,630590]
[2243,146,143368,144715]
[2244,253,1968,1735]
[2245,273,325954,325818]
[2246,89,194158,193185]
[2247,101,318332,317251]
[2248,234,244672,245081]
[2249,188,32727,33917]
[2250,267,657550,656324]
[2251,228,607816,609055]
[2252,259,455705,454270]
[2253,131,627462,626432]
[2254,193,43157,42960]
[2255,154,172635,174096]
[2256,100,39165,40140]
[2257,241,518302,517677]
[2258,125,663312,663244]
[2259,267,9863,9137]
[2260,247,126164,126039]
[2261,255,162848,162221]
[2262,196,150483,151615]
[2263,18,570958,571406]
[2264,78,62937,64239]
[2265,46,27266,28458]
[2266,193,685620,685314]
[2267,52,662691,662897]
[2268,139,450453,450269]
[2269,148,457283,458317]
[2270,116,25769,26583]
[2271,98,619148,620585]
[2272,136,367282,368357]
[2273,110,317525,318172]
[2274,251,424717,423253]
[2275,246,645529,646230]
[2276,181,4280,3047]
[2277,198,170493,171560]
[2278,152,570701,571199]
[2279,2,721289,721603]
[2280,43,622668,621473]
[2281,96,264026,265437]
[2282,188,270678,271701]
[2283,56,48860,49454]
[2284,239,27515,27297]
[2285,184,407929,408362]
[2286,245,387735,387630]
[2287,202,692800,693110]
[2288,97,393720,392430]
[2289,137,243716,242235]
[2290,220,284188,285289]
[2291,270,575251,576628]
[2292,279,57979,57447]
[2293,90,567997,569168]
[2294,163,677429,676358]
[2295,74,348814,349742]
[2296,63,696694,696430]
[2297,84,423314,423416]
[2298,119,102976,101581]
[2299,211,424800,423526]
[2300,102,150473,151237]
[2301,55,105796,105335]
[2302,176,369460,369939]
[2303,266,398005,399307]
[2304,273,500876,500751]
[2305,58,219331,220456]
[2306,144,250161,251182]
[2307,134,535705,536478]
[2308,155,494067,493848]
[2309,185,348562,348079]
[2310,154,73236,74307]
[2311,1,60393,59798]
[2312,192,725968,727441]
[2313,222,585300,585771]
[2314,150,631960,633157]
[2315,237,655667,654478]
[2316,1,152153,151691]
[2317,233,478961,478885]
[2318,36,425491,426233]
[2319,124,514995,515758]
[2320,205,327714,327331]
[2321,142,507303,507335]
[2322,116,279685,280804]
[2323,114,366091,367038]
[2324,164,661030,661639]
[2325,250,278310,278637]
[2326,120,604486,604949]
[2327,248,54186,54343]
[2328,93,462500,461595]
[2329,42,584370,584532]
[2330,179,158252,158201]
[2331,24,621167,621555]
[2332,241,545878,545093]
[2333,278,232842,233637]
[2334,92,96328,96759]
[2335,234,184645,184805]
[2336,101,619520,618740]
[2337,151,585863,585126]
[2338,104,289080,290436]
[2339,155,601169,600491]
[2340,127,645000,643955]
[2341,38,587737,587901]
[2342,101,15881,15529]
[2343,85,705431,704328]
[2344,2,408047,408191]
[2345,190,653462,653681]
[2346,199,68163,66874]
[2347,54,657298,658680]
[2348,52,138492,138623]
[2349,277,547543,546845]
[2350,46,64392,64678]
[2351,27,37591,36469]
[2352,214,170460,171157]
[2353,238,528917,530088]
[2354,202,9531,10490]
[2355,49,628910,627752]
[2356,70,647799,649136]
[2357,208,580412,580638]
[2358,126,696454,697579]
[2359,106,506061,507484]
[2360,98,702739,702976]
[2361,62,67589,68103]
[2362,163,318874,317606]
[2363,137,136332,135299]
[2364,16,665390,666817]
[2365,152,38706,39582]
[2366,124,126981,128285]
[2367,26,500067,500568]
[2368,270,352360,353846]
[2369,149,310045,309601]
[2370,122,583979,584357]
[2371,47,39471,38910]
[2372,89,571619,571506]
[2373,159,394131,393471]
[2374,255,182478,182135]
[2375,237,342832,341365]
[2376,151,183186,182352]
[2377,257,558469,557339]
[2378,252,248618,249854]
[2379,249,8556,8505]
[2380,78,164745,164919]
[2381,96,628972,630454]
[2382,80,555997,556998]
[2383,130,3152,3202]
[2384,224,167169,167577]
[2385,258,496730,497530]
[2386,47,665697,664426]
[2387,235,53976,53118]
[2388,6,417180,417967]
[2389,103,334766,333371]
[2390,20,160781,161991]
[2391,255,581744,581400]
[2392,189,311966,311289]
[2393,175,156563,156499]
[2394,50,401788,402959]
[2395,69,249069,248823]
[2396,265,570325,569774]
[2397,57,552207,551482]
[2398,222,371733,372340]
[2399,100,331911,333310]
[2400,259,247345,246633]
[2401,177,13384,13032]
[2402,96,264953,265245]
[2403,114,454615,455357]
[2404,171,157400,156821]
[2405,56,660021,660728]
[2406,263,472627,471995]
[2407,97,324240,323229]
[2408,135,467437,466183]
[2409,188,415405,416383]
[2410,52,677108,678436]
[2411,97,343883,342838]
[2412,145,34240,34166]
[2413,236,712625,713346]
[2414,173,720065,719611]
[2415,127,464984,464182]
[2416,134,638961,639205]
[2417,257,356686,356586]
[2418,199,36780,35543]
[2419,143,567062,566784]
[2420,279,287207,286318]
[2421,22,319120,319920]
[2422,93,603070,602661]
[2423,199,299609,298517]
[2424,155,494154,493595]
[2425,13,573381,573098]
[2426,189,271352,270755]
[2427,61,264051,262790]
[2428,12,30238,31187]
[2429,13,469044,468248]
[2430,132,62280,63247]
[2431,210,307854,308612]
[2432,143,241061,239988]
[2433,62,73336,74421]
[2434,19,441181,440726]
[2435,156,459566,461043]
[2436,41,544659,544330]
[2437,147,680542,679566]
[2438,45,653625,652584]
[2439,82,664727,665530]
[2440,241,179388,178639]
[2441,29,21808,21626]
[2442,211,452674,452467]
[2443,128,447731,448049]
[2444,151,536121,534702]
[2445,213,42700,41667]
[2446,189,341006,340476]
[2447,222,122731,123106]
[2448,42,386327,386412]
[2449,257,486110,484962]
[2450,229,316802,315894]
[2451,125,462390,462355]
[2452,159,197077,196254]
[2453,134,131541,132098]
[2454,270,612195,613569]
[2455,117,144218,143980]
[2456,164,373535,374084]
[2457,128,518507,519526]
[2458,186,373186,373883]
[2459,269,122629,121244]
[2460,184,194021,194858]
[2461,42,593540,594271]
[2462,62,580389,580619]
[2463,99,528339,528020]
[2464,91,39466,38044]
[2465,209,97027,96628]
[2466,77,293540,293333]
[2467,25,660565,659742]
[2468,253,364759,364423]
[2469,263,678745,678263]
[2470,62,484160,484199]
[2471,54,339452,340463]
[2472,142,244383,245738]
[2473,180,723294,724619]
[2474,165,499335,499196]
[2475,181,288655,287936]
[2476,14,58549,59592]
[2477,172,720172,721081]
[2478,211,460392,459568]
[2479,84,84051,85027]
[2480,225,537898,536502]
[2481,167,594622,594041]
[2482,212,681061,681407]
[2483,126,278897,279644]
[2484,8,393874,395231]
[2485,52,1003,2191]
[2486,56,704370,704914]
[2487,212,7738,8767]
[2488,45,460312,458870]
[2489,257,434296,432974]
[2490,223,395228,394517]
[2491,247,559397,558708]
[2492,195,627117,626373]
[2493,103,73770,73505]
[2494,100,484301,485186]
[2495,37,322775,321969]
[2496,17,272355,272210]
[2497,67,169215,168965]
[2498,273,667525,667303]
[2499,174,565537,566960]
[2500,77,425200,423825]
[2501,277,478522,477751]
[2502,211,26334,25271]
[2503,221,520909,520599]
[2504,73,632962,631906]
[2505,62,633806,633972]
[2506,117,37460,36479]
[2507,198,410374,410640]
[2508,218,619563,620456]
[2509,136,175251,176300]
[2510,63,720221,719717]
[2511,8,714358,715191]
[2512,31,131947,131046]
[2513,203,709841,708442]
[2514,233,161800,160335]
[2515,143,420322,420058]
[2516,255,402384,401122]
[2517,187,654147,654029]
[2518,72,47960,49407]
[2519,87,348219,346838]
[2520,250,589872,591370]
[2521,41,664447,664204]
[2522,214,20544,21782]
[2523,75,152197,151134]
[2524,278,634298,634690]
[2525,35,23025,22126]
[2526,176,711438,712796]
[2527,199,244582,243419]
[2528,25,211961,210921]
[2529,110,684786,685880]
[2530,64,725812,726150]
[2531,199,77435,76498]
[2532,161,599154,597796]
[2533,168,65343,65770]
[2534,126,446655,446726]
[2535,137,152380,151051]
[2536,60,726430,726871]
[2537,161,236151,234896]
[2538,82,73441,73980]
[2539,109,135941,134993]
[2540,57,381870,381282]
[2541,187,569529,568435]
[2542,191,257700,257552]
[2543,226,534927,535447]
[2544,65,582505,581165]
[2545,98,30400,30729]
[2546,151,280501,279286]
[2547,209,549413,548503]
[2548,32,152051,153399]
[2549,276,205758,205844]
[2550,112,64211,64645]
[2551,99,22014,20677]
[2552,105,171285,170602]
[2553,82,120888,122237]
[2554,74,47915,48973]
[2555,36,665192,666525]
[2556,158,358471,359351]
[2557,62,670106,671360]
[2558,199,18764,18685]
[2559,148,328063,329189]
[2560,174,573951,575128]
[2561,40,277160,278270]
[2562,155,531968,531613]
[2563,115,572976,572275]
[2564,168,195961,196868]
[2565,236,42275,42398]
[2566,81,692043,691647]
[2567,78,73733,74982]
[2568,3,730590,729967]
[2569,89,539252,539221]
[2570,110,189270,189656]
[2571,39,245082,244802]
[2572,63,456966,455873]
[2573,262,162652,163818]
[2574,0,145722,146123]
[2575,29,364353,363926]
[2576,53,331259,329993]
[2577,38,520411,520712]
[2578,117,26311,25176]
[2579,249,205674,205318]
[2580,59,716221,714970]
[2581,279,157497,156227]
[2582,144,116665,116889]
[2583,61,565118,563971]
[2584,237,431166,430794]
[2585,61,514197,513166]
[2586,259,97203,96701]
[2587,67,384445,384314]
[2588,212,79532,79957]
[2589,122,504987,506143]
[2590,5,103401,102043]
[2591,233,332403,330966]
[2592,277,711185,710994]
[2593,84,641463,641985]
[2594,216,437951,437987]
[2595,36,179522,180089]
[2596,235,283976,282678]
[2597,96,190526,190698]
[2598,0,419080,419710]
[2599,4,107422,108615]
[2600,15,95833,95207]
[2601,100,325617,326965]
[2602,278,157667,157796]
[2603,122,535280,535893]
[2604,96,147571,148869]
[2605,149,554397,553011]
[2606,120,19532,21000]
[2607,47,463713,462882]
[2608,252,230407,230466]
[2609,225,149692,148974]
[2610,247,200080,198739]
[2611,213,549552,548545]
[2612,132,89681,90788]
[2613,51,216183,214936]
[2614,183,238664,238447]
[2615,83,520331,520296]
[2616,29,655647,655572]
[2617,126,61263,62685]
[2618,95,24988,24259]
[2619,117,304297,302925]
[2620,244,392232,393326]
[2621,252,647117,647771]
[2622,143,101723,101611]
[2623,45,128513,127819]
[2624,103,81448,80080]
[2625,214,81057,82009]
[2626,205,36244,35538]
[2627,196,296023,296712]
[2628,49,371043,370293]
[2629,89,227229,225936]
[2630,106,583226,583674]
[2631,198,258734,259080]
[2632,174,507102,508517]
[2633,108,431820,432513]
[2634,162,373894,375356]
[2635,138,399563,400982]
[2636,68,221050,221919]
[2637,245,591708,591383]
[2638,165,314897,314580]
[2639,60,191263,191796]
[2640,155,117095,115677]
[2641,136,15318,16095]
[2642,73,284323,283461]
[2643,48,565919,566165]
[2644,277,40500,39883]
[2645,247,121299,120936]
[2646,256,106927,107452]
[2647,197,313854,312355]
[2648,142,76408,77781]
[2649,3,389325,388241]
[2650,142,587095,587741]
[2651,39,565054,564615]
[2652,187,85551,84849]
[2653,210,521400,522421]
[2654,95,79698,78751]
[2655,72,193983,194547]
[2656,198,480791,481220]
[2657,245,424776,423632]
[2658,164,657781,658085]
[2659,39,338908,338659]
[2660,10,171450,172469]
[2661,63,581162,579829]
[2662,183,462114,461254]
[2663,50,726422,726457]
[2664,95,221371,221303]
[2665,267,383272,382908]
[2666,60,532862,534184]
[2667,211,212147,211828]
[2668,93,187754,186698]
[2669,53,582722,581310]
[2670,98,457349,457761]
[2671,146,558477,559610]
[2672,262,175694,176341]
[2673,217,153618,153578]
[2674,153,238089,237529]
[2675,141,579626,578450]
[2676,231,712519,712318]
[2677,122,220642,221696]
[2678,204,91554,92235]
[2679,111,610415,609040]
[2680,108,480259,481287]
[2681,137,375151,374798]
[2682,227,35893,35449]
[2683,236,62562,63932]
[2684,177,266129,265322]
[2685,215,87036,85668]
[2686,229,188680,187400]
[2687,132,90286,90773]
[2688,6,205565,206532]
[2689,94,544854,546208]
[2690,220,719038,720024]
[2691,78,203600,204590]
[2692,239,225313,225152]
[2693,198,349942,350991]
[2694,55,254546,253350]
[2695,0,9461,9636]
[2696,69,535070,534699]
[2697,214,536009,537384]
[2698,230,38348,39637]
[2699,91,444960,444468]
[2700,187,75565,74546]
[2701,185,33552,32480]
[2702,12,490704,492098]
[2703,46,361342,362400]
[2704,260,47613,47981]
[2705,207,163117,162332]
[2706,272,210476,210554]
[2707,134,498728,499977]
[2708,229,78482,77766]
[2709,146,68012,68219]
[2710,134,287891,288746]
[2711,9,398780,398682]
[2712,266,207099,207492]
[2713,110,33779,34394]
[2714,268,37570,39001]
[2715,97,387710,386717]
[2716,194,718449,718800]
[2717,24,123146,124425]
[2718,248,373183,373679]
[2719,21,288928,287507]
[2720,195,698368,698154]
[2721,171,208586,208413]
[2722,166,114956,115923]
[2723,60,341652,342340]
[2724,192,320402,321632]
[2725,160,690063,691190]
[2726,103,702506,702397]
[2727,76,56585,57652]
[2728,102,325668,326956]
[2729,249,337457,336216]
[2730,65,644513,644398]
[2731,9,272842,271841]
[2732,81,480292,479248]
[2733,62,374221,375279]
[2734,257,621548,620513]
[2735,263,485650,484614]
[2736,66,97421,97946]
[2737,44,416268,417268]
[2738,3,109912,109196]
[2739,135,476310,476122]
[2740,214,674383,675879]
[2741,171,471821,470655]
[2742,206,179504,180655]
[2743,8,365254,365847]
[2744,158,533978,534423]
[2745,163,434031,433800]
[2746,248,34043,35490]
[2747,1,661930,660655]
[2748,71,297977,296613]
[2749,163,516807,516505]
[2750,200,171389,172724]
[2751,79,411346,411210]
[2752,242,583842,585214]
[2753,228,703775,703830]
[2754,200,686678,688151]
[2755,83,455406,454678]
[2756,203,632382,631991]
[2757,210,547872,548012]
[2758,231,649212,648328]
[2759,132,510861,511747]
[2760,111,238740,238369]
[2761,136,122108,123552]
[2762,117,351664,351402]
[2763,246,275609,276442]
[2764,251,635662,635591]
[2765,133,96170,95594]
[2766,65,162524,162365]
[2767,262,48340,49643]
[2768,68,272067,272688]
[2769,124,633058,633964]
[2770,220,295934,296541]
[2771,137,313044,312279]
[2772,210,315227,316190]
[2773,159,159234,158018]
[2774,90,635897,636174]
[2775,193,56510,55864]
[2776,178,649050,649201]
[2777,80,485387,485837]
[2778,215,259982,258570]
[2779,107,623036,623005]
[2780,102,456929,457143]
[2781,168,562634,564130]
[2782,18,517659,517882]
[2783,83,146854,146487]
[2784,279,553301,552320]
[2785,81,416454,416402]
[2786,97,340991,339516]
[2787,78,465751,466971]
[2788,216,16649,17812]
[2789,237,519051,517950]
[2790,256,269509,270808]
[2791,103,319399,318494]
[2792,48,39990,41071]
[2793,24,645923,646989]
[2794,133,369887,369647]
[2795,90,309074,309308]
[2796,244,265827,266044]
[2797,27,669923,668847]
[2798,194,389075,390560]
[2799,269,257850,256891]
[2800,30,101103,101771]
[2801,174,188638,189200]
[2802,47,291164,290817]
[2803,94,373345,373391]
[2804,52,729270,730619]
[2805,114,393342,394300]
[2806,40,295059,296510]
[2807,162,237233,237540]
[2808,76,346000,347126]
[2809,139,261602,260574]
[2810,139,303551,302725]
[2811,23,485058,484302]
[2812,171,705740,705648]
[2813,60,623859,624271]
[2814,12,211765,212412]
[2815,116,406378,406783]
[2816,128,377590,377642]
[2817,279,599437,598062]
[2818,27,570283,568943]
[2819,243,37778,36722]
[2820,244,274356,275688]
[2821,255,391930,391234]
[2822,227,122920,122336]
[2823,268,703874,704905]
[2824,39,262182,261091]
[2825,177,381071,379964]
[2826,137,29998,29879]
[2827,167,390737,390468]
[2828,230,333869,335031]
[2829,137,244401,244242]
[2830,235,37562,37406]
[2831,77,657781,656547]
[2832,37,628393,627349]
[2833,60,464927,466106]
[2834,50,146525,147667]
[2835,98,593967,594043]
[2836,217,395853,394696]
[2837,8,665342,666005]
[2838,136,452089,452946]
[2839,27,258804,258758]
[2840,150,147855,148481]
[2841,171,587181,586043]
[2842,45,453227,451888]
[2843,212,244443,245862]
[2844,195,501049,500742]
[2845,260,115528,116359]
[2846,132,374269,375277]
[2847,215,603854,602897]
[2848,277,266665,265591]
[2849,214,212351,213389]
[2850,70,263744,264145]
[2851,186,412801,412981]
[2852,163,500791,499846]
[2853,52,280230,280292]
[2854,134,276580,277949]
[2855,144,416821,417617]
[2856,71,11474,10743]
[2857,195,382515,381649]
[2858,209,393348,392322]
[2859,67,95340,94945]
[2860,50,135938,136754]
[2861,262,389844,390689]
[2862,151,714271,714177]
[2863,18,487062,488277]
[2864,82,470026,470406]
[2865,204,268363,269274]
[2866,125,520996,520943]
[2867,220,454537,454800]
[2868,229,680963,679902]
[2869,28,696956,697937]
[2870,177,729183,728045]
[2871,134,517335,517949]
[2872,55,196721,196017]
[2873,35,245250,245113]
[2874,114,487090,488030]
[2875,25,100428,99915]
[2876,116,672869,674043]
[2877,139,573573,573357]
[2878,108,497493,498301]
[2879,61,712951,711664]
[2880,62,292618,293590]
[2881,45,589920,588532]
[2882,81,27922,27531]
[2883,235,285999,285018]
[2884,10,685684,686549]
[2885,128,580760,581546]
[2886,207,252393,251244]
[2887,134,663386,664707]
[2888,237,462959,461465]
[2889,219,685699,684941]
[2890,210,249264,249898]
[2891,88,435683,437080]
[2892,38,377236,378156]
[2893,20,351794,353139]
[2894,132,445061,445587]
[2895,62,53026,53783]
[2896,126,171362,171818]
[2897,259,82104,81163]
[2898,99,544654,543313]
[2899,107,542834,541843]
[2900,157,395403,395141]
[2901,70,359725,359769]
[2902,120,640849,641213]
[2903,273,426820,426557]
[2904,160,686410,686570]
[2905,155,2475,1818]
[2906,90,614158,615609]
[2907,85,650652,649733]
[2908,190,214642,215675]
[2909,171,550737,549700]
[2910,269,707705,707120]
[2911,85,569191,567831]
[2912,122,436752,436962]
[2913,171,650214,650084]
[2914,240,694324,694885]
[2915,11,261442,261403]
[2916,244,424680,425318]
[2917,47,182524,181185]
[2918,40,142809,144206]
[2919,277,107394,106208]
[2920,272,602300,602961]
[2921,108,371700,371813]
[2922,129,180897,179481]
[2923,51,477886,477645]
[2924,61,195261,194215]
[2925,178,475479,476332]
[2926,104,254958,256005]
[2927,189,48926,47753]
[2928,170,330138,330851]
[2929,164,277824,278526]
[2930,117,184853,183913]
[2931,175,83999,83350]
[2932,247,451711,451413]
[2933,84,166830,168145]
[2934,271,382527,382443]
[2935,34,399803,400057]
[2936,145,283394,282741]
[2937,64,176096,176286]
[2938,84,415974,417455]
[2939,28,469857,470052]
[2940,264,650834,651976]
[2941,54,375071,376128]
[2942,20,159305,159580]
[2943,76,299072,299666]
[2944,190,155031,155949]
[2945,7,255464,254964]
[2946,11,730413,730018]
[2947,76,492073,492698]
[2948,122,340269,341713]
[2949,279,701163,700881]
[2950,126,430114,431340]
[2951,97,290179,289414]
[2952,181,106043,104931]
[2953,251,316522,315676]
[2954,112,61027,62463]
[2955,106,414114,415051]
[2956,76,712127,712611]
[2957,189,530797,530530]
[2958,276,334954,335517]
[2959,131,266303,265343]
[2960,72,17536,17925]
[2961,173,587682,586616]
[2962,167,546078,545756]
[2963,143,392778,392250]
[2964,275,1664,1237]
[2965,78,56357,57580]
[2966,0,531199,531875]
[2967,251,349635,348741]
[2968,85,718871,717753]
[2969,256,423226,423982]
[2970,31,133471,132524]
[2971,228,333969,334402]
[2972,259,311614,310509]
[2973,9,700039,699024]
[2974,99,181712,180577]
[2975,23,144626,144334]
[2976,215,184182,182713]
[2977,245,340507,339257]
[2978,236,25789,26633]
[2979,7,260634,260038]
[2980,220,319010,319610]
[2981,276,448070,448576]
[2982,172,558690,558960]
[2983,122,558819,558915]
[2984,256,629238,629893]
[2985,251,421079,420554]
[2986,118,156033,157368]
[2987,137,286475,285970]
[2988,272,555943,556958]
[2989,228,58953,59482]
[2990,47,673831,673372]
[2991,74,148518,149196]
[2992,274,163310,164584]
[2993,167,516329,516298]
[2994,22,300345,300417]
[2995,214,167227,168296]
[2996,222,370688,370726]
[2997,20,594696,595634]
[2998,5,450819,449505]
[2999,147,467706,467047]
[3000,37,97272,96936]
[3001,124,176021,176359]
[3002,161,621560,620487]
[3003,249,99851,99502]
[3004,163,630807,629921]
[3005,211,17451,16702]
[3006,234,371493,372544]
[3007,159,353605,352320]
[3008,49,359514,358756]
[3009,234,53712,54490]
[3010,170,224755,225931]
[3011,6,558668,559581]
[3012,172,593007,594036]
[3013,93,674909,674683]
[3014,122,616379,616825]
[3015,71,338299,336953]
[3016,36,93353,94079]
[3017,136,219421,219571]
[3018,84,460242,460996]
[3019,61,623659,623183]
[3020,14,5965,6046]
[3021,224,217165,217862]
[3022,67,214342,213490]
[3023,277,688225,687031]
[3024,63,625274,624597]
[3025,204,189844,191256]
[3026,15,420895,420770]
[3027,11,455280,455106]
[3028,241,32698,31268]
[3029,158,514289,515180]
[3030,26,385786,386594]
[3031,51,587258,586563]
[3032,25,530944,530817]
[3033,259,481064,480892]
[3034,239,199505,199303]
[3035,238,513750,514462]
[3036,188,178401,179347]
[3037,171,379008,378460]
[3038,210,645325,646652]
[3039,162,431662,432556]
[3040,36,350832,352160]
[3041,245,629490,628798]
[3042,42,555045,555346]
[3043,209,453576,453521]
[3044,156,453844,454943]
[3045,118,398858,399367]
[3046,115,63071,62906]
[3047,67,303396,303259]
[3048,48,662267,663394]
[3049,144,390043,390175]
[3050,16,622024,622829]
[3051,60,58386,58996]
[3052,74,621752,623022]
[3053,34,148380,148921]
[3054,69,89283,88322]
[3055,90,636400,636595]
[3056,97,159824,158369]
[3057,250,21174,21510]
[3058,63,590843,590002]
[3059,56,343762,344562]
[3060,12,365078,365796]
[3061,106,422512,423283]
[3062,275,302614,302128]
[3063,44,696418,696980]
[3064,258,506845,507099]
[3065,140,634420,634561]
[3066,34,519510,520082]
[3067,242,728798,729286]
[3068,195,60356,60059]
[3069,18,411030,411655]
[3070,249,396030,395943]
[3071,123,174877,174557]
[3072,263,484835,484463]
[3073,231,537254,535899]
[3074,176,413423,413536]
[3075,184,603669,604799]
[3076,147,462749,461325]
[3077,126,458212,458334]
[3078,129,300872,300660]
[3079,108,520476,520850]
[3080,120,8166,9132]
[3081,27,234718,234272]
[3082,255,370516,369039]
[3083,195,111140,109977]
[3084,122,584838,585710]
[3085,79,655881,654852]
[3086,13,304648,304213]
[3087,14,96597,97640]
[3088,138,671444,671582]
[3089,154,501268,501593]
[3090,218,192905,193719]
[3091,59,679566,679007]
[3092,121,555439,553980]
[3093,270,174397,174819]
[3094,51,382995,382651]
[3095,78,350179,351116]
[3096,256,292350,292622]
[3097,170,103933,104431]
[3098,207,541201,539785]
[3099,165,26416,24991]
[3100,273,474656,473902]
[3101,152,274362,274589]
[3102,163,528111,527891]
[3103,125,402677,401442]
[3104,42,247103,247737]
[3105,226,545301,545583]
[3106,10,69255,70722]
[3107,130,498467,499331]
[3108,158,402554,403773]
[3109,58,16018,16816]
[3110,47,41680,40841]
[3111,33,598073,596911]
[3112,132,243113,243332]
[3113,23,285892,285564]
[3114,259,295743,294783]
[3115,157,174541,173788]
[3116,179,128718,128119]
[3117,187,497776,496613]
[3118,245,187071,186986]
[3119,0,506439,506731]
[3120,159,338682,338014]
[3121,68,529431,529840]
[3122,154,280037,280700]
[3123,218,660749,661938]
[3124,111,728055,726832]
[3125,59,133296,132879]
[3126,128,361195,361366]
[3127,175,237235,236926]
[3128,225,640576,639724]
[3129,49,339273,338075]
[3130,105,518480,518173]
[3131,170,245953,246154]
[3132,163,415433,414982]
[3133,37,539831,538884]
[3134,268,222517,223292]
[3135,138,556594,556800]
[3136,90,564757,565925]
[3137,230,290000,290421]
[3138,144,362976,363380]
[3139,45,513689,512348]
[3140,29,486792,486252]
[3141,35,288138,286696]
[3142,182,37539,38676]
[3143,91,295480,295125]
[3144,146,540965,542384]
[3145,118,74269,75454]
[3146,184,362207,363270]
[3147,76,331365,331761]
[3148,21,556255,555562]
[3149,25,124308,123960]
[3150,239,687650,687122]
[3151,154,243835,245185]
[3152,135,643679,643412]
[3153,201,664691,663494]
[3154,120,656324,656668]
[3155,211,459270,458406]
[3156,132,529132,529516]
[3157,254,127490,128489]
[3158,182,222655,223668]
[3159,240,542754,543785]
[3160,62,562012,562277]
[3161,246,701676,702759]
[3162,187,164228,163121]
[3163,142,375100,375752]
[3164,260,124670,125468]
[3165,30,623317,623569]
[3166,209,248974,247571]
[3167,3,268595,267266]
[3168,31,462908,461925]
[3169,117,323903,323203]
[3170,77,200144,199479]
[3171,150,498154,498273]
[3172,146,436726,437016]
[3173,238,367721,368389]
[3174,38,483541,484108]
[3175,99,505843,504752]
[3176,50,271619,272973]
[3177,27,384872,384300]
[3178,25,443322,442971]
[3179,79,490970,490930]
[3180,177,6453,5427]
[3181,225,507839,507653]
[3182,235,530439,529430]
[3183,261,33230,32265]
[3184,35,357197,357104]
[3185,22,579979,581075]
[3186,86,539082,539130]
[3187,214,480082,481211]
[3188,38,70374,70493]
[3189,272,445644,445815]
[3190,106,57421,57536]
[3191,162,373598,374287]
[3192,188,234110,234380]
[3193,66,301216,301263]
[3194,131,263233,263128]
[3195,265,502417,501205]
[3196,168,193178,193910]
[3197,63,585476,583992]
[3198,182,453931,454674]
[3199,208,108233,108806]
[3200,17,104039,103158]
[3201,114,276755,277560]
[3202,17,297106,296280]
[3203,243,68144,66895]
[3204,115,118861,118383]
[3205,172,43054,44447]
[3206,144,649740,650571]
[3207,35,117264,116580]
[3208,88,676510,677065]
[3209,105,481182,480287]
[3210,84,556102,557337]
[3211,63,646034,644928]
[3212,251,74622,73131]
[3213,77,423790,423433]
[3214,259,521322,520649]
[3215,130,661343,662243]
[3216,82,344486,345531]
[3217,74,179541,179811]
[3218,248,367241,367379]
[3219,119,721434,721186]
[3220,172,476210,476591]
[3221,232,575936,577146]
[3222,170,9117,9199]
[3223,269,335518,335441]
[3224,172,703659,704267]
[3225,75,220269,219203]
[3226,196,431414,431806]
[3227,187,478485,477271]
[3228,186,577479,578114]
[3229,200,612916,614371]
[3230,128,643016,643656]
[3231,252,207720,208601]
[3232,201,729713,728886]
[3233,102,331925,332524]
[3234,4,115111,116506]
[3235,29,84629,84232]
[3236,17,713400,712811]
[3237,118,726505,726693]
[3238,255,290270,289168]
[3239,159,399628,398628]
[3240,190,344375,345178]
[3241,126,688634,689497]
[3242,146,191638,192546]
[3243,13,636810,635339]
[3244,46,326062,326478]
[3245,250,518063,519324]
[3246,256,360718,361688]
[3247,67,56602,55270]
[3248,120,198250,199273]
[3249,267,544131,543906]
[3250,139,299570,298690]
[3251,155,409165,408045]
[3252,14,204747,204867]
[3253,98,248531,249871]
[3254,85,583415,582428]
[3255,224,417165,417460]
[3256,225,410050,409117]
[3257,230,214423,215336]
[3258,196,361626,362696]
[3259,85,257513,256477]
[3260,182,85788,86134]
[3261,184,201305,201765]
[3262,271,467058,466219]
[3263,69,660391,659570]
[3264,86,48711,49526]
[3265,247,101799,101011]
[3266,162,326675,327767]
[3267,224,718136,719393]
[3268,131,679247,677893]
[3269,201,221500,221393]
[3270,197,161138,159910]
[3271,261,228186,228097]
[3272,93,532079,532008]
[3273,236,628363,629709]
[3274,224,141054,141627]
[3275,276,594741,595414]
[3276,212,435738,436780]
[3277,82,327,367]
[3278,147,254135,253747]
[3279,53,566403,565066]
[3280,97,27338,26985]
[3281,214,94354,95045]
[3282,161,186144,185204]
[3283,67,172766,172437]
[3284,118,690277,690808]
[3285,66,177667,179041]
[3286,250,631593,631685]
[3287,180,631883,633324]
[3288,278,61302,61550]
[3289,45,141111,140816]
[3290,107,499780,498417]
[3291,265,681621,681044]
[3292,42,576677,577016]
[3293,196,344003,344512]
[3294,51,78337,77387]
[3295,179,273687,272789]
[3296,82,156957,158182]
[3297,189,171532,171489]
[3298,119,597604,596667]
[3299,278,424535,425933]
[3300,6,123639,124786]
[3301,279,589274,587942]
[3302,95,200296,198882]
[3303,258,230550,231826]
[3304,51,647422,646202]
[3305,117,230167,229636]
[3306,144,706697,707796]
[3307,47,310768,310381]
[3308,215,481898,481092]
[3309,14,577699,577773]
[3310,127,112291,111345]
[3311,164,173591,174048]
[3312,110,659040,660053]
[3313,148,42412,43696]
[3314,122,316373,317578]
[3315,92,60308,61215]
[3316,24,38388,39839]
[3317,95,426661,426333]
[3318,43,451274,449991]
[3319,275,449369,448114]
[3320,72,664565,665758]
[3321,267,466881,465755]
[3322,95,320249,319412]
[3323,73,194853,193713]
[3324,116,239063,239593]
[3325,26,60137,60312]
[3326,196,336868,337726]
[3327,275,338605,337172]
[3328,234,559554,559768]
[3329,218,337307,338107]
[3330,147,652880,651987]
[3331,86,461266,461397]
[3332,228,553991,554634]
[3333,221,224233,224176]
[3334,9,418776,417513]
[3335,226,338498,339658]
[3336,58,306460,307208]
[3337,44,16981,17799]
[3338,231,71626,70275]
[3339,244,15078,16351]
[3340,243,376542,375772]
[3341,247,195220,194489]
[3342,5,455509,454290]
[3343,149,300810,299811]
[3344,63,506463,505078]
[3345,136,531901,532753]
[3346,123,610302,609527]
[3347,78,498370,499324]
[3348,110,67815,68642]
[3349,49,188166,187267]
[3350,95,434108,433944]
[3351,27,276234,275118]
[3352,107,703730,702351]
[3353,51,145925,145051]
[3354,268,708917,710297]
[3355,204,217395,217746]
[3356,228,248375,248576]
[3357,0,682116,683294]
[3358,124,430983,431070]
[3359,37,347425,346639]
[3360,248,660065,660482]
[3361,87,615580,614657]
[3362,191,650521,649135]
[3363,221,453033,452940]
[3364,213,547188,546261]
[3365,137,455726,454885]
[3366,64,41809,42155]
[3367,4,222129,222808]
[3368,72,147276,148246]
[3369,177,587106,586702]
[3370,112,495678,496214]
[3371,59,661552,661458]
[3372,157,726274,724989]
[3373,208,621043,621162]
[3374,2,185597,186226]
[3375,154,493186,494168]
[3376,70,446255,446867]
[3377,263,384595,384412]
[3378,232,685216,686182]
[3379,230,180842,181141]
[3380,219,295426,294146]
[3381,272,382016,383437]
[3382,125,99769,99552]
[3383,202,694154,695011]
[3384,195,204332,203516]
[3385,14,678659,678892]
[3386,249,131159,130780]
[3387,125,93858,93461]
[3388,169,648438,647941]
[3389,4,152940,153906]
[3390,87,216720,216350]
[3391,105,98091,97603]
[3392,266,12950,13208]
[3393,148,207428,207697]
[3394,78,463222,464276]
[3395,261,541092,540743]
[3396,24,535654,536092]
[3397,18,350615,351411]
[3398,33,87606,87471]
[3399,79,438409,437661]
[3400,109,84748,84605]
[3401,199,672185,671875]
[3402,172,242860,243736]
[3403,181,490730,489693]
[3404,5,370830,370728]
[3405,42,190190,190444]
[3406,194,245207,245633]
[3407,149,460600,459533]
[3408,221,43624,43345]
[3409,62,300103,301310]
[3410,61,478400,476957]
[3411,236,17661,18800]
[3412,11,187615,187444]
[3413,254,635662,636625]
[3414,71,174447,173940]
[3415,95,528510,528395]
[3416,84,539978,540480]
[3417,90,222256,222580]
[3418,94,338496,339327]
[3419,104,91074,92325]
[3420,89,601214,601100]
[3421,179,522059,520646]
[3422,9,330478,329931]
[3423,190,675281,675328]
[3424,49,568515,567770]
[3425,119,3563,2818]
[3426,208,470258,471046]
[3427,111,200649,200118]
[3428,4,608017,609009]
[3429,220,692633,693813]
[3430,47,191301,189917]
[3431,64,537475,537547]
[3432,12,98946,100009]
[3433,266,285377,286483]
[3434,152,32832,34198]
[3435,27,471798,471596]
[3436,278,228287,229761]
[3437,233,10796,9781]
[3438,39,536902,536342]
[3439,202,125904,126246]
[3440,75,580885,580408]
[3441,197,338057,337471]
[3442,102,144091,144539]
[3443,270,565148,566584]
[3444,54,685177,686041]
[3445,113,4273,4006]
[3446,201,276090,276013]
[3447,55,311883,311350]
[3448,170,650048,651430]
[3449,273,384638,383615]
[3450,78,573928,574022]
[3451,100,406043,406839]
[3452,274,252414,252754]
[3453,170,622739,623745]
[3454,101,175894,175230]
[3455,243,274677,274093]
[3456,56,283266,283555]
[3457,32,201980,202194]
[3458,124,116985,117754]
[3459,86,669638,670142]
[3460,25,106106,104745]
[3461,256,308379,309261]
[3462,200,640550,641417]
[3463,221,94948,94568]
[3464,53,470047,469716]
[3465,86,284440,285518]
[3466,59,725268,724097]
[3467,32,68233,68755]
[3468,222,565320,565410]
[3469,194,25242,26548]
[3470,246,214219,214598]
[3471,124,451416,452144]
[3472,12,165007,166380]
[3473,222,687581,688789]
[3474,87,521482,520367]
[3475,88,703556,703748]
[3476,40,164338,165114]
[3477,258,557020,557390]
[3478,30,217986,218408]
[3479,8,660397,660923]
[3480,127,364181,364082]
[3481,173,21987,21536]
[3482,219,719363,718549]
[3483,24,424283,424696]
[3484,81,401034,399709]
[3485,157,689051,688884]
[3486,137,699952,698922]
[3487,257,686168,685797]
[3488,192,495729,496443]
[3489,273,168869,168352]
[3490,134,666670,668122]
[3491,2,623761,623996]
[3492,93,646680,646635]
[3493,24,143384,143581]
[3494,41,414250,414152]
[3495,252,682294,683573]
[3496,34,176418,176617]
[3497,52,29083,29684]
[3498,45,346218,345221]
[3499,236,627269,627843]
[3500,207,348856,348351]
