["head":"wrap","lpos","status"]
[22,193053,0]
["io count"]
[355]
["io":"id","wrap","startLpos","endLpos"]
[1,187,534606,534471]
[2,49,163836,162343]
[3,131,680532,680207]
[4,47,546699,546267]
[5,32,588343,588992]
[6,56,363234,364565]
[7,248,484420,484934]
[8,175,482976,481951]
[9,256,133736,134685]
[10,251,471044,469634]
[11,110,49023,50090]
[12,156,26332,26548]
[13,212,402396,403118]
[14,72,569953,571223]
[15,271,717606,716266]
[16,129,194911,194097]
[17,170,255923,257117]
[18,81,498622,497843]
[19,92,307802,308658]
[20,130,726190,727325]
[21,192,236416,237499]
[22,184,678802,680157]
[23,33,188826,187513]
[24,116,329020,329355]
[25,208,326997,328379]
[26,76,208366,208906]
[27,240,568773,569585]
[28,129,3942,2869]
[29,275,16494,16345]
[30,73,62275,60816]
[31,46,699967,700416]
[32,88,647693,648369]
[33,71,567402,567014]
[34,46,677722,679015]
[35,161,472022,471049]
[36,162,574218,574273]
[37,15,9651,9188]
[38,52,15501,16183]
[39,110,722884,724287]
[40,269,554180,553000]
[41,145,589605,589508]
[42,13,360479,360081]
[43,9,655340,654894]
[44,51,183835,182801]
[45,164,223043,224533]
[46,26,525976,526661]
[47,216,512074,512468]
[48,149,639946,639802]
[49,172,727742,727978]
[50,136,317036,317580]
[51,18,604995,605483]
[52,263,582093,581261]
[53,197,232997,231856]
[54,230,423694,424531]
[55,32,286341,287518]
[56,238,45871,46365]
[57,197,390706,389666]
[58,130,522610,522693]
[59,108,422390,422953]
[60,123,643333,642682]
[61,129,270420,270003]
[62,54,451840,452102]
[63,68,74001,74736]
[64,40,677196,678487]
[65,138,226897,227699]
[66,166,705996,707209]
[67,193,422178,421201]
[68,5,218112,217371]
[69,14,322147,323603]
[70,240,109407,110172]
[71,34,437226,437949]
[72,160,292110,293185]
[73,58,595255,595897]
[74,268,294655,294787]
[75,191,569553,568514]
[76,161,253381,253303]
[77,30,472806,474050]
[78,222,133352,133866]
[79,71,290524,290465]
[80,24,222961,223720]
[81,77,239673,238384]
[82,70,223441,223713]
[83,154,169191,169877]
[84,85,452508,451076]
[85,106,50761,51716]
[86,199,551384,551263]
[87,112,143719,144530]
[88,80,583248,583858]
[89,188,627180,627757]
[90,187,263749,262594]
[91,277,157364,156165]
[92,61,58408,57650]
[93,219,421991,420590]
[94,230,296702,297792]
[95,247,259919,259581]
[96,64,594330,595687]
[97,54,633446,634143]
[98,148,503341,503470]
[99,270,639620,640952]
[100,195,351273,350352]
[101,155,154343,152996]
[102,59,187400,186990]
[103,191,700053,698557]
[104,189,520570,520263]
[105,247,114727,114060]
[106,106,398722,399486]
[107,223,314413,313595]
[108,142,343054,343679]
[109,137,269655,268179]
[110,131,610003,609562]
[111,276,720637,721506]
[112,270,474584,475108]
[113,9,381151,380391]
[114,199,702137,701878]
[115,158,475700,476027]
[116,36,684859,685658]
[117,110,74801,75944]
[118,112,8450,9688]
[119,213,379940,379630]
[120,2,133596,134385]
[121,190,513143,513992]
[122,11,666190,664722]
[123,271,247767,247471]
[124,256,176395,176874]
[125,215,469697,468738]
[126,6,679966,680879]
[127,165,505491,505120]
[128,121,273827,272777]
[129,65,292607,292329]
[130,275,475641,474750]
[131,47,398601,398282]
[132,253,672500,671010]
[133,9,513775,512669]
[134,29,560925,560021]
[135,173,50526,49237]
[136,188,531362,532556]
[137,276,299330,300182]
[138,134,76377,76922]
[139,58,347505,348793]
[140,124,584697,584991]
[141,187,444534,444194]
[142,120,409484,409802]
[143,225,269887,268734]
[144,172,159304,159945]
[145,260,161530,162407]
[146,165,585045,584849]
[147,106,355097,356135]
[148,122,370682,371951]
[149,116,215303,216467]
[150,81,425105,424378]
[151,139,377055,377020]
[152,200,23502,23832]
[153,68,484297,485530]
[154,196,323963,324764]
[155,100,66852,67668]
[156,260,527789,529224]
[157,103,389851,389155]
[158,216,647577,647767]
[159,141,502485,502295]
[160,52,664744,665100]
[161,33,463782,462582]
[162,177,338856,338355]
[163,232,614377,614540]
[164,91,538428,538336]
[165,57,178864,177903]
[166,249,523849,523646]
[167,107,700403,700047]
[168,59,222922,222779]
[169,267,586429,586388]
[170,4,47062,47443]
[171,254,180984,182145]
[172,143,210364,209094]
[173,259,678840,678265]
[174,203,53254,52905]
[175,269,487982,487781]
[176,117,53220,53022]
[177,173,684805,684492]
[178,238,717406,717515]
[179,137,588496,587617]
[180,224,565999,566286]
[181,1,84812,83542]
[182,230,437049,438350]
[183,120,686884,687275]
[184,170,322284,322930]
[185,125,540348,539743]
[186,120,189540,190947]
[187,135,657801,656579]
[188,253,379783,378972]
[189,164,218314,218562]
[190,148,640952,641288]
[191,102,219786,221025]
[192,244,242842,243403]
[193,263,163878,163136]
[194,54,173544,174843]
[195,215,628891,628407]
[196,87,438617,437945]
[197,166,98219,99475]
[198,126,644969,646328]
[199,185,158346,157314]
[200,237,430930,429888]
[201,69,715238,715127]
[202,53,216692,216354]
[203,16,669472,669873]
[204,262,635547,636452]
[205,171,631300,630703]
[206,186,404267,405397]
[207,86,470159,471108]
[208,220,280416,280790]
[209,228,286676,287522]
[210,132,572830,573423]
[211,33,685632,684991]
[212,166,666331,667146]
[213,103,105785,104447]
[214,193,280772,279665]
[215,239,460010,459454]
[216,2,419288,420624]
[217,98,706141,706600]
[218,74,104004,104411]
[219,110,19534,20329]
[220,85,453105,452812]
[221,255,612764,612646]
[222,52,572842,574061]
[223,222,84126,84319]
[224,62,308795,309746]
[225,189,207041,206036]
[226,125,554099,553440]
[227,227,175406,174707]
[228,20,157603,158920]
[229,241,483658,483204]
[230,85,655545,654937]
[231,243,362718,362586]
[232,14,612447,613310]
[233,21,697233,697056]
[234,71,289082,288527]
[235,96,579373,579586]
[236,217,378406,377932]
[237,121,32600,32298]
[238,239,629417,628160]
[239,167,702166,701753]
[240,144,242928,243884]
[241,93,145897,145284]
[242,143,294848,293668]
[243,162,608082,608786]
[244,137,539511,539087]
[245,78,238384,238705]
[246,210,435593,435843]
[247,54,164052,165034]
[248,216,555763,556528]
[249,255,343425,342971]
[250,46,196655,197596]
[251,101,537345,536681]
[252,210,724346,724479]
[253,225,612347,611086]
[254,75,106826,105688]
[255,238,176378,176988]
[256,219,208968,208823]
[257,239,637115,636589]
[258,106,467056,468152]
[259,29,685605,684482]
[260,101,499268,497999]
[261,84,378987,379114]
[262,180,90085,91114]
[263,266,604446,605677]
[264,218,288021,288374]
[265,30,163951,165401]
[266,69,318734,318437]
[267,166,678667,679760]
[268,174,384639,386100]
[269,69,580735,580435]
[270,119,656094,655077]
[271,279,315879,314406]
[272,89,463216,462138]
[273,93,6660,6189]
[274,246,521392,522780]
[275,20,130327,131136]
[276,196,654728,654958]
[277,268,293385,293652]
[278,238,603520,604547]
[279,236,262798,262880]
[280,81,245860,245741]
[281,140,616690,616959]
[282,103,516836,516771]
[283,116,457156,457862]
[284,196,28897,30365]
[285,43,234596,233292]
[286,121,677553,676932]
[287,151,720879,719889]
[288,84,252580,253004]
[289,63,383916,383438]
[290,68,563829,564681]
[291,135,579760,578622]
[292,185,219280,219201]
[293,102,633431,634105]
[294,235,704316,703662]
[295,244,147623,148726]
[296,117,703459,701989]
[297,114,26055,27166]
[298,211,318458,317104]
[299,2,319300,320145]
[300,269,241116,240366]
[301,20,490443,490799]
[302,194,237282,238023]
[303,113,611280,611206]
[304,28,376925,377072]
[305,37,280474,279530]
[306,167,202814,201589]
[307,235,487602,486131]
[308,208,219741,221127]
[309,230,321925,323219]
[310,70,395672,396047]
[311,84,60059,60192]
[312,97,570272,570020]
[313,25,420243,418812]
[314,133,158441,158016]
[315,43,411393,410000]
[316,255,528192,527324]
[317,245,538295,537353]
[318,47,188225,187219]
[319,267,599142,598277]
[320,134,268339,269383]
[321,196,723948,724798]
[322,35,192061,190677]
[323,126,244591,244670]
[324,159,655953,655836]
[325,218,275210,275668]
[326,66,629621,630774]
[327,195,468423,467497]
[328,176,157182,158652]
[329,228,442134,442198]
[330,37,243447,241948]
[331,116,330597,330705]
[332,189,429086,428946]
[333,237,613462,612068]
[334,108,573450,573972]
[335,195,615549,615218]
[336,79,43439,42582]
[337,64,618615,618763]
[338,195,113242,112316]
[339,171,84082,82653]
[340,182,55784,56445]
[341,146,560465,561519]
[342,80,350973,352421]
[343,49,97566,96550]
[344,4,369694,371097]
[345,65,22559,22371]
[346,269,206565,206180]
[347,219,386522,385355]
[348,206,15377,16226]
[349,38,26991,27167]
[350,253,707474,707138]
[351,103,405915,404460]
[352,203,243150,241766]
[353,52,166060,167440]
[354,84,546939,548397]
[355,23,59422,58551]
