["head":"wrap","lpos","status"]
[68,226261,0]
["io count"]
[360]
["io":"id","wrap","startLpos","endLpos"]
[1,205,137636,137162]
[2,117,116143,116108]
[3,260,627008,628038]
[4,72,273376,274695]
[5,180,259586,260622]
[6,256,26251,27044]
[7,277,632142,630785]
[8,175,691120,690636]
[9,138,530673,531854]
[10,110,26661,26832]
[11,256,603756,604618]
[12,78,488580,490055]
[13,156,5756,6267]
[14,228,7553,8503]
[15,28,538947,540425]
[16,72,611394,611584]
[17,261,296400,296205]
[18,198,14806,15222]
[19,154,122055,123300]
[20,108,725682,725895]
[21,246,383294,383412]
[22,165,454184,452783]
[23,14,78431,78948]
[24,133,559987,558960]
[25,26,237407,237688]
[26,31,87131,86283]
[27,104,272695,272999]
[28,208,362907,363268]
[29,95,416909,416563]
[30,13,141178,140214]
[31,25,65131,64609]
[32,80,679782,680749]
[33,193,317797,316933]
[34,107,176665,175653]
[35,74,379608,380536]
[36,171,230017,228716]
[37,5,32215,31856]
[38,195,407347,407119]
[39,74,385119,385533]
[40,236,309920,310189]
[41,118,542676,543450]
[42,168,34056,34561]
[43,200,595540,596493]
[44,215,18377,17133]
[45,202,515508,515978]
[46,262,324562,325119]
[47,38,287081,287613]
[48,17,356823,356645]
[49,2,705291,705592]
[50,112,206466,207547]
[51,150,664081,665545]
[52,169,673808,672783]
[53,144,564901,565978]
[54,83,115955,115680]
[55,191,360889,360651]
[56,260,115339,115943]
[57,65,487928,486814]
[58,9,30920,29554]
[59,184,297925,298445]
[60,84,676312,677658]
[61,100,628061,628588]
[62,267,635405,634477]
[63,95,344325,343006]
[64,136,213990,214149]
[65,277,119314,119205]
[66,85,65881,65672]
[67,200,81605,82629]
[68,167,8943,8603]
[69,201,548684,548296]
[70,234,697106,698147]
[71,14,690895,691070]
[72,74,585227,586189]
[73,260,202004,202346]
[74,153,37635,36529]
[75,256,205642,206426]
[76,216,521846,522682]
[77,270,443182,443329]
[78,170,196215,197200]
[79,26,369172,369629]
[80,160,436351,437148]
[81,210,600553,601865]
[82,210,367907,368872]
[83,263,719444,717949]
[84,177,264703,264519]
[85,207,327662,326972]
[86,88,580923,581887]
[87,229,595565,595380]
[88,198,388862,389615]
[89,188,622201,623450]
[90,192,250904,252092]
[91,143,482950,482243]
[92,186,481383,481617]
[93,123,381992,381708]
[94,190,563616,564790]
[95,40,198113,199351]
[96,65,463448,462901]
[97,36,641377,642661]
[98,220,67678,68666]
[99,269,238820,237758]
[100,127,520926,519469]
[101,9,625939,624814]
[102,169,404492,403364]
[103,256,47053,47236]
[104,66,254190,255572]
[105,246,300568,301408]
[106,69,628862,627607]
[107,275,354443,353136]
[108,183,354443,352956]
[109,205,499831,498974]
[110,1,150438,149664]
[111,175,357140,357108]
[112,64,389742,390269]
[113,129,288209,287087]
[114,142,207969,208000]
[115,36,592558,592892]
[116,106,9271,10748]
[117,176,366553,367629]
[118,151,468906,467902]
[119,213,273655,273515]
[120,53,377025,376034]
[121,131,367707,366996]
[122,157,601373,600775]
[123,168,526770,527096]
[124,237,280545,279599]
[125,20,535035,535543]
[126,172,336663,337491]
[127,120,58944,59076]
[128,178,532841,533172]
[129,97,391444,391070]
[130,258,45572,46820]
[131,98,577776,578276]
[132,233,566012,564704]
[133,209,322893,321836]
[134,105,692275,691008]
[135,80,112929,113493]
[136,240,317122,317428]
[137,23,640929,639945]
[138,215,526298,525056]
[139,41,464900,463401]
[140,200,587850,589034]
[141,241,397939,397620]
[142,231,345166,343741]
[143,126,169996,171401]
[144,177,633442,632023]
[145,78,160880,162142]
[146,168,378417,378816]
[147,126,242143,243459]
[148,18,45343,45531]
[149,264,188876,189426]
[150,206,474164,475485]
[151,64,271582,272239]
[152,50,200498,201507]
[153,109,728279,727316]
[154,6,12170,13513]
[155,178,281311,282142]
[156,20,79707,79985]
[157,8,201922,203053]
[158,260,317426,318854]
[159,82,710452,711937]
[160,169,407203,406923]
[161,182,377804,378502]
[162,140,315022,315278]
[163,104,429060,430193]
[164,264,602266,603020]
[165,44,316290,317416]
[166,119,254872,253609]
[167,213,598503,597718]
[168,269,426987,426897]
[169,238,506166,506959]
[170,106,191230,191873]
[171,60,344634,345794]
[172,161,542123,541430]
[173,245,452317,451989]
[174,73,324754,323663]
[175,228,411738,412520]
[176,81,134548,133390]
[177,66,705765,706658]
[178,47,230737,230689]
[179,113,71207,70426]
[180,57,467024,465688]
[181,171,457174,456742]
[182,266,650032,651087]
[183,79,488999,488411]
[184,179,245684,244523]
[185,95,188921,187888]
[186,60,669071,670133]
[187,64,288044,289034]
[188,260,224781,226058]
[189,80,53277,54631]
[190,35,439760,438490]
[191,181,411762,411043]
[192,237,404539,403858]
[193,251,649748,649066]
[194,73,636208,636004]
[195,166,90292,90572]
[196,223,159212,158265]
[197,132,693494,694796]
[198,161,102781,102451]
[199,256,601624,602896]
[200,112,102567,102684]
[201,218,660701,661494]
[202,218,456623,457520]
[203,68,404382,405344]
[204,122,296255,296442]
[205,251,502173,502119]
[206,69,29549,28709]
[207,235,359820,359659]
[208,113,215390,214447]
[209,263,399487,398169]
[210,232,160356,160980]
[211,110,665298,665928]
[212,268,619445,620921]
[213,201,591555,590908]
[214,226,291081,291501]
[215,14,415483,416757]
[216,132,43168,44424]
[217,135,61307,60844]
[218,13,622133,621707]
[219,164,591740,593231]
[220,161,668776,668478]
[221,195,624764,623416]
[222,55,81895,80523]
[223,165,593583,592627]
[224,173,564756,563260]
[225,172,272719,273054]
[226,76,169037,170306]
[227,226,202610,203104]
[228,79,354429,353389]
[229,173,54857,53601]
[230,174,96821,97973]
[231,254,647533,648806]
[232,231,133170,132612]
[233,8,154393,154463]
[234,103,438436,437328]
[235,235,220552,219624]
[236,65,704942,704126]
[237,55,708405,708212]
[238,5,639524,638337]
[239,54,297268,297857]
[240,245,3860,3433]
[241,24,148585,149246]
[242,141,570515,569218]
[243,240,645074,645872]
[244,87,489657,488826]
[245,277,520038,518868]
[246,70,186397,187573]
[247,221,241452,240461]
[248,214,447302,447679]
[249,223,544389,544037]
[250,264,591697,592787]
[251,158,694222,694552]
[252,217,158400,157122]
[253,67,407445,407044]
[254,122,429641,429974]
[255,44,305999,306872]
[256,75,54339,53653]
[257,38,514607,515116]
[258,257,285332,285064]
[259,99,73422,72925]
[260,162,42323,43737]
[261,49,113007,112256]
[262,102,207422,208291]
[263,236,374338,374568]
[264,4,431267,432201]
[265,171,161595,160346]
[266,162,191653,192957]
[267,194,575417,575981]
[268,163,429247,428217]
[269,261,119805,118479]
[270,4,70779,71262]
[271,61,55570,55533]
[272,77,568763,568566]
[273,237,72212,71366]
[274,18,466783,467374]
[275,221,420687,419769]
[276,47,264057,262673]
[277,98,656352,656711]
[278,55,399062,397565]
[279,168,580474,580775]
[280,90,487475,487909]
[281,112,567866,568438]
[282,221,604891,603993]
[283,25,2110,818]
[284,238,649903,650339]
[285,191,193146,192235]
[286,222,377097,377130]
[287,219,316307,314850]
[288,6,625266,626070]
[289,10,645781,646990]
[290,184,604493,605482]
[291,138,413089,414379]
[292,76,42991,43155]
[293,79,605762,604776]
[294,10,726528,727554]
[295,157,375387,373925]
[296,250,562756,563473]
[297,177,294312,292823]
[298,176,64080,65390]
[299,195,33555,32845]
[300,80,103324,103628]
[301,109,526918,526428]
[302,24,251400,252052]
[303,265,698087,697608]
[304,186,19472,19640]
[305,274,387287,388266]
[306,155,324764,324569]
[307,117,236138,234744]
[308,278,63059,64486]
[309,6,305565,306495]
[310,179,453650,452764]
[311,166,68430,69927]
[312,93,669579,669129]
[313,146,713398,714732]
[314,90,220295,221703]
[315,106,99288,99993]
[316,14,168453,169096]
[317,87,621905,620935]
[318,183,333926,333253]
[319,163,581833,581562]
[320,3,556383,555421]
[321,267,478241,476939]
[322,22,434905,435475]
[323,29,226720,225845]
[324,273,593761,592305]
[325,237,425364,425140]
[326,208,265634,266297]
[327,266,696318,696561]
[328,261,204355,204253]
[329,222,612784,612821]
[330,257,8266,7364]
[331,203,391977,390886]
[332,33,548945,548892]
[333,85,546713,545710]
[334,199,180772,180111]
[335,100,164916,164988]
[336,249,366535,366121]
[337,214,532826,534217]
[338,192,75644,76958]
[339,95,628182,627559]
[340,160,189994,190086]
[341,259,678612,677653]
[342,6,598438,599402]
[343,8,379756,379847]
[344,96,235365,235754]
[345,106,412887,412986]
[346,93,46502,45956]
[347,131,390449,389260]
[348,170,312284,313600]
[349,40,333274,333497]
[350,73,710901,709846]
[351,128,663895,664038]
[352,103,43124,41714]
[353,206,528153,529435]
[354,264,164803,165831]
[355,254,673618,674228]
[356,14,60236,60391]
[357,12,654386,654851]
[358,219,719678,718769]
[359,4,134770,135210]
[360,223,617604,617312]
