["head":"wrap","lpos","status"]
[152,670922,1]
["io count"]
[365]
["io":"id","wrap","startLpos","endLpos"]
[1,239,629441,627979]
[2,3,703180,701712]
[3,42,681349,681955]
[4,193,261448,261091]
[5,63,574364,573808]
[6,111,77561,76884]
[7,89,676937,675990]
[8,108,578467,579017]
[9,96,200064,200252]
[10,103,247887,247193]
[11,42,358249,359486]
[12,188,105668,106777]
[13,109,720415,720336]
[14,174,409097,409707]
[15,199,527729,527509]
[16,239,724021,723112]
[17,86,143294,143693]
[18,256,264817,264987]
[19,107,505368,504378]
[20,183,452575,452444]
[21,264,325897,326807]
[22,127,22120,20680]
[23,117,285953,284834]
[24,103,430241,429771]
[25,9,287662,287029]
[26,80,90066,90270]
[27,272,191749,193132]
[28,7,526365,525014]
[29,279,70057,69789]
[30,20,552678,553577]
[31,60,199571,201003]
[32,215,180432,179998]
[33,5,702512,701125]
[34,63,710038,708806]
[35,21,103070,102099]
[36,90,208359,208934]
[37,13,297992,296775]
[38,232,382228,382839]
[39,73,263163,262740]
[40,175,407119,406380]
[41,248,294377,294757]
[42,69,669952,668513]
[43,217,536877,536565]
[44,213,634372,633210]
[45,151,332340,331960]
[46,132,551778,552328]
[47,36,526075,526393]
[48,198,61766,62574]
[49,1,140988,140469]
[50,145,637766,636718]
[51,217,613830,612943]
[52,53,129921,129300]
[53,16,226321,227765]
[54,213,21547,20053]
[55,54,145791,146003]
[56,163,177963,177517]
[57,44,562201,562404]
[58,92,232409,232926]
[59,99,593925,593358]
[60,117,155188,154939]
[61,207,183886,183550]
[62,35,255159,254419]
[63,177,288002,287171]
[64,29,455127,454907]
[65,102,287031,288066]
[66,162,419946,420209]
[67,205,322952,322214]
[68,252,498713,499369]
[69,4,693089,694383]
[70,226,16174,17037]
[71,15,430659,430252]
[72,252,176170,177495]
[73,0,616090,616863]
[74,160,454673,455643]
[75,271,662512,662311]
[76,51,350427,349527]
[77,140,636478,637732]
[78,193,448403,447055]
[79,33,182265,180926]
[80,2,96066,97325]
[81,275,162452,161109]
[82,215,243843,243068]
[83,100,222462,223929]
[84,153,685159,684225]
[85,21,574959,573779]
[86,239,422671,422082]
[87,277,181262,179902]
[88,136,342992,344373]
[89,140,724784,724902]
[90,72,447541,448223]
[91,196,276598,277698]
[92,107,567925,567726]
[93,48,9801,10708]
[94,177,148656,148512]
[95,193,393680,392354]
[96,0,194093,195298]
[97,55,67396,65951]
[98,11,23879,23386]
[99,124,657250,657361]
[100,101,680567,679803]
[101,68,218092,219476]
[102,275,365305,364699]
[103,196,340432,340903]
[104,33,313786,313546]
[105,279,84194,82783]
[106,125,202269,201589]
[107,212,34572,35431]
[108,66,612663,613928]
[109,30,347252,347520]
[110,31,604674,604597]
[111,173,96424,96224]
[112,208,638001,639447]
[113,234,512206,513223]
[114,258,728171,729555]
[115,258,424403,424482]
[116,270,307129,307920]
[117,238,235549,236339]
[118,175,720287,719682]
[119,130,338371,338734]
[120,181,332882,332600]
[121,266,681214,681945]
[122,18,494996,495442]
[123,145,446197,445701]
[124,223,110844,109644]
[125,265,317673,316295]
[126,35,430328,429745]
[127,166,265731,266703]
[128,152,217298,217735]
[129,206,436071,437056]
[130,156,271819,272997]
[131,133,252198,251798]
[132,158,365204,366569]
[133,161,173850,173049]
[134,39,240764,240002]
[135,255,88268,88003]
[136,257,485020,484019]
[137,61,313288,312337]
[138,251,302584,301166]
[139,57,340727,340402]
[140,4,56684,57692]
[141,22,512452,513393]
[142,251,40168,39599]
[143,179,287298,285941]
[144,245,548631,548221]
[145,177,145501,144426]
[146,37,419884,419259]
[147,132,199670,200425]
[148,65,656518,656305]
[149,206,279055,279231]
[150,37,6151,5077]
[151,195,384171,383034]
[152,191,153053,152290]
[153,70,31995,32684]
[154,12,412847,412920]
[155,236,330583,330861]
[156,98,52681,53575]
[157,167,388537,388443]
[158,238,105911,106362]
[159,236,719360,720166]
[160,121,307292,306777]
[161,111,195974,194525]
[162,59,406285,405896]
[163,195,102219,102008]
[164,49,7647,7460]
[165,191,109786,109740]
[166,42,38723,39386]
[167,42,100367,100440]
[168,173,726234,726036]
[169,52,176407,176493]
[170,49,247440,246401]
[171,39,350072,348952]
[172,142,191057,192292]
[173,4,89791,90473]
[174,46,605436,606453]
[175,258,174526,174646]
[176,144,640523,640853]
[177,212,318727,319234]
[178,253,499942,498575]
[179,116,345375,345849]
[180,249,500391,498927]
[181,64,164893,164960]
[182,279,95680,94982]
[183,229,315670,315165]
[184,246,342421,342740]
[185,51,139352,138984]
[186,159,137226,136205]
[187,242,677647,678312]
[188,153,384181,383645]
[189,8,561299,562342]
[190,122,404885,406319]
[191,203,527599,526644]
[192,124,248601,248700]
[193,46,249903,250477]
[194,215,653130,652860]
[195,201,554996,553900]
[196,38,187664,187736]
[197,266,454803,456082]
[198,274,348285,349238]
[199,17,108556,107602]
[200,35,183380,182670]
[201,24,468312,469327]
[202,173,730724,729988]
[203,260,94725,95134]
[204,29,165247,164208]
[205,267,17882,17746]
[206,41,228616,227940]
[207,228,242407,242550]
[208,34,674606,675001]
[209,223,575928,575790]
[210,267,139489,138218]
[211,132,596783,597235]
[212,170,377869,378496]
[213,201,574609,574239]
[214,244,20973,22321]
[215,93,327812,327702]
[216,183,21102,20248]
[217,272,702197,703459]
[218,25,473163,472602]
[219,215,198820,197755]
[220,111,100216,99683]
[221,183,624258,623085]
[222,223,253645,252187]
[223,191,583313,582167]
[224,109,209548,209386]
[225,71,530602,529429]
[226,274,209742,210843]
[227,262,70854,72224]
[228,154,291487,291870]
[229,124,493529,494856]
[230,247,564713,563897]
[231,3,415703,414824]
[232,213,726113,725738]
[233,83,406827,405694]
[234,262,147413,148401]
[235,100,510941,511167]
[236,93,565423,564110]
[237,34,676412,677262]
[238,58,163329,163682]
[239,249,665957,665325]
[240,24,132208,132511]
[241,196,685134,685781]
[242,229,106192,105219]
[243,4,420325,421694]
[244,145,538121,537488]
[245,44,124691,125763]
[246,108,29898,31288]
[247,0,342725,343809]
[248,37,444390,443321]
[249,143,256555,256078]
[250,194,529363,529881]
[251,79,347250,346361]
[252,33,485679,484292]
[253,61,595996,595669]
[254,156,263730,264278]
[255,16,638926,639904]
[256,51,99147,98982]
[257,203,664148,662798]
[258,70,307555,307980]
[259,45,72323,71384]
[260,36,612624,613816]
[261,128,249167,249849]
[262,209,141058,140241]
[263,84,26443,27095]
[264,55,221913,221254]
[265,148,409737,410155]
[266,82,419580,420079]
[267,225,694839,693547]
[268,136,443207,444460]
[269,163,484304,483343]
[270,38,130309,130384]
[271,205,26929,26405]
[272,221,182833,181837]
[273,255,509182,507948]
[274,41,435736,434779]
[275,93,39231,38478]
[276,245,700961,699577]
[277,234,588717,589293]
[278,148,545445,545809]
[279,22,567565,568722]
[280,181,302251,301858]
[281,169,294384,294020]
[282,204,551392,551611]
[283,259,93062,92320]
[284,72,247672,248646]
[285,229,35594,34941]
[286,152,131061,131942]
[287,232,306520,307667]
[288,200,261380,261497]
[289,26,524481,525585]
[290,125,441063,440134]
[291,239,383909,383341]
[292,270,431121,431375]
[293,38,506144,506520]
[294,119,319992,319112]
[295,155,283084,282897]
[296,248,26845,27774]
[297,33,452097,450948]
[298,120,56230,57360]
[299,17,71889,70438]
[300,208,8117,9150]
[301,82,660941,661358]
[302,34,458807,459437]
[303,101,340026,338646]
[304,117,369340,368893]
[305,76,490219,491223]
[306,159,39983,39689]
[307,24,121755,123207]
[308,250,585410,586305]
[309,158,63274,64028]
[310,126,592607,593057]
[311,156,108835,109972]
[312,204,359485,359892]
[313,36,451049,451884]
[314,24,380193,380886]
[315,134,423533,424699]
[316,101,190807,190470]
[317,247,379374,378237]
[318,268,475384,476549]
[319,22,56239,57382]
[320,19,705568,704456]
[321,91,492327,491354]
[322,96,470374,471272]
[323,1,526249,525851]
[324,71,716815,716678]
[325,45,613150,612746]
[326,7,13525,12093]
[327,15,418802,417658]
[328,14,477853,478326]
[329,210,109941,111100]
[330,252,354565,355008]
[331,215,367672,367008]
[332,74,631568,633067]
[333,157,416665,415546]
[334,208,436256,437491]
[335,31,673889,672551]
[336,158,542235,542546]
[337,247,591348,590817]
[338,256,570175,571078]
[339,230,170752,171927]
[340,37,525889,525206]
[341,13,96156,95642]
[342,48,477522,478989]
[343,28,191351,191796]
[344,279,234415,233596]
[345,34,165691,166028]
[346,157,332226,331017]
[347,144,343951,344546]
[348,168,49021,49923]
[349,177,192607,191288]
[350,63,486289,485518]
[351,108,461066,461518]
[352,269,7510,7437]
[353,90,99707,100973]
[354,151,338453,337570]
[355,128,96523,96619]
[356,191,272508,272271]
[357,91,8094,7660]
[358,44,653611,654009]
[359,277,140208,138720]
[360,213,487069,486045]
[361,162,307018,307612]
[362,187,288516,287539]
[363,93,259536,258902]
[364,13,566717,566347]
[365,6,38805,40185]
