["head":"wrap","lpos","status"]
[171,191112,1]
["io count"]
[370]
["io":"id","wrap","startLpos","endLpos"]
[1,163,151451,150055]
[2,184,645566,646060]
[3,90,677152,678025]
[4,82,487770,488069]
[5,231,604268,603783]
[6,34,526347,526981]
[7,34,427534,427890]
[8,276,243278,244268]
[9,58,394002,394852]
[10,29,9939,9882]
[11,174,696502,696619]
[12,193,684521,683059]
[13,19,684045,683542]
[14,90,547076,547671]
[15,187,439902,438804]
[16,242,707443,708930]
[17,104,188580,189245]
[18,139,569710,569046]
[19,38,150908,152136]
[20,242,712860,714309]
[21,216,20264,21342]
[22,4,151797,152491]
[23,258,154628,155308]
[24,167,30124,28952]
[25,265,592185,590999]
[26,246,520845,521783]
[27,167,472596,471479]
[28,17,26878,26026]
[29,48,47380,47506]
[30,176,515919,516107]
[31,123,294100,293070]
[32,104,516748,516805]
[33,92,519080,520539]
[34,223,332291,331128]
[35,274,401874,402092]
[36,136,550280,551744]
[37,168,240516,241302]
[38,139,308319,308005]
[39,133,16414,15078]
[40,49,400673,399754]
[41,258,305604,306481]
[42,142,6500,7564]
[43,256,579757,580551]
[44,244,350054,350383]
[45,29,296273,295858]
[46,211,316439,316207]
[47,155,52979,52792]
[48,260,556739,558085]
[49,210,409229,410084]
[50,68,31899,33301]
[51,211,161824,160448]
[52,43,524860,524261]
[53,192,146338,147779]
[54,147,56393,56186]
[55,158,352172,353027]
[56,134,459207,460403]
[57,74,355164,356143]
[58,50,476747,477814]
[59,241,631777,630364]
[60,46,43698,44595]
[61,263,459387,458559]
[62,257,258348,258065]
[63,123,623025,621787]
[64,274,198957,199979]
[65,271,27372,26003]
[66,101,588434,587109]
[67,81,363233,362503]
[68,8,680688,681203]
[69,197,645400,644225]
[70,161,719315,719133]
[71,72,97553,98557]
[72,232,381864,382595]
[73,278,290685,291336]
[74,43,467700,466334]
[75,190,266957,267407]
[76,254,71431,72052]
[77,226,78016,79243]
[78,71,435182,433714]
[79,159,644993,644312]
[80,255,86837,86582]
[81,197,460706,459400]
[82,8,623328,623947]
[83,14,31172,31306]
[84,248,680463,681502]
[85,21,639703,639296]
[86,252,556168,556462]
[87,124,407967,408258]
[88,5,163488,162667]
[89,259,224629,223594]
[90,131,649088,648343]
[91,16,546812,546975]
[92,109,395271,394613]
[93,166,181159,181446]
[94,273,232020,231760]
[95,222,691008,691662]
[96,15,526920,525469]
[97,141,465835,464937]
[98,40,73275,74480]
[99,32,179497,180644]
[100,73,57816,57591]
[101,67,700463,699284]
[102,75,145198,144567]
[103,5,626820,625601]
[104,172,622740,623859]
[105,177,348676,348004]
[106,223,684541,684263]
[107,92,27069,27317]
[108,78,343305,344634]
[109,62,81169,82478]
[110,48,444666,446053]
[111,43,620632,620200]
[112,112,334280,335229]
[113,188,479037,479869]
[114,197,64025,63807]
[115,269,339917,339688]
[116,233,295454,295065]
[117,4,178884,179742]
[118,228,25164,25829]
[119,103,121970,121895]
[120,247,160157,159482]
[121,45,461140,460533]
[122,38,155914,156741]
[123,61,6416,5631]
[124,53,70241,69445]
[125,199,591716,591158]
[126,134,218055,218667]
[127,145,725569,724382]
[128,132,339599,339686]
[129,154,539452,539530]
[130,251,575637,575293]
[131,153,95848,94487]
[132,217,131294,131209]
[133,179,541805,540537]
[134,219,303836,302758]
[135,212,527536,527971]
[136,50,224631,225443]
[137,146,161719,162065]
[138,34,272272,273234]
[139,57,57834,56846]
[140,120,692528,693069]
[141,24,730413,730560]
[142,171,335715,335514]
[143,166,219394,220761]
[144,231,562602,562463]
[145,50,244161,244718]
[146,194,339382,340319]
[147,141,530275,529498]
[148,264,387273,388182]
[149,220,380929,380970]
[150,60,352367,352550]
[151,227,184756,183297]
[152,44,160137,161499]
[153,254,491613,493031]
[154,114,457295,458210]
[155,200,292703,293978]
[156,20,552536,553860]
[157,274,142231,143113]
[158,42,437846,438788]
[159,252,441173,441688]
[160,203,389738,388495]
[161,60,245732,247032]
[162,81,500273,498932]
[163,258,514875,515120]
[164,199,427969,427098]
[165,149,409274,409194]
[166,125,352501,352231]
[167,233,428052,427148]
[168,131,424107,422836]
[169,163,240313,240204]
[170,27,504780,503377]
[171,136,56052,56447]
[172,99,336155,335391]
[173,182,471541,471858]
[174,133,72794,72610]
[175,263,537452,536218]
[176,40,556726,557106]
[177,23,183310,182792]
[178,43,604714,603494]
[179,120,600661,601383]
[180,87,60273,59903]
[181,197,100026,98750]
[182,3,396310,395845]
[183,22,703313,703818]
[184,270,309397,309839]
[185,243,521898,520965]
[186,248,552740,554144]
[187,39,665366,664909]
[188,92,724778,725355]
[189,40,479064,479407]
[190,163,554532,553251]
[191,135,434412,434205]
[192,154,263164,263446]
[193,216,81415,82115]
[194,187,537600,536387]
[195,151,42597,41532]
[196,140,173195,174171]
[197,141,58289,57689]
[198,105,382064,381415]
[199,128,45154,46076]
[200,154,436416,436726]
[201,63,492361,491400]
[202,181,548571,548137]
[203,51,405204,404573]
[204,152,342629,344116]
[205,171,456034,455171]
[206,118,119254,119670]
[207,208,264209,264520]
[208,75,628931,627533]
[209,111,192333,190935]
[210,53,293896,293469]
[211,26,270094,270950]
[212,276,134347,135114]
[213,93,429144,428499]
[214,97,698048,696861]
[215,205,489068,488678]
[216,32,262405,262705]
[217,78,305014,305870]
[218,87,629344,628952]
[219,233,10022,9804]
[220,239,3157,3063]
[221,255,703759,702419]
[222,99,85650,85549]
[223,190,669414,670110]
[224,105,357792,357482]
[225,260,152071,153173]
[226,163,496534,495321]
[227,33,513506,512376]
[228,219,328599,327114]
[229,220,444830,445560]
[230,36,673185,674639]
[231,136,539175,539677]
[232,140,547019,548157]
[233,91,228719,227261]
[234,148,611013,612124]
[235,248,3771,4266]
[236,271,679160,678218]
[237,70,224363,225249]
[238,217,157956,157621]
[239,87,354534,353599]
[240,254,666342,667567]
[241,154,276442,277132]
[242,68,221361,222013]
[243,248,109137,109674]
[244,98,581960,583456]
[245,255,73855,73625]
[246,211,507822,507642]
[247,147,550223,549516]
[248,161,331108,330718]
[249,265,473392,472078]
[250,151,87101,86195]
[251,236,678772,679815]
[252,93,474763,473741]
[253,186,143290,144492]
[254,5,153998,153795]
[255,121,632733,632652]
[256,225,217962,217253]
[257,189,8538,8164]
[258,177,168664,167389]
[259,100,218909,219391]
[260,94,130771,131383]
[261,82,56625,57666]
[262,93,94724,93519]
[263,97,43147,42631]
[264,85,90021,89569]
[265,38,546426,546627]
[266,35,212341,212254]
[267,165,661234,660077]
[268,123,35368,34916]
[269,171,265922,265138]
[270,210,460749,461168]
[271,73,405405,405046]
[272,270,267226,267684]
[273,23,476452,475672]
[274,35,441222,439804]
[275,157,78973,78241]
[276,163,673706,673366]
[277,5,558802,558317]
[278,108,114192,115270]
[279,17,126312,125875]
[280,208,290393,291081]
[281,90,220301,221508]
[282,74,105321,106656]
[283,153,469087,467797]
[284,88,599599,600637]
[285,95,595464,594415]
[286,211,610339,610275]
[287,41,379113,378756]
[288,190,481315,482153]
[289,111,329158,328258]
[290,52,322314,322968]
[291,0,459791,461211]
[292,115,383974,382765]
[293,170,384059,385202]
[294,214,688953,689763]
[295,250,575774,576427]
[296,62,497660,497990]
[297,9,271971,271801]
[298,156,38557,39735]
[299,246,509186,510337]
[300,12,644225,644963]
[301,88,210570,211862]
[302,168,81068,81209]
[303,166,324853,326190]
[304,218,179826,180042]
[305,28,664536,665896]
[306,238,517059,517375]
[307,81,196881,196094]
[308,48,115432,116842]
[309,239,38289,38126]
[310,214,617202,618446]
[311,81,285422,284351]
[312,84,451261,451713]
[313,241,713405,712979]
[314,1,526026,525953]
[315,170,289254,289477]
[316,35,261425,260579]
[317,2,617406,618314]
[318,248,412872,413582]
[319,54,370799,371197]
[320,105,210193,210141]
[321,230,129514,129993]
[322,24,91138,91556]
[323,208,336168,336965]
[324,272,52405,53517]
[325,131,332227,332116]
[326,179,221694,221507]
[327,244,127261,128674]
[328,137,540677,539630]
[329,103,654363,653245]
[330,75,339305,337844]
[331,59,72369,70958]
[332,135,519224,518749]
[333,176,275253,276180]
[334,168,32681,33342]
[335,211,166778,166253]
[336,25,32726,32084]
[337,53,287327,287006]
[338,197,529691,528379]
[339,200,682029,682959]
[340,34,377175,378341]
[341,28,89218,90677]
[342,46,119263,120680]
[343,239,51713,51330]
[344,278,387255,387452]
[345,81,300094,299652]
[346,244,66874,68326]
[347,67,82600,81621]
[348,279,351996,350632]
[349,17,343366,341965]
[350,31,288489,288342]
[351,35,575140,573801]
[352,275,475987,474904]
[353,210,279166,279527]
[354,194,575866,576335]
[355,17,298568,297817]
[356,169,165374,164766]
[357,69,151539,151315]
[358,150,223816,224818]
[359,140,610970,612127]
[360,52,402650,403024]
[361,90,548322,548970]
[362,177,442050,440713]
[363,273,558593,557909]
[364,125,616478,615136]
[365,128,206065,207406]
[366,232,21432,22420]
[367,117,259088,257862]
[368,15,14422,13928]
[369,31,1255,958]
[370,122,469721,470309]
