["head":"wrap","lpos","status"]
[239,390464,0]
["io count"]
[375]
["io":"id","wrap","startLpos","endLpos"]
[1,184,185485,186961]
[2,14,613631,614993]
[3,61,287137,286771]
[4,76,459951,460633]
[5,128,229950,231412]
[6,221,577248,576779]
[7,138,490301,491149]
[8,15,517693,516728]
[9,64,198228,198322]
[10,40,238870,239574]
[11,187,222385,222071]
[12,259,641284,641027]
[13,82,67502,68980]
[14,121,574432,573005]
[15,191,699273,698061]
[16,257,519027,518064]
[17,138,317796,318691]
[18,81,664431,663868]
[19,57,144410,144216]
[20,16,231621,232911]
[21,229,81849,80875]
[22,235,337075,336978]
[23,25,102798,102290]
[24,17,343910,342695]
[25,235,342662,341731]
[26,189,81492,80061]
[27,115,436177,435340]
[28,40,487863,489274]
[29,145,533478,532367]
[30,150,269924,270599]
[31,204,235047,235720]
[32,276,155362,155493]
[33,175,239455,239208]
[34,26,102827,103811]
[35,195,270872,269608]
[36,89,135101,134816]
[37,211,151860,151437]
[38,179,252489,251298]
[39,99,520545,519875]
[40,208,369718,370301]
[41,194,424373,424922]
[42,262,58548,58845]
[43,175,412447,412003]
[44,267,155836,155385]
[45,155,263837,262524]
[46,200,464938,466129]
[47,82,424039,425483]
[48,118,2306,2652]
[49,116,176130,177222]
[50,179,335166,333773]
[51,50,155892,156128]
[52,39,433179,432025]
[53,158,590844,591364]
[54,53,176309,174993]
[55,198,295220,296630]
[56,239,73328,72091]
[57,152,210576,211762]
[58,49,705503,704087]
[59,6,468116,469241]
[60,38,57094,57995]
[61,240,623454,624339]
[62,185,648122,646692]
[63,95,567041,565707]
[64,232,602910,603154]
[65,276,510948,512196]
[66,21,156438,155769]
[67,90,292267,292804]
[68,176,570282,571226]
[69,195,439197,438082]
[70,151,431584,430468]
[71,225,199384,199252]
[72,13,218867,218830]
[73,270,52365,52486]
[74,249,544631,544419]
[75,278,618714,619682]
[76,186,191113,192271]
[77,231,702238,701833]
[78,242,500278,501269]
[79,258,710552,711933]
[80,237,364356,363490]
[81,109,709649,709442]
[82,28,453143,453757]
[83,57,353833,353701]
[84,188,337326,337601]
[85,16,50917,52304]
[86,60,645050,645601]
[87,118,572749,573499]
[88,172,376314,376347]
[89,253,341522,340129]
[90,255,717255,716045]
[91,267,523816,523147]
[92,139,8553,7163]
[93,274,588217,588614]
[94,228,128386,129636]
[95,237,472123,471672]
[96,29,293434,292712]
[97,56,313032,314333]
[98,126,202224,203656]
[99,271,130866,130318]
[100,116,722483,723184]
[101,72,58685,59677]
[102,88,354657,355920]
[103,227,420204,419238]
[104,107,45666,44296]
[105,68,91709,92511]
[106,237,399899,399442]
[107,143,362041,360795]
[108,151,306351,305174]
[109,189,445963,445661]
[110,86,313839,314148]
[111,161,580894,579842]
[112,89,460027,458873]
[113,16,165738,166525]
[114,118,48475,49551]
[115,270,526911,526994]
[116,51,103076,102840]
[117,51,86693,86451]
[118,255,448070,447095]
[119,96,600753,601308]
[120,37,440671,440536]
[121,193,127443,127142]
[122,66,161786,162352]
[123,257,407606,407088]
[124,241,423386,422128]
[125,21,99223,98177]
[126,37,706831,705725]
[127,30,620212,621238]
[128,183,405198,403807]
[129,123,561653,560308]
[130,207,67361,66336]
[131,250,415606,416040]
[132,232,385855,387083]
[133,59,336213,335366]
[134,15,492399,492257]
[135,11,150527,149961]
[136,90,159843,160777]
[137,92,269887,271161]
[138,244,2161,3398]
[139,62,588773,589202]
[140,173,215892,215150]
[141,274,620383,621353]
[142,38,652345,653349]
[143,68,386117,386231]
[144,63,221122,220975]
[145,219,464020,463722]
[146,19,248159,246918]
[147,60,574579,574735]
[148,57,22807,21379]
[149,254,667568,667956]
[150,145,712816,712743]
[151,81,728058,727724]
[152,131,36030,35062]
[153,174,198101,198928]
[154,122,330211,331171]
[155,193,466963,466118]
[156,190,527567,528933]
[157,59,620892,619671]
[158,154,140537,140679]
[159,254,577849,578834]
[160,257,584002,583937]
[161,249,207486,206395]
[162,208,145733,146530]
[163,225,316646,316329]
[164,156,384667,385274]
[165,9,206618,206365]
[166,243,522133,520749]
[167,161,337936,337154]
[168,240,139406,140368]
[169,178,625552,626468]
[170,231,258955,258639]
[171,167,59727,58639]
[172,33,367227,365830]
[173,252,676758,676930]
[174,1,498192,498084]
[175,16,486986,487828]
[176,214,107130,108597]
[177,158,79251,79554]
[178,203,634115,633307]
[179,126,345940,346180]
[180,188,347313,347438]
[181,259,169570,168807]
[182,184,181454,182328]
[183,64,282811,283280]
[184,198,449962,450236]
[185,189,160338,159424]
[186,9,658157,657643]
[187,129,658641,657219]
[188,180,262856,264128]
[189,32,236746,237063]
[190,5,364556,363360]
[191,60,20516,21682]
[192,73,702223,702006]
[193,199,502032,500604]
[194,220,100165,101162]
[195,165,139760,139707]
[196,1,687588,686397]
[197,214,406800,406898]
[198,268,646029,646724]
[199,97,712798,712366]
[200,72,450608,450688]
[201,188,496244,497412]
[202,224,662578,663459]
[203,55,335554,334444]
[204,139,442573,441419]
[205,56,328739,329304]
[206,259,489054,487803]
[207,88,553244,553344]
[208,214,215238,216632]
[209,265,161876,161514]
[210,161,366790,366655]
[211,122,214875,215294]
[212,153,320945,319765]
[213,95,174727,174272]
[214,194,387179,387597]
[215,150,474194,475166]
[216,158,573967,574725]
[217,164,357913,359000]
[218,187,507882,507348]
[219,86,370517,371826]
[220,222,321398,322681]
[221,43,615223,615123]
[222,152,669103,670431]
[223,64,626443,626953]
[224,173,2439,1961]
[225,44,92825,94048]
[226,124,334383,335301]
[227,50,401890,402890]
[228,183,375758,374948]
[229,247,300893,300196]
[230,141,598476,598376]
[231,72,12751,14021]
[232,27,700246,699389]
[233,210,714516,715190]
[234,52,726760,727929]
[235,54,152567,152904]
[236,36,462665,463244]
[237,102,8042,9176]
[238,192,702671,703597]
[239,181,284238,283163]
[240,240,714759,715346]
[241,92,636571,637900]
[242,170,639676,640163]
[243,124,510527,511200]
[244,111,144874,143817]
[245,41,702162,701009]
[246,220,482492,483298]
[247,12,80261,80856]
[248,26,460415,461688]
[249,252,386546,386872]
[250,10,436593,437693]
[251,65,582278,580937]
[252,238,195989,196184]
[253,243,670096,668787]
[254,202,63092,63676]
[255,123,356993,356607]
[256,110,550503,550566]
[257,200,588690,589179]
[258,231,348707,348601]
[259,38,423037,423829]
[260,106,548198,548502]
[261,90,165262,166288]
[262,207,219732,218806]
[263,267,472829,472228]
[264,227,206522,205484]
[265,40,292,1758]
[266,164,663394,664202]
[267,23,328387,327499]
[268,35,142028,140800]
[269,278,189455,190778]
[270,266,723748,725234]
[271,11,303185,302000]
[272,62,42585,42927]
[273,241,290283,289476]
[274,38,28498,29683]
[275,10,413794,413998]
[276,149,127912,126912]
[277,135,36617,35489]
[278,160,215968,217313]
[279,87,267701,266281]
[280,183,36669,35894]
[281,254,105067,106388]
[282,189,691080,690321]
[283,271,511296,510919]
[284,274,596582,596887]
[285,239,603140,602611]
[286,218,526762,527572]
[287,261,721573,720917]
[288,1,54099,53439]
[289,260,237532,238858]
[290,126,97703,98410]
[291,57,597556,596641]
[292,48,319250,320470]
[293,174,403689,404561]
[294,189,184582,184275]
[295,101,196261,195030]
[296,190,336777,338079]
[297,164,599937,600675]
[298,242,284593,285356]
[299,158,162376,162822]
[300,82,356602,356734]
[301,81,94616,93623]
[302,201,145969,145359]
[303,208,534247,534507]
[304,82,378248,379506]
[305,232,456684,457631]
[306,238,438860,439867]
[307,246,441514,442302]
[308,174,273988,274484]
[309,229,650823,650640]
[310,119,23937,23816]
[311,242,574611,575921]
[312,108,622479,622570]
[313,91,630026,628596]
[314,26,499935,501097]
[315,93,423279,423172]
[316,111,128194,128092]
[317,204,556658,557422]
[318,15,402698,401624]
[319,54,35540,36494]
[320,245,29623,28877]
[321,89,347461,346297]
[322,117,7351,6802]
[323,227,13520,12176]
[324,83,715615,715057]
[325,122,386791,387832]
[326,56,382051,383342]
[327,176,192813,193677]
[328,151,67580,66460]
[329,75,628271,627378]
[330,194,455456,456056]
[331,78,566320,567209]
[332,192,711431,712873]
[333,153,58476,58048]
[334,258,289606,291034]
[335,19,462896,462473]
[336,217,169609,169093]
[337,239,557640,556933]
[338,209,668548,667465]
[339,249,228379,227057]
[340,122,435181,435329]
[341,206,219286,219331]
[342,143,396553,395559]
[343,276,137525,137951]
[344,61,340396,339047]
[345,111,554105,553134]
[346,231,349890,349621]
[347,255,243386,243324]
[348,104,100380,100646]
[349,226,108700,109328]
[350,211,641179,640562]
[351,239,618304,617022]
[352,251,159767,158749]
[353,209,429373,428761]
[354,92,88754,90251]
[355,218,435701,436479]
[356,58,656890,658334]
[357,110,703980,704235]
[358,209,111340,111281]
[359,224,472833,473778]
[360,203,665895,664658]
[361,27,351835,351040]
[362,68,659727,660754]
[363,224,419732,420085]
[364,212,695343,696767]
[365,179,679247,677766]
[366,254,53569,53915]
[367,122,659620,660653]
[368,60,630608,631672]
[369,60,275956,277137]
[370,125,206462,205672]
[371,0,360840,361951]
[372,77,62404,61190]
[373,97,427571,427031]
[374,24,625599,625808]
[375,77,718839,718252]
