["head":"wrap","lpos","status"]
[201,515307,0]
["io count"]
[380]
["io":"id","wrap","startLpos","endLpos"]
[1,181,284202,283258]
[2,141,163919,162986]
[3,231,577587,576427]
[4,217,300280,299457]
[5,57,302498,301824]
[6,140,37880,39098]
[7,133,92536,91107]
[8,101,236565,235928]
[9,249,429564,429126]
[10,50,699994,701407]
[11,243,134303,133897]
[12,215,721540,720642]
[13,166,152195,153066]
[14,252,134669,134999]
[15,55,8233,7644]
[16,86,642043,642858]
[17,224,121711,122072]
[18,263,319711,319283]
[19,105,95024,93664]
[20,275,598781,598411]
[21,59,266874,265774]
[22,83,171692,170639]
[23,44,254892,254935]
[24,78,197328,198769]
[25,40,624119,624451]
[26,265,557926,557316]
[27,196,711790,712190]
[28,189,682462,681356]
[29,245,477473,476668]
[30,243,474861,473838]
[31,147,542314,541890]
[32,212,6306,7184]
[33,90,623536,623756]
[34,60,121638,122279]
[35,84,521569,522262]
[36,201,150122,149104]
[37,91,625673,625548]
[38,145,477415,476812]
[39,13,567487,567057]
[40,265,172085,170954]
[41,94,154879,155020]
[42,78,414196,415075]
[43,43,264259,264227]
[44,108,176332,176389]
[45,106,454646,455018]
[46,95,111653,111061]
[47,146,528342,528489]
[48,244,379986,380220]
[49,89,178383,178228]
[50,52,30165,30254]
[51,211,511187,509962]
[52,263,567376,567085]
[53,254,530171,531653]
[54,144,588182,589093]
[55,242,250940,252012]
[56,103,23907,23162]
[57,182,629169,630659]
[58,182,89489,90481]
[59,221,465946,465000]
[60,232,239378,240097]
[61,195,208043,207820]
[62,161,12669,11862]
[63,22,583222,583918]
[64,2,247078,248072]
[65,227,250106,248981]
[66,187,449985,449295]
[67,53,499710,499565]
[68,108,73331,74243]
[69,59,87461,86338]
[70,13,664186,662807]
[71,2,467800,469295]
[72,12,426910,427035]
[73,158,631329,632721]
[74,62,410675,411361]
[75,152,434085,434384]
[76,46,694491,695734]
[77,244,686850,688168]
[78,47,237186,236611]
[79,72,364787,365940]
[80,59,695308,695238]
[81,219,715312,714077]
[82,129,309980,309551]
[83,26,117916,118941]
[84,150,266968,267735]
[85,258,194232,194796]
[86,95,327816,326370]
[87,133,626555,625668]
[88,143,484769,483922]
[89,120,400577,400996]
[90,4,167820,168221]
[91,194,194786,195838]
[92,242,403977,404770]
[93,52,520839,522171]
[94,81,156600,155641]
[95,26,592219,592653]
[96,151,136315,135411]
[97,232,435910,436501]
[98,44,373784,375118]
[99,178,142995,143628]
[100,228,375425,376387]
[101,205,118518,118266]
[102,121,264935,264034]
[103,34,497255,498238]
[104,91,11369,10033]
[105,134,563228,564129]
[106,117,323438,322866]
[107,98,123910,125150]
[108,80,630379,631207]
[109,138,107370,108829]
[110,196,419902,420456]
[111,79,491244,490254]
[112,68,560817,561588]
[113,72,685064,685914]
[114,26,624568,625484]
[115,225,447885,447372]
[116,114,494675,495130]
[117,239,204897,203598]
[118,228,287472,288124]
[119,261,78284,77936]
[120,125,432196,432088]
[121,115,558221,557030]
[122,145,37226,36719]
[123,190,119097,120488]
[124,41,324990,324424]
[125,139,314720,314225]
[126,107,448392,447554]
[127,140,25354,26010]
[128,61,75933,74901]
[129,7,175394,174862]
[130,130,207350,207830]
[131,178,713127,714086]
[132,157,452035,451253]
[133,0,194490,195251]
[134,255,374579,373735]
[135,41,173341,172694]
[136,18,441630,442495]
[137,43,318435,317173]
[138,168,394281,395601]
[139,188,204921,205785]
[140,45,480125,480078]
[141,29,384354,383855]
[142,264,493381,493950]
[143,66,662862,663499]
[144,143,686845,686213]
[145,258,699570,700512]
[146,225,301969,301002]
[147,121,318963,318206]
[148,136,656415,657212]
[149,13,103224,102415]
[150,75,72413,72009]
[151,207,201807,201482]
[152,243,348359,347600]
[153,5,2656,2344]
[154,81,258214,256778]
[155,42,407844,408265]
[156,219,610770,609793]
[157,90,343803,344829]
[158,32,78372,78441]
[159,157,575130,574507]
[160,4,550879,552352]
[161,130,156422,157773]
[162,73,350052,349668]
[163,134,321881,322303]
[164,21,613729,613633]
[165,30,223213,223921]
[166,222,556643,556684]
[167,93,312146,311653]
[168,234,599715,601114]
[169,59,414415,413177]
[170,186,706199,706311]
[171,153,512900,512386]
[172,27,113202,112458]
[173,274,59784,61253]
[174,277,33002,32452]
[175,87,63321,62666]
[176,60,395912,396014]
[177,53,635686,635185]
[178,212,424708,424751]
[179,17,500979,499510]
[180,180,592133,592384]
[181,125,472726,472342]
[182,69,147730,147281]
[183,95,531461,530715]
[184,12,194275,195741]
[185,42,179293,180485]
[186,258,520736,520796]
[187,144,22652,23804]
[188,134,206216,207064]
[189,13,276004,275735]
[190,120,682530,683286]
[191,219,158206,157830]
[192,206,336784,337257]
[193,200,274583,276077]
[194,242,400942,401035]
[195,158,619188,619865]
[196,173,145055,144593]
[197,273,385150,384969]
[198,103,311746,311247]
[199,225,44386,43626]
[200,98,622927,623137]
[201,117,256841,255760]
[202,179,430826,429478]
[203,46,80288,80824]
[204,179,122353,121156]
[205,193,557065,555774]
[206,18,642831,643746]
[207,265,552069,551814]
[208,231,447019,446402]
[209,29,364167,363345]
[210,10,30042,30863]
[211,206,636452,637417]
[212,140,236974,237079]
[213,107,681603,681465]
[214,48,229235,230686]
[215,116,356356,356427]
[216,40,57031,57743]
[217,35,618472,617372]
[218,135,548826,547538]
[219,270,102652,103093]
[220,8,559846,560439]
[221,129,699032,698159]
[222,44,468068,469255]
[223,233,692006,691083]
[224,175,490591,489376]
[225,155,625126,624367]
[226,104,96313,96832]
[227,23,618699,617514]
[228,95,705824,705688]
[229,34,135912,136721]
[230,214,623003,624443]
[231,92,534704,536156]
[232,26,531608,532583]
[233,40,455180,455282]
[234,101,472398,471597]
[235,277,227807,226746]
[236,151,701457,700704]
[237,52,513577,514544]
[238,270,101169,102642]
[239,236,691253,692041]
[240,60,199675,201116]
[241,153,231503,230281]
[242,141,331526,330983]
[243,164,157035,157281]
[244,44,40085,41443]
[245,263,707429,706608]
[246,20,466346,467277]
[247,96,613902,614950]
[248,186,82364,83625]
[249,114,505822,506567]
[250,153,293278,293151]
[251,77,31864,30695]
[252,171,140875,139805]
[253,204,482121,482493]
[254,253,249529,248572]
[255,90,441379,441776]
[256,47,274890,274431]
[257,238,256040,257107]
[258,13,63214,62000]
[259,161,496477,495837]
[260,58,262293,263715]
[261,190,499690,500114]
[262,176,235446,236740]
[263,58,636121,636260]
[264,72,282902,283076]
[265,208,554886,556265]
[266,186,421224,422318]
[267,170,436734,437439]
[268,267,236620,236167]
[269,254,519839,520345]
[270,195,275305,273960]
[271,171,166005,165717]
[272,0,155152,155918]
[273,42,414307,414638]
[274,139,55941,55524]
[275,108,571764,571798]
[276,210,695017,696177]
[277,234,129604,130388]
[278,59,671625,670957]
[279,143,140826,139814]
[280,256,587127,587344]
[281,102,630866,631840]
[282,124,464992,465499]
[283,270,27527,28948]
[284,269,676511,676345]
[285,246,249375,249962]
[286,21,42609,41826]
[287,243,144653,144340]
[288,205,564864,564610]
[289,124,256608,257980]
[290,91,333398,332778]
[291,105,286472,285120]
[292,10,73379,74380]
[293,3,453066,452572]
[294,17,663739,663215]
[295,261,105553,105199]
[296,208,538342,538394]
[297,6,402369,402705]
[298,208,256050,257521]
[299,186,180619,182071]
[300,133,139882,139484]
[301,157,378663,378555]
[302,133,296819,295456]
[303,0,506378,506811]
[304,80,351163,352354]
[305,131,515362,515207]
[306,113,507415,507127]
[307,132,188262,188904]
[308,189,508601,507156]
[309,249,622461,621035]
[310,251,151332,150305]
[311,224,20077,20242]
[312,81,6607,5218]
[313,131,688571,687552]
[314,251,271472,270973]
[315,59,718941,718896]
[316,120,363109,364596]
[317,279,291893,291108]
[318,197,629738,628316]
[319,212,247510,248245]
[320,109,395281,393961]
[321,57,314154,314061]
[322,84,116984,117512]
[323,88,243624,244522]
[324,191,387633,386376]
[325,49,36296,35813]
[326,123,708417,707853]
[327,272,414410,414558]
[328,195,470114,468827]
[329,15,72471,71375]
[330,120,175736,175972]
[331,143,234787,233872]
[332,19,17053,16594]
[333,277,510443,509686]
[334,30,205433,206234]
[335,201,665689,664357]
[336,136,470815,471979]
[337,19,548084,546986]
[338,258,248275,248516]
[339,76,62443,63059]
[340,102,200604,202044]
[341,133,88304,87894]
[342,53,144107,142916]
[343,156,140802,141460]
[344,146,445668,446437]
[345,277,434622,433907]
[346,208,9500,9691]
[347,2,519436,520604]
[348,80,356603,358049]
[349,175,506795,505308]
[350,275,427873,427820]
[351,61,220484,219582]
[352,125,358323,357669]
[353,131,455369,454087]
[354,50,108758,108795]
[355,154,398626,398975]
[356,269,384098,383386]
[357,269,472499,471432]
[358,59,243636,243085]
[359,22,119723,120093]
[360,135,257928,256875]
[361,251,341205,340711]
[362,146,400281,401190]
[363,19,338313,337263]
[364,66,419768,420255]
[365,189,30933,30898]
[366,160,398898,399126]
[367,51,386822,385728]
[368,186,155110,155919]
[369,220,300924,301350]
[370,77,612600,611765]
[371,158,86752,86846]
[372,250,413349,413639]
[373,18,235372,235459]
[374,111,241602,241226]
[375,99,466818,466577]
[376,157,181774,180984]
[377,121,210187,209608]
[378,252,569287,570505]
[379,255,1513,1463]
[380,162,726491,726852]
