["head":"wrap","lpos","status"]
[275,75941,1]
["io count"]
[385]
["io":"id","wrap","startLpos","endLpos"]
[1,137,427163,426530]
[2,70,184395,184608]
[3,217,178001,176690]
[4,216,413909,415303]
[5,154,68106,69569]
[6,235,170673,169398]
[7,73,150661,149382]
[8,151,334871,333597]
[9,257,292783,291395]
[10,113,706063,704793]
[11,233,617882,616868]
[12,112,106923,107520]
[13,224,177301,178047]
[14,200,253677,254411]
[15,5,40613,39936]
[16,148,600694,601373]
[17,257,656359,656269]
[18,14,688379,688919]
[19,155,692914,691912]
[20,241,530364,529045]
[21,86,63149,63645]
[22,239,326653,325801]
[23,247,120670,120353]
[24,147,268198,266878]
[25,228,118671,119046]
[26,238,255260,255413]
[27,46,392488,393252]
[28,62,718499,718883]
[29,258,150981,152130]
[30,274,690696,691312]
[31,121,157225,156176]
[32,179,387701,386538]
[33,28,283044,283699]
[34,156,224750,225912]
[35,259,536312,535699]
[36,189,333747,332939]
[37,234,58772,59835]
[38,72,121704,122122]
[39,26,685954,687310]
[40,216,393514,394626]
[41,179,124152,123358]
[42,43,538056,537861]
[43,74,626592,627686]
[44,209,610506,609243]
[45,279,85255,84190]
[46,153,546991,546344]
[47,167,565768,565707]
[48,24,439884,441269]
[49,92,22165,22628]
[50,225,507651,506324]
[51,247,463509,463161]
[52,12,103947,104596]
[53,189,200641,200440]
[54,30,84736,84773]
[55,93,509442,509182]
[56,12,644241,645620]
[57,186,654032,654104]
[58,207,460600,459527]
[59,230,466401,467040]
[60,69,686584,685605]
[61,155,46853,46498]
[62,92,89031,89072]
[63,97,201076,199860]
[64,10,643508,644971]
[65,191,311136,309669]
[66,173,3082,2482]
[67,235,202193,200940]
[68,218,349668,350971]
[69,90,67603,69099]
[70,129,475989,474933]
[71,98,302417,302739]
[72,232,619953,620646]
[73,39,703869,702877]
[74,204,3377,4155]
[75,145,296457,295656]
[76,203,524851,523756]
[77,215,447551,446679]
[78,273,208600,207328]
[79,122,523722,523939]
[80,134,4436,5771]
[81,228,168944,170183]
[82,248,234299,234664]
[83,259,711360,711131]
[84,113,48687,48504]
[85,259,526264,525160]
[86,208,232035,232836]
[87,204,289448,290476]
[88,213,574747,573413]
[89,45,15547,14063]
[90,75,36765,36261]
[91,146,364700,365090]
[92,268,408190,408568]
[93,269,480042,479194]
[94,198,490455,491279]
[95,44,528942,529209]
[96,13,355846,354843]
[97,144,83106,83227]
[98,107,186746,186366]
[99,90,95974,96025]
[100,67,129356,128951]
[101,16,2280,2689]
[102,2,152720,153244]
[103,50,343155,344310]
[104,247,435726,434330]
[105,267,575870,575111]
[106,189,270402,269801]
[107,191,588779,588633]
[108,276,585292,586264]
[109,202,676696,677948]
[110,277,409238,409169]
[111,16,483614,484027]
[112,156,505584,505972]
[113,271,564475,563086]
[114,236,13823,14538]
[115,235,38194,37932]
[116,75,611758,611276]
[117,26,499291,500468]
[118,122,325968,326513]
[119,7,564837,563723]
[120,85,439788,438824]
[121,191,663447,662687]
[122,108,597312,597428]
[123,87,423589,422089]
[124,262,525707,526259]
[125,61,189389,188565]
[126,189,155926,155099]
[127,43,367242,366086]
[128,191,671847,670673]
[129,240,371326,372322]
[130,199,76444,75030]
[131,117,519909,519054]
[132,145,322998,321538]
[133,180,173964,174817]
[134,108,581134,582237]
[135,104,609138,610024]
[136,16,549676,550639]
[137,247,619530,618248]
[138,230,80600,82074]
[139,233,671902,670615]
[140,46,298138,299241]
[141,122,113859,115041]
[142,156,42839,43490]
[143,197,314095,313283]
[144,153,101634,100867]
[145,70,707926,708584]
[146,112,128262,128646]
[147,23,23575,22538]
[148,262,649243,650530]
[149,68,380749,382216]
[150,208,344277,344669]
[151,164,147266,148205]
[152,34,349760,350245]
[153,210,387167,387733]
[154,64,357914,358289]
[155,226,370239,371167]
[156,120,729548,729965]
[157,207,533072,531980]
[158,172,405544,405994]
[159,101,662507,661429]
[160,165,154014,153322]
[161,38,307991,309338]
[162,93,116419,116282]
[163,197,136057,136016]
[164,200,411495,412204]
[165,263,104617,104030]
[166,201,199243,199148]
[167,130,142196,142638]
[168,128,156755,157976]
[169,34,684480,685501]
[170,129,83608,82363]
[171,12,274879,275497]
[172,210,313632,315033]
[173,208,252366,252705]
[174,156,465131,465567]
[175,20,637525,637923]
[176,179,308338,308206]
[177,24,691590,692753]
[178,99,220634,220495]
[179,67,396679,396570]
[180,150,481508,481868]
[181,268,365562,366933]
[182,35,481400,480497]
[183,7,628795,627856]
[184,67,187868,187043]
[185,160,73062,73722]
[186,262,633038,634011]
[187,244,403512,403601]
[188,229,647266,646183]
[189,228,729808,730982]
[190,237,572657,572064]
[191,23,456239,455200]
[192,161,53590,52366]
[193,123,277703,277218]
[194,203,705587,705033]
[195,23,119894,118871]
[196,206,500450,501029]
[197,105,449700,449129]
[198,110,416372,416754]
[199,54,286513,287772]
[200,144,305486,306858]
[201,5,379713,379381]
[202,91,406204,405534]
[203,114,291746,292892]
[204,159,28385,28002]
[205,91,372287,372134]
[206,147,190750,190011]
[207,139,22511,21783]
[208,123,412984,412139]
[209,74,41208,41547]
[210,43,146156,145849]
[211,86,269668,269750]
[212,96,688678,688767]
[213,264,518304,518684]
[214,84,660851,661852]
[215,189,132403,132060]
[216,273,431930,431474]
[217,191,621560,621109]
[218,129,214801,213423]
[219,118,724797,726294]
[220,26,417501,418406]
[221,10,389057,389215]
[222,254,281571,281985]
[223,53,629703,629670]
[224,2,377889,379163]
[225,45,211691,210505]
[226,144,208939,210150]
[227,163,358318,356941]
[228,146,459766,461134]
[229,224,538622,538717]
[230,95,647832,647482]
[231,10,381516,381799]
[232,34,128197,128925]
[233,59,491896,491848]
[234,108,195105,195685]
[235,207,378767,377517]
[236,116,424767,425258]
[237,116,713910,714876]
[238,147,59803,59053]
[239,266,722176,722700]
[240,255,424945,423661]
[241,94,427573,427864]
[242,35,207239,206984]
[243,40,75114,75243]
[244,213,714362,714030]
[245,27,248225,248123]
[246,200,227467,227544]
[247,18,609407,609841]
[248,120,464368,465218]
[249,165,232194,231190]
[250,110,650232,651228]
[251,254,178081,179470]
[252,50,355697,356923]
[253,271,628226,627385]
[254,39,514906,513421]
[255,59,630541,630432]
[256,102,29004,29391]
[257,217,293077,292424]
[258,22,617890,618837]
[259,50,538408,539270]
[260,58,459584,460916]
[261,147,182860,182057]
[262,215,557522,556902]
[263,277,437147,436276]
[264,144,304979,305174]
[265,2,574337,574576]
[266,266,167048,167183]
[267,169,708959,708781]
[268,102,620503,620572]
[269,208,92020,92136]
[270,237,500319,499406]
[271,240,715636,716833]
[272,137,61118,59889]
[273,63,414958,414542]
[274,131,622796,621749]
[275,161,199360,198829]
[276,124,406314,406922]
[277,159,53099,51865]
[278,211,382174,381530]
[279,47,478278,478021]
[280,18,98272,98529]
[281,45,347599,347171]
[282,235,374771,374162]
[283,127,213908,212482]
[284,165,497304,496068]
[285,224,75474,76555]
[286,190,565197,566623]
[287,124,87514,87950]
[288,3,593821,593095]
[289,147,299834,298983]
[290,243,343436,342104]
[291,108,107834,108255]
[292,206,20939,22218]
[293,157,506920,505428]
[294,70,442711,443135]
[295,134,494814,495256]
[296,274,34596,35508]
[297,41,700784,700071]
[298,140,329193,329893]
[299,61,442794,442687]
[300,59,348716,348533]
[301,151,113067,112458]
[302,43,223802,223529]
[303,96,129972,131447]
[304,157,602862,602582]
[305,108,5864,6064]
[306,232,268998,269258]
[307,219,33480,33037]
[308,266,515299,515826]
[309,101,162556,161642]
[310,40,90597,91072]
[311,12,267707,269077]
[312,137,715496,714222]
[313,42,443325,444037]
[314,239,277458,276018]
[315,68,591377,592825]
[316,0,64278,65041]
[317,86,728499,728984]
[318,38,74268,74344]
[319,243,697755,697053]
[320,92,654747,654858]
[321,262,57232,58494]
[322,186,98526,100001]
[323,228,631223,631461]
[324,236,58868,59190]
[325,178,586816,588217]
[326,169,559906,559861]
[327,92,84253,85467]
[328,145,386767,386044]
[329,220,61862,62387]
[330,83,115946,115057]
[331,74,480709,481979]
[332,153,700941,700697]
[333,135,300658,299944]
[334,194,42209,42788]
[335,238,447103,447590]
[336,4,345701,346381]
[337,64,470681,471734]
[338,161,654746,654695]
[339,88,643872,644301]
[340,88,576050,577423]
[341,272,20804,21070]
[342,166,311714,311754]
[343,220,287420,287756]
[344,32,263266,263539]
[345,254,665665,667095]
[346,216,600555,600601]
[347,50,208780,210013]
[348,163,688094,687266]
[349,149,427687,426729]
[350,34,582599,582942]
[351,139,312145,310823]
[352,190,600951,601554]
[353,116,412078,412772]
[354,96,498753,499597]
[355,51,484305,483111]
[356,65,14774,13402]
[357,209,313783,312587]
[358,134,157221,158028]
[359,272,728549,729900]
[360,15,339168,338102]
[361,7,464356,464235]
[362,88,187156,187715]
[363,15,287484,286941]
[364,187,688623,688217]
[365,85,366309,365007]
[366,153,276230,276050]
[367,181,708278,706852]
[368,165,480795,480246]
[369,93,517995,517126]
[370,86,371435,372097]
[371,142,156376,157770]
[372,22,375630,376468]
[373,210,213797,214176]
[374,108,71876,73192]
[375,172,5161,6391]
[376,126,520198,521187]
[377,258,720444,721907]
[378,132,684343,684374]
[379,197,509432,508388]
[380,119,82002,81634]
[381,16,311559,311904]
[382,68,472538,472828]
[383,35,636118,635338]
[384,111,476303,475472]
[385,247,446852,445692]
