["head":"wrap","lpos","status"]
[180,607642,0]
["io count"]
[390]
["io":"id","wrap","startLpos","endLpos"]
[1,13,312899,311655]
[2,11,367974,367747]
[3,174,652932,654326]
[4,218,9217,10199]
[5,78,681105,682294]
[6,24,286473,287331]
[7,72,371204,371582]
[8,190,583301,583817]
[9,207,549391,548952]
[10,152,181843,182205]
[11,64,491561,492058]
[12,54,113295,114390]
[13,68,59594,59918]
[14,4,429825,430212]
[15,86,460946,461317]
[16,47,533446,533049]
[17,71,656908,656185]
[18,190,551621,551899]
[19,238,153659,154110]
[20,208,157476,158162]
[21,1,695712,694772]
[22,261,128297,126836]
[23,84,543721,543771]
[24,155,260690,260554]
[25,109,649370,649120]
[26,73,89012,87530]
[27,213,138986,138020]
[28,141,270469,270050]
[29,259,15156,14487]
[30,29,25710,24641]
[31,221,388005,387762]
[32,227,19346,18464]
[33,214,530098,531037]
[34,60,289754,290593]
[35,17,142199,140850]
[36,128,443469,444405]
[37,75,318972,317730]
[38,91,590456,589353]
[39,198,428856,430165]
[40,236,94451,95459]
[41,131,444177,443379]
[42,25,205791,204658]
[43,41,642930,642379]
[44,159,229102,227681]
[45,4,492739,492982]
[46,86,64299,64371]
[47,80,109310,109790]
[48,17,195847,194592]
[49,244,518781,519077]
[50,35,8290,7809]
[51,219,699690,699037]
[52,250,219851,220172]
[53,215,415447,414281]
[54,120,326419,327906]
[55,273,204741,204352]
[56,267,361076,359999]
[57,103,606233,604869]
[58,31,301202,300297]
[59,96,357548,358547]
[60,77,607016,606401]
[61,69,260303,259253]
[62,104,658276,659742]
[63,146,466757,467095]
[64,136,609897,610736]
[65,122,47861,48993]
[66,18,508453,508700]
[67,18,5481,6532]
[68,168,254135,254512]
[69,162,362921,364245]
[70,223,550235,549261]
[71,228,389918,390642]
[72,92,660556,661589]
[73,83,114123,112847]
[74,45,557043,557006]
[75,243,552657,551285]
[76,242,330517,330934]
[77,226,105755,107177]
[78,205,339071,338691]
[79,131,230008,228607]
[80,3,685173,684359]
[81,218,502565,502863]
[82,176,263897,264628]
[83,242,480340,480416]
[84,215,310235,309747]
[85,220,340329,341284]
[86,199,256145,256079]
[87,96,273092,273606]
[88,158,544829,544952]
[89,99,26080,25904]
[90,216,401568,401886]
[91,48,185366,186541]
[92,196,337336,338247]
[93,28,463196,464612]
[94,26,306153,307333]
[95,44,207840,208027]
[96,173,375643,374617]
[97,55,604160,603039]
[98,172,241025,241552]
[99,183,192619,191874]
[100,15,178337,177688]
[101,60,69165,69939]
[102,30,545335,545993]
[103,171,408735,407452]
[104,203,165111,164005]
[105,128,22816,23198]
[106,21,90492,90207]
[107,81,287284,286974]
[108,228,229792,231017]
[109,211,49364,48879]
[110,72,448196,449295]
[111,29,95454,94448]
[112,165,547451,546736]
[113,42,468354,469231]
[114,250,564463,565523]
[115,3,205198,204188]
[116,194,452519,452972]
[117,123,28458,27328]
[118,86,185532,187012]
[119,190,300741,301655]
[120,116,729237,729901]
[121,96,229553,230083]
[122,59,342850,341823]
[123,90,19896,20415]
[124,68,330813,331662]
[125,25,145710,144991]
[126,139,265368,264012]
[127,176,15108,15366]
[128,195,660428,659646]
[129,268,522211,522843]
[130,174,192090,192797]
[131,195,272326,271180]
[132,276,580356,581005]
[133,204,636358,636518]
[134,126,685438,685891]
[135,257,82541,82208]
[136,92,127102,127335]
[137,206,162801,163941]
[138,208,192253,192691]
[139,4,413836,414916]
[140,97,649606,649128]
[141,75,463484,463411]
[142,181,159895,158581]
[143,139,122841,121527]
[144,100,18371,19112]
[145,130,175718,176502]
[146,2,603347,603510]
[147,220,56219,57280]
[148,138,681819,683181]
[149,179,585193,584296]
[150,237,410077,408786]
[151,175,677093,676398]
[152,161,729215,728324]
[153,210,157442,158053]
[154,95,327081,326388]
[155,94,291608,291978]
[156,14,679397,680081]
[157,63,728256,727013]
[158,20,567946,569240]
[159,21,344476,343288]
[160,108,479435,479635]
[161,17,265819,264900]
[162,108,402833,403013]
[163,18,662571,662993]
[164,206,305423,306916]
[165,81,422499,421651]
[166,255,568270,568133]
[167,247,403238,402539]
[168,207,458078,457667]
[169,263,505297,503979]
[170,107,145571,144714]
[171,58,229304,229449]
[172,5,658713,658297]
[173,199,177166,175731]
[174,99,56700,55712]
[175,188,422637,422767]
[176,260,27077,27688]
[177,130,57887,58454]
[178,174,310174,310654]
[179,253,596913,596045]
[180,106,561578,561750]
[181,88,411101,411204]
[182,241,100651,99653]
[183,20,422063,423080]
[184,177,575667,574248]
[185,146,63581,64728]
[186,244,438724,439622]
[187,263,323357,322147]
[188,66,207365,207756]
[189,25,350754,350304]
[190,185,338073,337071]
[191,158,274980,275600]
[192,99,407243,406902]
[193,199,660679,659813]
[194,79,703610,703212]
[195,41,665602,664558]
[196,207,186794,186394]
[197,102,116877,117901]
[198,66,251363,251565]
[199,155,669845,669449]
[200,32,1250,1962]
[201,264,439027,439952]
[202,80,487917,489186]
[203,176,447515,448711]
[204,231,317093,316724]
[205,34,232484,233406]
[206,38,322968,323491]
[207,69,616127,614693]
[208,195,662014,661336]
[209,264,149716,150471]
[210,265,409682,409200]
[211,137,595664,594222]
[212,51,297878,296867]
[213,114,180699,181732]
[214,261,569351,568392]
[215,13,2636,1304]
[216,136,670797,671045]
[217,67,637136,635960]
[218,279,725990,724809]
[219,61,111892,111002]
[220,225,404447,403558]
[221,57,11687,11479]
[222,154,690066,690244]
[223,30,6674,7315]
[224,182,578730,579115]
[225,107,202953,202074]
[226,150,6811,7487]
[227,63,8230,7184]
[228,275,61100,60974]
[229,121,598416,598006]
[230,118,647839,648228]
[231,135,502001,501763]
[232,80,685229,685587]
[233,236,533726,534733]
[234,54,215329,216404]
[235,110,280159,280995]
[236,62,137210,137648]
[237,145,636230,635831]
[238,207,516478,515084]
[239,93,138417,138328]
[240,158,668298,668970]
[241,4,277812,278831]
[242,8,549204,550111]
[243,52,313722,315185]
[244,84,483035,484530]
[245,145,683233,682273]
[246,253,243581,243380]
[247,256,604496,605907]
[248,189,562932,562571]
[249,231,730295,728811]
[250,189,730133,728644]
[251,20,488394,488828]
[252,119,54843,54001]
[253,212,252302,252370]
[254,62,131116,131294]
[255,174,420101,421408]
[256,259,671833,671184]
[257,214,646707,646827]
[258,152,649858,650653]
[259,250,126918,128196]
[260,194,117264,118026]
[261,58,128404,129854]
[262,63,447382,446488]
[263,136,26961,27774]
[264,46,409562,410456]
[265,202,330983,331088]
[266,52,519006,519063]
[267,148,516430,517311]
[268,52,159133,159820]
[269,111,534969,533615]
[270,129,70830,70324]
[271,24,239719,240969]
[272,33,368751,368082]
[273,138,90659,91258]
[274,262,538459,539100]
[275,167,235354,234903]
[276,50,19211,20183]
[277,150,101323,101814]
[278,47,195536,194925]
[279,123,326550,325266]
[280,264,405801,406568]
[281,241,486627,486117]
[282,94,594284,594366]
[283,259,200029,199315]
[284,61,196925,196176]
[285,122,231193,231859]
[286,229,307455,307164]
[287,266,584745,585205]
[288,7,285075,283659]
[289,108,487000,487070]
[290,121,294314,293986]
[291,119,126853,125734]
[292,63,278057,276981]
[293,143,613441,613271]
[294,179,77343,76437]
[295,143,380088,378593]
[296,4,337000,338198]
[297,4,469902,470520]
[298,201,384845,384114]
[299,109,100072,99043]
[300,58,610005,610904]
[301,152,535573,536106]
[302,200,41903,42469]
[303,192,208028,209144]
[304,269,274281,273729]
[305,270,419260,420740]
[306,244,250869,252298]
[307,206,124137,124594]
[308,189,518188,517570]
[309,176,220841,221015]
[310,207,661154,659947]
[311,248,123795,123868]
[312,106,257477,258394]
[313,125,509575,509233]
[314,254,20938,21817]
[315,37,699283,698107]
[316,153,87312,86827]
[317,166,684400,684444]
[318,66,223923,224061]
[319,15,304453,303194]
[320,230,582413,583877]
[321,10,552911,553797]
[322,131,162663,161743]
[323,266,216074,217544]
[324,27,64013,63769]
[325,174,282246,283044]
[326,157,265240,264773]
[327,138,717688,718944]
[328,211,190001,189488]
[329,205,489647,488884]
[330,55,290925,290119]
[331,192,31498,32490]
[332,113,600871,599401]
[333,137,634954,633855]
[334,86,495789,496205]
[335,153,524012,523354]
[336,174,441101,441750]
[337,222,11684,11928]
[338,247,65025,63613]
[339,70,322461,323376]
[340,88,181511,182661]
[341,159,603652,603450]
[342,189,397353,396182]
[343,118,561431,561813]
[344,279,164898,163633]
[345,41,329630,328973]
[346,82,652160,653024]
[347,191,730357,730214]
[348,20,260132,260165]
[349,89,244749,243324]
[350,34,598379,599705]
[351,54,611674,613110]
[352,12,314894,315237]
[353,52,488383,489621]
[354,279,218247,217667]
[355,271,23230,23009]
[356,216,703100,704598]
[357,191,210304,209756]
[358,92,674212,675451]
[359,227,296216,295383]
[360,165,623469,622657]
[361,72,228006,228377]
[362,119,420851,420250]
[363,98,17985,18108]
[364,60,4419,5646]
[365,88,384096,384529]
[366,157,712895,712602]
[367,35,626538,626215]
[368,176,639532,639923]
[369,79,692534,691086]
[370,208,331222,331712]
[371,59,190812,189933]
[372,249,51930,50527]
[373,261,499425,498251]
[374,246,468116,468487]
[375,172,235725,236445]
[376,168,191059,191439]
[377,254,30400,30821]
[378,183,357127,355920]
[379,279,646932,646670]
[380,244,317227,317933]
[381,248,338284,338324]
[382,164,173424,173849]
[383,232,454610,455027]
[384,48,191595,192996]
[385,121,580168,579861]
[386,112,519418,519698]
[387,142,261094,262321]
[388,59,378130,377982]
[389,50,380333,381820]
[390,194,380484,381412]
