["head":"wrap","lpos","status"]
[63,642338,0]
["io count"]
[395]
["io":"id","wrap","startLpos","endLpos"]
[1,208,653741,654266]
[2,19,56323,55234]
[3,12,424770,425882]
[4,46,207003,207612]
[5,61,69891,69087]
[6,231,165890,165340]
[7,140,477406,477535]
[8,119,132647,131929]
[9,141,35372,34232]
[10,151,213892,213371]
[11,116,523294,524590]
[12,145,163233,162880]
[13,192,633509,634963]
[14,77,133269,132686]
[15,159,215625,214215]
[16,63,701005,700681]
[17,13,365021,364773]
[18,32,13750,13922]
[19,111,538403,537723]
[20,155,108888,107918]
[21,272,675438,676468]
[22,36,645669,646144]
[23,236,711813,711942]
[24,179,206545,206079]
[25,118,376235,376929]
[26,53,368616,368259]
[27,211,345556,344461]
[28,235,372084,371372]
[29,239,306408,305852]
[30,218,382646,383056]
[31,59,491448,490774]
[32,145,514281,513096]
[33,96,513896,515228]
[34,153,646531,645319]
[35,184,496646,497651]
[36,154,366375,367642]
[37,131,157780,157217]
[38,124,90776,92043]
[39,49,176565,175526]
[40,174,707957,709082]
[41,148,143593,144926]
[42,262,30984,31262]
[43,52,418404,419595]
[44,168,521266,521495]
[45,65,1118,437]
[46,239,502937,501961]
[47,271,339965,339104]
[48,124,246223,246595]
[49,110,51939,53227]
[50,165,221364,220040]
[51,0,681018,681583]
[52,136,479761,480092]
[53,193,559553,559062]
[54,133,192585,191961]
[55,140,128059,129128]
[56,169,683275,683013]
[57,194,429908,430030]
[58,3,518924,517698]
[59,153,539643,538551]
[60,115,350935,349537]
[61,206,50912,51479]
[62,125,484743,483410]
[63,77,338549,337283]
[64,198,453941,455057]
[65,162,183387,184710]
[66,59,214630,214486]
[67,162,214972,216450]
[68,254,284734,285079]
[69,240,212562,214055]
[70,258,228536,229442]
[71,165,108249,107121]
[72,150,707378,708025]
[73,101,606164,605792]
[74,247,277651,276208]
[75,51,430236,429327]
[76,139,304048,303524]
[77,229,408240,407042]
[78,201,324076,322725]
[79,272,202183,203548]
[80,184,566096,567436]
[81,86,685601,685673]
[82,140,485142,485307]
[83,120,16773,18185]
[84,211,201256,200284]
[85,207,661905,660676]
[86,217,593965,593690]
[87,217,431090,430257]
[88,56,126038,127043]
[89,54,699212,699556]
[90,132,271154,271707]
[91,78,581563,581612]
[92,130,310281,311386]
[93,101,459776,458417]
[94,107,424532,423499]
[95,0,638875,640136]
[96,33,607153,606113]
[97,76,80280,80735]
[98,155,702116,701713]
[99,60,317582,317722]
[100,68,27230,28569]
[101,213,656330,656199]
[102,255,666677,666644]
[103,26,312581,313746]
[104,223,136790,135329]
[105,101,329978,328616]
[106,166,341081,341467]
[107,145,218435,217615]
[108,100,189409,190060]
[109,16,440464,441236]
[110,29,94328,94041]
[111,217,724487,723746]
[112,275,552211,551730]
[113,47,280708,279422]
[114,61,671242,669856]
[115,109,536498,535318]
[116,274,376727,377491]
[117,128,176393,177689]
[118,122,703098,703358]
[119,171,597010,596768]
[120,221,718125,717323]
[121,0,542567,543219]
[122,72,620962,621393]
[123,89,164029,163538]
[124,97,328242,327283]
[125,239,232416,231445]
[126,153,295074,294280]
[127,172,587362,588284]
[128,265,606499,605001]
[129,63,367201,366083]
[130,18,36346,37828]
[131,265,569741,568642]
[132,152,348027,349054]
[133,69,183159,182824]
[134,37,601978,601448]
[135,248,459094,460483]
[136,178,515508,515868]
[137,84,633461,634358]
[138,116,77168,77367]
[139,107,163037,162930]
[140,261,369701,369438]
[141,164,231102,231176]
[142,9,244160,242742]
[143,234,373285,373830]
[144,184,576940,578366]
[145,96,236398,237880]
[146,255,170932,170405]
[147,243,339098,339064]
[148,207,128166,127178]
[149,20,140469,140503]
[150,166,531013,531428]
[151,227,328437,327056]
[152,56,725921,726982]
[153,82,527881,528061]
[154,264,609840,610856]
[155,237,82424,81552]
[156,135,292739,292373]
[157,46,674453,675191]
[158,128,574815,575207]
[159,1,123142,122166]
[160,95,436762,436687]
[161,212,490637,490829]
[162,74,509581,509821]
[163,37,345128,344501]
[164,29,445762,444889]
[165,2,424417,425098]
[166,82,592446,593246]
[167,122,212078,213119]
[168,153,682020,680957]
[169,50,642235,643710]
[170,119,255506,254998]
[171,243,378150,377569]
[172,18,86635,87139]
[173,147,594042,593764]
[174,137,285452,285167]
[175,13,4684,4132]
[176,21,644950,644800]
[177,63,139971,138700]
[178,172,68263,69735]
[179,22,13710,14418]
[180,126,80928,80991]
[181,146,315271,315593]
[182,73,334794,334485]
[183,26,296884,297562]
[184,193,340422,339466]
[185,109,696877,695500]
[186,196,54266,55381]
[187,243,261589,261105]
[188,152,316211,317632]
[189,233,11185,10593]
[190,128,657636,657855]
[191,3,635784,635328]
[192,33,356994,356756]
[193,271,70318,69206]
[194,186,316635,316961]
[195,6,330104,330293]
[196,69,306188,304885]
[197,254,160377,161519]
[198,137,581367,580020]
[199,232,621981,622299]
[200,140,569041,570087]
[201,201,565926,565520]
[202,20,705545,706128]
[203,92,88507,89639]
[204,80,249818,250697]
[205,18,708230,708663]
[206,103,320519,319852]
[207,60,65765,66538]
[208,155,113833,112746]
[209,183,52793,51999]
[210,19,390378,389908]
[211,116,670354,670407]
[212,63,54043,53586]
[213,122,426935,427209]
[214,241,137161,136646]
[215,45,80551,79649]
[216,216,166556,167335]
[217,216,543799,544627]
[218,153,297984,297321]
[219,68,468572,469657]
[220,160,614279,615530]
[221,258,516186,517560]
[222,49,273814,272773]
[223,170,195927,197245]
[224,210,258128,259072]
[225,213,31264,30648]
[226,7,56124,54712]
[227,210,687483,688227]
[228,81,157497,157118]
[229,158,521984,523125]
[230,208,595517,595863]
[231,219,438725,437553]
[232,137,694945,694246]
[233,142,246941,248019]
[234,11,226072,224614]
[235,190,495455,496197]
[236,91,450308,449562]
[237,216,316446,316559]
[238,169,350276,348897]
[239,88,722676,723668]
[240,188,375741,375808]
[241,28,444335,444410]
[242,44,580058,580960]
[243,34,380550,381857]
[244,140,19735,20245]
[245,90,275973,276468]
[246,237,147316,147064]
[247,216,645503,646799]
[248,199,220833,219952]
[249,212,252216,252255]
[250,54,26007,26604]
[251,273,610585,609824]
[252,23,521725,520913]
[253,257,565541,565160]
[254,242,74801,75469]
[255,245,284071,284001]
[256,82,594702,596030]
[257,16,135039,135259]
[258,158,697725,698384]
[259,136,7872,8987]
[260,128,713198,714280]
[261,258,206232,206880]
[262,152,10369,10460]
[263,67,524936,524888]
[264,14,337054,337982]
[265,142,701372,701802]
[266,51,512759,512325]
[267,262,168132,169252]
[268,77,330906,330001]
[269,149,605589,604602]
[270,49,282256,281176]
[271,102,249824,250169]
[272,203,392168,391560]
[273,20,94753,95113]
[274,120,362785,363555]
[275,36,165235,165649]
[276,14,120189,120728]
[277,115,568022,566645]
[278,73,373845,373144]
[279,248,341020,341758]
[280,226,22081,22867]
[281,248,724540,725654]
[282,218,634955,636065]
[283,217,358913,358471]
[284,126,482946,483911]
[285,143,631296,629864]
[286,158,246705,247329]
[287,58,48039,49230]
[288,14,256868,257438]
[289,20,414625,414745]
[290,108,691478,691591]
[291,121,419757,419197]
[292,234,497398,498234]
[293,111,471869,471030]
[294,232,380403,381444]
[295,162,64984,65037]
[296,246,132055,132527]
[297,81,323225,323009]
[298,99,61429,60984]
[299,175,306444,305193]
[300,140,45995,46224]
[301,178,64398,65563]
[302,84,142888,143949]
[303,125,529420,528808]
[304,240,707966,708529]
[305,46,21010,21062]
[306,127,240026,239955]
[307,83,577983,576541]
[308,193,456997,456189]
[309,136,533252,534245]
[310,129,465219,464140]
[311,269,282498,281588]
[312,189,692722,692407]
[313,117,227360,226163]
[314,109,369324,368674]
[315,54,473186,474411]
[316,274,100133,100347]
[317,242,199255,199618]
[318,53,213699,213158]
[319,27,207068,206577]
[320,0,155152,156509]
[321,91,387227,385991]
[322,18,512279,512772]
[323,137,143905,142906]
[324,99,553624,553239]
[325,267,688547,687564]
[326,167,569756,569611]
[327,213,313754,313053]
[328,176,614280,614358]
[329,216,201180,201841]
[330,46,486922,488062]
[331,17,596370,596198]
[332,22,573412,573798]
[333,80,481547,481660]
[334,53,516356,516167]
[335,185,726661,726628]
[336,150,388992,389245]
[337,234,427627,428465]
[338,163,635622,634301]
[339,26,110241,111084]
[340,236,182810,183530]
[341,213,76813,76196]
[342,268,12439,12578]
[343,227,353360,351897]
[344,190,100154,100451]
[345,55,643583,642354]
[346,130,464028,464800]
[347,241,86400,85179]
[348,158,274080,275268]
[349,174,257939,258557]
[350,45,705775,705478]
[351,238,274574,275282]
[352,201,289566,288159]
[353,132,706035,706796]
[354,148,13971,15307]
[355,4,464030,464788]
[356,92,394986,396210]
[357,198,130313,131045]
[358,224,248341,249803]
[359,118,56285,56960]
[360,44,630148,630470]
[361,273,178626,177761]
[362,108,8878,9980]
[363,4,591873,592035]
[364,77,361031,360288]
[365,149,189496,188775]
[366,75,87354,86902]
[367,148,635173,635606]
[368,155,590423,588931]
[369,259,256688,255607]
[370,231,5590,5221]
[371,9,484590,484532]
[372,180,213763,213936]
[373,262,322159,323309]
[374,70,482512,483869]
[375,217,230678,230215]
[376,246,449192,449817]
[377,217,87969,87691]
[378,154,420380,420623]
[379,265,212660,211334]
[380,24,679470,679928]
[381,204,461384,462767]
[382,221,279784,279302]
[383,212,364553,365008]
[384,70,16187,17472]
[385,43,577391,576984]
[386,197,452673,452245]
[387,218,607475,607570]
[388,26,139837,141329]
[389,224,278883,279428]
[390,71,191730,191503]
[391,230,86312,86531]
[392,34,206021,206984]
[393,94,668825,669565]
[394,67,640766,640133]
[395,138,459273,460195]
