["head":"wrap","lpos","status"]
[115,7780,0]
["io count"]
[40]
["io":"id","wrap","startLpos","endLpos"]
[1,216,24256,24986]
[2,215,226756,226425]
[3,61,90062,89638]
[4,32,540992,542223]
[5,270,323569,324768]
[6,23,413673,413182]
[7,249,110387,109103]
[8,144,418870,419899]
[9,260,709221,710648]
[10,163,235708,234726]
[11,84,89783,90016]
[12,76,85396,86464]
[13,275,173449,172608]
[14,70,471190,471853]
[15,249,565317,564835]
[16,35,372245,371545]
[17,248,330221,330985]
[18,56,323599,323630]
[19,185,527060,526108]
[20,113,585821,584428]
[21,43,324393,322980]
[22,135,470486,469477]
[23,272,564434,565194]
[24,175,551756,551199]
[25,32,522443,523263]
[26,255,315776,315390]
[27,42,362752,364040]
[28,212,681052,682445]
[29,198,566098,566621]
[30,241,559232,558571]
[31,129,224140,224012]
[32,245,577045,575921]
[33,267,361258,360027]
[34,209,456800,456248]
[35,197,671539,670910]
[36,208,253232,254152]
[37,47,135762,135407]
[38,206,716669,717170]
[39,62,245786,246859]
[40,178,201146,202251]
