["head":"wrap","lpos","status"]
[127,638205,1]
["io count"]
[400]
["io":"id","wrap","startLpos","endLpos"]
[1,18,409606,409863]
[2,172,212061,212255]
[3,27,140513,140195]
[4,218,727411,728789]
[5,231,281215,280057]
[6,228,71024,71164]
[7,229,16435,16016]
[8,64,352874,353821]
[9,12,401036,402331]
[10,53,672171,671806]
[11,157,702435,701856]
[12,2,483782,484088]
[13,41,528929,528169]
[14,167,457302,456631]
[15,140,515010,516245]
[16,133,221756,220323]
[17,264,701417,701756]
[18,131,463594,463133]
[19,84,581776,581896]
[20,137,392626,392586]
[21,113,131451,130521]
[22,36,241067,242270]
[23,91,235174,234266]
[24,66,690284,691782]
[25,247,457818,456612]
[26,65,493712,493174]
[27,177,184692,183547]
[28,37,405620,405308]
[29,32,362347,363300]
[30,0,390154,390216]
[31,113,243806,242399]
[32,73,588856,587525]
[33,190,558493,558650]
[34,251,399459,398105]
[35,10,429992,430378]
[36,153,224813,224061]
[37,41,429392,428827]
[38,214,478420,479811]
[39,11,482863,481685]
[40,110,112351,113542]
[41,81,477638,476815]
[42,279,149297,149229]
[43,197,386205,385945]
[44,52,334808,335610]
[45,190,608253,608431]
[46,210,205339,205762]
[47,258,63623,63855]
[48,71,446330,445417]
[49,56,274696,274883]
[50,187,584801,583441]
[51,85,247104,246200]
[52,226,112336,112631]
[53,277,20725,20270]
[54,132,326149,326304]
[55,86,73022,73737]
[56,106,630356,631503]
[57,17,204719,203424]
[58,122,156015,156223]
[59,108,188964,189655]
[60,54,660107,660612]
[61,203,525247,524544]
[62,39,522875,522817]
[63,2,299958,300233]
[64,165,85677,85294]
[65,112,194480,195155]
[66,137,284304,283977]
[67,213,403176,401921]
[68,2,714990,716393]
[69,116,65146,65939]
[70,15,255582,255302]
[71,101,455125,454071]
[72,200,235746,235878]
[73,123,100711,100347]
[74,71,328756,327503]
[75,85,4908,4175]
[76,228,394791,395732]
[77,238,169060,170281]
[78,227,404972,404204]
[79,79,503699,502395]
[80,3,529955,528838]
[81,8,658353,658452]
[82,25,55448,55336]
[83,63,67636,67054]
[84,80,599177,599370]
[85,132,16580,18080]
[86,272,386742,387072]
[87,101,354013,353819]
[88,22,285307,285815]
[89,72,348714,350165]
[90,101,166104,164800]
[91,263,72056,71608]
[92,17,713891,713520]
[93,155,539938,539626]
[94,90,118760,119928]
[95,68,392343,393239]
[96,229,345382,345169]
[97,9,481799,481677]
[98,124,65367,66236]
[99,101,551166,550265]
[100,270,324002,324915]
[101,166,50081,50836]
[102,81,579948,579318]
[103,225,111378,110929]
[104,279,187645,187102]
[105,201,428394,428210]
[106,183,185518,184642]
[107,160,76506,76730]
[108,75,69370,67902]
[109,96,176780,177016]
[110,276,720561,720827]
[111,15,155041,153907]
[112,70,581072,581156]
[113,86,43050,43323]
[114,114,412831,414126]
[115,171,232395,232028]
[116,165,338249,338154]
[117,185,98154,96897]
[118,226,316341,317566]
[119,82,493181,494175]
[120,260,314411,314577]
[121,172,321515,322642]
[122,56,184151,184463]
[123,262,109120,110593]
[124,177,195060,193852]
[125,243,170754,170277]
[126,0,299253,299635]
[127,190,683186,684134]
[128,15,85060,83652]
[129,180,273296,274031]
[130,270,124905,125749]
[131,90,78108,79429]
[132,151,371988,371822]
[133,130,212408,213779]
[134,37,472691,471754]
[135,202,382592,383551]
[136,43,9250,8399]
[137,63,437024,435894]
[138,226,248569,248835]
[139,22,109951,110649]
[140,261,315244,314228]
[141,100,161730,162428]
[142,31,628693,628528]
[143,208,532263,533128]
[144,276,530181,531036]
[145,67,522213,521946]
[146,150,316031,316599]
[147,210,211063,211557]
[148,21,398948,398254]
[149,77,378358,377926]
[150,259,373327,373282]
[151,35,660698,660141]
[152,92,9785,9966]
[153,258,134684,135065]
[154,176,479818,480000]
[155,181,473155,472400]
[156,116,687667,687955]
[157,252,220973,221126]
[158,120,205678,206434]
[159,54,591624,592087]
[160,106,517350,518335]
[161,124,411947,412751]
[162,130,624325,624579]
[163,176,583444,583920]
[164,145,43010,41524]
[165,186,384296,384885]
[166,74,164934,166334]
[167,152,509829,510898]
[168,92,590169,591591]
[169,185,514467,513097]
[170,171,270047,269663]
[171,5,464048,463043]
[172,172,379236,379877]
[173,248,453499,454761]
[174,183,683273,682762]
[175,268,637988,638240]
[176,86,691196,691884]
[177,57,181563,180851]
[178,123,612781,612151]
[179,127,63606,63383]
[180,154,505255,506306]
[181,202,481716,483026]
[182,273,53999,53494]
[183,118,329898,330919]
[184,244,187141,188326]
[185,162,154671,154996]
[186,64,595055,595744]
[187,28,352938,353593]
[188,22,95588,96624]
[189,115,598951,597895]
[190,211,563970,563151]
[191,73,630245,629519]
[192,131,151131,149943]
[193,167,474477,473402]
[194,54,247996,249253]
[195,267,454276,453915]
[196,133,338180,337740]
[197,199,566854,565415]
[198,214,651377,651823]
[199,31,670826,669515]
[200,142,405392,406412]
[201,172,310625,311306]
[202,192,564585,565240]
[203,109,722155,720757]
[204,267,9824,9082]
[205,31,388455,388141]
[206,142,405552,406073]
[207,65,58915,58586]
[208,276,374555,375749]
[209,268,517157,517365]
[210,175,513942,512542]
[211,65,222528,221918]
[212,203,272896,271745]
[213,90,611446,611705]
[214,273,72398,71772]
[215,115,574094,573359]
[216,120,173787,174441]
[217,276,657185,658470]
[218,191,214565,213883]
[219,87,478788,477293]
[220,16,688423,688831]
[221,40,165817,166044]
[222,33,621944,621203]
[223,101,94680,93582]
[224,234,262011,263271]
[225,160,6711,7200]
[226,32,653060,654269]
[227,237,533858,533772]
[228,147,93716,92718]
[229,78,410680,411238]
[230,213,439129,438773]
[231,196,164961,164993]
[232,244,143049,144475]
[233,19,234235,233511]
[234,13,679136,678435]
[235,0,632760,634192]
[236,36,428094,428894]
[237,102,533456,534103]
[238,172,438035,439300]
[239,184,101903,103005]
[240,20,81776,82269]
[241,260,258346,258864]
[242,202,650203,651206]
[243,140,103653,103866]
[244,2,504973,505504]
[245,167,175181,174320]
[246,153,513439,513113]
[247,25,689873,688720]
[248,181,91520,91332]
[249,176,87321,87696]
[250,151,198113,196883]
[251,112,580382,580865]
[252,151,156104,156014]
[253,267,338063,336646]
[254,52,452220,453083]
[255,150,224226,225283]
[256,131,727237,726072]
[257,70,709698,710324]
[258,60,558387,559132]
[259,59,188740,188457]
[260,201,573969,573599]
[261,92,149208,150597]
[262,183,81808,81469]
[263,191,673758,672509]
[264,275,95896,94495]
[265,191,275953,275221]
[266,39,456875,455385]
[267,212,515436,516105]
[268,90,11965,13201]
[269,178,510739,511694]
[270,5,656051,655210]
[271,148,259326,259832]
[272,123,659100,658907]
[273,230,329080,330079]
[274,260,702210,703225]
[275,196,34809,35195]
[276,117,318733,318044]
[277,51,716416,715624]
[278,99,423304,422983]
[279,161,118645,117959]
[280,80,656747,656836]
[281,214,510875,512366]
[282,40,69879,71331]
[283,75,651963,651590]
[284,204,439330,439753]
[285,249,425616,424723]
[286,246,341104,341414]
[287,5,264476,263890]
[288,143,391516,390683]
[289,170,453285,453383]
[290,42,349028,350168]
[291,223,235878,234535]
[292,235,232253,231536]
[293,255,730213,730113]
[294,31,259930,258972]
[295,97,341756,340888]
[296,11,438746,438445]
[297,20,160873,162319]
[298,125,722369,720872]
[299,10,603264,603700]
[300,88,129297,130645]
[301,143,476494,475125]
[302,164,716361,717312]
[303,235,125546,124629]
[304,89,421810,421491]
[305,89,402406,402115]
[306,170,141248,142239]
[307,14,533030,534311]
[308,143,177282,177005]
[309,158,351516,352844]
[310,204,432056,432732]
[311,15,243169,242356]
[312,231,345248,344391]
[313,262,600938,601248]
[314,7,467697,466860]
[315,111,150159,150000]
[316,259,129439,128074]
[317,19,517771,517305]
[318,40,97298,98601]
[319,174,184340,185643]
[320,251,172745,171663]
[321,227,608378,607729]
[322,190,344404,344902]
[323,179,403674,403067]
[324,170,436030,436183]
[325,197,367073,366320]
[326,24,431847,432058]
[327,47,41891,40418]
[328,163,504914,504744]
[329,12,572172,573172]
[330,194,11848,11921]
[331,231,39757,38327]
[332,143,650712,650470]
[333,103,689570,689525]
[334,250,718824,719980]
[335,24,462621,464068]
[336,24,603317,603750]
[337,195,314029,313964]
[338,209,57386,57173]
[339,262,37282,37864]
[340,87,674657,673477]
[341,228,73436,73526]
[342,152,576799,577289]
[343,242,48263,49510]
[344,116,568608,568726]
[345,206,191052,192111]
[346,260,574987,575870]
[347,185,558717,557540]
[348,35,142195,141797]
[349,105,366376,365608]
[350,30,672502,673129]
[351,3,671405,669995]
[352,80,199872,201083]
[353,63,49998,49286]
[354,208,314532,315515]
[355,21,436377,435230]
[356,127,110855,110147]
[357,54,619440,620299]
[358,247,222634,221696]
[359,1,59966,59602]
[360,41,635083,634889]
[361,82,636070,636783]
[362,118,285440,285963]
[363,69,199764,198881]
[364,78,340650,340794]
[365,106,148502,148899]
[366,51,337048,336157]
[367,169,353049,351909]
[368,210,717442,717891]
[369,127,455653,455162]
[370,237,432174,430909]
[371,141,151595,151039]
[372,164,2424,3390]
[373,135,348170,347557]
[374,73,131270,130230]
[375,172,50290,50517]
[376,266,88924,89674]
[377,262,101512,102083]
[378,125,653237,653201]
[379,203,178635,177855]
[380,77,608674,608402]
[381,5,652425,651784]
[382,140,485783,486720]
[383,131,7495,6532]
[384,153,658277,657022]
[385,250,600516,601370]
[386,1,364093,363355]
[387,8,717309,718792]
[388,16,469509,469844]
[389,113,257127,256137]
[390,73,431935,431490]
[391,130,308543,308682]
[392,141,700075,699229]
[393,162,317813,318903]
[394,237,75564,74285]
[395,218,354848,355751]
[396,64,339500,340051]
[397,142,683156,683405]
[398,157,719617,718309]
[399,143,222802,222508]
[400,103,441818,441287]
