["head":"wrap","lpos","status"]
[175,487521,1]
["io count"]
[4000]
["io":"id","wrap","startLpos","endLpos"]
[1,256,651630,652458]
[2,42,135139,136184]
[3,267,340893,340143]
[4,218,692595,693242]
[5,266,724090,724445]
[6,195,210118,209810]
[7,158,688449,688829]
[8,49,398030,397064]
[9,7,616895,615941]
[10,119,194093,193378]
[11,38,565394,565582]
[12,74,271868,272643]
[13,127,517452,516313]
[14,228,66760,67263]
[15,187,515935,515471]
[16,202,394041,395073]
[17,266,461386,462842]
[18,211,589083,588328]
[19,187,29611,28191]
[20,113,12257,11837]
[21,187,571089,570479]
[22,156,698629,699835]
[23,63,717577,716888]
[24,132,511385,512317]
[25,152,665382,665684]
[26,70,198449,199467]
[27,143,27275,26031]
[28,119,615189,613966]
[29,123,609598,608676]
[30,134,643241,644043]
[31,64,698640,698740]
[32,225,507918,506624]
[33,53,313279,311842]
[34,272,136374,136448]
[35,173,137491,136512]
[36,246,12995,13148]
[37,173,329009,327578]
[38,148,376869,378350]
[39,37,178777,178747]
[40,60,671312,671522]
[41,219,610133,609244]
[42,181,144831,143569]
[43,228,343110,344309]
[44,60,538499,538796]
[45,183,149825,149754]
[46,64,413238,413331]
[47,73,564894,563462]
[48,43,420640,420384]
[49,249,518996,517998]
[50,65,168359,167378]
[51,68,152329,153236]
[52,94,721918,722644]
[53,241,578014,577365]
[54,65,455744,454931]
[55,108,350811,351354]
[56,171,35021,34069]
[57,108,456747,457679]
[58,215,4918,3621]
[59,201,580140,578994]
[60,207,37900,36886]
[61,274,171021,171976]
[62,241,205932,205066]
[63,56,240220,240874]
[64,110,310382,310990]
[65,261,396115,395802]
[66,263,565829,564960]
[67,276,419362,420326]
[68,140,320077,320158]
[69,153,710440,710163]
[70,229,290591,290406]
[71,227,642543,641479]
[72,172,514812,515627]
[73,37,206858,206393]
[74,66,466775,466928]
[75,31,592166,592074]
[76,249,171652,171289]
[77,73,567682,567463]
[78,76,596760,596872]
[79,209,601011,600928]
[80,153,516128,514734]
[81,40,688558,688734]
[82,187,517218,515858]
[83,20,101193,102300]
[84,200,567650,567711]
[85,45,621473,619991]
[86,274,713323,713376]
[87,0,119082,119193]
[88,226,77912,78972]
[89,122,217891,218408]
[90,134,156083,157062]
[91,168,251458,252779]
[92,47,418902,418082]
[93,95,498940,498162]
[94,246,508962,510441]
[95,67,131342,131067]
[96,266,671511,672188]
[97,206,636456,637155]
[98,62,106872,107087]
[99,198,312258,312666]
[100,22,662345,663486]
[101,7,242289,242247]
[102,105,578303,577153]
[103,229,306421,305237]
[104,206,60298,60767]
[105,63,710055,709811]
[106,184,54780,55000]
[107,241,395803,395414]
[108,95,68747,67865]
[109,142,175788,176642]
[110,124,103590,104453]
[111,182,543942,545087]
[112,249,86574,85601]
[113,97,692404,691274]
[114,47,341777,340571]
[115,28,372223,372296]
[116,216,236720,237040]
[117,237,679635,678222]
[118,120,552427,553753]
[119,239,125069,124005]
[120,105,420258,420117]
[121,22,195895,196356]
[122,266,305893,306914]
[123,173,26907,26247]
[124,175,135981,135578]
[125,28,256304,256601]
[126,87,409773,409470]
[127,239,324583,323896]
[128,64,617759,618582]
[129,51,190755,190256]
[130,78,455720,456074]
[131,61,663048,662482]
[132,262,435091,435448]
[133,102,304501,305975]
[134,203,453536,452695]
[135,119,200262,199046]
[136,95,286385,286321]
[137,240,196418,196494]
[138,76,168888,169689]
[139,146,50373,51116]
[140,169,143008,142640]
[141,82,567023,567551]
[142,248,6049,6190]
[143,262,2503,3175]
[144,5,538702,537830]
[145,72,13821,14607]
[146,277,4968,4334]
[147,192,617830,618841]
[148,117,441613,441082]
[149,192,483831,483932]
[150,83,657764,656291]
[151,7,373850,373805]
[152,33,20619,19800]
[153,203,127823,127685]
[154,263,256544,255162]
[155,47,505079,504343]
[156,270,146261,147006]
[157,1,311549,310959]
[158,51,185467,184629]
[159,47,223182,223019]
[160,22,332980,333863]
[161,84,148171,148939]
[162,269,516759,515930]
[163,87,335472,334079]
[164,125,72121,71023]
[165,184,33171,34486]
[166,97,17232,16582]
[167,222,245285,245871]
[168,168,434706,435812]
[169,71,67805,67719]
[170,203,102817,101640]
[171,104,598092,598610]
[172,265,3991,3877]
[173,133,160719,160312]
[174,266,25110,25833]
[175,235,271116,270850]
[176,76,195428,195483]
[177,180,364913,365549]
[178,18,610104,610758]
[179,181,75665,75264]
[180,90,67947,68181]
[181,103,530340,529215]
[182,57,593070,592773]
[183,200,467823,468044]
[184,1,198580,197736]
[185,118,465865,467175]
[186,34,545668,546097]
[187,134,275784,276247]
[188,53,394201,393729]
[189,218,124690,124985]
[190,0,448546,449740]
[191,190,171160,171991]
[192,40,214192,215562]
[193,96,42107,42591]
[194,123,614243,613664]
[195,125,676867,676628]
[196,34,404832,405188]
[197,214,267466,268343]
[198,252,128939,129207]
[199,140,386469,387842]
[200,100,28302,28381]
[201,249,458680,457962]
[202,188,607498,608489]
[203,43,408213,407491]
[204,125,100784,100573]
[205,13,65013,63774]
[206,215,359315,358838]
[207,65,586119,585986]
[208,28,709543,710850]
[209,169,385176,384574]
[210,175,29474,29326]
[211,54,665562,666544]
[212,56,618476,619111]
[213,231,606179,605701]
[214,22,382338,383615]
[215,210,390408,390462]
[216,7,715585,714675]
[217,161,637355,636485]
[218,162,671990,672454]
[219,81,81189,80850]
[220,169,241858,240557]
[221,124,21933,21990]
[222,56,488689,489248]
[223,35,226923,225557]
[224,123,84917,83513]
[225,7,712601,712157]
[226,270,59664,60321]
[227,7,688627,688078]
[228,278,393618,393670]
[229,34,447339,448713]
[230,79,484815,483954]
[231,74,99439,100111]
[232,264,717320,717961]
[233,11,243862,242552]
[234,184,688569,689124]
[235,112,237702,238803]
[236,256,476351,476768]
[237,269,391109,390492]
[238,192,355874,355917]
[239,67,420915,419426]
[240,218,514961,514991]
[241,247,560583,560036]
[242,19,144378,143834]
[243,220,148563,149920]
[244,133,701852,701220]
[245,202,506393,507675]
[246,87,80022,78917]
[247,230,50532,50640]
[248,10,433344,433973]
[249,14,124536,124794]
[250,135,451132,450808]
[251,69,416188,415374]
[252,200,553545,554015]
[253,144,96795,97106]
[254,243,662044,661080]
[255,185,315748,315545]
[256,174,698780,700280]
[257,46,37952,38444]
[258,19,375344,374693]
[259,175,255216,254197]
[260,176,116972,117699]
[261,226,583419,583654]
[262,161,697634,697322]
[263,211,614406,614063]
[264,165,184699,184428]
[265,30,606555,607687]
[266,104,417112,418170]
[267,226,2982,4109]
[268,52,66325,66439]
[269,116,692024,692507]
[270,264,285350,285833]
[271,51,492236,491220]
[272,22,162300,163403]
[273,104,305869,306332]
[274,120,491704,492740]
[275,25,358586,357424]
[276,56,222939,223525]
[277,93,599853,599348]
[278,33,235613,235125]
[279,204,504020,504803]
[280,251,112664,111889]
[281,26,482055,482812]
[282,177,659566,658186]
[283,76,660637,661473]
[284,235,166271,165889]
[285,76,338751,338802]
[286,191,569015,567827]
[287,20,244523,245410]
[288,57,258103,257712]
[289,57,3112,2803]
[290,8,209975,210433]
[291,126,623385,623812]
[292,219,568952,568124]
[293,210,322683,323678]
[294,198,4993,6119]
[295,158,193532,194116]
[296,83,98469,97466]
[297,276,79863,81121]
[298,221,241565,241524]
[299,45,693510,692630]
[300,264,637456,637679]
[301,132,107592,107797]
[302,94,56577,57025]
[303,256,446853,447903]
[304,87,633124,632559]
[305,194,319947,321426]
[306,178,259731,260620]
[307,12,245216,246440]
[308,171,180781,179978]
[309,223,709833,709636]
[310,169,41805,41486]
[311,165,309943,309294]
[312,41,349363,349024]
[313,258,178357,178523]
[314,123,555762,554756]
[315,134,542787,543111]
[316,121,90828,89436]
[317,175,123080,122229]
[318,32,47054,47347]
[319,103,398082,397031]
[320,158,213411,214460]
[321,139,553479,552799]
[322,248,403468,404623]
[323,14,271298,272366]
[324,208,627248,628244]
[325,263,127918,126740]
[326,132,397982,398203]
[327,183,629940,629306]
[328,250,114602,115223]
[329,41,628247,627392]
[330,110,45112,46411]
[331,118,434947,436199]
[332,25,26786,25498]
[333,139,628061,627073]
[334,204,296627,297821]
[335,192,158278,159361]
[336,24,231557,232638]
[337,225,466161,465979]
[338,9,412742,412398]
[339,29,328636,328481]
[340,52,656525,657213]
[341,29,520192,519280]
[342,190,572345,573531]
[343,149,505875,505222]
[344,240,640909,641533]
[345,21,505074,504699]
[346,166,610040,611237]
[347,123,87981,87410]
[348,261,173706,172229]
[349,246,109357,109387]
[350,216,119310,120428]
[351,276,93647,94867]
[352,45,712902,711499]
[353,168,39827,40104]
[354,211,230825,230225]
[355,27,348192,346921]
[356,31,474285,473161]
[357,73,640665,639772]
[358,97,185564,185403]
[359,231,375289,374349]
[360,177,396861,396663]
[361,80,648275,648997]
[362,136,207416,208017]
[363,278,106040,107522]
[364,185,363731,362256]
[365,199,246910,245456]
[366,193,525986,525904]
[367,73,478047,476887]
[368,132,613191,613734]
[369,219,188567,188076]
[370,262,95133,96206]
[371,173,613750,612835]
[372,228,484623,485041]
[373,255,702365,701644]
[374,146,635235,636242]
[375,157,689197,687761]
[376,110,713363,713628]
[377,126,2883,3293]
[378,49,618042,616891]
[379,29,695928,694840]
[380,189,415653,414241]
[381,117,600939,599570]
[382,263,125415,125213]
[383,277,15905,14567]
[384,224,573333,573380]
[385,174,678679,679697]
[386,195,194983,194162]
[387,173,291699,290491]
[388,68,445245,445327]
[389,162,710001,710473]
[390,98,171035,172218]
[391,121,414187,413381]
[392,36,109256,110087]
[393,270,10711,10816]
[394,84,91794,92217]
[395,192,270004,270218]
[396,33,408171,407194]
[397,202,67021,68128]
[398,66,70624,70688]
[399,60,25102,26447]
[400,96,322837,323980]
[401,114,671927,672728]
[402,117,634026,632576]
[403,25,268676,268576]
[404,210,648085,648504]
[405,57,218674,217358]
[406,95,42758,42001]
[407,47,102014,100987]
[408,211,419242,418992]
[409,210,83847,84609]
[410,183,390226,389707]
[411,172,545672,546810]
[412,189,138475,138251]
[413,261,531375,531197]
[414,161,296083,295456]
[415,105,72739,71420]
[416,9,230105,229357]
[417,270,156130,157401]
[418,210,662094,662328]
[419,80,21104,21542]
[420,119,722534,721115]
[421,4,320102,320373]
[422,174,230860,231238]
[423,14,231489,231780]
[424,59,680039,678571]
[425,194,290872,291900]
[426,207,83431,83147]
[427,274,60666,61212]
[428,48,239749,240721]
[429,102,636546,637157]
[430,221,387005,386103]
[431,23,537411,536913]
[432,50,330338,331582]
[433,103,352152,351814]
[434,163,201345,199954]
[435,184,189312,189401]
[436,157,489061,488113]
[437,196,513433,513684]
[438,233,684389,683097]
[439,195,50425,48927]
[440,47,54645,54125]
[441,58,601450,602437]
[442,17,183070,182346]
[443,99,494497,493184]
[444,272,331985,332871]
[445,181,48069,47694]
[446,8,286951,287541]
[447,239,595420,594972]
[448,57,161790,161698]
[449,65,240131,239425]
[450,177,312833,311414]
[451,74,667852,668036]
[452,234,341232,341884]
[453,228,660259,660512]
[454,255,188698,187967]
[455,6,717698,719066]
[456,53,344446,343194]
[457,234,453592,454428]
[458,6,277092,278021]
[459,94,711103,711165]
[460,235,121841,120942]
[461,22,699301,700090]
[462,56,709238,709949]
[463,22,607903,609088]
[464,161,20681,19482]
[465,173,372470,371603]
[466,90,691032,692098]
[467,262,580404,580495]
[468,165,612158,610680]
[469,13,499616,499527]
[470,25,93891,92598]
[471,193,36601,36502]
[472,249,159776,158591]
[473,153,714941,713836]
[474,156,489269,489890]
[475,233,546204,545893]
[476,163,542169,541406]
[477,4,480487,481626]
[478,131,172183,170801]
[479,269,470445,469494]
[480,232,433920,434300]
[481,109,326822,325816]
[482,103,467361,466442]
[483,269,534357,533726]
[484,93,661757,660404]
[485,258,476404,476550]
[486,131,113032,112451]
[487,211,260632,260504]
[488,58,557621,558032]
[489,23,277406,276463]
[490,67,503614,502922]
[491,273,337105,335699]
[492,122,475288,475463]
[493,223,458905,457595]
[494,144,2440,2991]
[495,240,681383,682678]
[496,240,283539,285004]
[497,160,121270,122040]
[498,244,309759,311131]
[499,115,606169,606104]
[500,227,656386,654962]
[501,185,103023,102388]
[502,213,344860,344521]
[503,16,394559,395812]
[504,87,256302,255646]
[505,233,359848,359557]
[506,201,653690,653648]
[507,223,99692,99009]
[508,128,151135,152129]
[509,74,395925,397361]
[510,1,656820,656388]
[511,182,530983,531122]
[512,254,133883,134188]
[513,137,636768,635285]
[514,68,523846,523889]
[515,61,552440,551144]
[516,157,439510,439314]
[517,208,144716,145114]
[518,144,464121,465602]
[519,99,651161,649667]
[520,171,162011,161008]
[521,112,442867,444135]
[522,124,57271,58085]
[523,209,481599,480873]
[524,259,471616,470183]
[525,163,722547,721519]
[526,14,631742,632521]
[527,242,184770,186184]
[528,276,568769,568995]
[529,233,372670,371799]
[530,46,535300,535481]
[531,258,545394,546839]
[532,6,507907,509225]
[533,119,201352,199973]
[534,277,723528,722497]
[535,271,599703,599629]
[536,113,218283,218092]
[537,242,233201,234661]
[538,119,656450,656273]
[539,194,321461,321978]
[540,87,330484,330417]
[541,211,469199,468928]
[542,90,541251,542364]
[543,33,552764,552528]
[544,217,524630,523448]
[545,149,41989,41466]
[546,53,165015,164150]
[547,269,436595,435629]
[548,66,566590,566791]
[549,172,138276,139380]
[550,190,624765,625420]
[551,221,295135,294445]
[552,11,147436,146276]
[553,70,141186,142288]
[554,135,104067,102662]
[555,156,296674,296986]
[556,260,89415,90677]
[557,163,672699,671404]
[558,57,227507,226148]
[559,37,279695,278997]
[560,105,236672,235381]
[561,220,396975,397121]
[562,219,245461,244388]
[563,86,718788,719358]
[564,40,338360,339781]
[565,102,606980,607774]
[566,179,10437,9715]
[567,212,424813,425843]
[568,64,401701,402776]
[569,245,331492,331127]
[570,51,29721,28428]
[571,226,467039,468182]
[572,55,87031,86431]
[573,195,39246,38193]
[574,223,173642,172342]
[575,219,658222,657927]
[576,151,107542,106863]
[577,214,424600,425417]
[578,265,393369,392089]
[579,56,614208,614917]
[580,52,184441,185286]
[581,24,413806,413967]
[582,276,650823,651877]
[583,265,713131,712272]
[584,35,178023,176713]
[585,155,386882,386051]
[586,272,44778,45328]
[587,225,529727,528856]
[588,140,544255,544424]
[589,241,150530,149200]
[590,247,284745,284169]
[591,164,617985,619408]
[592,49,578120,577534]
[593,96,140365,141160]
[594,276,324259,324650]
[595,240,184233,184985]
[596,176,545280,546333]
[597,204,394790,395111]
[598,272,348255,349447]
[599,80,310648,311382]
[600,3,621107,620296]
[601,243,13008,11854]
[602,49,664897,664834]
[603,17,384707,383316]
[604,25,628810,628739]
[605,74,259903,260414]
[606,18,306826,308126]
[607,112,29346,30493]
[608,20,372490,373957]
[609,147,421204,419918]
[610,188,660565,661858]
[611,202,540799,541000]
[612,272,420841,421594]
[613,233,40922,40366]
[614,119,191880,191329]
[615,263,184182,183575]
[616,39,356972,355479]
[617,39,579492,578687]
[618,129,505484,504821]
[619,259,541477,541313]
[620,171,375324,374934]
[621,278,499123,499980]
[622,91,137777,136911]
[623,3,122795,121810]
[624,177,226098,225962]
[625,79,459174,458503]
[626,84,480113,480974]
[627,81,636751,636364]
[628,177,487896,486801]
[629,241,617306,616568]
[630,79,256647,255603]
[631,122,77184,77754]
[632,91,375146,374970]
[633,199,275423,274020]
[634,150,289096,289225]
[635,266,515762,516034]
[636,55,45103,44309]
[637,70,342982,343596]
[638,206,510026,510776]
[639,201,565169,563913]
[640,27,14122,13318]
[641,183,720808,720328]
[642,38,425442,426836]
[643,11,619182,618056]
[644,162,62000,62383]
[645,113,509126,507676]
[646,195,377139,375747]
[647,77,279156,278282]
[648,27,666451,666303]
[649,113,155857,154888]
[650,87,642603,641903]
[651,198,185779,187072]
[652,108,2248,2369]
[653,3,340000,339148]
[654,2,134205,134776]
[655,37,383687,383231]
[656,42,574749,576170]
[657,105,53817,53131]
[658,277,594117,593328]
[659,193,648596,647709]
[660,49,343547,343151]
[661,248,267764,268543]
[662,272,426708,427478]
[663,28,101769,102424]
[664,176,672127,672756]
[665,148,543421,544254]
[666,219,523706,522978]
[667,208,613642,614612]
[668,221,608197,607820]
[669,79,605617,605131]
[670,78,100829,101565]
[671,15,551271,549854]
[672,215,556329,555202]
[673,197,116069,115949]
[674,39,484691,484113]
[675,132,282542,283323]
[676,66,84455,85458]
[677,12,29040,29166]
[678,112,602942,603591]
[679,47,511447,510048]
[680,4,492172,492354]
[681,178,523631,524840]
[682,242,329766,330391]
[683,24,403901,405244]
[684,72,194851,195191]
[685,74,99143,99494]
[686,143,525920,525376]
[687,3,110574,110512]
[688,179,682169,680906]
[689,203,318293,317500]
[690,73,475439,475013]
[691,92,439556,439817]
[692,18,562287,563475]
[693,42,253583,254709]
[694,265,610148,609641]
[695,82,40257,41229]
[696,58,258792,259198]
[697,251,427152,426253]
[698,3,353183,352347]
[699,75,107575,106086]
[700,189,454523,454305]
[701,229,347193,347160]
[702,146,308481,309480]
[703,30,15960,17202]
[704,162,515777,515824]
[705,187,458909,457437]
[706,164,610405,611861]
[707,133,460510,459564]
[708,258,470722,471062]
[709,118,46362,47148]
[710,151,162477,161051]
[711,132,379333,380144]
[712,182,124239,124631]
[713,71,397225,396471]
[714,116,173563,173935]
[715,210,372749,373112]
[716,141,331970,330503]
[717,175,641078,640579]
[718,150,104363,105639]
[719,247,614423,613517]
[720,24,438832,439791]
[721,189,378640,378488]
[722,197,563545,563007]
[723,26,299164,299656]
[724,211,97052,96501]
[725,140,44469,45496]
[726,207,194184,193244]
[727,31,367187,367101]
[728,241,600461,599519]
[729,271,630965,630415]
[730,263,623771,622448]
[731,219,376034,374979]
[732,0,538980,540065]
[733,244,382179,383296]
[734,179,453521,452430]
[735,191,369884,368417]
[736,124,275658,276901]
[737,213,470966,470458]
[738,250,371505,372963]
[739,188,186792,187223]
[740,190,646766,647484]
[741,263,541929,541107]
[742,126,433439,434915]
[743,220,127834,128376]
[744,38,376013,376460]
[745,51,348039,347257]
[746,118,362645,363808]
[747,213,190759,189912]
[748,120,347424,348609]
[749,60,696042,697103]
[750,31,485467,485398]
[751,238,38665,38838]
[752,230,1691,2766]
[753,150,202155,202593]
[754,267,196573,196362]
[755,178,135631,135771]
[756,209,236264,235330]
[757,178,357944,358933]
[758,159,242404,241606]
[759,262,500860,501876]
[760,147,239405,238072]
[761,103,262177,261214]
[762,244,401255,401829]
[763,39,216695,216445]
[764,27,335411,334398]
[765,92,704200,704869]
[766,245,108054,107695]
[767,118,669519,670321]
[768,9,263832,262637]
[769,171,23482,22379]
[770,239,272909,272103]
[771,202,175954,177135]
[772,211,413042,412391]
[773,209,518290,518104]
[774,269,671712,670258]
[775,253,252683,251480]
[776,246,642229,643448]
[777,60,380362,381177]
[778,165,404167,403358]
[779,148,44228,44568]
[780,265,591587,590509]
[781,42,516628,517928]
[782,187,107855,106476]
[783,172,390503,391920]
[784,16,542158,542681]
[785,231,351320,350474]
[786,278,407874,408420]
[787,139,112093,111102]
[788,136,479466,480315]
[789,41,222378,221450]
[790,147,592558,591670]
[791,199,332436,332070]
[792,157,551330,550873]
[793,150,318594,319293]
[794,173,5578,4192]
[795,247,51519,50198]
[796,257,341151,339651]
[797,252,9281,10416]
[798,22,283893,284592]
[799,166,432618,434058]
[800,230,427058,428554]
[801,162,167166,168374]
[802,48,592943,593496]
[803,24,704011,704540]
[804,257,396212,395202]
[805,198,528337,528630]
[806,262,721493,722688]
[807,119,99204,98330]
[808,93,263300,262838]
[809,52,46568,47767]
[810,75,98406,97421]
[811,38,371061,372132]
[812,216,67143,68628]
[813,161,103801,103207]
[814,67,250085,248928]
[815,246,314401,315556]
[816,125,586257,586092]
[817,257,306814,306101]
[818,261,468824,468597]
[819,268,95901,96714]
[820,241,649353,649240]
[821,0,327322,328681]
[822,79,37101,37067]
[823,18,184849,185631]
[824,189,97442,96489]
[825,28,693002,693259]
[826,230,332580,332829]
[827,86,41825,42329]
[828,174,2102,3274]
[829,169,356688,355932]
[830,263,235163,234865]
[831,242,229525,230096]
[832,33,345212,344336]
[833,148,209108,210387]
[834,156,560801,561495]
[835,180,580036,580915]
[836,161,728166,728109]
[837,164,492987,493203]
[838,176,498157,499503]
[839,185,238699,237897]
[840,137,482177,480844]
[841,278,45926,46365]
[842,81,187768,187273]
[843,218,91664,92920]
[844,202,549546,549933]
[845,12,194481,194764]
[846,260,291710,292310]
[847,160,351986,352726]
[848,44,659574,660725]
[849,142,432043,433179]
[850,80,562830,563872]
[851,120,464414,465228]
[852,24,233906,235266]
[853,257,691371,691039]
[854,122,76994,77813]
[855,32,392544,393288]
[856,229,360316,359513]
[857,230,710629,712042]
[858,244,627054,628225]
[859,158,190944,191341]
[860,1,350388,350126]
[861,77,164896,164658]
[862,62,504554,504642]
[863,191,472245,471615]
[864,78,639121,639673]
[865,43,195868,195763]
[866,50,586801,587114]
[867,153,88710,87344]
[868,195,423867,423571]
[869,269,289026,288444]
[870,97,518002,517745]
[871,56,386783,387468]
[872,132,265822,266189]
[873,198,371565,373019]
[874,208,434055,435430]
[875,162,480124,481619]
[876,201,109249,109096]
[877,139,378246,377022]
[878,43,222624,221580]
[879,269,724556,723199]
[880,157,249708,248716]
[881,243,96235,95984]
[882,277,28878,28421]
[883,121,570762,570130]
[884,148,316443,316805]
[885,108,505124,506305]
[886,143,676692,675405]
[887,161,249490,248085]
[888,204,374191,374493]
[889,137,256148,254778]
[890,99,612447,611265]
[891,184,429167,429468]
[892,53,367613,366219]
[893,192,608691,609770]
[894,82,48180,49052]
[895,19,645672,644524]
[896,177,709103,708550]
[897,233,374622,373950]
[898,279,251288,250421]
[899,176,454083,454465]
[900,17,725022,723578]
[901,62,718098,719512]
[902,220,103383,103527]
[903,99,46334,45119]
[904,112,369581,370239]
[905,157,143864,142990]
[906,146,682077,683315]
[907,263,547666,546720]
[908,82,162318,162762]
[909,53,277593,277027]
[910,46,425723,426029]
[911,8,356349,357426]
[912,213,629372,628385]
[913,176,268013,268837]
[914,93,703594,702133]
[915,117,196668,195323]
[916,218,247422,248913]
[917,46,315888,317387]
[918,194,682786,683947]
[919,190,178987,179413]
[920,44,204934,205659]
[921,82,563697,563827]
[922,202,383626,383830]
[923,38,154982,155593]
[924,164,84364,85740]
[925,251,677717,676344]
[926,130,431313,431775]
[927,249,145421,145098]
[928,230,373697,374081]
[929,124,336040,336507]
[930,111,44110,43295]
[931,94,351455,352711]
[932,228,36941,37810]
[933,160,294479,295802]
[934,145,403423,402002]
[935,72,276378,276757]
[936,45,30060,29785]
[937,154,1717,2478]
[938,143,714943,713850]
[939,122,187990,188494]
[940,253,158276,158162]
[941,197,684498,683910]
[942,108,312200,312637]
[943,155,254135,252945]
[944,46,209059,210084]
[945,63,143864,143326]
[946,10,257943,258601]
[947,207,99859,98902]
[948,270,274312,274798]
[949,29,653321,652445]
[950,202,54503,55812]
[951,56,241987,242270]
[952,216,167057,167324]
[953,127,177866,177646]
[954,201,707006,705888]
[955,209,558680,557614]
[956,210,324956,326066]
[957,6,620461,621220]
[958,51,151353,150443]
[959,117,519677,519609]
[960,198,529489,530584]
[961,160,639185,640008]
[962,258,488631,489760]
[963,2,461033,461127]
[964,55,643955,642819]
[965,274,370163,371318]
[966,179,222199,221238]
[967,31,529761,529027]
[968,160,616547,616603]
[969,8,35967,36826]
[970,39,352922,351696]
[971,191,643467,642141]
[972,264,479008,479082]
[973,104,346592,347058]
[974,2,344725,345021]
[975,0,319746,320351]
[976,215,701657,701221]
[977,42,122376,122451]
[978,212,463363,464150]
[979,61,94296,92851]
[980,250,507951,508490]
[981,215,79632,79156]
[982,275,664710,664596]
[983,259,112505,111906]
[984,101,638250,637060]
[985,217,476832,476029]
[986,46,92913,94068]
[987,21,255405,254087]
[988,56,612903,614196]
[989,180,381218,382033]
[990,89,543066,542122]
[991,165,637938,637516]
[992,235,231869,231069]
[993,108,61470,62815]
[994,82,371454,372405]
[995,160,3217,3873]
[996,195,571654,571280]
[997,142,330613,332059]
[998,241,15434,14537]
[999,177,125459,124460]
[1000,226,314813,316123]
[1001,66,707043,708138]
[1002,200,304700,304996]
[1003,209,654266,653262]
[1004,111,628470,627885]
[1005,108,12700,13997]
[1006,26,188949,189975]
[1007,151,287232,285854]
[1008,147,584032,582689]
[1009,47,676030,674969]
[1010,113,141986,140579]
[1011,24,355275,356170]
[1012,10,186961,187313]
[1013,223,443551,443114]
[1014,168,678210,679449]
[1015,149,566157,564826]
[1016,239,671042,670854]
[1017,54,463680,464719]
[1018,195,174548,173541]
[1019,151,477004,475930]
[1020,62,338809,338896]
[1021,99,352733,352588]
[1022,4,301637,302499]
[1023,266,542320,543699]
[1024,24,386777,386840]
[1025,109,676207,674865]
[1026,73,38858,38784]
[1027,201,511388,509939]
[1028,198,45270,45357]
[1029,248,576416,577148]
[1030,244,695169,695559]
[1031,170,600302,600721]
[1032,142,673769,675156]
[1033,256,150494,151766]
[1034,76,63683,65065]
[1035,241,438356,436944]
[1036,160,374446,375784]
[1037,17,691382,690973]
[1038,123,647965,646621]
[1039,107,215039,214582]
[1040,19,208732,207448]
[1041,29,308738,307669]
[1042,142,97305,97770]
[1043,146,326229,327516]
[1044,237,274685,273520]
[1045,129,246864,245423]
[1046,68,85874,85931]
[1047,272,402083,403261]
[1048,180,358463,359495]
[1049,96,388280,389450]
[1050,109,482446,481697]
[1051,171,427466,427341]
[1052,92,553163,553468]
[1053,5,532636,531273]
[1054,242,106643,106930]
[1055,246,514025,514926]
[1056,79,119246,117909]
[1057,136,72691,72952]
[1058,103,39895,39814]
[1059,175,522952,522334]
[1060,183,243869,243577]
[1061,209,515573,515092]
[1062,49,502991,501883]
[1063,245,40110,39060]
[1064,97,700955,700800]
[1065,16,709771,711255]
[1066,247,63953,63467]
[1067,31,429843,428465]
[1068,70,571489,572083]
[1069,188,42734,43665]
[1070,121,342072,340802]
[1071,89,501167,499769]
[1072,214,631919,632634]
[1073,10,709804,710044]
[1074,33,681671,680421]
[1075,72,244611,244904]
[1076,119,653699,652461]
[1077,275,482127,480871]
[1078,218,565205,566347]
[1079,68,98271,99612]
[1080,164,504426,505871]
[1081,51,67202,66038]
[1082,217,415617,414353]
[1083,117,197009,196694]
[1084,128,273174,273635]
[1085,32,56120,56690]
[1086,229,548731,547302]
[1087,193,87730,87452]
[1088,87,226297,225217]
[1089,199,485206,484101]
[1090,52,867,1901]
[1091,12,298692,299141]
[1092,209,226796,225910]
[1093,279,722695,722477]
[1094,13,723344,722376]
[1095,233,504770,503589]
[1096,131,536123,534863]
[1097,121,506526,505591]
[1098,156,256313,256438]
[1099,185,723527,722965]
[1100,49,171430,170003]
[1101,135,343768,343028]
[1102,133,288185,287079]
[1103,4,354134,355102]
[1104,180,223569,224701]
[1105,87,655621,655343]
[1106,258,452425,453586]
[1107,55,445847,444399]
[1108,181,628399,626945]
[1109,160,320295,321315]
[1110,110,367418,367459]
[1111,131,2522,1474]
[1112,242,196099,196483]
[1113,150,604247,605195]
[1114,266,50475,50997]
[1115,249,183087,182836]
[1116,38,79058,79892]
[1117,46,337021,337069]
[1118,248,559998,560456]
[1119,255,599293,598807]
[1120,54,638501,639100]
[1121,230,198978,200234]
[1122,219,299069,298649]
[1123,181,512713,512063]
[1124,27,632496,631888]
[1125,174,128860,129005]
[1126,11,349330,347909]
[1127,216,724481,724760]
[1128,30,333700,334574]
[1129,207,105230,104744]
[1130,228,476713,477492]
[1131,17,626471,625730]
[1132,149,685859,685436]
[1133,56,509409,509638]
[1134,4,375456,376556]
[1135,138,568262,569566]
[1136,138,48226,49255]
[1137,211,155737,154922]
[1138,166,469974,470585]
[1139,92,703489,704450]
[1140,129,260726,259496]
[1141,25,205309,205274]
[1142,165,306721,305438]
[1143,225,13869,12551]
[1144,145,524989,523685]
[1145,39,516465,516373]
[1146,23,601774,600697]
[1147,102,50448,51851]
[1148,2,711382,711677]
[1149,151,116258,114813]
[1150,161,171678,171245]
[1151,171,561725,561046]
[1152,180,297335,297536]
[1153,10,725103,725203]
[1154,208,476098,477489]
[1155,17,522762,522207]
[1156,13,267207,266590]
[1157,152,67733,68557]
[1158,74,183060,184296]
[1159,248,207153,208527]
[1160,219,362940,362679]
[1161,244,444186,444224]
[1162,138,7445,8627]
[1163,96,536490,536834]
[1164,21,466863,466738]
[1165,197,58732,57306]
[1166,26,498917,500333]
[1167,61,70698,69961]
[1168,102,673088,674000]
[1169,245,121106,120959]
[1170,124,209431,210645]
[1171,118,187108,188175]
[1172,63,312353,311019]
[1173,162,118956,120095]
[1174,154,677976,678304]
[1175,48,82830,84262]
[1176,266,22650,24140]
[1177,49,342625,341366]
[1178,248,114031,114791]
[1179,99,134461,133094]
[1180,114,204932,206262]
[1181,80,219371,220740]
[1182,8,358699,359065]
[1183,176,284584,285279]
[1184,131,343882,342412]
[1185,135,563058,561699]
[1186,63,116073,115753]
[1187,172,41142,41431]
[1188,199,51736,51700]
[1189,24,693938,694348]
[1190,33,376454,375216]
[1191,133,171235,171108]
[1192,254,293011,293563]
[1193,136,464054,464816]
[1194,39,331105,330409]
[1195,61,364032,363223]
[1196,7,394839,393663]
[1197,89,424548,423922]
[1198,67,409226,408928]
[1199,156,318592,319976]
[1200,263,515286,513847]
[1201,203,55864,55780]
[1202,13,354662,354557]
[1203,180,188731,189476]
[1204,175,92384,91460]
[1205,37,246165,245573]
[1206,143,421447,420421]
[1207,36,262858,263119]
[1208,265,717771,717199]
[1209,203,430743,429360]
[1210,172,279183,279765]
[1211,148,51453,52263]
[1212,59,276485,275241]
[1213,198,248706,249683]
[1214,111,66455,65641]
[1215,88,565843,566000]
[1216,63,475403,475128]
[1217,190,547776,548145]
[1218,128,12905,12985]
[1219,211,131350,130497]
[1220,79,531178,529764]
[1221,276,455245,456379]
[1222,61,356596,355620]
[1223,133,172821,172511]
[1224,140,417760,417977]
[1225,255,157142,156526]
[1226,163,513304,512193]
[1227,13,532748,531910]
[1228,137,25824,25551]
[1229,91,582912,582253]
[1230,275,664004,662742]
[1231,212,281766,282961]
[1232,207,574506,573559]
[1233,1,299210,298125]
[1234,205,343547,343222]
[1235,136,230064,230572]
[1236,190,196923,197531]
[1237,199,521265,519815]
[1238,191,546452,545686]
[1239,96,720387,721113]
[1240,40,221003,221429]
[1241,66,685078,685139]
[1242,80,546253,546628]
[1243,62,145977,146923]
[1244,126,72867,73098]
[1245,223,208899,208439]
[1246,252,237960,238415]
[1247,132,398435,399425]
[1248,258,184249,184896]
[1249,10,700573,700689]
[1250,60,377088,377266]
[1251,209,459654,458698]
[1252,217,601292,600681]
[1253,115,247885,246676]
[1254,241,512507,511101]
[1255,113,410667,410541]
[1256,46,559597,560978]
[1257,95,5696,4507]
[1258,88,4683,5485]
[1259,238,448359,449048]
[1260,84,72296,73300]
[1261,180,561202,561626]
[1262,190,721263,722331]
[1263,10,689528,691023]
[1264,182,502077,503361]
[1265,153,600285,600163]
[1266,106,116311,117593]
[1267,268,693245,693580]
[1268,59,457878,457208]
[1269,195,347947,347470]
[1270,94,359971,361410]
[1271,240,324898,325937]
[1272,226,704303,705358]
[1273,166,416657,418125]
[1274,166,655014,655057]
[1275,94,519591,520651]
[1276,154,378374,378853]
[1277,223,725140,724754]
[1278,172,44882,45413]
[1279,271,98356,97956]
[1280,110,74783,75072]
[1281,128,247618,248421]
[1282,33,234781,233799]
[1283,21,610997,610253]
[1284,101,368645,368472]
[1285,234,199705,199956]
[1286,171,423122,422341]
[1287,187,607242,606094]
[1288,70,358332,359681]
[1289,197,165256,164184]
[1290,93,49411,48440]
[1291,223,673767,672871]
[1292,210,320856,321451]
[1293,233,496961,495944]
[1294,207,131744,131222]
[1295,15,134011,132552]
[1296,128,451833,452655]
[1297,214,168195,168631]
[1298,144,292135,292234]
[1299,162,506332,506896]
[1300,203,392040,391693]
[1301,195,503673,502376]
[1302,49,628725,628158]
[1303,129,102987,102579]
[1304,93,395653,395481]
[1305,16,537707,538924]
[1306,70,430494,431521]
[1307,53,700950,699811]
[1308,210,360895,361806]
[1309,63,332774,332600]
[1310,72,711210,712050]
[1311,96,42541,43264]
[1312,17,533515,532492]
[1313,262,360499,360950]
[1314,223,548465,547319]
[1315,26,460739,461638]
[1316,84,491416,492816]
[1317,236,307113,307920]
[1318,204,94494,95565]
[1319,193,458691,457341]
[1320,51,428777,427592]
[1321,14,255866,256421]
[1322,205,723596,722940]
[1323,93,680415,679078]
[1324,20,266666,268030]
[1325,137,579074,578277]
[1326,74,685948,686395]
[1327,219,169857,169658]
[1328,277,717704,717630]
[1329,148,697713,698654]
[1330,138,337913,338224]
[1331,145,117998,117061]
[1332,141,241006,239664]
[1333,181,187807,186473]
[1334,144,552363,552434]
[1335,157,267970,267484]
[1336,8,606439,606617]
[1337,246,285081,285286]
[1338,55,699463,699018]
[1339,94,528827,530276]
[1340,260,572280,573085]
[1341,170,357409,358853]
[1342,36,314940,315612]
[1343,20,699193,699840]
[1344,174,702315,702710]
[1345,116,150127,150360]
[1346,259,547339,546739]
[1347,55,81010,80508]
[1348,105,216464,216051]
[1349,275,277886,276922]
[1350,212,125341,126618]
[1351,67,642730,641424]
[1352,101,326423,325740]
[1353,127,162775,161866]
[1354,185,513671,513384]
[1355,9,657879,656548]
[1356,25,534793,534611]
[1357,193,401700,400716]
[1358,146,613446,614188]
[1359,270,360136,360899]
[1360,219,330442,329970]
[1361,36,360736,361681]
[1362,127,64013,62621]
[1363,210,487046,487186]
[1364,207,380615,379606]
[1365,104,97893,99310]
[1366,221,25753,25524]
[1367,198,169380,170405]
[1368,176,708102,709442]
[1369,222,80034,80755]
[1370,49,705299,704754]
[1371,99,475035,473600]
[1372,183,219533,218631]
[1373,117,8012,6739]
[1374,154,488358,489659]
[1375,196,146208,146452]
[1376,32,393514,393937]
[1377,57,158462,158226]
[1378,46,544787,546239]
[1379,196,292686,293446]
[1380,30,39767,40425]
[1381,20,247505,248789]
[1382,69,262956,262331]
[1383,246,39025,40483]
[1384,190,161218,161453]
[1385,247,384147,382890]
[1386,9,299897,299715]
[1387,165,517478,517263]
[1388,206,216674,217960]
[1389,54,127679,128823]
[1390,98,615194,615389]
[1391,197,536103,535830]
[1392,69,25008,24034]
[1393,35,77905,77608]
[1394,28,407181,407632]
[1395,226,547177,548623]
[1396,66,78723,79360]
[1397,240,613277,613786]
[1398,214,352779,354053]
[1399,83,585823,585453]
[1400,256,724604,725782]
[1401,202,626337,626530]
[1402,32,497715,498323]
[1403,65,447433,447229]
[1404,112,265397,266250]
[1405,248,38129,38827]
[1406,127,192034,191316]
[1407,161,54390,53364]
[1408,74,481163,482135]
[1409,142,485339,486286]
[1410,212,496803,498066]
[1411,96,684440,685605]
[1412,160,684291,684507]
[1413,154,528389,529701]
[1414,205,494888,494248]
[1415,145,632332,631813]
[1416,81,100151,99373]
[1417,8,439341,439380]
[1418,274,168237,168713]
[1419,265,456835,456802]
[1420,160,429752,430359]
[1421,25,53591,53381]
[1422,203,451722,451158]
[1423,3,682189,681221]
[1424,163,622585,621446]
[1425,75,535564,535265]
[1426,79,579412,578499]
[1427,90,574957,575088]
[1428,220,8282,9377]
[1429,132,501884,502181]
[1430,33,44834,44086]
[1431,44,584052,584379]
[1432,0,683014,683391]
[1433,163,540357,540289]
[1434,52,471261,471342]
[1435,44,725448,726216]
[1436,213,482702,481376]
[1437,273,604012,603249]
[1438,249,368378,367441]
[1439,181,377631,377017]
[1440,143,687426,686119]
[1441,56,234663,235701]
[1442,143,328085,327166]
[1443,99,606762,605445]
[1444,27,603963,602987]
[1445,190,61747,62068]
[1446,181,184939,184826]
[1447,189,610770,609679]
[1448,216,563814,564587]
[1449,69,491858,490598]
[1450,272,516539,517301]
[1451,226,204472,204690]
[1452,226,17276,18515]
[1453,73,149986,148670]
[1454,119,653917,652834]
[1455,31,245025,244193]
[1456,61,230270,229768]
[1457,42,515993,516976]
[1458,141,181298,180995]
[1459,254,510269,510360]
[1460,201,173883,172777]
[1461,10,22076,22314]
[1462,135,504519,503794]
[1463,207,3547,2332]
[1464,74,617660,617806]
[1465,41,182409,182053]
[1466,192,304885,304999]
[1467,235,281587,280181]
[1468,171,291310,290466]
[1469,34,323095,323545]
[1470,193,555839,555074]
[1471,140,151338,151919]
[1472,277,434229,433907]
[1473,227,45527,45009]
[1474,242,678273,678468]
[1475,159,529349,528489]
[1476,248,325518,326179]
[1477,267,15210,14471]
[1478,141,372184,371601]
[1479,183,94837,93479]
[1480,29,548727,548306]
[1481,58,78154,78518]
[1482,99,615432,614730]
[1483,9,391509,390016]
[1484,172,152380,153470]
[1485,120,614691,615250]
[1486,60,299084,299806]
[1487,277,472780,471443]
[1488,207,315199,314013]
[1489,169,12019,10587]
[1490,24,143669,144603]
[1491,158,254294,255695]
[1492,248,13550,14285]
[1493,79,588912,587855]
[1494,15,483552,482186]
[1495,39,43256,42133]
[1496,75,637037,636430]
[1497,62,287317,288690]
[1498,43,285660,284843]
[1499,0,154645,156077]
[1500,239,156924,155599]
[1501,110,700993,701475]
[1502,41,9045,8061]
[1503,26,703295,704562]
[1504,83,136753,136708]
[1505,158,651630,652556]
[1506,58,377088,377474]
[1507,72,403930,404343]
[1508,140,430896,432142]
[1509,35,191225,190044]
[1510,34,235577,236495]
[1511,45,89824,89774]
[1512,184,416400,416593]
[1513,273,184580,183535]
[1514,158,2075,3515]
[1515,172,88509,88546]
[1516,222,638556,639431]
[1517,206,559001,559605]
[1518,233,157729,156297]
[1519,116,674575,675872]
[1520,238,405106,405884]
[1521,278,471990,472270]
[1522,145,377981,377002]
[1523,84,508421,509570]
[1524,263,101566,100831]
[1525,162,146258,147453]
[1526,261,585621,584991]
[1527,25,242229,241206]
[1528,10,320014,321341]
[1529,193,288439,286980]
[1530,154,564229,564465]
[1531,53,36697,36162]
[1532,159,438318,437085]
[1533,182,584688,585070]
[1534,119,481122,480845]
[1535,175,497589,497070]
[1536,132,322870,322975]
[1537,206,513967,515119]
[1538,205,561402,559954]
[1539,37,438299,437665]
[1540,224,595762,596428]
[1541,4,582590,583753]
[1542,250,351711,351899]
[1543,268,582761,583725]
[1544,108,674051,674959]
[1545,100,27896,28736]
[1546,185,417920,416914]
[1547,123,476825,475812]
[1548,163,202783,202248]
[1549,52,540837,541731]
[1550,215,529505,529217]
[1551,181,524192,522857]
[1552,222,177076,177244]
[1553,255,227363,227101]
[1554,235,59072,58265]
[1555,128,506404,507000]
[1556,93,617595,616571]
[1557,39,163270,162227]
[1558,260,36656,37315]
[1559,107,248965,247810]
[1560,11,502010,500539]
[1561,159,288079,287848]
[1562,265,376585,376509]
[1563,253,465660,464555]
[1564,109,588105,587270]
[1565,117,146189,145556]
[1566,277,269722,268675]
[1567,256,305325,306293]
[1568,207,73535,72912]
[1569,32,379110,380389]
[1570,3,466702,465564]
[1571,156,273946,275311]
[1572,58,235567,236097]
[1573,207,382790,381316]
[1574,219,520609,520345]
[1575,103,599791,599095]
[1576,171,142874,141385]
[1577,176,610693,611190]
[1578,277,548828,547433]
[1579,271,392441,391194]
[1580,150,538754,539668]
[1581,211,323516,322281]
[1582,116,222879,223103]
[1583,272,171682,172871]
[1584,207,61805,61235]
[1585,45,298804,297969]
[1586,252,622080,623379]
[1587,15,512582,512048]
[1588,203,598901,598764]
[1589,92,560023,560705]
[1590,201,467779,466785]
[1591,17,114752,113464]
[1592,174,546425,547849]
[1593,34,5928,6315]
[1594,114,463293,464165]
[1595,164,413186,414638]
[1596,271,398591,397500]
[1597,190,260258,260570]
[1598,17,304899,304303]
[1599,27,183171,181789]
[1600,3,563213,562614]
[1601,238,8758,9236]
[1602,179,297435,296381]
[1603,138,254484,255218]
[1604,14,393060,393318]
[1605,139,8619,8131]
[1606,172,439289,440488]
[1607,241,720718,720447]
[1608,55,565910,565271]
[1609,53,474691,473691]
[1610,277,61903,60785]
[1611,9,501892,500575]
[1612,13,566358,565266]
[1613,256,506535,507743]
[1614,203,110168,108788]
[1615,237,84383,83498]
[1616,119,419203,418596]
[1617,195,199691,199240]
[1618,180,306989,307119]
[1619,192,151837,151956]
[1620,92,60746,60909]
[1621,254,324792,325332]
[1622,127,281082,280386]
[1623,275,547458,546108]
[1624,119,396613,395691]
[1625,107,306646,306199]
[1626,252,206988,207481]
[1627,88,596803,597615]
[1628,82,672152,672873]
[1629,260,487704,487949]
[1630,8,226306,227406]
[1631,266,237082,237995]
[1632,67,316692,315745]
[1633,129,104523,104301]
[1634,52,111943,112928]
[1635,196,691571,691781]
[1636,63,109920,109207]
[1637,132,626252,626572]
[1638,101,462190,461750]
[1639,134,292708,294147]
[1640,220,502181,503222]
[1641,205,55075,54243]
[1642,144,525111,526366]
[1643,51,47853,47734]
[1644,239,73460,72858]
[1645,207,708570,707532]
[1646,210,154497,155824]
[1647,212,362402,362693]
[1648,224,468475,469071]
[1649,137,278309,277964]
[1650,222,207111,208110]
[1651,21,399947,398562]
[1652,237,95594,94710]
[1653,113,201093,201009]
[1654,204,659593,660609]
[1655,34,627721,628288]
[1656,116,189284,190209]
[1657,253,234857,234324]
[1658,44,560242,561621]
[1659,117,612554,611907]
[1660,221,98341,97871]
[1661,8,5159,5633]
[1662,206,320967,321531]
[1663,54,485345,486155]
[1664,115,604759,603879]
[1665,168,84798,85714]
[1666,65,107973,107106]
[1667,116,566387,566570]
[1668,127,380054,379158]
[1669,191,215377,215119]
[1670,202,458104,458710]
[1671,29,709811,708375]
[1672,258,462436,463263]
[1673,2,623689,624199]
[1674,141,429116,428000]
[1675,127,356833,356372]
[1676,220,382071,382824]
[1677,55,374080,373925]
[1678,29,213602,212242]
[1679,57,60763,60710]
[1680,48,618290,619341]
[1681,235,102503,101512]
[1682,259,638866,638471]
[1683,79,330943,329919]
[1684,222,256759,258053]
[1685,252,589028,590423]
[1686,63,169680,168858]
[1687,25,171761,171239]
[1688,264,651419,651660]
[1689,11,641187,639712]
[1690,57,425925,425821]
[1691,114,551123,551970]
[1692,117,62018,61573]
[1693,233,151533,151495]
[1694,177,210433,210137]
[1695,52,656493,657486]
[1696,251,547798,547008]
[1697,157,287516,286394]
[1698,147,631721,631663]
[1699,5,256113,255544]
[1700,4,648287,649415]
[1701,245,600270,599693]
[1702,255,339683,339513]
[1703,246,552362,552715]
[1704,68,434244,434701]
[1705,1,198940,198404]
[1706,104,229186,229947]
[1707,174,719563,721012]
[1708,57,150666,150584]
[1709,19,373637,373312]
[1710,66,131586,131678]
[1711,13,438150,437977]
[1712,208,633564,633683]
[1713,61,528515,528283]
[1714,123,531368,530361]
[1715,177,127790,126708]
[1716,172,591902,592083]
[1717,207,614234,613850]
[1718,23,220242,219206]
[1719,128,22762,23639]
[1720,167,634279,632964]
[1721,107,146934,146353]
[1722,160,117401,118567]
[1723,99,686437,685573]
[1724,151,516441,516174]
[1725,278,382781,383367]
[1726,122,105082,106510]
[1727,81,263401,262531]
[1728,145,111225,110618]
[1729,222,440576,440995]
[1730,40,355653,357053]
[1731,119,250506,249346]
[1732,87,372335,371490]
[1733,44,690166,691399]
[1734,133,172854,172757]
[1735,21,315707,314329]
[1736,171,547848,546993]
[1737,99,278536,278088]
[1738,174,26060,27203]
[1739,15,344979,344612]
[1740,190,454486,455590]
[1741,9,7933,7224]
[1742,154,238500,239747]
[1743,38,212583,213595]
[1744,158,268121,268993]
[1745,181,666541,665858]
[1746,20,110497,110775]
[1747,73,6182,5777]
[1748,96,174496,174598]
[1749,30,612458,612688]
[1750,53,393177,392477]
[1751,86,642976,643469]
[1752,119,336950,335832]
[1753,264,243009,243897]
[1754,103,304724,303620]
[1755,176,594434,595805]
[1756,46,582223,582964]
[1757,15,691500,690779]
[1758,124,425076,425853]
[1759,8,403987,404746]
[1760,192,259331,260293]
[1761,170,479782,480333]
[1762,9,1745,1037]
[1763,87,197376,196856]
[1764,274,3264,3907]
[1765,232,467986,469103]
[1766,238,532701,533975]
[1767,259,362773,362476]
[1768,267,418741,417848]
[1769,2,433718,434702]
[1770,207,239060,238802]
[1771,216,190280,190964]
[1772,16,346374,347020]
[1773,210,708384,709135]
[1774,195,433692,432755]
[1775,114,54499,54778]
[1776,261,58436,57648]
[1777,272,146160,147006]
[1778,69,234245,233407]
[1779,215,563347,562497]
[1780,73,629320,628206]
[1781,242,78610,80018]
[1782,110,635774,635996]
[1783,217,19751,19139]
[1784,31,359815,358824]
[1785,82,24882,25018]
[1786,159,143337,141908]
[1787,39,449872,449582]
[1788,55,519434,518480]
[1789,193,544742,543776]
[1790,9,118855,118711]
[1791,109,567162,566956]
[1792,205,511874,511393]
[1793,150,711144,711255]
[1794,215,97913,97749]
[1795,28,698589,699165]
[1796,107,365473,364128]
[1797,244,367195,367271]
[1798,61,297993,297756]
[1799,66,205806,207199]
[1800,247,681155,680856]
[1801,71,127886,127661]
[1802,191,356966,355956]
[1803,122,485076,485597]
[1804,76,649772,651012]
[1805,108,266882,267224]
[1806,33,570099,569811]
[1807,254,472976,473054]
[1808,224,712663,713601]
[1809,21,382280,381986]
[1810,172,718054,718088]
[1811,262,614504,614549]
[1812,121,427995,427078]
[1813,230,418334,418485]
[1814,257,584727,584209]
[1815,153,695717,695605]
[1816,88,683819,685196]
[1817,269,656993,656238]
[1818,53,660319,659916]
[1819,110,24105,24821]
[1820,4,626390,627829]
[1821,104,716332,717411]
[1822,188,557252,557705]
[1823,133,90229,89883]
[1824,126,726474,727155]
[1825,171,688155,686988]
[1826,85,193024,192038]
[1827,57,114642,113413]
[1828,183,176659,175939]
[1829,17,532693,531847]
[1830,121,513954,513217]
[1831,51,362844,362141]
[1832,28,423623,424777]
[1833,252,41411,42669]
[1834,111,419055,417886]
[1835,211,414176,413030]
[1836,89,482807,482520]
[1837,74,695942,697392]
[1838,88,93279,94216]
[1839,273,726850,726704]
[1840,62,323339,324645]
[1841,140,64835,66108]
[1842,22,550204,550895]
[1843,178,648254,649606]
[1844,80,590114,591389]
[1845,174,31247,32678]
[1846,249,111917,111514]
[1847,57,232396,231808]
[1848,219,236753,235428]
[1849,48,431008,432394]
[1850,126,159736,160858]
[1851,134,103077,103486]
[1852,67,639326,638375]
[1853,228,106332,106618]
[1854,24,64624,65124]
[1855,180,437380,437723]
[1856,10,384169,385466]
[1857,40,610436,610659]
[1858,123,609788,608531]
[1859,252,417340,418038]
[1860,199,383840,383770]
[1861,179,327981,327221]
[1862,213,186164,185033]
[1863,18,518684,519969]
[1864,2,551179,551380]
[1865,168,269415,269763]
[1866,115,349868,348576]
[1867,209,34730,33565]
[1868,70,688690,688848]
[1869,55,455395,454397]
[1870,231,676719,675363]
[1871,11,338899,337404]
[1872,256,426158,427566]
[1873,2,719417,720577]
[1874,149,126989,126442]
[1875,259,713513,712546]
[1876,228,274100,274908]
[1877,128,573506,574573]
[1878,226,476453,477721]
[1879,88,715821,716977]
[1880,30,408528,409969]
[1881,155,721651,721552]
[1882,270,328472,328856]
[1883,267,324312,324029]
[1884,18,243874,244250]
[1885,213,293991,292808]
[1886,62,134926,135525]
[1887,213,451456,450724]
[1888,133,41140,40707]
[1889,35,336301,335451]
[1890,51,484966,484724]
[1891,274,170141,170394]
[1892,265,328361,328321]
[1893,191,284664,283325]
[1894,38,610522,610822]
[1895,278,555370,556654]
[1896,266,321656,322903]
[1897,59,687369,686481]
[1898,246,348872,350029]
[1899,17,89618,89121]
[1900,100,72886,73271]
[1901,7,67551,66956]
[1902,70,461799,462754]
[1903,194,53680,53962]
[1904,162,378455,378700]
[1905,273,594072,593395]
[1906,122,24160,25428]
[1907,98,49728,49870]
[1908,116,425367,426160]
[1909,262,301787,302999]
[1910,278,478077,479271]
[1911,120,258516,259929]
[1912,17,554929,553908]
[1913,154,372999,374234]
[1914,52,454545,455250]
[1915,252,541657,542373]
[1916,81,468011,466814]
[1917,157,380991,380347]
[1918,231,62011,60940]
[1919,236,664789,665788]
[1920,176,575547,576622]
[1921,262,291937,292265]
[1922,167,488580,488485]
[1923,241,213710,212524]
[1924,86,255752,256250]
[1925,105,622811,622485]
[1926,270,352467,352742]
[1927,217,567077,565597]
[1928,223,356357,356006]
[1929,7,661844,661153]
[1930,255,712349,712249]
[1931,211,584608,583904]
[1932,94,572230,573050]
[1933,161,63547,62519]
[1934,10,398631,398756]
[1935,120,411345,411469]
[1936,204,544005,544696]
[1937,279,346147,345233]
[1938,45,598015,597340]
[1939,241,322612,321806]
[1940,37,553574,553152]
[1941,128,191331,192200]
[1942,138,415295,416582]
[1943,11,417651,417353]
[1944,251,131764,131068]
[1945,250,621322,621672]
[1946,107,61423,60515]
[1947,29,282403,281921]
[1948,178,50132,50180]
[1949,61,574670,573188]
[1950,276,378973,380041]
[1951,8,146364,147023]
[1952,54,436362,436991]
[1953,180,393736,394720]
[1954,228,653020,653446]
[1955,31,320841,320617]
[1956,166,570058,571555]
[1957,238,705982,706947]
[1958,210,101271,102143]
[1959,13,690817,689510]
[1960,255,286552,285668]
[1961,115,373614,372748]
[1962,224,98420,99556]
[1963,159,551880,551124]
[1964,278,388151,389616]
[1965,23,514961,514569]
[1966,230,620372,620581]
[1967,92,255223,256371]
[1968,18,292194,292585]
[1969,154,668850,670042]
[1970,140,477714,477764]
[1971,101,617357,616467]
[1972,34,420890,421327]
[1973,31,204433,203333]
[1974,201,578273,577691]
[1975,103,54161,53042]
[1976,114,644728,646213]
[1977,145,54944,53817]
[1978,136,106063,106461]
[1979,240,567556,569051]
[1980,202,383349,383594]
[1981,250,610092,611462]
[1982,245,53337,52499]
[1983,276,304933,306385]
[1984,275,595979,594813]
[1985,100,707779,708837]
[1986,211,681773,681432]
[1987,90,289979,291157]
[1988,6,683622,684156]
[1989,32,462689,463865]
[1990,220,500774,501384]
[1991,94,592667,593366]
[1992,209,577126,576635]
[1993,241,388176,387539]
[1994,152,5468,6302]
[1995,79,70555,70355]
[1996,277,602234,601045]
[1997,106,543961,544597]
[1998,232,510620,511665]
[1999,36,228782,229480]
[2000,250,465586,466662]
[2001,182,46168,47653]
[2002,246,697318,698394]
[2003,110,553103,554390]
[2004,71,628152,626892]
[2005,190,85272,86503]
[2006,10,81528,82187]
[2007,98,605201,606327]
[2008,190,551272,552531]
[2009,189,558884,558806]
[2010,206,268385,268962]
[2011,221,284476,283678]
[2012,150,631594,631935]
[2013,195,338,8]
[2014,185,280026,279677]
[2015,145,220632,220440]
[2016,209,471309,470317]
[2017,241,289925,289387]
[2018,113,435627,434592]
[2019,110,30659,31963]
[2020,111,379596,379033]
[2021,124,529182,530081]
[2022,138,226949,227476]
[2023,41,122778,121384]
[2024,135,179029,178354]
[2025,141,224736,224685]
[2026,48,248101,248388]
[2027,132,66800,67420]
[2028,93,418143,417831]
[2029,75,307701,306679]
[2030,226,674272,674561]
[2031,118,611885,613038]
[2032,219,403553,402996]
[2033,243,600327,600092]
[2034,276,545473,546006]
[2035,218,27647,28419]
[2036,33,95368,93984]
[2037,31,689411,688018]
[2038,168,405849,406295]
[2039,18,195069,195151]
[2040,75,196484,195254]
[2041,129,51994,51322]
[2042,18,560717,561800]
[2043,163,18792,18256]
[2044,128,153363,153564]
[2045,31,420795,419576]
[2046,46,637352,638533]
[2047,210,28232,29095]
[2048,231,54170,53859]
[2049,50,368638,369108]
[2050,48,152641,153409]
[2051,250,112436,113491]
[2052,95,308801,307752]
[2053,251,427783,427138]
[2054,108,268393,269098]
[2055,243,704959,703720]
[2056,66,336787,336857]
[2057,276,89428,89525]
[2058,8,573614,574048]
[2059,271,494221,492842]
[2060,252,228056,228352]
[2061,206,285803,285865]
[2062,266,475696,476308]
[2063,235,476768,475452]
[2064,47,705022,703757]
[2065,79,11786,11718]
[2066,68,504285,504949]
[2067,224,705936,706410]
[2068,122,131349,132000]
[2069,195,31145,30240]
[2070,279,19291,19015]
[2071,140,309962,310035]
[2072,59,64169,62898]
[2073,115,375914,375127]
[2074,60,721223,722048]
[2075,37,633545,632573]
[2076,35,719121,717946]
[2077,236,231924,232625]
[2078,134,402173,402203]
[2079,97,31352,30073]
[2080,77,151506,150742]
[2081,265,505452,504524]
[2082,101,623880,622592]
[2083,254,383837,384074]
[2084,233,644346,644287]
[2085,44,67499,68054]
[2086,48,296967,297031]
[2087,79,715990,714668]
[2088,267,300203,299358]
[2089,188,117593,118107]
[2090,149,570565,570256]
[2091,277,692396,691060]
[2092,164,474548,475676]
[2093,81,30517,29759]
[2094,194,256327,257321]
[2095,53,32114,31025]
[2096,77,140085,138964]
[2097,188,342840,343042]
[2098,24,299323,299981]
[2099,238,224458,225087]
[2100,161,698940,697825]
[2101,233,622426,622023]
[2102,208,600133,601456]
[2103,131,200164,199504]
[2104,180,493537,494328]
[2105,107,647163,646218]
[2106,98,590185,591342]
[2107,262,589703,589990]
[2108,71,666571,666468]
[2109,198,202858,203110]
[2110,105,688675,687307]
[2111,43,97960,97274]
[2112,137,418679,417271]
[2113,162,722736,723939]
[2114,178,433317,433624]
[2115,86,436250,437440]
[2116,74,207929,208338]
[2117,193,33603,33372]
[2118,175,416087,415195]
[2119,43,707937,706998]
[2120,178,24535,24945]
[2121,263,713621,712689]
[2122,72,219418,220673]
[2123,56,472906,473429]
[2124,226,287405,288847]
[2125,99,288774,287676]
[2126,54,654730,654795]
[2127,16,154995,156449]
[2128,256,232144,233054]
[2129,116,97673,98084]
[2130,262,664254,664850]
[2131,60,334785,335633]
[2132,254,610942,612253]
[2133,39,256906,255961]
[2134,1,59327,58768]
[2135,174,484598,485981]
[2136,17,222832,222377]
[2137,13,258298,257432]
[2138,111,341408,340580]
[2139,229,662619,661325]
[2140,251,177025,176407]
[2141,0,209919,210302]
[2142,35,350075,349375]
[2143,233,526345,525884]
[2144,163,375891,375240]
[2145,272,239655,240416]
[2146,1,240513,240439]
[2147,198,330382,330692]
[2148,139,361402,360408]
[2149,209,656541,655859]
[2150,57,95975,94584]
[2151,191,42301,42182]
[2152,190,596788,597088]
[2153,238,584684,585347]
[2154,62,504226,505038]
[2155,179,8737,7615]
[2156,159,721402,720884]
[2157,164,196158,197056]
[2158,176,290600,291737]
[2159,53,354746,354242]
[2160,179,632546,631066]
[2161,185,489202,487738]
[2162,97,11540,10121]
[2163,19,438839,438478]
[2164,199,176702,175655]
[2165,100,311513,311907]
[2166,273,181243,180059]
[2167,243,318972,318679]
[2168,189,212223,211909]
[2169,198,578759,579494]
[2170,249,329628,328665]
[2171,119,19653,18419]
[2172,132,600802,601664]
[2173,267,506490,505632]
[2174,91,361159,361012]
[2175,49,385433,385233]
[2176,8,135585,136123]
[2177,200,8176,8404]
[2178,244,118974,119098]
[2179,152,396187,397621]
[2180,229,252533,252251]
[2181,53,497611,497223]
[2182,238,53953,55191]
[2183,34,716172,717495]
[2184,124,486717,488153]
[2185,155,521474,520617]
[2186,254,451037,452283]
[2187,162,324547,324987]
[2188,276,283497,283798]
[2189,158,654948,656200]
[2190,2,382970,383586]
[2191,20,212836,213588]
[2192,68,270496,271841]
[2193,97,10880,10624]
[2194,259,280636,279955]
[2195,12,46885,47174]
[2196,195,264591,263164]
[2197,140,629661,629848]
[2198,254,467632,468360]
[2199,61,320873,319475]
[2200,22,517114,517897]
[2201,49,654910,653629]
[2202,269,613013,612236]
[2203,230,684906,685324]
[2204,118,349464,349633]
[2205,79,502542,502463]
[2206,21,73306,72092]
[2207,278,596306,597256]
[2208,210,122294,123270]
[2209,103,557995,556708]
[2210,209,536356,535919]
[2211,125,505694,505659]
[2212,67,100816,99651]
[2213,235,652064,651839]
[2214,264,344101,345536]
[2215,112,168531,169808]
[2216,202,411586,412538]
[2217,131,89529,89143]
[2218,53,374436,373943]
[2219,205,268726,267411]
[2220,253,591578,591325]
[2221,49,64524,63632]
[2222,88,717567,718863]
[2223,102,533859,535002]
[2224,13,323160,322927]
[2225,39,628829,628494]
[2226,209,664930,663658]
[2227,219,657792,656609]
[2228,193,102965,102915]
[2229,193,98441,97505]
[2230,192,620340,620942]
[2231,261,567059,565791]
[2232,188,725909,726583]
[2233,7,176908,176749]
[2234,139,644972,644252]
[2235,75,285448,284875]
[2236,195,712773,711312]
[2237,29,204575,204421]
[2238,37,410745,410495]
[2239,202,54112,54240]
[2240,272,47593,47674]
[2241,217,618423,617994]
[2242,161,501458,500261]
[2243,263,62369,61806]
[2244,80,724717,725854]
[2245,147,646710,645443]
[2246,14,657134,657549]
[2247,250,574814,576100]
[2248,255,503364,502418]
[2249,82,9659,9829]
[2250,158,289797,290985]
[2251,272,200182,201299]
[2252,194,101622,102553]
[2253,122,167248,167488]
[2254,133,486459,485859]
[2255,58,432568,433708]
[2256,201,49117,48141]
[2257,30,632104,632147]
[2258,70,414960,416258]
[2259,93,10289,10168]
[2260,267,354930,353904]
[2261,88,416823,418085]
[2262,172,245744,245909]
[2263,90,66426,67271]
[2264,227,673183,671824]
[2265,240,104753,106116]
[2266,236,324218,324465]
[2267,181,244086,242894]
[2268,12,228513,229135]
[2269,208,350109,351556]
[2270,181,660255,658952]
[2271,196,25434,26922]
[2272,87,168271,167688]
[2273,56,399038,400332]
[2274,173,163348,162789]
[2275,265,15373,14237]
[2276,147,121960,120778]
[2277,246,349125,349540]
[2278,181,204256,203882]
[2279,257,698179,697496]
[2280,186,464063,464648]
[2281,239,416558,416122]
[2282,145,353595,352215]
[2283,242,6759,7916]
[2284,246,164573,165183]
[2285,89,516569,515931]
[2286,81,577979,577520]
[2287,179,558632,557607]
[2288,200,606425,606657]
[2289,32,169904,170148]
[2290,123,220511,219033]
[2291,0,578066,578760]
[2292,266,131559,132224]
[2293,204,117967,119464]
[2294,133,247513,246601]
[2295,126,63901,64272]
[2296,30,354737,355041]
[2297,3,76940,76500]
[2298,164,370292,371580]
[2299,74,547445,548230]
[2300,213,451128,449703]
[2301,210,539049,539987]
[2302,230,250376,250529]
[2303,84,559614,560066]
[2304,107,640303,639033]
[2305,15,526586,525236]
[2306,189,379450,379252]
[2307,222,603053,603547]
[2308,275,210077,208595]
[2309,226,602359,603230]
[2310,76,381589,382550]
[2311,232,719176,719225]
[2312,8,720771,721027]
[2313,224,12816,14078]
[2314,233,158029,157078]
[2315,198,113039,113602]
[2316,106,417434,418824]
[2317,148,385242,386735]
[2318,104,378209,379576]
[2319,251,514143,513278]
[2320,149,136034,134555]
[2321,268,674415,675232]
[2322,64,458623,458704]
[2323,114,406504,406595]
[2324,142,606911,608358]
[2325,158,103367,103822]
[2326,196,411106,412199]
[2327,4,329006,329695]
[2328,241,572171,572113]
[2329,199,350532,349373]
[2330,10,52286,52350]
[2331,143,303089,301691]
[2332,118,102531,102709]
[2333,124,429393,430707]
[2334,61,172187,171285]
[2335,265,184184,182979]
[2336,162,225232,225872]
[2337,151,249182,247990]
[2338,35,272683,272533]
[2339,78,570394,571024]
[2340,8,635037,635404]
[2341,82,300796,301380]
[2342,235,108408,108282]
[2343,73,577284,576897]
[2344,94,686971,688315]
[2345,0,222034,223325]
[2346,11,269704,268818]
[2347,127,199128,198386]
[2348,263,520134,519474]
[2349,103,469679,469269]
[2350,264,160949,162249]
[2351,86,508935,509430]
[2352,50,622742,624022]
[2353,262,59391,60197]
[2354,99,619772,618908]
[2355,1,198851,197910]
[2356,247,31461,30300]
[2357,246,160967,161068]
[2358,214,10238,10391]
[2359,74,565085,565897]
[2360,175,204772,204612]
[2361,63,185919,184789]
[2362,270,334768,335376]
[2363,140,622562,623324]
[2364,145,532685,532624]
[2365,30,615639,616492]
[2366,272,398338,398785]
[2367,11,579582,579434]
[2368,72,170319,171414]
[2369,237,61465,61014]
[2370,2,378238,379223]
[2371,181,219138,218155]
[2372,34,486383,486929]
[2373,36,172494,172557]
[2374,211,34207,33035]
[2375,193,693722,693207]
[2376,93,288081,287100]
[2377,141,82763,81697]
[2378,5,479154,478979]
[2379,19,426050,424563]
[2380,212,286772,287119]
[2381,265,98800,97480]
[2382,278,431540,431620]
[2383,2,595158,595538]
[2384,160,220329,220746]
[2385,44,386912,386964]
[2386,167,336250,335146]
[2387,81,597020,596831]
[2388,222,710792,711115]
[2389,6,90168,90432]
[2390,169,705805,704998]
[2391,41,97807,97110]
[2392,220,693429,694379]
[2393,129,119308,118379]
[2394,132,259398,260846]
[2395,86,273637,274781]
[2396,141,473840,472797]
[2397,12,49923,51254]
[2398,201,177298,176436]
[2399,229,207920,206527]
[2400,182,620489,620820]
[2401,36,252351,252984]
[2402,181,606218,605549]
[2403,58,642736,643943]
[2404,137,175598,175318]
[2405,159,664618,664329]
[2406,148,246547,247988]
[2407,181,234444,233352]
[2408,102,646494,647199]
[2409,272,312240,313278]
[2410,265,478023,477246]
[2411,17,176888,176758]
[2412,1,87518,86549]
[2413,3,467656,467143]
[2414,20,635947,637225]
[2415,184,626620,628045]
[2416,99,407485,407130]
[2417,38,343322,344297]
[2418,277,193365,192334]
[2419,197,581788,580407]
[2420,155,397069,396010]
[2421,227,459083,458520]
[2422,49,600811,600421]
[2423,161,243652,242954]
[2424,129,607668,607129]
[2425,112,171575,172685]
[2426,250,214623,215449]
[2427,250,383931,384415]
[2428,184,641790,642788]
[2429,27,130075,129664]
[2430,12,116102,116790]
[2431,101,149210,149037]
[2432,143,725596,724834]
[2433,250,17178,17957]
[2434,259,257266,256541]
[2435,224,696394,696924]
[2436,238,85023,85137]
[2437,63,56037,54782]
[2438,12,655434,655843]
[2439,92,200203,200549]
[2440,37,624482,624021]
[2441,147,463165,462074]
[2442,188,43777,44087]
[2443,18,208842,209905]
[2444,172,10762,11914]
[2445,245,719604,719221]
[2446,86,220425,220477]
[2447,7,164126,163357]
[2448,183,41808,41755]
[2449,275,132701,132578]
[2450,112,194075,195239]
[2451,13,196694,196191]
[2452,190,136534,137817]
[2453,50,718179,718779]
[2454,229,696998,696932]
[2455,155,675678,674942]
[2456,241,266501,265521]
[2457,150,558992,559873]
[2458,25,646023,644785]
[2459,57,513456,513319]
[2460,235,97223,96903]
[2461,58,260828,261453]
[2462,200,592461,592889]
[2463,5,326197,326124]
[2464,219,100788,100008]
[2465,233,323589,323312]
[2466,154,448328,449109]
[2467,131,197623,197344]
[2468,220,404229,404713]
[2469,73,184979,184121]
[2470,67,542436,541589]
[2471,215,315886,314870]
[2472,167,606695,606018]
[2473,257,187990,187870]
[2474,242,556993,557811]
[2475,60,426900,427771]
[2476,19,143398,143177]
[2477,128,135096,135620]
[2478,268,73053,73401]
[2479,54,645498,646894]
[2480,139,36692,36329]
[2481,51,118641,118180]
[2482,14,211818,212568]
[2483,34,249816,249959]
[2484,95,201575,200402]
[2485,181,118296,117474]
[2486,204,264389,265812]
[2487,233,468071,467858]
[2488,252,472201,472924]
[2489,215,125774,125545]
[2490,56,488043,489118]
[2491,80,729869,730241]
[2492,227,642300,642086]
[2493,136,670785,670904]
[2494,77,618335,618171]
[2495,91,33430,32974]
[2496,268,332069,332707]
[2497,262,574770,576229]
[2498,175,154519,153090]
[2499,161,314742,313918]
[2500,152,552892,554221]
[2501,11,326277,326241]
[2502,217,282173,281358]
[2503,168,311714,312183]
[2504,165,674369,674089]
[2505,114,413117,414209]
[2506,162,624751,625847]
[2507,207,119875,119137]
[2508,9,585612,585032]
[2509,204,89854,90263]
[2510,89,587913,587200]
[2511,129,568608,567223]
[2512,13,437198,435864]
[2513,46,476568,477817]
[2514,265,352143,351264]
[2515,75,723900,723440]
[2516,159,17126,15963]
[2517,66,249714,250949]
[2518,180,668315,669576]
[2519,150,529195,529878]
[2520,254,315623,316400]
[2521,171,461982,461292]
[2522,14,507309,508270]
[2523,215,29233,28712]
[2524,156,182518,183624]
[2525,57,406253,404828]
[2526,98,148764,149188]
[2527,17,563863,562369]
[2528,180,497274,497968]
[2529,217,209874,208622]
[2530,233,187233,186659]
[2531,248,326450,327822]
[2532,1,111969,110597]
[2533,194,167350,168030]
[2534,132,414669,414804]
[2535,100,119018,120489]
[2536,143,437271,436972]
[2537,73,516183,515799]
[2538,79,196662,196300]
[2539,177,382791,382051]
[2540,65,318787,318454]
[2541,265,184160,183492]
[2542,124,457247,457533]
[2543,106,592618,593707]
[2544,41,146607,145979]
[2545,73,128459,128338]
[2546,94,31848,32068]
[2547,120,499714,499792]
[2548,106,227948,228893]
[2549,39,43555,43236]
[2550,160,656132,656511]
[2551,92,255031,255297]
[2552,126,12837,13833]
[2553,7,246043,245619]
[2554,185,585969,584659]
[2555,279,301158,300951]
[2556,74,133706,134798]
[2557,131,154706,154200]
[2558,103,233841,233787]
[2559,220,357148,358192]
[2560,155,14556,13593]
[2561,59,498358,497301]
[2562,51,191749,190980]
[2563,43,721580,720917]
[2564,238,385115,385479]
[2565,256,631825,632307]
[2566,36,158192,159030]
[2567,242,59594,59868]
[2568,84,436376,437740]
[2569,213,322820,321702]
[2570,228,225069,226211]
[2571,175,628910,628321]
[2572,249,478353,478121]
[2573,245,705146,704994]
[2574,51,457095,455730]
[2575,262,229545,230966]
[2576,159,504324,502872]
[2577,190,231797,232910]
[2578,102,231090,232574]
[2579,78,435567,436129]
[2580,279,543418,542283]
[2581,162,589640,590201]
[2582,247,181638,180977]
[2583,150,374865,376356]
[2584,222,201286,202418]
[2585,204,367202,367517]
[2586,192,445681,446644]
[2587,24,333410,334781]
[2588,58,52668,53315]
[2589,157,109327,108311]
[2590,7,369131,368166]
[2591,78,314411,314467]
[2592,217,580549,579559]
[2593,272,169967,170758]
[2594,90,105871,106426]
[2595,208,556943,558079]
[2596,263,42959,42384]
[2597,231,329786,329106]
[2598,276,464779,466261]
[2599,51,57523,56334]
[2600,135,44094,43055]
[2601,29,143278,141843]
[2602,206,580153,580708]
[2603,19,333637,332551]
[2604,18,320134,320840]
[2605,40,238606,239576]
[2606,250,199774,201243]
[2607,213,13972,13441]
[2608,166,597632,598154]
[2609,259,91837,90729]
[2610,226,633934,635261]
[2611,249,562634,561382]
[2612,81,644525,644267]
[2613,176,518084,518637]
[2614,2,240947,242262]
[2615,92,469377,470338]
[2616,110,612791,613020]
[2617,215,410789,409995]
[2618,144,720306,721038]
[2619,118,658460,658728]
[2620,97,3504,3407]
[2621,229,292174,291950]
[2622,175,441316,440504]
[2623,273,514699,514417]
[2624,256,432946,434411]
[2625,242,653513,653686]
[2626,270,515633,517032]
[2627,237,542142,541015]
[2628,215,626997,625769]
[2629,38,403967,405059]
[2630,264,336955,337043]
[2631,129,7013,6423]
[2632,186,38003,38223]
[2633,200,163835,164524]
[2634,9,134528,133426]
[2635,16,77391,78031]
[2636,245,295897,294397]
[2637,220,503766,504752]
[2638,62,604980,606015]
[2639,22,691453,691740]
[2640,65,114428,113381]
[2641,45,287616,286770]
[2642,127,682391,681988]
[2643,67,129866,128400]
[2644,216,606891,607555]
[2645,192,212314,212492]
[2646,226,268653,269515]
[2647,140,698327,699225]
[2648,83,296841,296673]
[2649,207,507015,506006]
[2650,59,668703,668467]
[2651,259,628605,627718]
[2652,160,593862,594726]
[2653,91,232939,232341]
[2654,31,418594,417723]
[2655,124,309915,310022]
[2656,219,39032,38415]
[2657,196,659945,660177]
[2658,142,541456,542882]
[2659,146,569290,570454]
[2660,58,145863,146354]
[2661,82,704540,705075]
[2662,74,715971,716120]
[2663,76,71761,72562]
[2664,221,330509,329150]
[2665,122,30415,31216]
[2666,157,730133,729692]
[2667,252,97778,98272]
[2668,250,128806,129177]
[2669,242,211847,213001]
[2670,14,538970,539005]
[2671,158,46281,46679]
[2672,116,394508,395438]
[2673,100,147474,148962]
[2674,35,278696,278154]
[2675,133,195566,194218]
[2676,193,239282,238824]
[2677,232,566384,566464]
[2678,206,163750,163851]
[2679,168,325776,326694]
[2680,124,75907,76428]
[2681,214,661350,662155]
[2682,205,401918,401591]
[2683,146,618899,619477]
[2684,139,659312,657898]
[2685,50,326705,327116]
[2686,186,299729,299815]
[2687,160,368322,369625]
[2688,9,489276,487841]
[2689,252,356557,357897]
[2690,230,13683,14410]
[2691,261,598239,596777]
[2692,213,357355,356069]
[2693,14,469171,470082]
[2694,126,554086,555414]
[2695,135,215481,215332]
[2696,101,593597,592884]
[2697,54,595221,596533]
[2698,4,696537,697590]
[2699,41,361157,359724]
[2700,1,664731,663694]
[2701,72,519770,520229]
[2702,194,517736,519177]
[2703,119,286028,284726]
[2704,179,158150,157728]
[2705,186,465127,466034]
[2706,103,379245,378674]
[2707,6,302684,304178]
[2708,76,227118,227849]
[2709,252,266321,267121]
[2710,180,301238,301809]
[2711,45,77005,76772]
[2712,149,110832,110027]
[2713,276,488251,489377]
[2714,195,724688,724240]
[2715,25,413770,413165]
[2716,49,189018,188170]
[2717,134,216302,217312]
[2718,210,455600,456552]
[2719,83,616479,615319]
[2720,105,433120,432139]
[2721,221,91062,90161]
[2722,109,155269,154236]
[2723,229,660975,660589]
[2724,243,430629,429142]
[2725,201,13945,13146]
[2726,199,562992,562139]
[2727,51,145110,143737]
[2728,186,186228,186713]
[2729,79,687423,687358]
[2730,205,51419,50177]
[2731,212,375512,376559]
[2732,241,286026,284823]
[2733,154,646925,647894]
[2734,186,163594,164334]
[2735,100,692948,694223]
[2736,176,692675,694064]
[2737,188,356317,357159]
[2738,150,327350,328052]
[2739,165,24978,24683]
[2740,62,699891,701282]
[2741,111,5417,5186]
[2742,147,648858,647795]
[2743,100,272923,273564]
[2744,91,90184,88748]
[2745,180,400513,401364]
[2746,67,480359,479478]
[2747,18,350555,351318]
[2748,45,135127,133840]
[2749,114,192061,192649]
[2750,269,265577,265529]
[2751,93,202355,201427]
[2752,161,331289,331107]
[2753,25,37252,36273]
[2754,232,273121,274239]
[2755,274,369940,370282]
[2756,196,40455,41947]
[2757,121,28481,27581]
[2758,70,686095,686905]
[2759,7,357415,357240]
[2760,179,703335,702673]
[2761,108,576460,577125]
[2762,189,384375,383095]
[2763,250,543386,544708]
[2764,54,89535,90052]
[2765,212,630856,632208]
[2766,139,553462,552051]
[2767,20,460762,462169]
[2768,131,687747,687019]
[2769,222,419679,419788]
[2770,196,658720,658892]
[2771,154,483063,483490]
[2772,165,2722,1392]
[2773,134,305489,306134]
[2774,0,356532,356740]
[2775,110,437137,437593]
[2776,35,3542,2190]
[2777,117,566951,565726]
[2778,228,199447,200155]
[2779,147,559928,558857]
[2780,103,655696,655586]
[2781,193,227564,227405]
[2782,125,702894,701657]
[2783,2,64210,65004]
[2784,96,194571,195288]
[2785,150,99807,101098]
[2786,225,719816,718568]
[2787,102,642956,644288]
[2788,62,490606,491763]
[2789,28,694887,695492]
[2790,209,141090,139702]
[2791,164,468947,470145]
[2792,120,331462,332055]
[2793,182,463774,464332]
[2794,124,637484,637748]
[2795,147,196687,196397]
[2796,276,90243,91328]
[2797,91,424130,422731]
[2798,229,392276,391360]
[2799,6,423311,424456]
[2800,151,514104,512913]
[2801,61,373139,371752]
[2802,93,178539,177711]
[2803,97,103775,102635]
[2804,121,435739,434942]
[2805,26,24432,24839]
[2806,210,495850,496790]
[2807,223,520719,520027]
[2808,134,249090,249785]
[2809,266,29719,29921]
[2810,275,536563,535304]
[2811,77,201062,199794]
[2812,121,101015,100669]
[2813,64,287649,288371]
[2814,32,170999,171725]
[2815,193,269064,268784]
[2816,54,401265,402310]
[2817,21,366930,365777]
[2818,22,422810,423834]
[2819,193,64515,64411]
[2820,108,261292,262391]
[2821,89,664794,664228]
[2822,156,609083,609486]
[2823,206,250398,250767]
[2824,99,88069,88030]
[2825,48,543773,545256]
[2826,186,334132,334611]
[2827,123,412158,410858]
[2828,240,300272,300373]
[2829,13,538539,537358]
[2830,21,490639,489248]
[2831,120,23020,23305]
[2832,18,652162,653248]
[2833,163,579105,577731]
[2834,118,60251,60288]
[2835,155,70461,69120]
[2836,229,654176,653934]
[2837,29,506465,505589]
[2838,28,462032,463256]
[2839,149,386202,385561]
[2840,166,373361,373629]
[2841,182,185345,185697]
[2842,257,505517,504447]
[2843,180,437956,438166]
[2844,201,686319,686089]
[2845,74,714685,715000]
[2846,242,634708,635719]
[2847,265,11318,11137]
[2848,237,582319,581752]
[2849,3,398239,397911]
[2850,168,449956,451175]
[2851,3,428355,427385]
[2852,109,467680,467529]
[2853,242,131027,131759]
[2854,225,75473,75339]
[2855,15,216127,215031]
[2856,257,142649,142501]
[2857,22,498161,499342]
[2858,36,383952,384276]
[2859,222,324001,324067]
[2860,140,320928,322425]
[2861,228,12635,13741]
[2862,66,492655,493092]
[2863,225,422089,421709]
[2864,140,532504,533028]
[2865,194,716674,717799]
[2866,239,15468,14942]
[2867,55,55512,54349]
[2868,254,616958,617032]
[2869,270,242319,242822]
[2870,65,311988,311681]
[2871,244,146281,147719]
[2872,72,75691,76193]
[2873,44,651737,652751]
[2874,273,515819,515286]
[2875,166,235510,236314]
[2876,260,486174,486422]
[2877,133,370360,369900]
[2878,200,251320,251351]
[2879,125,67969,67857]
[2880,3,192078,190884]
[2881,132,395834,396391]
[2882,8,67973,68956]
[2883,184,503448,504469]
[2884,49,663043,662769]
[2885,217,476684,476498]
[2886,113,511181,510158]
[2887,226,507554,508746]
[2888,179,53734,53389]
[2889,5,74090,73232]
[2890,70,315755,316826]
[2891,161,76709,75611]
[2892,167,546199,545391]
[2893,38,160503,161862]
[2894,158,311451,311803]
[2895,51,253443,253316]
[2896,105,621010,619638]
[2897,51,629450,629396]
[2898,161,352828,351604]
[2899,70,489612,490307]
[2900,131,217939,217853]
[2901,229,233667,233625]
[2902,122,476175,476493]
[2903,249,51879,51449]
[2904,164,559802,560117]
[2905,249,413777,412652]
[2906,58,687886,687967]
[2907,112,394402,395386]
[2908,246,13063,14144]
[2909,78,533567,534543]
[2910,112,233485,234919]
[2911,69,54349,53151]
[2912,117,676484,675611]
[2913,65,61903,60933]
[2914,138,687503,688380]
[2915,123,627541,627435]
[2916,23,73759,72753]
[2917,34,74031,74292]
[2918,197,160308,159522]
[2919,230,719370,719952]
[2920,169,337132,336808]
[2921,187,589793,588590]
[2922,150,142746,142893]
[2923,110,25932,26188]
[2924,243,581447,580138]
[2925,246,47007,48163]
[2926,13,485990,485101]
[2927,161,457256,456114]
[2928,26,45345,46834]
[2929,235,460954,459848]
[2930,231,687831,687602]
[2931,198,299479,300469]
[2932,126,697108,697613]
[2933,50,653587,654188]
[2934,256,255128,256050]
[2935,106,139046,139960]
[2936,191,353657,352442]
[2937,159,390866,390087]
[2938,83,96742,96378]
[2939,25,233725,232541]
[2940,177,303143,302135]
[2941,257,175676,174807]
[2942,256,589611,590072]
[2943,36,214797,215108]
[2944,146,570642,571132]
[2945,130,295698,295805]
[2946,10,124960,125089]
[2947,19,36758,35337]
[2948,227,465943,465792]
[2949,127,287532,286251]
[2950,28,318245,318833]
[2951,193,351130,350152]
[2952,88,406050,406694]
[2953,86,497011,498019]
[2954,68,315288,316057]
[2955,256,451987,453474]
[2956,2,282438,283570]
[2957,183,77564,77117]
[2958,52,14496,15528]
[2959,159,60906,60059]
[2960,249,586100,585426]
[2961,198,650717,651866]
[2962,164,12058,12657]
[2963,38,215714,216612]
[2964,31,410614,410222]
[2965,173,283212,282471]
[2966,269,661414,661173]
[2967,116,353393,354480]
[2968,129,565257,564640]
[2969,230,632107,633152]
[2970,271,91775,90476]
[2971,268,343348,343398]
[2972,9,529932,529826]
[2973,246,444975,445449]
[2974,134,507623,508018]
[2975,48,724152,724446]
[2976,103,211109,210828]
[2977,273,323030,322377]
[2978,63,507285,507152]
[2979,126,233565,233640]
[2980,242,673317,674100]
[2981,176,21611,21753]
[2982,215,568855,567759]
[2983,138,105513,106336]
[2984,87,136006,134732]
[2985,87,675557,675359]
[2986,128,694019,694864]
[2987,98,486001,487111]
[2988,178,316830,318199]
[2989,252,385258,386279]
[2990,184,396420,397716]
[2991,214,64619,65935]
[2992,196,462588,463744]
[2993,222,418590,419275]
[2994,267,480182,480095]
[2995,18,150234,150694]
[2996,219,379398,378134]
[2997,180,304219,305072]
[2998,30,95595,96693]
[2999,220,137961,139111]
[3000,140,612883,614026]
[3001,120,458767,458985]
[3002,178,222674,223407]
[3003,94,333285,334502]
[3004,77,442618,441997]
[3005,0,6015,6647]
[3006,28,463816,465000]
[3007,93,17167,17108]
[3008,272,324450,325183]
[3009,83,50457,49314]
[3010,11,601982,601398]
[3011,158,77670,78123]
[3012,96,202587,203567]
[3013,71,214149,212865]
[3014,225,281415,281117]
[3015,37,188700,187485]
[3016,30,342111,343537]
[3017,141,668834,668627]
[3018,35,607902,606669]
[3019,107,475549,474979]
[3020,206,384817,385505]
[3021,68,597991,599103]
[3022,150,464442,465280]
[3023,192,42159,42351]
[3024,27,305738,305028]
[3025,204,466868,468268]
[3026,113,522436,521568]
[3027,187,206353,205528]
[3028,0,233773,233908]
[3029,75,245095,244898]
[3030,212,307535,308872]
[3031,268,509774,510660]
[3032,140,432102,432440]
[3033,78,63798,65014]
[3034,215,487417,487181]
[3035,40,598342,598540]
[3036,79,185161,184530]
[3037,76,716300,717772]
[3038,117,294892,294020]
[3039,76,299198,299707]
[3040,255,697904,696869]
[3041,27,459874,459346]
[3042,59,475065,473767]
[3043,61,651479,650857]
[3044,117,496015,495868]
[3045,190,666940,667980]
[3046,118,446339,446960]
[3047,276,347845,347905]
[3048,44,209218,210331]
[3049,252,431359,432001]
[3050,224,496059,496883]
[3051,100,52301,52659]
[3052,30,68460,69762]
[3053,88,270393,271033]
[3054,265,393929,393379]
[3055,97,300327,299161]
[3056,61,494441,493165]
[3057,109,246707,246080]
[3058,90,216307,217356]
[3059,199,461071,460267]
[3060,70,697475,698138]
[3061,134,263638,264940]
[3062,110,150359,151671]
[3063,60,122194,122258]
[3064,48,153510,154570]
[3065,7,607649,606165]
[3066,266,522752,522827]
[3067,260,485817,487306]
[3068,135,239611,238813]
[3069,199,80385,79831]
[3070,79,155560,154128]
[3071,181,270481,269758]
[3072,241,243761,243092]
[3073,53,708696,708388]
[3074,215,200729,200465]
[3075,33,563542,562559]
[3076,279,125528,125277]
[3077,29,438674,437835]
[3078,54,519595,520786]
[3079,167,51490,50294]
[3080,140,54135,54314]
[3081,66,310568,311780]
[3082,227,310293,309143]
[3083,210,579040,580146]
[3084,46,313673,314290]
[3085,114,419483,420400]
[3086,224,118595,119753]
[3087,264,566758,567571]
[3088,273,216775,216588]
[3089,84,585523,585708]
[3090,95,126486,125269]
[3091,135,656741,656277]
[3092,18,297375,298694]
[3093,247,434188,433778]
[3094,25,79977,79547]
[3095,79,102789,101347]
[3096,207,74675,74081]
[3097,7,482433,481415]
[3098,215,72495,72354]
[3099,157,117824,117673]
[3100,104,553674,554140]
[3101,126,334876,335192]
[3102,69,549874,548640]
[3103,173,233276,232715]
[3104,155,470372,469361]
[3105,117,608531,607643]
[3106,66,544191,544786]
[3107,60,580901,582016]
[3108,188,209410,210224]
[3109,207,333404,333071]
[3110,53,332108,331022]
[3111,38,661567,662653]
[3112,40,92631,93297]
[3113,116,14742,15033]
[3114,237,492389,491617]
[3115,38,80523,81449]
[3116,66,140286,141084]
[3117,53,352918,352777]
[3118,54,593861,594406]
[3119,134,85211,86142]
[3120,137,193481,193173]
[3121,12,192441,193842]
[3122,60,683610,684549]
[3123,154,290531,291191]
[3124,225,568363,567301]
[3125,260,721665,721711]
[3126,11,484105,483537]
[3127,156,656641,657466]
[3128,229,640626,639856]
[3129,85,82888,82483]
[3130,134,676359,677488]
[3131,66,101288,101943]
[3132,206,634842,635093]
[3133,179,226732,225929]
[3134,125,498974,498864]
[3135,81,564780,564360]
[3136,142,332463,333888]
[3137,206,198912,200305]
[3138,97,719323,718629]
[3139,43,428202,427346]
[3140,246,206920,208277]
[3141,191,497923,496437]
[3142,249,324386,324232]
[3143,260,683528,684998]
[3144,21,354168,353483]
[3145,152,569744,570623]
[3146,256,156353,157712]
[3147,196,349426,350633]
[3148,274,228689,229195]
[3149,86,38868,40273]
[3150,239,108974,108487]
[3151,38,689751,689832]
[3152,56,78090,78275]
[3153,224,538980,539968]
[3154,155,261051,259766]
[3155,242,146323,147630]
[3156,142,627485,628409]
[3157,56,286250,286788]
[3158,170,682415,683121]
[3159,230,76720,77815]
[3160,117,252134,250739]
[3161,254,50944,52108]
[3162,136,209468,209524]
[3163,114,97472,97912]
[3164,110,585497,586979]
[3165,63,74214,74027]
[3166,239,185158,184668]
[3167,235,607619,606138]
[3168,134,678395,679317]
[3169,61,469267,468207]
[3170,171,236242,235654]
[3171,207,369916,369682]
[3172,216,230205,230423]
[3173,105,509134,507902]
[3174,5,713825,712690]
[3175,237,27838,27442]
[3176,60,325084,325692]
[3177,79,587870,586694]
[3178,231,180860,179866]
[3179,131,317192,316489]
[3180,158,706776,706842]
[3181,250,87172,88161]
[3182,136,498937,499368]
[3183,106,142598,143984]
[3184,224,468551,469360]
[3185,177,250048,249477]
[3186,151,713876,713637]
[3187,113,649943,649202]
[3188,265,320012,318940]
[3189,130,338842,339284]
[3190,135,94345,93964]
[3191,50,480315,480604]
[3192,270,459406,459643]
[3193,149,639931,638572]
[3194,80,504048,504692]
[3195,85,286967,286500]
[3196,28,411791,411957]
[3197,177,351008,350400]
[3198,188,90757,92007]
[3199,83,95927,94467]
[3200,220,150515,150684]
[3201,81,505267,504705]
[3202,77,715892,714967]
[3203,182,678563,679550]
[3204,112,270150,271035]
[3205,109,410157,409372]
[3206,133,114817,113485]
[3207,46,141514,142136]
[3208,208,85778,86982]
[3209,144,153699,154092]
[3210,7,397205,395967]
[3211,116,377960,379068]
[3212,101,105173,104508]
[3213,130,228948,229110]
[3214,266,282210,282296]
[3215,253,563517,563282]
[3216,40,340526,341664]
[3217,241,695975,695676]
[3218,68,105765,106639]
[3219,182,467167,468006]
[3220,260,459991,460416]
[3221,104,138171,139382]
[3222,215,431391,430576]
[3223,180,399424,399573]
[3224,69,341541,340504]
[3225,89,429337,428213]
[3226,237,216296,216174]
[3227,101,515134,514127]
[3228,61,129022,127798]
[3229,209,164189,162817]
[3230,5,157844,157307]
[3231,35,654461,653274]
[3232,185,429150,428485]
[3233,204,413906,414943]
[3234,144,636108,636480]
[3235,196,84410,84798]
[3236,11,616246,615536]
[3237,111,168142,167114]
[3238,22,645372,645762]
[3239,62,608557,608823]
[3240,38,215865,216116]
[3241,226,409906,410344]
[3242,15,32919,32225]
[3243,257,376402,376173]
[3244,270,444025,444293]
[3245,273,155470,154495]
[3246,152,417800,418119]
[3247,248,224220,225631]
[3248,106,184091,185373]
[3249,70,719318,719472]
[3250,119,80493,80030]
[3251,211,592552,592342]
[3252,161,486584,485214]
[3253,271,469099,468805]
[3254,191,43733,42812]
[3255,57,620808,620173]
[3256,24,720425,721920]
[3257,96,708170,709275]
[3258,224,532851,533417]
[3259,261,708301,706918]
[3260,66,136511,137408]
[3261,176,652527,653025]
[3262,152,309211,309508]
[3263,230,52774,53602]
[3264,118,268885,269039]
[3265,244,547403,548295]
[3266,92,125293,126323]
[3267,67,247064,245953]
[3268,125,342584,341978]
[3269,44,100993,101511]
[3270,28,606822,607372]
[3271,250,606020,607321]
[3272,106,707710,709055]
[3273,96,135556,136503]
[3274,32,288015,288575]
[3275,145,336878,335397]
[3276,259,614308,613766]
[3277,261,693604,692129]
[3278,167,270501,269497]
[3279,164,4299,5373]
[3280,147,701775,700739]
[3281,148,144213,144873]
[3282,224,544319,545614]
[3283,71,727177,726710]
[3284,93,155738,154770]
[3285,266,149638,150215]
[3286,215,582499,581678]
[3287,53,184358,183737]
[3288,267,133640,132733]
[3289,276,23482,24059]
[3290,197,252925,251653]
[3291,184,111597,112147]
[3292,175,151244,150811]
[3293,80,252104,252583]
[3294,81,422512,421058]
[3295,1,586624,586337]
[3296,163,309737,308717]
[3297,68,305116,305835]
[3298,1,82075,81738]
[3299,43,411718,410383]
[3300,74,248597,249440]
[3301,228,413592,414448]
[3302,219,299696,299369]
[3303,272,70829,71632]
[3304,85,92383,92283]
[3305,5,74978,74873]
[3306,202,175538,176237]
[3307,162,1193,2326]
[3308,250,484472,485786]
[3309,170,335328,336707]
[3310,140,367204,368174]
[3311,130,271506,272560]
[3312,273,656969,656267]
[3313,97,105859,104493]
[3314,70,542014,542094]
[3315,130,119928,120826]
[3316,219,151805,151130]
[3317,269,79548,78646]
[3318,16,347417,348716]
[3319,27,460198,458721]
[3320,247,373302,372516]
[3321,204,264767,264855]
[3322,68,337064,338041]
[3323,279,539630,539516]
[3324,154,320690,320800]
[3325,177,382108,381698]
[3326,49,144061,143493]
[3327,101,718289,717706]
[3328,35,599275,598064]
[3329,222,345070,345484]
[3330,255,657337,656489]
[3331,76,714297,714523]
[3332,175,149309,148471]
[3333,145,138314,138029]
[3334,277,275170,274647]
[3335,36,596795,597770]
[3336,89,89380,88801]
[3337,245,32132,31459]
[3338,151,158526,157126]
[3339,177,390779,390725]
[3340,110,714743,716160]
[3341,232,398150,399294]
[3342,121,8239,6753]
[3343,106,594461,594728]
[3344,123,371058,370216]
[3345,49,69686,69448]
[3346,216,397533,398776]
[3347,119,192923,192476]
[3348,115,378109,377863]
[3349,6,278425,279308]
[3350,155,607995,607730]
[3351,52,303446,303829]
[3352,187,501765,500580]
[3353,70,255913,257041]
[3354,103,538264,537979]
[3355,3,545921,545216]
[3356,10,256041,257047]
[3357,190,71540,72352]
[3358,172,51502,51758]
[3359,152,670770,670971]
[3360,212,615499,616849]
[3361,55,233485,232285]
[3362,164,545726,545862]
[3363,278,696630,698056]
[3364,82,697028,698145]
[3365,234,298047,298734]
[3366,255,214004,212754]
[3367,39,229036,228442]
[3368,33,62625,62119]
[3369,20,399839,400479]
[3370,229,294861,293747]
[3371,225,501907,501401]
[3372,35,67631,66270]
[3373,197,62074,61645]
[3374,211,204085,202670]
[3375,162,32634,33369]
[3376,106,667656,668456]
[3377,143,142239,141848]
[3378,262,305556,306984]
[3379,137,373058,372325]
[3380,268,410255,410343]
[3381,145,288861,288259]
[3382,177,578872,578430]
[3383,83,515898,515370]
[3384,109,89935,89835]
[3385,263,501408,500502]
[3386,232,229796,229901]
[3387,216,243817,245113]
[3388,127,467602,466796]
[3389,128,344723,345154]
[3390,132,258493,258806]
[3391,170,276273,276446]
[3392,181,716016,715216]
[3393,159,247787,246739]
[3394,261,361795,361645]
[3395,54,173268,173974]
[3396,38,614335,614874]
[3397,50,19490,19596]
[3398,160,710672,711888]
[3399,175,94118,93916]
[3400,80,33954,35334]
[3401,244,289984,290855]
[3402,90,706689,708099]
[3403,115,624178,623395]
[3404,73,162275,162174]
[3405,8,231707,232738]
[3406,35,109383,108404]
[3407,100,221721,221917]
[3408,98,392028,392910]
[3409,48,704876,705169]
[3410,145,504659,503545]
[3411,158,374407,375513]
[3412,9,234886,234224]
[3413,85,344262,343863]
[3414,231,324216,323798]
[3415,153,120408,120326]
[3416,4,497763,499117]
[3417,192,327780,329204]
[3418,222,610033,611507]
[3419,5,450849,449684]
[3420,72,724300,725111]
[3421,102,350111,350850]
[3422,184,2236,2927]
[3423,59,597829,597004]
[3424,239,422281,421024]
[3425,167,80548,79598]
[3426,0,260778,260945]
[3427,52,120891,121405]
[3428,226,720103,720535]
[3429,80,633005,634499]
[3430,8,444325,444902]
[3431,87,376871,375915]
[3432,107,173311,172394]
[3433,112,637527,638377]
[3434,42,130281,131524]
[3435,231,598414,597966]
[3436,228,312049,313353]
[3437,252,3065,3156]
[3438,65,243424,242793]
[3439,112,360,1708]
[3440,2,338456,339441]
[3441,116,280014,281505]
[3442,173,435644,435519]
[3443,203,245648,244363]
[3444,178,147472,148512]
[3445,221,511243,510368]
[3446,63,281504,280890]
[3447,8,476581,477803]
[3448,28,544776,545941]
[3449,132,81584,82098]
[3450,205,160221,158768]
[3451,43,492157,491957]
[3452,259,502765,502395]
[3453,203,471477,470095]
[3454,261,607736,607188]
[3455,143,113276,113174]
[3456,94,618462,619740]
[3457,259,165632,164701]
[3458,146,546353,547812]
[3459,28,261727,263074]
[3460,256,372074,373274]
[3461,39,288214,287606]
[3462,168,575285,576729]
[3463,67,169693,169166]
[3464,213,549418,548600]
[3465,219,503713,503657]
[3466,98,431291,432643]
[3467,172,290327,291454]
[3468,12,378973,379027]
[3469,84,557666,558102]
[3470,193,238234,237472]
[3471,206,492876,493267]
[3472,168,362425,363125]
[3473,242,561657,561816]
[3474,172,449661,450356]
[3475,13,310332,309379]
[3476,44,484116,484742]
[3477,139,511052,510220]
[3478,60,680185,681460]
[3479,78,60996,61212]
[3480,263,716758,715805]
[3481,52,599544,600550]
[3482,35,120823,119741]
[3483,178,298745,298939]
[3484,213,115372,114982]
[3485,191,13393,12433]
[3486,189,232377,231018]
[3487,94,721382,721567]
[3488,264,715969,716125]
[3489,117,202295,200983]
[3490,166,316145,317128]
[3491,238,27214,27675]
[3492,240,413705,414397]
[3493,81,318505,317354]
[3494,121,132599,131167]
[3495,32,722742,724167]
[3496,75,707446,707391]
[3497,97,164154,163959]
[3498,192,206505,206627]
[3499,75,521226,520107]
[3500,193,635218,633862]
[3501,155,632324,631989]
[3502,244,147982,149083]
[3503,129,258232,258095]
[3504,228,677585,679063]
[3505,272,223646,224928]
[3506,42,528545,528604]
[3507,198,327857,328366]
[3508,223,648655,647471]
[3509,205,569749,569176]
[3510,195,187475,187269]
[3511,188,277371,277634]
[3512,278,69347,69433]
[3513,139,582081,580805]
[3514,162,229273,230760]
[3515,155,399759,399468]
[3516,52,54265,54386]
[3517,84,214330,215775]
[3518,141,397779,396366]
[3519,260,567854,568141]
[3520,206,473844,474785]
[3521,68,299694,300627]
[3522,160,514150,514500]
[3523,179,510139,509462]
[3524,29,78304,77798]
[3525,261,16840,16375]
[3526,10,723976,725283]
[3527,279,598762,598461]
[3528,21,697385,696430]
[3529,251,435016,433783]
[3530,189,416626,415310]
[3531,77,127977,126497]
[3532,25,156205,155881]
[3533,209,631595,631091]
[3534,55,582811,582661]
[3535,240,93127,93978]
[3536,245,49968,49106]
[3537,258,594058,595060]
[3538,72,408569,409035]
[3539,162,452218,452677]
[3540,238,316988,317070]
[3541,16,420041,420596]
[3542,25,594421,593111]
[3543,41,701922,700531]
[3544,174,439258,439463]
[3545,126,15038,15791]
[3546,15,258679,257511]
[3547,38,668710,669195]
[3548,8,476288,476588]
[3549,249,471603,470692]
[3550,200,181815,182407]
[3551,266,615880,616905]
[3552,202,146009,146806]
[3553,122,414833,415089]
[3554,242,566531,567513]
[3555,210,164782,164998]
[3556,144,230352,231054]
[3557,14,30155,31527]
[3558,123,709289,707836]
[3559,80,706650,707929]
[3560,237,723247,721884]
[3561,69,145311,144585]
[3562,53,112432,111070]
[3563,267,721959,721162]
[3564,180,433779,434707]
[3565,75,367654,366284]
[3566,251,351333,350709]
[3567,13,286666,286555]
[3568,219,518740,517627]
[3569,172,546102,546371]
[3570,185,494471,494195]
[3571,231,368322,367617]
[3572,148,483922,484349]
[3573,151,701298,700966]
[3574,210,660787,661809]
[3575,120,451519,452075]
[3576,248,95148,95364]
[3577,50,229652,230643]
[3578,195,511805,511539]
[3579,271,438693,438602]
[3580,240,37573,37786]
[3581,179,75484,75313]
[3582,43,314510,313585]
[3583,184,189716,190585]
[3584,197,475720,475212]
[3585,192,136826,137284]
[3586,279,295558,295507]
[3587,38,450316,451558]
[3588,132,586361,587830]
[3589,210,312935,313922]
[3590,204,257129,258598]
[3591,49,612327,611121]
[3592,269,292534,292480]
[3593,238,701993,702450]
[3594,140,47370,47566]
[3595,33,281449,279973]
[3596,85,211068,209975]
[3597,200,397242,397722]
[3598,155,601047,599683]
[3599,78,90834,92070]
[3600,181,559732,558737]
[3601,29,491137,490857]
[3602,48,513304,513931]
[3603,259,256053,254663]
[3604,179,213403,212382]
[3605,183,217619,217476]
[3606,73,712180,711370]
[3607,206,524346,524855]
[3608,144,671917,673184]
[3609,110,111048,112407]
[3610,40,178988,180354]
[3611,269,729393,729023]
[3612,110,393107,393209]
[3613,94,607233,608250]
[3614,5,199347,198481]
[3615,226,335742,337061]
[3616,192,468372,469644]
[3617,158,428256,429683]
[3618,152,636730,636791]
[3619,165,363483,362800]
[3620,211,587050,585754]
[3621,170,52925,53349]
[3622,252,566542,567764]
[3623,17,300878,300831]
[3624,75,123560,123528]
[3625,163,265189,263896]
[3626,34,716282,717439]
[3627,93,186302,185849]
[3628,219,235176,234815]
[3629,83,560546,559359]
[3630,186,650162,650719]
[3631,275,269027,268330]
[3632,187,628173,627515]
[3633,32,75969,77277]
[3634,104,675215,675590]
[3635,169,241169,240002]
[3636,149,458631,457418]
[3637,29,457461,456231]
[3638,193,172577,171201]
[3639,160,201928,202537]
[3640,16,460202,460686]
[3641,193,367201,366054]
[3642,221,521957,521914]
[3643,277,487833,487224]
[3644,221,444575,443369]
[3645,209,135133,134466]
[3646,137,659313,657847]
[3647,68,541393,542584]
[3648,262,153362,153827]
[3649,97,94428,93370]
[3650,257,468349,467965]
[3651,208,450682,451083]
[3652,95,140953,140325]
[3653,268,4809,6302]
[3654,145,659686,659414]
[3655,108,92621,93475]
[3656,183,260727,260431]
[3657,1,225084,223936]
[3658,197,55930,55544]
[3659,123,637638,636542]
[3660,93,419635,419037]
[3661,256,730194,730974]
[3662,242,307952,308674]
[3663,57,27812,26574]
[3664,232,6046,7438]
[3665,199,125934,125011]
[3666,78,80541,80711]
[3667,164,446123,447609]
[3668,23,25654,25430]
[3669,110,420963,421922]
[3670,47,28377,28111]
[3671,185,111650,110690]
[3672,248,695511,696326]
[3673,250,490445,490814]
[3674,19,565724,564554]
[3675,9,362040,361691]
[3676,274,229427,230779]
[3677,8,307058,308495]
[3678,31,14730,14546]
[3679,215,338648,337699]
[3680,246,3668,5165]
[3681,138,524654,525080]
[3682,182,126029,126907]
[3683,277,119613,118849]
[3684,265,590917,589872]
[3685,53,321006,320260]
[3686,73,644354,643952]
[3687,145,416999,415621]
[3688,116,594596,594675]
[3689,47,506495,505976]
[3690,27,573728,572253]
[3691,238,657070,657616]
[3692,13,262192,261607]
[3693,178,685365,686502]
[3694,12,184276,184516]
[3695,264,537149,537428]
[3696,58,69885,70782]
[3697,190,382152,383065]
[3698,42,230210,231171]
[3699,139,100683,99940]
[3700,84,401251,402258]
[3701,27,425869,425778]
[3702,56,661587,662400]
[3703,63,226986,225639]
[3704,178,376457,376686]
[3705,139,393711,392366]
[3706,38,162110,162860]
[3707,218,651403,652646]
[3708,271,564735,564371]
[3709,234,414955,415370]
[3710,5,246069,244574]
[3711,65,648270,648120]
[3712,145,503866,502387]
[3713,65,587372,587164]
[3714,190,524484,525007]
[3715,20,336043,337499]
[3716,110,407806,407912]
[3717,250,155506,155654]
[3718,245,387644,386334]
[3719,89,550174,549265]
[3720,83,9692,9429]
[3721,72,563908,564889]
[3722,217,270433,269150]
[3723,95,555534,554292]
[3724,30,304107,304302]
[3725,167,506984,505982]
[3726,156,74471,75593]
[3727,278,387276,387507]
[3728,250,585562,585890]
[3729,31,487866,486490]
[3730,223,354729,354182]
[3731,23,293557,292228]
[3732,229,215383,214118]
[3733,117,630980,630099]
[3734,178,554687,555681]
[3735,242,216591,217529]
[3736,183,420242,418776]
[3737,30,440866,441023]
[3738,88,685408,685687]
[3739,124,111460,111808]
[3740,54,589329,589845]
[3741,90,57125,57430]
[3742,262,64863,65399]
[3743,248,337267,337689]
[3744,202,70483,71774]
[3745,265,696793,696347]
[3746,140,175360,175698]
[3747,144,132782,133436]
[3748,241,119970,119665]
[3749,31,546451,545183]
[3750,106,694066,695205]
[3751,14,575047,575261]
[3752,154,661861,663330]
[3753,110,255923,257128]
[3754,195,269545,268475]
[3755,142,28005,29144]
[3756,176,581572,582011]
[3757,175,193191,192001]
[3758,171,99071,97874]
[3759,218,583334,583402]
[3760,177,358014,357442]
[3761,55,509010,508657]
[3762,159,142878,142196]
[3763,152,502611,503891]
[3764,81,141572,140262]
[3765,137,585130,585086]
[3766,258,354300,355415]
[3767,209,174869,174302]
[3768,263,292283,290850]
[3769,70,339372,339853]
[3770,257,713010,712654]
[3771,3,702839,702057]
[3772,202,337748,338730]
[3773,276,651661,653113]
[3774,259,618429,618190]
[3775,279,171411,170297]
[3776,187,568459,568240]
[3777,180,603214,603421]
[3778,178,478663,480131]
[3779,9,222019,221059]
[3780,58,98863,99526]
[3781,61,178117,176740]
[3782,89,46866,45732]
[3783,228,575192,575638]
[3784,139,562545,562175]
[3785,137,563835,562650]
[3786,25,729478,729442]
[3787,237,183517,183285]
[3788,192,279616,280114]
[3789,269,393611,392763]
[3790,145,229219,228011]
[3791,80,610293,610651]
[3792,104,118381,119761]
[3793,84,726038,726509]
[3794,83,514676,513656]
[3795,214,476630,477987]
[3796,251,666532,665435]
[3797,215,370264,369871]
[3798,110,151173,151482]
[3799,238,51434,51930]
[3800,151,158991,157868]
[3801,100,54438,55157]
[3802,157,523032,522098]
[3803,11,454325,453472]
[3804,110,172933,173942]
[3805,194,728387,729130]
[3806,54,247365,248667]
[3807,82,451700,451831]
[3808,154,359592,360974]
[3809,66,9586,10303]
[3810,110,293798,295087]
[3811,9,454662,454622]
[3812,219,615049,614808]
[3813,83,401592,401097]
[3814,7,330585,329857]
[3815,155,254392,254260]
[3816,114,310726,310865]
[3817,195,270562,269731]
[3818,128,553833,554699]
[3819,6,32799,33913]
[3820,14,299241,300618]
[3821,157,365733,364750]
[3822,238,264106,265064]
[3823,134,584615,585120]
[3824,94,567282,567480]
[3825,190,174937,176348]
[3826,6,332377,332746]
[3827,197,556377,555662]
[3828,181,726052,725651]
[3829,262,426422,426778]
[3830,125,556482,555441]
[3831,53,224222,223043]
[3832,31,600688,600267]
[3833,203,618160,617680]
[3834,102,292744,293238]
[3835,251,88009,86569]
[3836,117,694124,694062]
[3837,20,187260,187952]
[3838,18,566993,568323]
[3839,50,305111,305284]
[3840,50,437169,437644]
[3841,264,429436,430465]
[3842,139,136661,136252]
[3843,229,137593,136184]
[3844,141,144509,144085]
[3845,162,349169,349640]
[3846,184,332082,332832]
[3847,266,245227,245514]
[3848,178,25668,26654]
[3849,266,628456,629700]
[3850,251,335554,334713]
[3851,45,126276,125259]
[3852,144,106500,107990]
[3853,176,460293,460997]
[3854,159,30691,29393]
[3855,239,569392,568470]
[3856,19,331923,330592]
[3857,201,112497,111617]
[3858,50,177660,178278]
[3859,31,78810,78112]
[3860,216,605374,605905]
[3861,197,187123,185885]
[3862,112,494151,494432]
[3863,6,726881,728322]
[3864,161,218561,218121]
[3865,90,155460,155667]
[3866,276,397511,398484]
[3867,245,624187,623613]
[3868,102,481109,481821]
[3869,251,488560,487675]
[3870,35,499611,498521]
[3871,95,83999,83417]
[3872,187,573777,573268]
[3873,119,234027,233959]
[3874,196,191934,192985]
[3875,20,469338,470790]
[3876,7,195079,193605]
[3877,49,210747,209345]
[3878,203,357856,357077]
[3879,239,247220,246643]
[3880,10,102823,103572]
[3881,208,461072,461636]
[3882,116,238102,238233]
[3883,112,60901,61003]
[3884,94,103140,103967]
[3885,164,403476,403724]
[3886,151,370178,369453]
[3887,113,248742,247981]
[3888,93,109577,108890]
[3889,97,659881,659257]
[3890,246,1154,1891]
[3891,111,267592,266272]
[3892,255,627497,626460]
[3893,4,281292,281438]
[3894,222,452647,453850]
[3895,210,599544,599595]
[3896,110,492611,493491]
[3897,88,7240,7676]
[3898,38,574783,574908]
[3899,238,297636,298882]
[3900,42,194597,194714]
[3901,205,683895,682893]
[3902,71,482365,482137]
[3903,226,228582,228648]
[3904,65,551593,551463]
[3905,235,186521,185197]
[3906,84,120285,120526]
[3907,16,653937,654591]
[3908,51,58306,57184]
[3909,161,487509,486634]
[3910,254,314489,315657]
[3911,184,272085,273184]
[3912,37,206027,205273]
[3913,172,676365,676516]
[3914,196,25381,25790]
[3915,181,160438,159177]
[3916,243,140431,140045]
[3917,33,409795,408497]
[3918,104,488353,488439]
[3919,139,354011,353368]
[3920,202,399193,400493]
[3921,194,337797,338424]
[3922,89,664737,664437]
[3923,102,82796,83342]
[3924,261,178753,177606]
[3925,220,198664,199678]
[3926,157,546062,545250]
[3927,164,391041,391623]
[3928,206,673415,674753]
[3929,268,14354,14430]
[3930,277,591436,590231]
[3931,278,238036,239242]
[3932,8,474596,475973]
[3933,198,504998,506347]
[3934,279,470367,469597]
[3935,42,51959,53091]
[3936,45,446942,446028]
[3937,102,383203,383763]
[3938,0,692196,693612]
[3939,254,500000,500327]
[3940,235,72288,72134]
[3941,135,455646,454197]
[3942,38,478708,478936]
[3943,209,404951,404024]
[3944,107,458768,457598]
[3945,198,268582,269196]
[3946,257,214531,213900]
[3947,196,713773,714284]
[3948,68,126147,127608]
[3949,197,138143,137255]
[3950,19,196302,195533]
[3951,275,231404,230445]
[3952,27,327395,327310]
[3953,63,393238,392691]
[3954,131,647345,647206]
[3955,132,90352,90933]
[3956,79,604259,603771]
[3957,89,450603,449417]
[3958,159,618424,617386]
[3959,227,336753,336399]
[3960,100,480680,481577]
[3961,176,704801,705926]
[3962,30,86689,86861]
[3963,269,276186,275334]
[3964,176,307525,307823]
[3965,9,94430,93556]
[3966,79,28519,28441]
[3967,23,398188,397823]
[3968,147,510942,509702]
[3969,167,19190,18411]
[3970,12,296055,297069]
[3971,62,223428,224661]
[3972,138,190155,190294]
[3973,219,607405,606687]
[3974,19,124489,123436]
[3975,162,690527,691007]
[3976,0,559685,561066]
[3977,254,583616,584894]
[3978,160,110526,110931]
[3979,252,242981,244075]
[3980,99,480515,479568]
[3981,182,333471,334716]
[3982,1,647507,646720]
[3983,131,176181,175147]
[3984,110,484987,486128]
[3985,219,605124,604148]
[3986,86,87669,89007]
[3987,205,659576,658337]
[3988,212,566846,568050]
[3989,120,290925,292127]
[3990,161,79952,78906]
[3991,223,44935,44754]
[3992,97,254903,254017]
[3993,243,486008,485426]
[3994,23,395714,394291]
[3995,67,646982,646063]
[3996,3,524679,524014]
[3997,134,41947,42505]
[3998,166,445432,446792]
[3999,73,350144,349383]
[4000,100,673934,674051]
