["head":"wrap","lpos","status"]
[248,609579,1]
["io count"]
[405]
["io":"id","wrap","startLpos","endLpos"]
[1,247,666625,665731]
[2,241,52343,52252]
[3,105,131489,130211]
[4,4,633262,633401]
[5,212,587043,587941]
[6,247,99018,98318]
[7,137,234000,233238]
[8,102,263380,263472]
[9,37,146931,146254]
[10,260,658635,658820]
[11,206,20300,21718]
[12,230,677138,677419]
[13,225,350421,349661]
[14,142,178271,179678]
[15,259,132339,131418]
[16,177,649622,648309]
[17,213,10019,9428]
[18,278,49784,50874]
[19,194,579089,579710]
[20,14,681384,682516]
[21,184,77933,79057]
[22,54,345387,346642]
[23,164,438823,440122]
[24,270,583183,584278]
[25,135,135405,134691]
[26,180,15284,15857]
[27,161,445505,445001]
[28,273,721411,720192]
[29,159,562085,561871]
[30,222,471769,472943]
[31,190,395195,395270]
[32,216,538145,538411]
[33,18,658384,659600]
[34,204,726481,727857]
[35,36,247069,247203]
[36,254,296579,297122]
[37,276,677831,677975]
[38,86,88352,88865]
[39,218,27564,28075]
[40,235,490821,490108]
[41,123,241737,240281]
[42,70,681375,681838]
[43,216,586803,587379]
[44,11,251411,250363]
[45,144,653591,653802]
[46,210,505670,506118]
[47,275,238967,238693]
[48,200,580061,580200]
[49,88,234026,234673]
[50,28,127445,128785]
[51,36,79433,79838]
[52,184,387455,387962]
[53,245,222253,220851]
[54,53,604269,603896]
[55,19,408678,407510]
[56,106,118279,118944]
[57,236,141888,142454]
[58,66,65696,66393]
[59,176,589072,589299]
[60,254,299931,300562]
[61,83,428335,427915]
[62,196,431069,432407]
[63,143,235070,234892]
[64,94,269265,269401]
[65,69,604116,603285]
[66,96,481416,482708]
[67,201,167073,166266]
[68,191,288220,287501]
[69,231,82110,81751]
[70,14,107200,107284]
[71,60,602874,603441]
[72,145,526239,525221]
[73,57,480163,479464]
[74,88,41933,43041]
[75,82,572584,573159]
[76,149,218635,218312]
[77,60,579239,579378]
[78,47,681002,680749]
[79,259,508803,508197]
[80,271,191671,191187]
[81,121,2386,1374]
[82,143,516119,514657]
[83,18,476766,478160]
[84,48,245767,245856]
[85,218,182538,183872]
[86,142,701164,702086]
[87,224,649670,650885]
[88,189,105727,104732]
[89,103,398425,397714]
[90,56,414334,415310]
[91,81,424710,423550]
[92,244,443385,443828]
[93,216,255561,255768]
[94,235,100433,99748]
[95,64,590328,590773]
[96,193,470497,469626]
[97,23,541805,540505]
[98,273,89678,88959]
[99,143,117801,116606]
[100,118,78923,79753]
[101,193,399729,399102]
[102,92,251636,251878]
[103,134,694176,694824]
[104,109,370177,369131]
[105,54,526676,527977]
[106,45,102476,101593]
[107,54,343233,343871]
[108,276,332368,333207]
[109,93,318408,318025]
[110,48,713197,713778]
[111,190,414753,415403]
[112,157,494988,493904]
[113,174,44097,44904]
[114,154,438637,440070]
[115,17,366980,365491]
[116,42,222525,223182]
[117,180,345641,345958]
[118,271,574358,573952]
[119,265,5957,5630]
[120,205,203148,202609]
[121,222,150351,150612]
[122,249,694078,693824]
[123,266,465368,466244]
[124,108,287617,288012]
[125,272,577807,577979]
[126,158,605836,607015]
[127,72,126557,126670]
[128,181,428272,428210]
[129,69,100488,100019]
[130,92,178322,179091]
[131,253,160677,159745]
[132,82,394088,394689]
[133,100,60504,61992]
[134,74,386826,387655]
[135,244,240991,241722]
[136,34,197090,197238]
[137,81,719147,718719]
[138,244,134485,135981]
[139,193,522904,521731]
[140,60,687027,688045]
[141,81,526753,526276]
[142,227,367855,367666]
[143,147,204066,203196]
[144,138,245298,246349]
[145,31,253359,253024]
[146,153,561981,561918]
[147,0,261575,261752]
[148,8,15321,16361]
[149,87,169976,168651]
[150,224,622257,622818]
[151,57,402020,401876]
[152,189,469860,469553]
[153,207,476799,476704]
[154,197,516743,516221]
[155,148,132614,132995]
[156,56,55528,56739]
[157,170,47562,48848]
[158,70,579266,580473]
[159,214,144102,145096]
[160,261,300574,299109]
[161,108,649954,650798]
[162,247,545135,544965]
[163,274,89152,89701]
[164,58,190150,190516]
[165,170,529532,530749]
[166,96,32525,32753]
[167,158,385215,385462]
[168,239,443437,443026]
[169,196,444841,446321]
[170,264,31166,32325]
[171,245,333884,332948]
[172,87,502228,502162]
[173,195,174088,172709]
[174,57,703470,703086]
[175,33,159191,158200]
[176,255,287055,285609]
[177,62,262595,263809]
[178,202,225440,226101]
[179,72,357176,357684]
[180,158,154589,155048]
[181,144,723217,723806]
[182,149,150327,149829]
[183,155,529470,528792]
[184,266,357483,358325]
[185,252,44492,45468]
[186,172,176742,177271]
[187,256,328654,329749]
[188,39,485331,484505]
[189,239,107839,106420]
[190,87,547278,546739]
[191,107,253283,252721]
[192,157,33310,32415]
[193,193,165700,164374]
[194,145,524410,524141]
[195,33,197691,196855]
[196,154,505716,507142]
[197,150,284958,286109]
[198,89,593797,592500]
[199,70,509994,511400]
[200,108,652563,653176]
[201,144,506884,507772]
[202,197,626766,626009]
[203,113,130283,128850]
[204,36,106496,107510]
[205,187,650358,649964]
[206,142,425200,425233]
[207,219,68944,68500]
[208,133,419951,418721]
[209,243,42613,41811]
[210,244,628693,629712]
[211,63,351976,351420]
[212,64,340335,341369]
[213,275,428893,428468]
[214,184,483620,483966]
[215,95,620740,620115]
[216,146,537119,537769]
[217,46,215364,216070]
[218,124,29779,30813]
[219,43,519207,517946]
[220,14,15370,15654]
[221,208,644560,645871]
[222,97,500203,499361]
[223,39,551112,549922]
[224,74,206242,207137]
[225,95,283704,283619]
[226,93,567443,567149]
[227,175,99547,99426]
[228,69,39818,38871]
[229,144,289601,291023]
[230,238,72744,73508]
[231,114,172575,172882]
[232,254,510967,512166]
[233,90,232869,234068]
[234,81,28785,28538]
[235,24,442050,442319]
[236,253,680999,680504]
[237,242,447333,448612]
[238,0,602606,603580]
[239,151,53895,52575]
[240,87,324030,322899]
[241,249,634697,633884]
[242,82,290572,290632]
[243,12,601556,602859]
[244,4,67353,67693]
[245,130,672649,673650]
[246,94,291009,292495]
[247,110,526,1242]
[248,160,301713,301903]
[249,241,394834,393980]
[250,99,459835,459140]
[251,191,346419,345157]
[252,201,88662,87308]
[253,230,547821,549105]
[254,195,543447,542935]
[255,68,614620,615724]
[256,103,680088,678890]
[257,81,261904,260833]
[258,135,514808,513489]
[259,146,257016,257523]
[260,242,312434,313402]
[261,162,514563,515932]
[262,203,208244,207400]
[263,62,339807,340169]
[264,0,592533,593229]
[265,131,714019,713975]
[266,254,636343,636916]
[267,143,480216,479626]
[268,81,700180,699608]
[269,249,550633,550509]
[270,64,482408,482885]
[271,85,296188,294964]
[272,25,327772,326301]
[273,200,187772,189224]
[274,109,160018,159361]
[275,252,277528,278853]
[276,18,42491,42616]
[277,2,156234,156565]
[278,279,378110,377359]
[279,7,292082,291120]
[280,248,214275,214956]
[281,185,198429,196986]
[282,141,19056,18270]
[283,0,711423,712835]
[284,160,138542,138778]
[285,132,15889,16816]
[286,1,595660,595215]
[287,119,678430,677297]
[288,199,41931,40772]
[289,267,448730,447848]
[290,127,637471,637256]
[291,30,282989,283290]
[292,222,126547,128005]
[293,14,166902,167019]
[294,224,95806,96595]
[295,174,256550,256960]
[296,201,697125,696803]
[297,37,652593,651634]
[298,148,530665,531544]
[299,238,701512,701967]
[300,59,185492,185365]
[301,113,351039,349549]
[302,235,686437,685181]
[303,268,123844,124352]
[304,66,11762,12549]
[305,210,144198,145449]
[306,39,672946,672685]
[307,199,303708,303635]
[308,57,697008,695705]
[309,207,656580,656393]
[310,53,703592,702556]
[311,119,691424,690183]
[312,35,692309,691391]
[313,26,679236,680385]
[314,131,397030,396599]
[315,91,511177,510339]
[316,170,316947,317669]
[317,50,347406,347877]
[318,271,560801,559508]
[319,260,569334,569906]
[320,9,604522,603821]
[321,239,488994,488675]
[322,163,481016,479996]
[323,203,179368,178539]
[324,137,70631,69571]
[325,24,129945,130188]
[326,108,600663,602072]
[327,114,521409,522451]
[328,185,587064,586482]
[329,273,315591,314457]
[330,9,291026,290115]
[331,172,54139,55156]
[332,166,629033,629172]
[333,91,125057,123933]
[334,132,616818,617679]
[335,153,502754,501295]
[336,136,77540,78307]
[337,177,223580,222757]
[338,61,364107,363133]
[339,161,35404,34481]
[340,170,23057,23965]
[341,51,21550,20294]
[342,43,183788,182474]
[343,38,87421,87837]
[344,269,102376,101991]
[345,67,359140,358791]
[346,275,132368,131896]
[347,133,90799,89376]
[348,98,326946,327714]
[349,65,491997,490765]
[350,86,42135,42953]
[351,43,253036,252586]
[352,269,143037,142958]
[353,107,679779,678663]
[354,188,195067,195385]
[355,7,498181,497864]
[356,75,392928,391483]
[357,61,94783,94433]
[358,137,185311,184668]
[359,275,228220,227557]
[360,67,651255,650399]
[361,79,653348,652953]
[362,236,394324,395389]
[363,183,32667,32064]
[364,161,468092,467226]
[365,59,159413,159267]
[366,276,59035,59284]
[367,60,257037,257862]
[368,218,31477,31712]
[369,75,396792,396449]
[370,250,133530,134052]
[371,15,527785,526748]
[372,218,195110,196038]
[373,230,48717,48828]
[374,18,486720,487746]
[375,62,475819,477111]
[376,201,423940,423792]
[377,274,24060,24592]
[378,182,533692,534254]
[379,242,103329,104158]
[380,64,107132,107426]
[381,27,17024,16894]
[382,48,562394,562651]
[383,273,555232,553788]
[384,110,296975,298447]
[385,112,648452,649271]
[386,45,584387,583733]
[387,80,140118,140767]
[388,196,265641,266647]
[389,136,472342,473532]
[390,242,435715,436960]
[391,247,399469,398904]
[392,13,477914,477123]
[393,213,577126,576154]
[394,156,177336,177812]
[395,132,61,385]
[396,257,682216,681094]
[397,49,96833,96777]
[398,41,545387,544270]
[399,126,622535,622566]
[400,181,715450,714431]
[401,185,145191,144202]
[402,59,524568,524100]
[403,127,296464,295447]
[404,0,726889,727264]
[405,188,179665,179722]
