["head":"wrap","lpos","status"]
[153,283925,0]
["io count"]
[410]
["io":"id","wrap","startLpos","endLpos"]
[1,143,254998,254050]
[2,142,391488,392411]
[3,97,392576,392200]
[4,119,147920,147566]
[5,139,584676,584520]
[6,49,593013,591905]
[7,247,433177,431998]
[8,2,4597,5910]
[9,41,559442,559082]
[10,271,336565,335736]
[11,227,395947,394531]
[12,249,579327,579115]
[13,175,508664,508145]
[14,39,681769,680426]
[15,215,317117,316053]
[16,169,555902,555115]
[17,185,212144,210849]
[18,90,655244,655552]
[19,115,377299,376907]
[20,190,1987,2425]
[21,165,67113,66279]
[22,252,27713,28316]
[23,175,299927,298807]
[24,259,452407,451745]
[25,63,254342,253725]
[26,18,92739,93391]
[27,1,565122,564852]
[28,110,98147,99439]
[29,133,711875,711519]
[30,48,569975,570340]
[31,94,186460,187116]
[32,86,10260,10622]
[33,171,482872,482439]
[34,131,229592,228195]
[35,78,247829,248535]
[36,267,465187,464504]
[37,210,663578,664459]
[38,93,184460,184213]
[39,204,435563,435811]
[40,245,170573,169497]
[41,77,683767,682639]
[42,114,320394,320547]
[43,55,562024,561443]
[44,107,664176,663543]
[45,163,294400,293505]
[46,238,191932,192634]
[47,199,635869,635651]
[48,233,477342,476990]
[49,187,651114,649976]
[50,90,530283,530647]
[51,86,463391,464812]
[52,242,510872,512138]
[53,275,286513,286415]
[54,271,319832,318516]
[55,128,117198,117477]
[56,48,587838,588671]
[57,149,571911,571580]
[58,8,425635,426584]
[59,218,680170,680656]
[60,213,554940,554103]
[61,214,105613,106346]
[62,95,279759,278537]
[63,204,14739,15169]
[64,201,131575,130352]
[65,62,148817,149254]
[66,169,564768,563451]
[67,120,412096,413182]
[68,77,79166,78495]
[69,217,188931,188210]
[70,67,521082,519990]
[71,98,181091,181940]
[72,234,465420,465924]
[73,112,592386,593856]
[74,54,79735,80326]
[75,8,261039,261398]
[76,40,412832,413829]
[77,150,438799,439098]
[78,110,601809,602299]
[79,217,270034,269180]
[80,158,590523,590591]
[81,243,632344,631000]
[82,91,420519,419026]
[83,61,656553,656267]
[84,124,426585,426739]
[85,127,106974,105830]
[86,177,473529,472066]
[87,74,418425,419422]
[88,6,512007,512147]
[89,50,443208,444439]
[90,274,518151,518290]
[91,172,215791,216575]
[92,214,485014,485225]
[93,25,449359,449159]
[94,257,39384,38385]
[95,8,576244,576490]
[96,231,635439,634544]
[97,193,311087,310998]
[98,115,54243,52870]
[99,148,469051,469518]
[100,235,573965,572541]
[101,6,286401,287000]
[102,67,271632,271496]
[103,231,378410,377740]
[104,59,164149,162725]
[105,225,642330,641452]
[106,90,341336,342587]
[107,185,191221,190578]
[108,36,49484,49862]
[109,18,531810,532806]
[110,43,179500,178960]
[111,273,622307,621491]
[112,274,402364,402493]
[113,254,10269,11210]
[114,23,700644,699516]
[115,150,50588,51237]
[116,275,565060,564389]
[117,13,551206,550017]
[118,88,95142,96503]
[119,26,71906,72396]
[120,102,583080,583516]
[121,165,337921,337463]
[122,207,577836,577714]
[123,156,307008,308108]
[124,276,102939,103488]
[125,238,270851,271150]
[126,203,651734,651324]
[127,244,554974,555901]
[128,206,725884,726367]
[129,83,655791,655415]
[130,271,728565,728462]
[131,152,170847,171792]
[132,167,658798,658691]
[133,58,530213,531111]
[134,65,726996,726890]
[135,8,367621,368928]
[136,125,679955,679451]
[137,3,64477,64278]
[138,110,501888,502906]
[139,203,479594,478744]
[140,187,181504,180193]
[141,261,177152,176625]
[142,243,495111,495029]
[143,86,117009,118462]
[144,59,659896,659027]
[145,268,597897,599100]
[146,27,262666,261722]
[147,7,106916,105428]
[148,271,342168,342103]
[149,74,421646,422710]
[150,260,486790,487492]
[151,73,137344,137305]
[152,244,244875,244985]
[153,116,127263,128425]
[154,165,202279,201005]
[155,103,383385,383354]
[156,197,314104,312854]
[157,88,360227,360268]
[158,24,629067,629263]
[159,101,561803,560973]
[160,74,133755,134177]
[161,258,86927,87758]
[162,260,686896,687379]
[163,187,147204,145920]
[164,148,492969,493896]
[165,177,149795,149047]
[166,21,276135,274954]
[167,34,523139,523888]
[168,276,343235,344106]
[169,52,289171,290106]
[170,224,696021,696169]
[171,203,248403,247231]
[172,161,672258,671111]
[173,21,715562,715334]
[174,179,538005,537206]
[175,28,571518,571688]
[176,165,550489,549292]
[177,62,627191,627458]
[178,196,158277,158725]
[179,112,13568,14781]
[180,279,336271,335726]
[181,275,513087,512386]
[182,111,290602,290154]
[183,35,401569,400082]
[184,158,504902,505855]
[185,87,509410,507977]
[186,276,7651,8890]
[187,178,295868,296583]
[188,261,68536,68434]
[189,146,279505,279939]
[190,27,516208,515800]
[191,22,641951,642968]
[192,50,159856,160007]
[193,67,149509,148196]
[194,247,220104,218926]
[195,185,14987,13530]
[196,188,420826,420930]
[197,12,82836,83228]
[198,126,105115,105460]
[199,211,692503,691843]
[200,61,502251,500957]
[201,216,367410,368058]
[202,17,608893,607754]
[203,65,45421,44273]
[204,148,162932,164345]
[205,97,506662,505205]
[206,156,371942,372135]
[207,166,233830,235305]
[208,258,411744,411948]
[209,35,644251,642918]
[210,256,120787,120996]
[211,218,498041,498135]
[212,5,200354,198980]
[213,148,431964,432168]
[214,131,32754,32503]
[215,27,364239,362772]
[216,265,508095,507033]
[217,95,405335,404386]
[218,278,157621,157773]
[219,63,77676,76288]
[220,11,368777,367458]
[221,102,83571,83836]
[222,112,529348,529871]
[223,78,71319,72365]
[224,174,535160,535900]
[225,126,205960,206008]
[226,178,15361,16476]
[227,66,723619,723683]
[228,99,457340,457048]
[229,75,133900,133702]
[230,259,244269,243102]
[231,257,539545,539352]
[232,92,686647,686795]
[233,127,716869,716799]
[234,253,122630,121873]
[235,146,221789,222542]
[236,229,220138,219561]
[237,147,683336,682179]
[238,114,203568,203748]
[239,227,272327,271147]
[240,265,293053,292553]
[241,133,624759,623976]
[242,86,203666,204594]
[243,219,94387,93574]
[244,253,306896,305402]
[245,113,399413,398427]
[246,274,117100,118074]
[247,168,712181,712322]
[248,179,627124,626058]
[249,120,687270,688255]
[250,156,81750,81991]
[251,227,4852,4683]
[252,43,580381,579424]
[253,206,590699,590902]
[254,71,357691,356254]
[255,175,695550,694327]
[256,91,606837,605776]
[257,190,53797,54613]
[258,68,725322,726077]
[259,192,86795,88156]
[260,144,717740,717996]
[261,46,460101,460691]
[262,115,644797,644755]
[263,49,138111,137228]
[264,88,453380,454314]
[265,182,186312,187493]
[266,87,477866,476383]
[267,115,314092,313733]
[268,96,421192,422248]
[269,223,582279,580992]
[270,130,562622,563621]
[271,265,52800,52454]
[272,46,431794,433198]
[273,242,456939,457230]
[274,252,301274,302561]
[275,119,182449,182322]
[276,226,260733,261123]
[277,47,454681,454077]
[278,102,80462,81141]
[279,217,391728,390744]
[280,144,379619,380362]
[281,50,146466,147466]
[282,191,667884,666398]
[283,237,266139,265244]
[284,101,520901,520644]
[285,42,484076,484866]
[286,143,353995,353126]
[287,276,444510,444944]
[288,79,461258,460378]
[289,154,119144,120193]
[290,212,690114,690795]
[291,137,358357,357807]
[292,103,211073,210678]
[293,96,681331,682120]
[294,86,269576,269647]
[295,188,499999,500791]
[296,12,663433,663655]
[297,202,334661,335653]
[298,224,171569,172443]
[299,276,358618,359379]
[300,48,84988,85018]
[301,123,186440,185769]
[302,143,439575,439430]
[303,166,670252,670611]
[304,133,387171,386519]
[305,57,709646,708482]
[306,81,14137,13342]
[307,253,661028,660472]
[308,152,634569,635097]
[309,116,505292,506085]
[310,112,194644,195336]
[311,89,537477,536042]
[312,188,544122,545602]
[313,62,117519,118640]
[314,276,449941,451348]
[315,242,22383,22939]
[316,136,351620,352690]
[317,234,5935,6718]
[318,70,551881,552764]
[319,51,5128,4095]
[320,177,17323,16366]
[321,0,95520,96766]
[322,176,334236,334321]
[323,133,405737,405068]
[324,217,714163,712821]
[325,85,458038,456974]
[326,3,228768,228027]
[327,270,721905,722634]
[328,5,632178,632092]
[329,192,424430,425890]
[330,197,62327,60846]
[331,253,409522,408947]
[332,36,641219,642113]
[333,103,335840,334493]
[334,47,381577,381500]
[335,216,79738,80330]
[336,247,212867,211879]
[337,114,356244,357186]
[338,226,550901,551807]
[339,266,464662,464954]
[340,47,128691,127572]
[341,266,235893,236303]
[342,110,113034,113928]
[343,41,708792,708352]
[344,257,509089,507869]
[345,2,72209,73474]
[346,89,104840,104003]
[347,180,479410,480249]
[348,71,161277,160751]
[349,101,434839,433495]
[350,191,2454,1236]
[351,132,673316,673359]
[352,107,489364,488559]
[353,199,563556,562128]
[354,200,52977,54291]
[355,92,242101,242965]
[356,158,409650,410159]
[357,211,37350,37166]
[358,204,605932,606225]
[359,219,645589,645278]
[360,145,51508,51164]
[361,215,47557,46082]
[362,39,508359,507818]
[363,32,623176,623325]
[364,213,215242,214914]
[365,98,17613,18196]
[366,84,443,892]
[367,118,155062,156528]
[368,138,427267,427835]
[369,192,366793,367412]
[370,189,713673,713617]
[371,76,53230,54389]
[372,231,411498,410331]
[373,69,673365,673038]
[374,201,6952,6690]
[375,149,555253,553774]
[376,135,587026,586603]
[377,188,658386,659257]
[378,12,630530,631286]
[379,121,632019,631724]
[380,270,686979,687111]
[381,230,74515,74943]
[382,197,517741,517340]
[383,62,722384,722827]
[384,195,285906,285381]
[385,63,116871,116528]
[386,118,254353,254575]
[387,259,116578,116103]
[388,3,651385,650622]
[389,147,422882,422218]
[390,88,652460,653258]
[391,102,168941,169693]
[392,198,527404,527869]
[393,90,354881,355209]
[394,147,575987,574922]
[395,58,435115,435619]
[396,2,83708,84353]
[397,156,167641,167832]
[398,238,495036,495672]
[399,88,226708,226888]
[400,274,32081,33027]
[401,175,162546,161050]
[402,278,447301,447837]
[403,108,234705,235082]
[404,105,86409,85283]
[405,247,706082,704716]
[406,254,525109,526097]
[407,18,32295,32392]
[408,236,87749,88348]
[409,216,245279,246174]
[410,128,88189,89314]
