["head":"wrap","lpos","status"]
[157,55645,1]
["io count"]
[415]
["io":"id","wrap","startLpos","endLpos"]
[1,144,712668,712736]
[2,259,384975,384847]
[3,97,419603,419437]
[4,227,382597,381184]
[5,82,118646,118988]
[6,21,137919,136905]
[7,252,178725,179587]
[8,5,609947,609868]
[9,46,717503,718013]
[10,53,75220,75182]
[11,197,159864,159604]
[12,237,25935,25209]
[13,225,193738,192261]
[14,118,330294,331303]
[15,276,153425,153918]
[16,89,358234,357714]
[17,38,617766,618056]
[18,18,484458,484862]
[19,227,257288,255867]
[20,180,39189,40081]
[21,64,137568,138604]
[22,120,626990,627060]
[23,271,580893,580648]
[24,234,107048,107845]
[25,115,102505,101218]
[26,199,601322,600029]
[27,275,328900,327870]
[28,23,279217,278002]
[29,140,729535,730520]
[30,137,78423,78196]
[31,71,729404,729263]
[32,240,727018,727862]
[33,233,449423,448181]
[34,178,604335,604390]
[35,189,266341,265568]
[36,72,522717,524138]
[37,258,716647,717328]
[38,179,380911,379732]
[39,113,491690,491443]
[40,47,570774,569566]
[41,11,524593,523647]
[42,264,340239,340621]
[43,273,189197,187772]
[44,226,697425,697602]
[45,114,724614,725943]
[46,95,514592,513514]
[47,19,35195,33879]
[48,4,369741,370401]
[49,15,182392,181761]
[50,182,684318,685704]
[51,254,355284,355576]
[52,48,268601,269297]
[53,238,2458,3720]
[54,129,236004,234615]
[55,240,711154,711989]
[56,218,652099,652808]
[57,7,456846,456680]
[58,23,66934,65456]
[59,221,220374,219271]
[60,60,455934,456036]
[61,129,331803,330959]
[62,214,254382,254512]
[63,49,666553,666213]
[64,226,144687,145230]
[65,199,226780,225930]
[66,212,366039,367453]
[67,189,563966,562570]
[68,198,264740,265842]
[69,69,371313,371028]
[70,1,648253,647147]
[71,217,8831,7679]
[72,245,420025,419374]
[73,105,12603,11891]
[74,39,431562,431413]
[75,165,362106,362019]
[76,211,251580,250534]
[77,274,431525,431731]
[78,265,99407,98191]
[79,212,416383,417718]
[80,108,639615,639852]
[81,191,353651,352319]
[82,201,178070,177686]
[83,279,632532,631620]
[84,226,100540,101497]
[85,148,21729,23227]
[86,24,129947,130388]
[87,276,306642,307764]
[88,131,586371,585158]
[89,274,408966,409481]
[90,107,124771,124628]
[91,37,198561,198456]
[92,21,465608,465282]
[93,247,73439,72013]
[94,113,494798,494683]
[95,170,165783,167102]
[96,200,546976,548022]
[97,19,192148,190718]
[98,205,459272,458624]
[99,220,594338,595063]
[100,115,97306,96555]
[101,118,648084,649348]
[102,70,701858,703100]
[103,269,542355,542131]
[104,46,457366,458485]
[105,238,242789,243012]
[106,134,257225,258301]
[107,69,551752,550685]
[108,190,584856,585208]
[109,206,297987,298862]
[110,199,457087,457011]
[111,49,249605,249366]
[112,108,144911,144952]
[113,278,635579,636484]
[114,243,372268,371265]
[115,269,464791,463738]
[116,211,39809,39548]
[117,37,377244,376092]
[118,183,135329,134541]
[119,259,247034,246692]
[120,49,467429,467158]
[121,172,42494,43256]
[122,183,405834,405426]
[123,99,107909,107260]
[124,273,723824,723641]
[125,56,345110,345909]
[126,270,559561,560353]
[127,217,688292,688117]
[128,258,723776,724762]
[129,215,403368,402104]
[130,210,534806,535634]
[131,71,489695,488563]
[132,33,437064,435601]
[133,246,481887,482131]
[134,219,562382,560923]
[135,75,516199,515941]
[136,233,608872,607501]
[137,67,133392,133144]
[138,232,122396,123658]
[139,123,72621,71386]
[140,183,665950,665454]
[141,99,124608,123777]
[142,150,424155,424767]
[143,185,109663,108170]
[144,254,204235,205475]
[145,130,325307,325884]
[146,59,394379,393566]
[147,279,45051,43955]
[148,10,273771,274704]
[149,86,662086,663168]
[150,85,186280,185502]
[151,240,47764,48995]
[152,60,484059,484153]
[153,249,371304,371093]
[154,27,409019,407810]
[155,276,699089,699385]
[156,159,620252,619116]
[157,152,253396,254825]
[158,91,615749,614426]
[159,169,465834,465110]
[160,200,399568,399822]
[161,44,463582,464694]
[162,231,551442,550122]
[163,215,502180,500816]
[164,4,595548,596330]
[165,144,127953,128425]
[166,39,341969,341534]
[167,121,584915,584471]
[168,51,548240,546945]
[169,83,666893,665437]
[170,122,185777,186678]
[171,153,672979,671801]
[172,167,66784,66461]
[173,98,376534,377863]
[174,207,378449,378128]
[175,208,54177,54405]
[176,242,17634,18209]
[177,159,681719,681300]
[178,172,685576,686421]
[179,23,194409,194201]
[180,126,157758,158578]
[181,276,602065,603323]
[182,112,346761,347045]
[183,206,547633,548014]
[184,142,147321,147717]
[185,134,425795,426867]
[186,147,491667,490984]
[187,241,256571,255509]
[188,219,414902,414364]
[189,51,665932,664437]
[190,76,294322,295267]
[191,204,701375,702488]
[192,161,566652,565787]
[193,124,194203,195162]
[194,244,337113,337466]
[195,239,45284,44696]
[196,223,359519,358496]
[197,43,113204,112389]
[198,190,482554,482954]
[199,257,692615,692159]
[200,265,548407,548271]
[201,261,281883,281180]
[202,224,9747,9906]
[203,40,28453,29941]
[204,206,528792,530199]
[205,173,281699,281086]
[206,148,116176,117661]
[207,272,457169,457414]
[208,105,453953,452615]
[209,76,710090,711097]
[210,138,166109,167240]
[211,259,138984,138560]
[212,180,513972,514409]
[213,172,462680,463715]
[214,183,187868,186849]
[215,178,335211,335879]
[216,170,362121,363217]
[217,147,367973,367218]
[218,224,36765,37794]
[219,23,271665,270602]
[220,150,340411,341406]
[221,66,646993,647865]
[222,273,537638,536246]
[223,38,309100,310389]
[224,127,688476,687885]
[225,43,505942,504683]
[226,147,496851,496680]
[227,156,189491,189708]
[228,241,520987,520340]
[229,97,387527,386610]
[230,79,308138,306652]
[231,173,74261,73232]
[232,167,291044,290739]
[233,85,62906,62516]
[234,32,512041,512181]
[235,262,645745,645900]
[236,190,259568,259862]
[237,53,206020,205564]
[238,109,246450,245663]
[239,42,571370,572823]
[240,269,178035,177466]
[241,270,555719,556458]
[242,230,252770,253382]
[243,97,512115,510954]
[244,252,519885,520134]
[245,44,155258,155687]
[246,20,683232,683377]
[247,187,595201,594350]
[248,154,560847,561024]
[249,138,678287,679409]
[250,16,474640,474992]
[251,199,367214,366469]
[252,262,18669,19302]
[253,178,660612,660926]
[254,22,525273,526486]
[255,252,161385,162154]
[256,177,566725,566307]
[257,65,211685,211565]
[258,236,504786,505848]
[259,31,696079,695516]
[260,106,32904,34281]
[261,151,416487,416457]
[262,161,54504,53998]
[263,208,557317,558215]
[264,73,39092,37638]
[265,142,643502,643957]
[266,224,60072,60997]
[267,266,562073,562114]
[268,196,385247,385989]
[269,160,707105,707767]
[270,38,87050,88155]
[271,222,326763,327286]
[272,259,561557,561090]
[273,141,71422,70772]
[274,208,183168,183542]
[275,185,372039,371959]
[276,265,674895,674579]
[277,243,360248,359370]
[278,252,610929,612175]
[279,132,701090,701473]
[280,56,570946,571409]
[281,277,195818,194673]
[282,277,661943,660685]
[283,195,636120,635988]
[284,165,558357,557665]
[285,19,180939,179527]
[286,127,332699,332645]
[287,124,392197,392835]
[288,199,653606,652784]
[289,229,527766,527632]
[290,117,8532,7114]
[291,169,142239,141012]
[292,268,495556,495784]
[293,72,477143,478108]
[294,37,137195,135919]
[295,192,712752,713832]
[296,1,33232,33187]
[297,112,94569,95793]
[298,194,670566,671226]
[299,145,183925,183747]
[300,237,259716,259344]
[301,99,498866,498099]
[302,24,459131,460017]
[303,66,43066,44330]
[304,138,231662,232336]
[305,129,414496,413843]
[306,1,671637,670199]
[307,14,228304,229331]
[308,91,440205,438978]
[309,20,677368,678144]
[310,67,725889,725014]
[311,104,85210,85528]
[312,154,243349,243753]
[313,11,357379,357080]
[314,40,248471,249600]
[315,19,655649,654645]
[316,65,536653,535902]
[317,137,394124,393228]
[318,55,573990,573872]
[319,48,693743,694522]
[320,60,509410,510693]
[321,163,32001,31441]
[322,2,254653,255735]
[323,105,541971,540726]
[324,123,582263,582158]
[325,180,232198,232854]
[326,34,365893,366265]
[327,189,129549,129242]
[328,47,386108,386050]
[329,69,616609,616008]
[330,14,216064,217477]
[331,206,202044,202157]
[332,9,351403,350157]
[333,177,310153,309287]
[334,102,219675,220242]
[335,234,665102,665657]
[336,67,729021,728460]
[337,128,146346,146793]
[338,38,18629,19999]
[339,13,560317,559540]
[340,146,647034,648475]
[341,222,718257,719618]
[342,206,504639,504900]
[343,4,6358,7359]
[344,269,268109,267093]
[345,65,15321,15195]
[346,63,62933,62690]
[347,200,224219,224491]
[348,46,218074,218299]
[349,217,592119,590722]
[350,47,501577,500245]
[351,230,622598,622660]
[352,221,659597,658493]
[353,11,62810,62386]
[354,244,704112,704851]
[355,13,99813,98860]
[356,44,310723,311573]
[357,19,300375,300254]
[358,114,711935,712654]
[359,42,10500,11123]
[360,208,615994,616510]
[361,71,436401,435253]
[362,70,195073,196476]
[363,91,183519,182343]
[364,198,17209,17666]
[365,39,659301,657828]
[366,27,327753,327479]
[367,82,101324,101576]
[368,107,32450,31728]
[369,76,343300,344013]
[370,77,46726,46683]
[371,226,705134,705617]
[372,43,366250,364903]
[373,270,259202,259410]
[374,48,588796,589496]
[375,141,680066,679597]
[376,272,109464,109974]
[377,33,207969,206734]
[378,71,668079,667059]
[379,211,152240,151864]
[380,134,441447,442766]
[381,234,484636,485176]
[382,186,395808,396042]
[383,183,38730,38632]
[384,265,215315,214657]
[385,176,114920,115651]
[386,141,204496,203362]
[387,127,728623,728246]
[388,220,111991,112895]
[389,95,447528,447424]
[390,249,39971,39259]
[391,86,97502,98349]
[392,27,684006,682919]
[393,39,261760,261454]
[394,3,357033,356169]
[395,192,486753,487232]
[396,61,723067,722957]
[397,57,3799,2886]
[398,80,254933,255911]
[399,74,440980,442403]
[400,265,713930,712441]
[401,18,353942,354696]
[402,182,489841,490506]
[403,224,506662,507271]
[404,181,477799,477165]
[405,139,96964,96819]
[406,104,446957,448454]
[407,164,686068,686628]
[408,152,689474,689801]
[409,88,529966,530765]
[410,65,503742,503069]
[411,260,254886,255488]
[412,97,309910,308434]
[413,64,371448,372030]
[414,190,68585,69471]
[415,151,190238,190168]
