["head":"wrap","lpos","status"]
[40,311409,1]
["io count"]
[420]
["io":"id","wrap","startLpos","endLpos"]
[1,147,600434,599905]
[2,41,707564,706276]
[3,160,268289,269470]
[4,57,613253,612780]
[5,263,631419,631201]
[6,30,652785,653322]
[7,264,638128,639459]
[8,17,479226,478199]
[9,156,505666,506432]
[10,158,664280,664841]
[11,257,506199,505175]
[12,116,414786,416233]
[13,245,15895,15594]
[14,41,104388,103363]
[15,218,349565,350735]
[16,28,674847,675752]
[17,63,429222,429046]
[18,143,686326,685387]
[19,24,115829,116622]
[20,105,143374,143302]
[21,278,302775,302922]
[22,206,173813,174560]
[23,245,670632,669311]
[24,177,706999,706311]
[25,148,347064,348394]
[26,44,444676,446011]
[27,220,215948,216245]
[28,88,110537,111441]
[29,165,684901,684566]
[30,3,296584,295460]
[31,122,186002,186964]
[32,27,145504,144867]
[33,92,714654,714958]
[34,29,156948,156401]
[35,31,471475,470919]
[36,237,609910,608757]
[37,53,640640,640297]
[38,13,220761,220439]
[39,50,356136,356508]
[40,205,85820,84569]
[41,169,705480,704733]
[42,175,333487,332913]
[43,254,592659,593178]
[44,77,336816,335598]
[45,16,53049,54217]
[46,89,188788,188500]
[47,20,684127,685595]
[48,167,433610,433330]
[49,256,601863,602682]
[50,44,471374,472707]
[51,11,555748,555332]
[52,63,382099,381524]
[53,135,647738,647321]
[54,167,525083,524482]
[55,273,539506,538407]
[56,116,116449,117669]
[57,271,510241,510024]
[58,275,41777,40523]
[59,25,13821,13090]
[60,89,639053,638521]
[61,263,222041,221732]
[62,58,343181,343281]
[63,38,653226,654438]
[64,142,147203,147534]
[65,249,105334,104656]
[66,275,505765,505727]
[67,261,142410,141790]
[68,39,281389,280196]
[69,91,637046,636169]
[70,189,368633,367674]
[71,273,145484,144547]
[72,69,261867,261691]
[73,140,610249,610924]
[74,170,110854,111970]
[75,174,561295,562781]
[76,82,366183,366565]
[77,113,299352,298485]
[78,6,493161,494355]
[79,143,433414,432020]
[80,66,127281,127576]
[81,30,243551,244696]
[82,46,461908,462625]
[83,241,558902,558030]
[84,151,246975,246655]
[85,48,274479,274981]
[86,19,454037,452627]
[87,23,310643,309446]
[88,26,112974,114426]
[89,237,139169,138714]
[90,116,562997,564003]
[91,122,349769,349806]
[92,67,372733,371686]
[93,8,471644,472040]
[94,94,170101,170352]
[95,144,60491,60913]
[96,270,52509,53899]
[97,178,330981,331542]
[98,118,586139,587050]
[99,107,144914,144611]
[100,140,278472,279145]
[101,54,702427,703180]
[102,145,521453,520689]
[103,276,468842,470312]
[104,249,501630,501233]
[105,106,311494,312005]
[106,157,4938,3898]
[107,191,214527,213980]
[108,209,74819,74136]
[109,240,11259,11879]
[110,116,697417,698274]
[111,134,614703,615863]
[112,142,302884,303291]
[113,85,545088,543729]
[114,202,146251,147013]
[115,184,349828,351196]
[116,260,371478,372678]
[117,138,294311,295650]
[118,258,707418,708798]
[119,7,637005,636428]
[120,225,147937,147237]
[121,160,193098,193693]
[122,8,473714,474496]
[123,226,681160,682407]
[124,214,188529,189619]
[125,235,431936,431292]
[126,231,144692,143783]
[127,260,151864,152997]
[128,187,279399,278114]
[129,104,705382,705449]
[130,270,426627,426944]
[131,218,294024,294540]
[132,36,311719,313113]
[133,216,718056,719465]
[134,137,644052,642909]
[135,203,190231,189055]
[136,168,173060,174512]
[137,169,80363,80144]
[138,263,540433,539793]
[139,236,340116,341231]
[140,204,560086,560374]
[141,12,205739,206989]
[142,88,255959,256158]
[143,40,154255,154457]
[144,51,725115,725054]
[145,266,438829,439155]
[146,39,655666,654455]
[147,16,305872,306205]
[148,178,375185,375595]
[149,88,410388,411516]
[150,57,129287,128793]
[151,123,100853,100131]
[152,116,157317,157424]
[153,152,22992,23439]
[154,102,507807,508664]
[155,113,159065,158913]
[156,59,514681,514286]
[157,154,712696,712813]
[158,91,245198,244838]
[159,154,94163,94870]
[160,279,279709,279166]
[161,40,616182,617074]
[162,213,257135,256269]
[163,239,79475,79043]
[164,160,308552,309504]
[165,272,360182,361062]
[166,204,506731,508049]
[167,193,146911,146343]
[168,132,333308,333522]
[169,11,16725,15419]
[170,145,145255,145134]
[171,106,383264,384640]
[172,77,415888,414425]
[173,182,132955,133081]
[174,24,407444,408557]
[175,10,134247,135014]
[176,89,575594,574594]
[177,129,681150,680038]
[178,14,87049,88061]
[179,272,517972,518645]
[180,104,150283,151663]
[181,185,490558,490411]
[182,206,704541,704574]
[183,153,590111,589671]
[184,141,636008,635952]
[185,44,567176,568387]
[186,25,502647,501449]
[187,137,540465,539101]
[188,161,171311,170028]
[189,69,378288,377455]
[190,190,433782,434801]
[191,213,244407,242956]
[192,54,652755,653780]
[193,79,601022,600297]
[194,278,573901,574945]
[195,252,137150,137327]
[196,251,296486,295063]
[197,159,2344,1744]
[198,211,216498,215265]
[199,221,388862,387962]
[200,112,520974,522402]
[201,254,356346,356581]
[202,95,348730,347902]
[203,11,136485,135868]
[204,136,691945,692550]
[205,101,452833,452354]
[206,138,386018,386291]
[207,183,439917,439556]
[208,109,101564,100833]
[209,47,10359,9630]
[210,138,367575,368589]
[211,74,316601,316855]
[212,155,410539,409860]
[213,34,88457,89635]
[214,64,565685,566569]
[215,125,204338,203567]
[216,191,100606,99638]
[217,191,517077,515944]
[218,70,651178,652432]
[219,4,550301,551265]
[220,53,375981,374753]
[221,267,258874,257756]
[222,206,447642,448257]
[223,34,323066,323749]
[224,111,43073,41659]
[225,110,221053,222382]
[226,278,383816,384518]
[227,108,256443,257159]
[228,28,585254,585965]
[229,55,11489,10464]
[230,12,85925,87357]
[231,3,319734,318259]
[232,13,542879,541380]
[233,145,421456,420575]
[234,158,500613,501283]
[235,113,412120,411847]
[236,131,225419,224380]
[237,63,455872,455377]
[238,153,123272,123190]
[239,212,88256,88389]
[240,139,438424,437671]
[241,243,329411,328326]
[242,204,519429,520293]
[243,15,105865,105228]
[244,258,710336,711836]
[245,141,601390,600731]
[246,143,3144,2734]
[247,254,563624,564743]
[248,176,359899,360843]
[249,164,635308,636466]
[250,246,650398,651675]
[251,169,40538,39830]
[252,167,705604,704298]
[253,115,208605,207997]
[254,102,333460,333809]
[255,200,398199,398804]
[256,31,419837,418510]
[257,226,631480,632234]
[258,116,218198,218852]
[259,116,400843,401522]
[260,265,679475,678477]
[261,153,69073,67881]
[262,270,241716,242231]
[263,18,481275,481649]
[264,175,714900,714834]
[265,84,124350,124990]
[266,152,243746,244536]
[267,58,582573,583259]
[268,197,563288,562245]
[269,175,316364,316271]
[270,237,443754,443361]
[271,255,169983,168876]
[272,79,672914,671926]
[273,103,303104,302894]
[274,105,721116,719964]
[275,248,549453,550643]
[276,218,631781,631988]
[277,81,105260,103781]
[278,16,509779,511070]
[279,7,722294,721074]
[280,43,70434,70321]
[281,41,193945,192785]
[282,178,12600,13341]
[283,77,480223,479507]
[284,9,476175,476025]
[285,135,611758,611352]
[286,41,323549,323266]
[287,206,728522,729667]
[288,175,66845,65600]
[289,255,333059,331955]
[290,92,405022,405139]
[291,222,314603,315716]
[292,82,582114,583240]
[293,51,549738,549260]
[294,214,714782,716012]
[295,83,393835,393184]
[296,221,41141,40133]
[297,135,218561,217901]
[298,127,37135,36351]
[299,229,37781,37085]
[300,29,680085,679033]
[301,92,297653,298043]
[302,204,206361,206647]
[303,162,215242,215997]
[304,100,34979,36196]
[305,21,51113,50608]
[306,164,215564,216033]
[307,249,186606,185951]
[308,136,728109,728680]
[309,160,727913,729071]
[310,3,364727,363962]
[311,257,705986,705629]
[312,113,151778,151356]
[313,133,685170,684954]
[314,106,592269,593589]
[315,144,102507,103449]
[316,157,428384,427696]
[317,85,709426,708503]
[318,236,498221,499319]
[319,4,497446,497486]
[320,209,411239,410366]
[321,183,164692,163733]
[322,114,520235,521144]
[323,147,40612,39883]
[324,159,220276,218779]
[325,60,673562,673790]
[326,252,256608,257088]
[327,276,288122,288277]
[328,271,614191,613138]
[329,205,721212,720429]
[330,69,568931,567612]
[331,155,408135,407074]
[332,247,698203,697083]
[333,123,327516,326146]
[334,118,436945,437974]
[335,204,495188,496354]
[336,28,350965,351749]
[337,90,57737,57864]
[338,208,36162,37424]
[339,23,615030,614944]
[340,16,11961,13251]
[341,130,124157,125540]
[342,215,311451,311012]
[343,104,107985,108362]
[344,224,153601,154469]
[345,0,396307,397185]
[346,238,340642,341325]
[347,254,158714,159789]
[348,203,349465,349003]
[349,124,607017,607401]
[350,104,296315,297582]
[351,237,532491,531927]
[352,201,43740,43268]
[353,228,388588,389422]
[354,166,725770,727086]
[355,146,624375,624603]
[356,28,50526,51836]
[357,223,628024,627496]
[358,68,606212,606639]
[359,199,458650,457355]
[360,35,639715,638788]
[361,249,77665,77276]
[362,256,556117,556172]
[363,13,585092,583600]
[364,139,19590,19536]
[365,204,704009,704492]
[366,54,58063,58309]
[367,273,440156,439745]
[368,176,431421,432298]
[369,160,725759,726480]
[370,151,723770,723114]
[371,204,222647,223211]
[372,61,434781,434069]
[373,46,449593,450035]
[374,226,253130,254496]
[375,17,575098,574029]
[376,143,401084,400024]
[377,124,91939,93070]
[378,14,712342,712502]
[379,78,496789,497079]
[380,174,619824,620001]
[381,1,163795,163269]
[382,237,543175,542229]
[383,98,418168,418553]
[384,258,303467,304224]
[385,97,406722,405621]
[386,80,332964,333097]
[387,274,537586,538894]
[388,66,552101,553063]
[389,191,479290,479142]
[390,94,673045,673439]
[391,195,521208,520960]
[392,68,365689,366712]
[393,250,658502,659077]
[394,247,100277,100040]
[395,171,426047,425714]
[396,194,158060,158951]
[397,159,613922,613128]
[398,207,229278,227920]
[399,10,679950,680178]
[400,123,43585,42840]
[401,81,623610,622246]
[402,235,166835,166585]
[403,277,451546,450473]
[404,119,35830,34803]
[405,250,509159,510410]
[406,123,366189,364857]
[407,268,436163,437636]
[408,7,653009,652685]
[409,192,677696,678607]
[410,44,84999,85507]
[411,249,286676,285598]
[412,208,301577,301693]
[413,77,147929,147563]
[414,162,22934,23480]
[415,75,674235,673831]
[416,172,533801,535227]
[417,35,508433,508133]
[418,85,599129,598066]
[419,115,627943,627525]
[420,268,267467,268060]
