["head":"wrap","lpos","status"]
[117,125088,1]
["io count"]
[425]
["io":"id","wrap","startLpos","endLpos"]
[1,14,418936,419480]
[2,259,576513,576458]
[3,28,516217,517489]
[4,100,424361,424965]
[5,241,354069,353298]
[6,279,125070,124511]
[7,265,349210,349001]
[8,161,186516,185526]
[9,255,314339,314006]
[10,158,272903,273159]
[11,56,447644,448787]
[12,26,74127,74861]
[13,92,720202,721656]
[14,261,548703,547406]
[15,91,105610,104332]
[16,127,38197,37673]
[17,167,443893,443762]
[18,138,551098,551522]
[19,145,514610,513115]
[20,162,351241,352417]
[21,233,214896,213707]
[22,250,630998,631583]
[23,107,525471,524469]
[24,212,672452,672815]
[25,168,447380,447812]
[26,246,691690,693089]
[27,139,627001,626467]
[28,22,205857,206372]
[29,171,104752,103317]
[30,255,589757,588353]
[31,211,443041,442152]
[32,227,607620,607248]
[33,38,504141,504979]
[34,215,377168,377129]
[35,29,27025,26931]
[36,91,275002,274326]
[37,226,186391,186674]
[38,237,252514,251388]
[39,148,38116,39319]
[40,19,68586,68132]
[41,186,199530,199736]
[42,231,431868,431324]
[43,219,564539,564463]
[44,229,672867,671972]
[45,34,536615,536783]
[46,0,145080,145528]
[47,237,113804,112860]
[48,169,431068,430947]
[49,77,276927,275727]
[50,266,233296,234339]
[51,184,503234,503861]
[52,84,66637,67018]
[53,28,461238,461928]
[54,269,650588,649309]
[55,73,221225,219944]
[56,238,177358,177445]
[57,258,662578,663831]
[58,259,701086,699817]
[59,263,5826,4746]
[60,133,687106,685981]
[61,6,18987,19171]
[62,216,60628,61247]
[63,138,133498,133584]
[64,217,533393,532874]
[65,12,715858,717151]
[66,182,702057,702453]
[67,61,143851,142536]
[68,24,400097,401276]
[69,12,338113,338791]
[70,25,82032,81674]
[71,107,137515,137221]
[72,79,303863,302938]
[73,255,244456,243238]
[74,272,130000,131347]
[75,93,316398,315806]
[76,41,643953,643068]
[77,137,608472,607351]
[78,115,417560,417151]
[79,152,528504,529966]
[80,242,714765,716131]
[81,3,59790,59044]
[82,124,619892,621021]
[83,189,321274,320933]
[84,0,345333,346799]
[85,254,392488,393746]
[86,81,668931,668479]
[87,241,33043,32233]
[88,159,435211,434877]
[89,88,471356,471825]
[90,144,419459,420324]
[91,148,53121,53802]
[92,78,109092,110542]
[93,74,274228,274419]
[94,49,50330,50013]
[95,73,168091,167500]
[96,277,520034,519878]
[97,120,525891,526231]
[98,52,707289,708610]
[99,176,306773,307743]
[100,9,80282,79656]
[101,58,206100,207124]
[102,248,20874,21071]
[103,161,344344,342983]
[104,219,625209,624337]
[105,169,638380,637607]
[106,253,94563,94226]
[107,147,599260,598667]
[108,187,702969,701650]
[109,32,173695,174525]
[110,163,556640,556289]
[111,73,533543,533273]
[112,93,430185,429778]
[113,163,625626,624408]
[114,111,546407,545650]
[115,229,162550,161606]
[116,22,518320,518516]
[117,89,88092,87936]
[118,279,599400,598723]
[119,154,711119,711393]
[120,198,507869,507990]
[121,272,518408,518444]
[122,197,275179,274296]
[123,220,37661,39132]
[124,49,180470,179811]
[125,8,196213,196700]
[126,259,283756,282273]
[127,195,286302,285421]
[128,182,365451,365889]
[129,246,364877,365457]
[130,249,209928,209052]
[131,241,500944,499538]
[132,147,710073,709095]
[133,150,676298,676619]
[134,126,370899,372336]
[135,161,314246,313312]
[136,173,254818,253710]
[137,254,391533,392698]
[138,70,294721,295341]
[139,217,719537,718455]
[140,169,227298,226592]
[141,148,704071,704390]
[142,96,56501,57070]
[143,276,187371,187685]
[144,178,112316,112886]
[145,181,438546,437946]
[146,191,6519,5114]
[147,54,276449,277324]
[148,22,460385,461132]
[149,100,640243,640596]
[150,65,569759,569313]
[151,3,356926,356742]
[152,104,495872,497141]
[153,164,722086,722191]
[154,1,688452,688370]
[155,33,270591,269890]
[156,272,284647,285686]
[157,80,55679,55749]
[158,67,486170,484717]
[159,235,705193,703969]
[160,122,648764,649569]
[161,160,155737,156443]
[162,243,193016,192652]
[163,209,663571,662432]
[164,262,342887,343810]
[165,167,349366,348200]
[166,243,73211,72974]
[167,202,427805,429165]
[168,157,337295,335829]
[169,9,348672,347951]
[170,62,397878,398877]
[171,187,176071,174791]
[172,120,695998,697378]
[173,227,22350,22236]
[174,260,73436,73875]
[175,201,655477,653982]
[176,98,282884,284321]
[177,65,629748,628824]
[178,138,615164,615459]
[179,0,639576,639996]
[180,95,535195,533760]
[181,34,399166,399531]
[182,190,216743,218094]
[183,180,681751,683169]
[184,8,605005,605174]
[185,205,126482,125674]
[186,187,504480,504421]
[187,272,344052,344947]
[188,172,6407,7268]
[189,129,549397,548498]
[190,232,600531,600593]
[191,50,720799,721348]
[192,234,552799,553482]
[193,132,418510,418744]
[194,113,727626,727255]
[195,72,96139,97178]
[196,173,187923,186876]
[197,194,476448,477493]
[198,258,588194,588224]
[199,234,261589,261840]
[200,104,86734,87352]
[201,188,249731,250288]
[202,62,502168,503036]
[203,174,420980,421278]
[204,256,69455,69691]
[205,161,175442,174403]
[206,53,62242,60758]
[207,59,470293,470137]
[208,247,346878,345493]
[209,84,540820,541228]
[210,163,665958,665835]
[211,148,138094,139369]
[212,134,682029,682831]
[213,226,146273,146852]
[214,137,679588,678181]
[215,202,552089,552196]
[216,68,378244,379221]
[217,33,73263,72059]
[218,36,496580,496714]
[219,125,260424,259871]
[220,88,347830,348244]
[221,166,653860,654284]
[222,177,146305,145904]
[223,267,713013,712330]
[224,235,13035,12733]
[225,148,583307,583749]
[226,57,76535,76097]
[227,256,649831,650428]
[228,45,475883,475669]
[229,6,509951,511072]
[230,134,506333,506366]
[231,178,484748,485844]
[232,264,502857,503754]
[233,169,499708,499534]
[234,159,671539,671355]
[235,149,633026,631997]
[236,228,689256,690339]
[237,134,702615,702750]
[238,189,54409,53794]
[239,53,354299,353745]
[240,244,476858,477362]
[241,79,616901,616568]
[242,42,316735,317406]
[243,191,204894,204177]
[244,273,236006,235556]
[245,158,208417,209702]
[246,201,687531,686233]
[247,22,49874,50437]
[248,131,111644,110920]
[249,116,191853,192133]
[250,181,71529,70610]
[251,180,177545,177738]
[252,55,287719,287214]
[253,145,662555,661636]
[254,216,274435,274945]
[255,63,441970,441231]
[256,207,690608,689835]
[257,146,378001,378357]
[258,66,134928,135303]
[259,264,687174,688581]
[260,141,270762,270698]
[261,19,405926,404707]
[262,248,494689,495188]
[263,144,359751,360379]
[264,132,601954,602124]
[265,140,398587,400010]
[266,114,216546,216668]
[267,218,177628,177855]
[268,133,8252,7290]
[269,117,394795,394410]
[270,150,586170,586724]
[271,59,635306,633865]
[272,168,4418,5378]
[273,200,53251,54648]
[274,81,618493,617931]
[275,72,109015,109246]
[276,259,257155,256475]
[277,101,269453,268137]
[278,135,403077,402452]
[279,207,383448,383030]
[280,4,311706,311871]
[281,21,499779,499263]
[282,67,644617,643861]
[283,73,681950,681217]
[284,141,535315,534950]
[285,51,125329,125206]
[286,114,461836,463303]
[287,258,320242,320987]
[288,188,174691,175962]
[289,1,407632,407394]
[290,80,344558,345410]
[291,196,645710,645751]
[292,40,686910,688122]
[293,113,228172,227686]
[294,68,183930,184918]
[295,72,240861,241967]
[296,139,562240,561729]
[297,244,477811,479223]
[298,255,443579,442219]
[299,181,258074,257041]
[300,138,674527,674681]
[301,127,343742,343168]
[302,207,644251,644076]
[303,264,307273,307615]
[304,47,618653,618494]
[305,194,339056,339581]
[306,41,404676,403872]
[307,202,328304,329192]
[308,135,186416,185731]
[309,159,281268,280667]
[310,196,90257,90852]
[311,184,394402,395673]
[312,53,204470,203200]
[313,228,582613,583724]
[314,156,402071,402259]
[315,106,517963,518326]
[316,91,108130,107282]
[317,181,150041,149302]
[318,149,203826,202431]
[319,62,71850,72493]
[320,209,173043,171940]
[321,203,717934,716587]
[322,155,705243,704653]
[323,139,500722,500676]
[324,205,525894,524722]
[325,178,595299,596172]
[326,266,12878,13014]
[327,122,491885,493018]
[328,145,612971,612443]
[329,137,203003,202479]
[330,210,349731,350029]
[331,15,364185,363353]
[332,98,40510,41168]
[333,263,692382,692171]
[334,277,178074,177448]
[335,129,292024,290535]
[336,215,111422,110821]
[337,235,626619,625357]
[338,2,83368,84447]
[339,124,605340,606643]
[340,232,384557,385714]
[341,108,564128,564435]
[342,276,486441,487123]
[343,252,686848,686888]
[344,243,340684,339644]
[345,234,131061,132550]
[346,195,117659,116736]
[347,254,521797,522650]
[348,256,158231,159712]
[349,120,360227,361464]
[350,145,490610,489340]
[351,104,723909,725191]
[352,192,192638,193110]
[353,228,577257,578645]
[354,229,240660,240334]
[355,70,519565,520080]
[356,94,143982,145048]
[357,133,347763,346697]
[358,222,629530,629590]
[359,164,479744,480384]
[360,199,450142,449104]
[361,138,186381,186484]
[362,145,638266,637129]
[363,91,29617,29284]
[364,235,435614,435090]
[365,244,374710,375607]
[366,38,247186,247791]
[367,3,422003,420623]
[368,172,515195,516242]
[369,244,662199,662453]
[370,182,72662,74083]
[371,269,228230,226767]
[372,133,81114,80178]
[373,3,519658,518357]
[374,253,115821,114529]
[375,95,131702,130383]
[376,271,391406,390549]
[377,218,492433,493493]
[378,61,435605,434568]
[379,162,283800,284474]
[380,188,683992,684721]
[381,9,728199,728023]
[382,74,503824,504737]
[383,93,565834,565364]
[384,5,660143,660072]
[385,262,550590,551608]
[386,60,660994,662111]
[387,86,473001,473328]
[388,97,200913,200717]
[389,124,252547,253104]
[390,272,431022,432183]
[391,200,597425,597827]
[392,16,707192,707740]
[393,260,35860,36416]
[394,249,399475,398063]
[395,142,483990,484031]
[396,115,335045,334930]
[397,208,563087,563449]
[398,128,261404,261931]
[399,118,343643,344485]
[400,60,499849,500629]
[401,108,686787,688018]
[402,156,329249,330192]
[403,68,19304,19602]
[404,2,93039,93810]
[405,54,634286,635016]
[406,174,139674,141000]
[407,57,247705,246437]
[408,272,512447,513161]
[409,179,114668,113350]
[410,75,163117,162215]
[411,124,86701,87717]
[412,74,553698,554701]
[413,219,556375,555638]
[414,138,346132,347073]
[415,50,697067,697650]
[416,36,455937,456818]
[417,156,265855,266340]
[418,263,113288,112358]
[419,267,129762,129157]
[420,244,281563,282459]
[421,25,204719,203688]
[422,154,358911,360209]
[423,271,25738,24410]
[424,243,201987,201205]
[425,116,494086,495426]
