["head":"wrap","lpos","status"]
[113,726075,1]
["io count"]
[430]
["io":"id","wrap","startLpos","endLpos"]
[1,192,158794,159882]
[2,211,31372,30531]
[3,91,454387,453753]
[4,105,73899,73292]
[5,171,218160,217917]
[6,169,508657,508394]
[7,92,385850,387233]
[8,265,473312,472401]
[9,133,715263,714895]
[10,198,286345,286739]
[11,224,224155,224908]
[12,157,585489,584049]
[13,14,102414,103812]
[14,267,149647,148504]
[15,234,118186,118886]
[16,214,231622,232507]
[17,94,656188,657198]
[18,91,81890,81274]
[19,255,282687,281769]
[20,108,675631,676369]
[21,145,296240,294815]
[22,94,225186,226175]
[23,4,303413,304294]
[24,182,327023,327500]
[25,15,315429,315359]
[26,237,685577,685229]
[27,68,221695,222374]
[28,271,252026,251154]
[29,135,34382,34120]
[30,147,328801,327531]
[31,245,717236,715765]
[32,36,412914,413113]
[33,60,309980,310366]
[34,126,433462,434926]
[35,266,432907,433803]
[36,1,345164,344806]
[37,238,241443,242704]
[38,210,538710,538846]
[39,237,629171,628549]
[40,110,76017,77300]
[41,69,98391,98003]
[42,271,459056,457591]
[43,254,41927,43193]
[44,32,24174,24360]
[45,178,284325,285658]
[46,155,106841,105649]
[47,188,486169,486665]
[48,212,429796,430163]
[49,213,470979,470302]
[50,82,503698,505006]
[51,205,422401,421149]
[52,6,398480,399863]
[53,208,662219,663049]
[54,10,560590,561769]
[55,197,444448,443451]
[56,216,481291,482585]
[57,175,613480,612814]
[58,145,87223,86352]
[59,243,26552,25563]
[60,153,542798,542231]
[61,104,644170,645627]
[62,194,641718,641849]
[63,159,576847,576347]
[64,279,368841,367796]
[65,51,297186,296921]
[66,265,578585,577270]
[67,23,38425,38215]
[68,66,266277,267147]
[69,206,319312,320162]
[70,97,487553,487226]
[71,269,67869,66788]
[72,43,491375,491225]
[73,161,556131,555948]
[74,175,500955,500351]
[75,26,564185,565623]
[76,2,18509,18731]
[77,171,534118,534047]
[78,167,186807,185334]
[79,174,336425,336843]
[80,85,715985,715092]
[81,270,403824,404287]
[82,215,439068,437749]
[83,166,314667,316061]
[84,231,54036,53604]
[85,129,315950,315716]
[86,133,412045,411209]
[87,213,139129,138081]
[88,178,232979,234268]
[89,15,82254,81746]
[90,36,158729,159499]
[91,40,598954,600042]
[92,189,716375,716200]
[93,260,662290,662550]
[94,195,318161,317937]
[95,219,372248,371305]
[96,173,439267,438813]
[97,26,272853,273727]
[98,279,705981,704970]
[99,65,582321,582262]
[100,43,491951,491054]
[101,155,604420,603037]
[102,233,571131,570528]
[103,128,442166,442771]
[104,92,261458,261994]
[105,115,659995,658899]
[106,82,246475,247537]
[107,94,380528,381489]
[108,48,11461,12263]
[109,42,395787,397003]
[110,45,278683,277816]
[111,8,420084,420299]
[112,119,632439,631520]
[113,76,221033,221859]
[114,74,618586,619462]
[115,15,362541,362427]
[116,183,482937,482427]
[117,56,184710,185666]
[118,189,279223,278922]
[119,81,419993,418909]
[120,224,360934,361440]
[121,243,69396,69226]
[122,197,508598,508407]
[123,244,531301,532771]
[124,170,528710,529102]
[125,205,221251,220410]
[126,104,670745,671399]
[127,268,122661,122906]
[128,111,10586,9216]
[129,238,407100,407465]
[130,270,531971,532970]
[131,236,713686,713872]
[132,257,262532,262244]
[133,10,261172,262279]
[134,271,509376,508422]
[135,149,407887,406547]
[136,179,558644,558251]
[137,130,71978,72643]
[138,204,176293,177352]
[139,1,264491,263324]
[140,64,180041,180075]
[141,108,640804,641802]
[142,166,500853,501397]
[143,154,371317,372803]
[144,194,465183,465227]
[145,2,331179,332137]
[146,118,143159,143469]
[147,17,358019,357281]
[148,92,73008,74188]
[149,16,256162,256861]
[150,230,419004,420360]
[151,270,633403,633861]
[152,96,352741,353684]
[153,131,479478,479426]
[154,277,43996,42790]
[155,101,271250,270394]
[156,101,426458,425684]
[157,189,380750,380014]
[158,184,56264,56367]
[159,25,722182,721138]
[160,41,342920,342589]
[161,252,715959,717086]
[162,267,232183,230718]
[163,74,534737,535553]
[164,217,86962,85808]
[165,108,608634,609942]
[166,238,19685,20956]
[167,63,231424,231003]
[168,223,644001,643107]
[169,141,644214,643092]
[170,219,279007,278152]
[171,37,490337,489336]
[172,169,687330,687047]
[173,12,728206,729698]
[174,31,225908,225176]
[175,112,20221,21696]
[176,93,204731,203505]
[177,50,579043,579803]
[178,184,287155,288260]
[179,242,193975,194963]
[180,78,517218,517930]
[181,37,263117,262778]
[182,6,391687,392326]
[183,261,554047,553739]
[184,37,431702,431305]
[185,190,486252,486417]
[186,44,92070,93024]
[187,107,715473,714908]
[188,83,65784,64303]
[189,242,101203,101487]
[190,4,270895,271890]
[191,227,124744,123785]
[192,43,716380,714892]
[193,2,185192,186435]
[194,209,597968,596601]
[195,206,438271,439230]
[196,24,393048,393484]
[197,172,11321,12626]
[198,227,627580,626689]
[199,206,661990,663429]
[200,58,271205,272152]
[201,50,463673,464945]
[202,107,28419,28081]
[203,224,470677,471325]
[204,34,68971,69209]
[205,96,271636,272343]
[206,12,706404,707547]
[207,167,706640,706274]
[208,156,141106,142434]
[209,33,578587,577787]
[210,99,396703,396222]
[211,222,619670,620511]
[212,131,201056,199885]
[213,134,445528,445746]
[214,216,243747,243943]
[215,192,175050,176443]
[216,233,217639,216270]
[217,213,418560,417521]
[218,45,59541,58046]
[219,8,270198,271020]
[220,198,566210,566368]
[221,255,465181,464424]
[222,150,480995,482273]
[223,14,675908,676210]
[224,99,151745,151480]
[225,115,484153,483445]
[226,95,534475,534165]
[227,104,29315,29920]
[228,271,667643,666244]
[229,57,556567,556053]
[230,22,575170,575205]
[231,273,678891,677664]
[232,275,177879,177733]
[233,139,184166,183284]
[234,254,65751,66333]
[235,15,720163,719891]
[236,198,277340,278393]
[237,163,75711,75417]
[238,4,339730,340657]
[239,170,312589,314080]
[240,147,566570,566186]
[241,94,102656,103764]
[242,79,548102,546845]
[243,40,127547,128920]
[244,79,49392,48243]
[245,150,560162,560712]
[246,40,431403,432678]
[247,17,515456,515371]
[248,145,79484,78053]
[249,71,129329,128916]
[250,143,382185,380877]
[251,222,344910,346288]
[252,1,584707,584335]
[253,141,434326,433903]
[254,233,433772,432912]
[255,18,302110,302397]
[256,79,394275,392866]
[257,193,589976,589840]
[258,253,245751,244976]
[259,201,224418,223921]
[260,16,401921,402742]
[261,234,134249,134788]
[262,173,281098,280122]
[263,7,27761,27143]
[264,45,367172,366298]
[265,69,307695,307326]
[266,87,338832,337996]
[267,226,434949,436118]
[268,183,477341,476149]
[269,135,518509,518359]
[270,3,259573,258916]
[271,177,200251,199289]
[272,1,212130,211336]
[273,258,435153,436193]
[274,223,420604,419855]
[275,176,448231,448388]
[276,150,590294,591662]
[277,206,79222,79925]
[278,179,324554,323907]
[279,80,348192,348543]
[280,200,680283,680466]
[281,24,316587,317536]
[282,205,230362,230246]
[283,155,689900,689056]
[284,109,343008,341600]
[285,93,372174,371861]
[286,1,293321,292015]
[287,180,393747,393804]
[288,221,520119,519429]
[289,264,658401,658627]
[290,21,367205,366722]
[291,228,440867,441626]
[292,231,671268,671194]
[293,106,149960,150271]
[294,71,693227,693158]
[295,29,550191,549538]
[296,40,73294,74179]
[297,143,514186,512835]
[298,210,425903,427123]
[299,173,157622,157013]
[300,73,528989,527794]
[301,156,429702,430530]
[302,84,359200,360242]
[303,15,615185,614333]
[304,217,687546,687224]
[305,40,445581,445624]
[306,123,217418,217356]
[307,198,323,1544]
[308,203,205673,205624]
[309,94,639052,639751]
[310,40,700854,702333]
[311,243,692046,690559]
[312,184,93613,94506]
[313,177,297552,297208]
[314,255,118946,118068]
[315,122,572568,572951]
[316,220,415576,416150]
[317,228,546152,546873]
[318,196,489418,490795]
[319,215,41323,40030]
[320,70,481440,482324]
[321,75,214722,214119]
[322,260,394504,395357]
[323,11,604910,604297]
[324,230,706487,707012]
[325,94,589549,590300]
[326,180,3630,3808]
[327,232,62008,62835]
[328,209,639594,638936]
[329,143,143080,142602]
[330,55,652356,651844]
[331,93,629576,628442]
[332,168,176042,176284]
[333,199,102943,102747]
[334,4,504523,505969]
[335,169,359890,358940]
[336,44,324813,325998]
[337,237,605020,604570]
[338,2,391564,392777]
[339,134,15092,15399]
[340,252,656063,657271]
[341,16,618497,619036]
[342,215,217738,216583]
[343,94,531060,532430]
[344,55,382971,382637]
[345,1,471190,470481]
[346,58,291192,292633]
[347,203,252723,251363]
[348,102,710762,711517]
[349,11,286091,284793]
[350,250,293467,294967]
[351,12,162184,162309]
[352,233,678467,677308]
[353,95,152863,152562]
[354,84,317499,318000]
[355,18,179540,179646]
[356,232,662928,663235]
[357,232,335899,336420]
[358,202,177464,177576]
[359,114,76531,77960]
[360,121,409013,408588]
[361,35,401520,401004]
[362,182,110566,111806]
[363,200,77288,78489]
[364,229,130949,129689]
[365,170,363602,364240]
[366,155,634366,633436]
[367,67,284239,283512]
[368,255,702474,701264]
[369,53,615814,614360]
[370,248,2773,3465]
[371,143,686848,686066]
[372,112,562641,563863]
[373,161,228167,227313]
[374,252,409717,411024]
[375,217,652947,652295]
[376,117,221863,221192]
[377,104,673993,675170]
[378,70,437520,437714]
[379,112,353040,354374]
[380,179,459561,458200]
[381,257,501837,501261]
[382,30,131238,132121]
[383,273,276278,275769]
[384,23,252995,252806]
[385,150,29005,30063]
[386,80,3050,3511]
[387,210,416518,417491]
[388,109,559745,559323]
[389,75,418625,417937]
[390,108,652218,653207]
[391,52,65806,66748]
[392,277,586628,585774]
[393,166,51788,52474]
[394,168,28941,30169]
[395,142,498611,498877]
[396,79,87463,87421]
[397,243,721308,720689]
[398,36,122598,123222]
[399,162,264272,264366]
[400,191,700157,700121]
[401,2,391526,392482]
[402,245,422754,422129]
[403,226,27881,28782]
[404,7,290566,290534]
[405,149,402001,401449]
[406,106,591152,591313]
[407,116,536014,536932]
[408,140,221026,221522]
[409,212,541662,542449]
[410,8,636058,637428]
[411,33,416756,416664]
[412,166,473160,473828]
[413,94,671792,672651]
[414,13,681252,681114]
[415,88,84696,86169]
[416,188,234694,235761]
[417,161,603362,602128]
[418,241,691016,690546]
[419,209,644985,643823]
[420,132,116284,117702]
[421,111,212083,211679]
[422,227,167659,167235]
[423,44,641406,642129]
[424,111,27221,27128]
[425,165,203147,202114]
[426,41,546175,544763]
[427,198,626709,627419]
[428,218,397521,397997]
[429,112,627680,627792]
[430,177,263610,262149]
