["head":"wrap","lpos","status"]
[106,320941,1]
["io count"]
[435]
["io":"id","wrap","startLpos","endLpos"]
[1,162,18886,20348]
[2,260,340434,341777]
[3,266,296302,296964]
[4,242,681037,681140]
[5,97,405647,405464]
[6,102,75935,76308]
[7,243,447095,446783]
[8,180,200972,201418]
[9,227,353930,353184]
[10,38,14465,14671]
[11,110,604737,606109]
[12,58,208432,208895]
[13,214,246228,247472]
[14,139,397985,397669]
[15,203,615219,613961]
[16,162,11633,11724]
[17,48,480918,481601]
[18,40,115528,116149]
[19,260,727936,728990]
[20,106,162821,163953]
[21,147,570445,570178]
[22,156,723640,724485]
[23,20,517954,519253]
[24,169,483373,483173]
[25,61,426305,425494]
[26,263,533417,532681]
[27,53,465267,464294]
[28,117,9298,8712]
[29,25,441220,440497]
[30,59,242789,242256]
[31,182,224498,225890]
[32,175,494031,493819]
[33,242,490340,490443]
[34,118,483764,484516]
[35,179,403122,401957]
[36,266,576816,577544]
[37,79,457233,456823]
[38,130,51555,51811]
[39,268,48860,49523]
[40,143,607781,606513]
[41,188,266197,266464]
[42,13,632481,632202]
[43,256,327894,328125]
[44,61,428231,427283]
[45,7,293158,291715]
[46,255,497905,497711]
[47,109,43498,42517]
[48,78,565827,566383]
[49,195,116719,115745]
[50,160,579996,580348]
[51,169,65391,64868]
[52,94,257083,257387]
[53,263,75609,75354]
[54,197,210013,208872]
[55,25,397139,395800]
[56,236,673698,674119]
[57,66,722833,722943]
[58,191,226423,225439]
[59,146,713499,714903]
[60,24,204088,204666]
[61,34,252337,252703]
[62,86,591293,592728]
[63,44,165110,166267]
[64,234,106385,107000]
[65,204,708796,710182]
[66,123,529701,529002]
[67,163,362759,362008]
[68,218,423673,423764]
[69,98,196496,197797]
[70,32,28758,29661]
[71,204,265390,266315]
[72,228,674510,675362]
[73,206,516335,516452]
[74,152,283881,284675]
[75,99,256832,255694]
[76,143,94014,92867]
[77,261,206937,206569]
[78,134,562092,563110]
[79,233,145737,145405]
[80,136,714280,714415]
[81,195,145272,144788]
[82,140,501420,501801]
[83,265,223824,222997]
[84,12,345484,345606]
[85,230,501632,502568]
[86,158,538933,539604]
[87,162,49430,50312]
[88,219,123760,123269]
[89,177,333516,333149]
[90,0,186085,186932]
[91,177,100357,99735]
[92,243,391432,390070]
[93,172,171744,171924]
[94,149,4152,3859]
[95,53,685459,684114]
[96,84,113770,114146]
[97,249,685423,684467]
[98,121,632705,632015]
[99,26,377677,377907]
[100,123,76676,75680]
[101,183,511130,510025]
[102,143,383846,382626]
[103,12,120339,120748]
[104,184,564913,565558]
[105,126,561847,563269]
[106,155,275738,274747]
[107,22,236711,237244]
[108,246,232166,232805]
[109,137,682449,682001]
[110,83,26392,24912]
[111,1,24712,23978]
[112,19,268181,266799]
[113,78,314114,314446]
[114,192,677342,678068]
[115,46,713803,714288]
[116,156,718260,718701]
[117,14,72933,73721]
[118,11,47468,47041]
[119,232,22049,22158]
[120,44,175941,176461]
[121,232,455941,457036]
[122,237,74367,73213]
[123,266,345727,346185]
[124,182,1377,1825]
[125,38,314601,315636]
[126,218,385187,385266]
[127,28,446585,447887]
[128,200,150800,151844]
[129,78,672432,673810]
[130,36,453444,453977]
[131,221,564383,563434]
[132,195,627930,626637]
[133,4,78371,78756]
[134,106,236093,236750]
[135,128,349482,350113]
[136,178,446031,447236]
[137,97,430989,429756]
[138,54,535102,535234]
[139,150,53194,54634]
[140,117,450505,449363]
[141,258,569590,570180]
[142,73,589880,589684]
[143,186,163196,163504]
[144,74,330458,331363]
[145,21,533600,533166]
[146,89,106457,105954]
[147,176,320722,321978]
[148,254,423417,423984]
[149,5,559018,558635]
[150,259,175629,175339]
[151,83,396949,396234]
[152,246,213954,215290]
[153,152,724423,724793]
[154,85,479269,478520]
[155,47,434549,433929]
[156,247,712072,710580]
[157,16,139248,139863]
[158,231,365446,364552]
[159,149,626151,624756]
[160,173,414202,413485]
[161,40,235292,235799]
[162,67,461477,461366]
[163,229,114172,113226]
[164,116,575301,575903]
[165,259,447896,446720]
[166,41,392812,391867]
[167,246,28956,29527]
[168,266,548467,549097]
[169,99,386167,384730]
[170,105,140502,139177]
[171,41,535430,534166]
[172,231,555337,554403]
[173,66,414397,414880]
[174,103,122621,121763]
[175,228,121291,122641]
[176,209,518887,518756]
[177,216,141624,142596]
[178,44,14477,14964]
[179,33,163335,162702]
[180,45,128829,127876]
[181,65,567162,566140]
[182,4,378991,380441]
[183,40,72358,73560]
[184,152,200334,200960]
[185,192,164819,165567]
[186,1,286539,286084]
[187,39,114517,113291]
[188,4,532271,533038]
[189,247,166325,165728]
[190,195,439849,439350]
[191,82,487389,487561]
[192,221,474815,473624]
[193,204,271507,271772]
[194,184,211251,211476]
[195,32,41732,41843]
[196,181,171118,169852]
[197,64,509133,510507]
[198,104,57609,58771]
[199,7,510476,509501]
[200,261,378479,377433]
[201,231,701988,700814]
[202,147,222031,221115]
[203,82,156963,157422]
[204,5,30956,29516]
[205,37,284668,284242]
[206,157,476439,475970]
[207,230,103553,104645]
[208,125,473153,473026]
[209,191,178985,178577]
[210,36,24475,25536]
[211,78,710107,710898]
[212,182,467174,468429]
[213,269,208585,207309]
[214,48,81480,81912]
[215,194,458991,459375]
[216,162,196944,198305]
[217,213,287374,286152]
[218,147,197031,196266]
[219,82,225126,226240]
[220,154,11524,12893]
[221,0,382750,383174]
[222,148,395057,396045]
[223,48,630263,630758]
[224,133,226500,226413]
[225,238,409388,410781]
[226,86,636962,637714]
[227,264,360760,360830]
[228,50,297174,297612]
[229,146,514163,514470]
[230,203,112638,112352]
[231,169,71208,69944]
[232,121,434219,434010]
[233,188,584079,584389]
[234,139,569114,567889]
[235,273,571382,570751]
[236,87,163157,163030]
[237,184,495668,496915]
[238,252,301313,302198]
[239,55,100892,100075]
[240,258,716935,717969]
[241,168,440405,441095]
[242,228,694370,695405]
[243,135,106682,105645]
[244,21,244844,243596]
[245,101,168248,167334]
[246,178,36250,36603]
[247,254,407928,408823]
[248,211,57167,56428]
[249,235,365145,365114]
[250,175,420383,419858]
[251,206,626461,627700]
[252,234,728611,728723]
[253,219,630270,630148]
[254,182,395770,397223]
[255,51,479505,479444]
[256,90,670184,670923]
[257,84,603604,604301]
[258,188,706302,706887]
[259,9,71908,70937]
[260,48,682144,682181]
[261,164,590650,590931]
[262,53,507188,506282]
[263,60,528420,529806]
[264,252,129154,130568]
[265,183,546915,545634]
[266,268,134045,134550]
[267,259,541403,539968]
[268,210,702004,702109]
[269,173,201593,201089]
[270,218,239279,239402]
[271,217,83113,82604]
[272,173,722806,721764]
[273,114,498349,499568]
[274,11,428135,427309]
[275,29,58311,58276]
[276,231,219354,219025]
[277,27,171979,170980]
[278,77,583323,582165]
[279,207,191694,190445]
[280,263,59177,58835]
[281,45,706925,705880]
[282,19,722530,722405]
[283,6,598270,599060]
[284,94,641000,641513]
[285,113,719762,719468]
[286,237,547897,546514]
[287,85,631069,630530]
[288,54,725872,726437]
[289,252,82207,82311]
[290,74,293217,294092]
[291,66,54464,55823]
[292,221,103703,102358]
[293,260,621168,621630]
[294,0,397417,398711]
[295,200,120951,121804]
[296,120,174518,175273]
[297,110,352068,352769]
[298,10,370139,370387]
[299,130,336071,337346]
[300,268,6729,7448]
[301,3,278172,277199]
[302,61,184227,184196]
[303,154,426304,427198]
[304,217,161292,160666]
[305,148,301391,301508]
[306,257,623813,623181]
[307,190,460410,461617]
[308,32,207105,207961]
[309,275,18954,18049]
[310,30,626999,627554]
[311,277,286639,285656]
[312,178,659543,660702]
[313,201,646773,645950]
[314,38,633638,634403]
[315,243,670779,670519]
[316,78,545727,547027]
[317,153,564887,563570]
[318,126,449890,450674]
[319,189,129163,127945]
[320,101,617179,616996]
[321,44,51761,53260]
[322,181,608431,606992]
[323,110,340455,340696]
[324,171,239412,238561]
[325,108,596095,596732]
[326,35,584571,583405]
[327,20,188290,189346]
[328,71,411235,410411]
[329,35,628341,628132]
[330,47,417471,416690]
[331,4,25536,26125]
[332,21,504587,504319]
[333,148,714759,715301]
[334,160,223293,224495]
[335,184,691966,693024]
[336,241,522700,521890]
[337,121,620112,618733]
[338,184,247071,247324]
[339,154,95812,97172]
[340,252,423045,424262]
[341,177,49385,49344]
[342,123,214950,214108]
[343,247,679624,679095]
[344,104,711516,711774]
[345,226,104718,106125]
[346,213,359862,359603]
[347,3,463941,462821]
[348,223,695452,694659]
[349,92,320804,321928]
[350,268,34126,34335]
[351,196,423405,423901]
[352,175,30567,30524]
[353,13,312215,312051]
[354,91,370902,369827]
[355,150,675771,677171]
[356,41,76545,75455]
[357,53,324952,324508]
[358,202,557056,557766]
[359,187,476451,475826]
[360,189,641030,640257]
[361,84,680051,680123]
[362,159,725997,725949]
[363,2,93754,95212]
[364,28,257984,259301]
[365,83,67607,67181]
[366,186,43742,44820]
[367,22,310088,311331]
[368,2,392513,393226]
[369,183,40011,39075]
[370,51,235115,235037]
[371,10,235279,235909]
[372,238,730461,730881]
[373,233,135515,134910]
[374,34,187748,188634]
[375,2,178697,178853]
[376,3,388752,388328]
[377,162,716730,718218]
[378,170,467533,468189]
[379,79,211245,210668]
[380,235,388732,388021]
[381,198,34489,34884]
[382,210,617780,618250]
[383,75,393314,392111]
[384,227,263067,262570]
[385,179,298171,296673]
[386,237,374100,373653]
[387,150,562710,564200]
[388,212,595526,596057]
[389,93,4693,3394]
[390,54,449933,450258]
[391,242,279857,280160]
[392,147,647528,646384]
[393,111,658580,657582]
[394,234,13426,13650]
[395,7,349920,349095]
[396,110,600170,600776]
[397,233,412655,411297]
[398,147,513991,512491]
[399,48,464004,465074]
[400,244,4716,4966]
[401,214,149728,150556]
[402,58,543339,543627]
[403,275,64608,64518]
[404,143,615334,614840]
[405,40,262685,263178]
[406,230,379438,380607]
[407,231,630213,629433]
[408,148,220893,221583]
[409,200,294364,295355]
[410,155,367948,367408]
[411,45,51364,50001]
[412,198,115758,116074]
[413,250,476185,476271]
[414,242,480958,481439]
[415,89,665429,664047]
[416,105,41026,40421]
[417,3,354976,354900]
[418,197,560266,559524]
[419,28,162718,164003]
[420,263,644331,643405]
[421,44,474364,475302]
[422,276,374360,374970]
[423,10,576235,576533]
[424,139,549099,548788]
[425,6,243591,245042]
[426,270,567557,568007]
[427,243,692792,692006]
[428,36,407358,408632]
[429,174,59605,60919]
[430,99,52382,51220]
[431,153,658443,658092]
[432,126,312011,312063]
[433,224,264076,265246]
[434,173,59742,58403]
[435,48,139601,139842]
