["head":"wrap","lpos","status"]
[149,449720,0]
["io count"]
[440]
["io":"id","wrap","startLpos","endLpos"]
[1,86,186445,187390]
[2,137,419425,418108]
[3,247,407361,407227]
[4,234,218536,218898]
[5,3,398938,398379]
[6,36,676869,677850]
[7,258,24367,24678]
[8,151,123552,122406]
[9,191,651119,649951]
[10,118,538335,538820]
[11,239,526039,525300]
[12,185,331831,330771]
[13,75,12657,11471]
[14,272,581925,583423]
[15,106,173675,173842]
[16,178,58344,59710]
[17,278,208780,209103]
[18,243,232560,232271]
[19,155,306458,305762]
[20,102,727679,727745]
[21,148,374001,374310]
[22,83,160089,159422]
[23,263,176608,176359]
[24,266,521299,521872]
[25,92,400280,401247]
[26,125,464707,464437]
[27,100,372651,373068]
[28,164,30499,30742]
[29,125,707283,706213]
[30,279,425289,424199]
[31,23,309372,308168]
[32,77,330187,329694]
[33,203,183006,182715]
[34,237,190028,188585]
[35,79,694696,694588]
[36,110,296188,297125]
[37,115,310330,308949]
[38,99,584994,583926]
[39,153,694501,693228]
[40,198,552251,553061]
[41,210,544522,545742]
[42,1,226792,225879]
[43,81,180284,179441]
[44,162,437510,438486]
[45,177,628599,627495]
[46,186,497620,498436]
[47,139,341077,340901]
[48,225,385763,384975]
[49,40,209691,209947]
[50,171,459465,458921]
[51,231,347565,346191]
[52,215,55143,54827]
[53,278,103361,103749]
[54,11,597652,597172]
[55,259,545388,544921]
[56,137,85261,84346]
[57,82,148756,148925]
[58,262,671884,672013]
[59,84,247714,248034]
[60,145,320257,318897]
[61,211,484207,483852]
[62,15,233794,232445]
[63,201,16535,15903]
[64,180,220982,221358]
[65,277,589044,587560]
[66,190,694538,695432]
[67,71,347550,347421]
[68,171,602282,600990]
[69,116,307431,307592]
[70,27,306050,305842]
[71,42,378188,379008]
[72,168,518042,518351]
[73,202,586728,587537]
[74,139,604887,604160]
[75,231,507504,506847]
[76,11,483415,482578]
[77,24,649096,649286]
[78,217,520945,520019]
[79,248,435719,435857]
[80,222,642320,643478]
[81,66,320221,320677]
[82,92,710402,711373]
[83,34,125055,126225]
[84,137,664675,663433]
[85,235,298905,298235]
[86,215,275179,273895]
[87,59,487936,487338]
[88,105,171708,170794]
[89,3,611668,611538]
[90,166,601173,602587]
[91,44,588049,589122]
[92,191,705485,704117]
[93,136,597394,597603]
[94,49,57284,55937]
[95,98,1556,2437]
[96,36,699575,700068]
[97,218,315716,317101]
[98,279,20062,18722]
[99,279,170309,168857]
[100,45,588618,588464]
[101,115,67713,66821]
[102,55,345187,344020]
[103,72,310411,311763]
[104,149,547071,546752]
[105,227,633629,632337]
[106,90,296578,297690]
[107,150,397356,398334]
[108,39,722351,721559]
[109,141,677675,677392]
[110,94,425134,425398]
[111,6,621519,622730]
[112,241,278109,277187]
[113,231,82406,80910]
[114,12,396631,396891]
[115,51,117137,115901]
[116,111,392079,391737]
[117,112,159053,159923]
[118,207,240502,239436]
[119,257,68131,67707]
[120,206,505541,506770]
[121,193,135125,134574]
[122,141,351742,351540]
[123,163,730276,729740]
[124,215,357864,357654]
[125,231,643152,642787]
[126,227,141983,141748]
[127,218,31526,32999]
[128,271,389118,388815]
[129,210,35171,35848]
[130,8,589535,589846]
[131,149,297127,295875]
[132,94,347491,348907]
[133,199,40877,40622]
[134,152,217549,217806]
[135,181,518240,517467]
[136,222,343912,345100]
[137,179,721956,721784]
[138,179,420359,419441]
[139,193,176782,175619]
[140,253,52685,52098]
[141,189,692859,692250]
[142,221,282233,281346]
[143,122,686333,686411]
[144,182,701451,701961]
[145,8,246696,247600]
[146,96,492311,493591]
[147,209,588987,588162]
[148,70,623137,624417]
[149,253,688335,687490]
[150,237,643752,642461]
[151,49,649152,648474]
[152,163,491785,491735]
[153,244,155657,156444]
[154,77,561046,559948]
[155,74,715588,716521]
[156,207,283361,282694]
[157,56,270921,271073]
[158,204,266653,266771]
[159,148,336399,336728]
[160,108,703817,704569]
[161,122,555700,556357]
[162,201,336487,336104]
[163,186,285351,286396]
[164,277,119153,118827]
[165,146,472842,473409]
[166,32,491559,492918]
[167,267,488724,488679]
[168,124,274412,274673]
[169,52,380819,381283]
[170,138,79863,80741]
[171,192,11635,12519]
[172,226,694417,694989]
[173,87,225427,224849]
[174,48,716632,716673]
[175,178,339049,339824]
[176,279,40176,39872]
[177,80,156635,157155]
[178,37,605892,604929]
[179,233,398034,397115]
[180,229,601701,600337]
[181,187,285630,284891]
[182,0,615407,615969]
[183,193,306479,305925]
[184,102,57058,58113]
[185,50,486436,487058]
[186,78,698723,699802]
[187,198,180062,181180]
[188,259,140267,139429]
[189,196,94269,95465]
[190,49,160794,160637]
[191,119,420596,419817]
[192,235,703002,701650]
[193,33,569106,568964]
[194,245,158386,158266]
[195,113,641782,641517]
[196,109,483445,483235]
[197,28,366072,367179]
[198,228,1745,3208]
[199,271,459422,458760]
[200,121,651386,650994]
[201,99,180479,179071]
[202,251,568439,567588]
[203,106,88148,88938]
[204,115,77148,77041]
[205,21,294640,294544]
[206,156,463428,464469]
[207,88,172141,172456]
[208,80,574474,575172]
[209,182,466191,467290]
[210,238,332049,332127]
[211,7,455044,454834]
[212,15,443097,442232]
[213,2,684296,685143]
[214,271,653989,652719]
[215,231,296870,296640]
[216,79,638694,637747]
[217,168,19089,20523]
[218,61,412220,412113]
[219,92,149985,150321]
[220,159,283623,282532]
[221,74,406031,406658]
[222,159,379331,378278]
[223,104,721571,722687]
[224,178,249122,249910]
[225,149,319173,318114]
[226,78,248837,249111]
[227,239,661577,660460]
[228,149,163179,161744]
[229,149,143795,143534]
[230,191,287429,287358]
[231,269,112147,112101]
[232,239,240846,240802]
[233,143,536253,535838]
[234,145,324194,323526]
[235,140,339103,339720]
[236,222,123510,124890]
[237,172,277980,278645]
[238,65,644310,643437]
[239,101,65883,64471]
[240,276,285875,287045]
[241,95,399192,398123]
[242,238,46066,46995]
[243,52,192075,192984]
[244,259,386206,384750]
[245,113,609018,608001]
[246,141,583199,582091]
[247,226,199341,200324]
[248,40,342850,344145]
[249,266,421141,422545]
[250,88,501307,501545]
[251,141,404553,403607]
[252,169,730922,730804]
[253,239,610543,609787]
[254,211,569053,567864]
[255,27,504941,503552]
[256,279,171080,170862]
[257,1,611316,611222]
[258,81,230685,229693]
[259,183,678229,677351]
[260,139,629698,629211]
[261,136,483429,484905]
[262,44,663410,664176]
[263,242,341085,342126]
[264,85,580934,580004]
[265,210,691279,691426]
[266,154,48608,49702]
[267,255,424955,424164]
[268,209,61765,61138]
[269,267,375387,375157]
[270,102,497004,497136]
[271,55,520896,519683]
[272,228,663199,663668]
[273,226,572300,572641]
[274,133,614187,613999]
[275,169,637811,637522]
[276,120,722399,723004]
[277,66,380913,381867]
[278,208,41093,41857]
[279,152,82951,83505]
[280,232,264334,264565]
[281,128,196329,196556]
[282,253,492730,492386]
[283,124,383277,383925]
[284,201,63723,62283]
[285,42,46715,48182]
[286,215,440835,439372]
[287,129,306792,305532]
[288,89,498935,498831]
[289,67,473331,473247]
[290,113,238503,238016]
[291,235,316166,314901]
[292,129,547141,545807]
[293,116,494489,495387]
[294,124,232803,232932]
[295,257,103142,102018]
[296,121,661779,661124]
[297,211,507817,506468]
[298,127,35820,34736]
[299,162,393687,393955]
[300,130,276073,277358]
[301,82,295647,296227]
[302,268,6884,7494]
[303,250,293439,293514]
[304,174,478305,478606]
[305,271,607982,607048]
[306,241,109888,109387]
[307,250,671768,672459]
[308,116,317614,318810]
[309,153,423441,421941]
[310,88,431183,432389]
[311,158,330173,330794]
[312,17,718256,717607]
[313,102,482716,483970]
[314,218,107714,108331]
[315,158,547019,547741]
[316,189,67115,66112]
[317,256,596536,597143]
[318,137,286042,285069]
[319,89,9082,8171]
[320,160,164376,165283]
[321,232,715441,716383]
[322,120,414875,416162]
[323,2,228164,229603]
[324,15,437678,437407]
[325,166,329147,329631]
[326,254,216317,216409]
[327,28,288141,289136]
[328,145,588063,586851]
[329,104,258327,258682]
[330,30,369173,369367]
[331,201,212281,211107]
[332,67,86986,85841]
[333,12,145837,146672]
[334,107,410142,409071]
[335,261,717216,716760]
[336,212,303465,304537]
[337,245,281780,281673]
[338,138,607246,608012]
[339,11,146148,144780]
[340,106,106732,108193]
[341,8,308771,310038]
[342,102,601810,601941]
[343,5,305659,305522]
[344,198,113602,114259]
[345,138,32465,33290]
[346,206,633631,634109]
[347,178,363123,364112]
[348,17,73548,73226]
[349,152,45522,45908]
[350,92,65671,66283]
[351,267,290901,290021]
[352,271,284073,283332]
[353,65,518508,518373]
[354,163,228907,227877]
[355,279,255106,254231]
[356,70,394638,395244]
[357,209,381865,381205]
[358,182,201019,202468]
[359,269,392760,392555]
[360,177,297388,296754]
[361,266,260688,260740]
[362,198,672745,672775]
[363,256,87288,87764]
[364,253,664189,662788]
[365,201,451447,450321]
[366,255,632440,632195]
[367,235,68934,67801]
[368,233,482728,481569]
[369,127,233337,232654]
[370,135,631672,630173]
[371,111,165038,164180]
[372,64,485662,486512]
[373,85,171793,171747]
[374,157,230443,229852]
[375,278,680705,681596]
[376,247,493956,493152]
[377,270,388918,389945]
[378,198,609422,609654]
[379,148,520065,521301]
[380,140,58298,58432]
[381,135,421482,420118]
[382,128,615337,616232]
[383,257,568495,567214]
[384,133,404975,404158]
[385,97,405612,405127]
[386,17,559550,558543]
[387,14,677098,677911]
[388,130,422690,424051]
[389,7,546759,546501]
[390,98,642400,642894]
[391,191,727101,726950]
[392,246,434669,435591]
[393,22,524663,525658]
[394,163,206727,206383]
[395,72,67754,69009]
[396,89,152149,150796]
[397,227,70116,69881]
[398,25,274969,274515]
[399,15,150923,150491]
[400,10,448942,449783]
[401,5,123500,122916]
[402,207,466283,466105]
[403,259,576017,574784]
[404,12,709814,710623]
[405,134,659738,660603]
[406,139,168480,167833]
[407,158,297421,297861]
[408,124,219166,219689]
[409,22,9457,10766]
[410,230,690948,691940]
[411,269,402131,400675]
[412,212,447797,448200]
[413,269,172022,171411]
[414,28,199934,200857]
[415,79,282865,282435]
[416,189,484866,484117]
[417,136,620741,620885]
[418,234,277511,278583]
[419,10,457457,458026]
[420,28,345985,346169]
[421,67,154621,154012]
[422,197,576175,575087]
[423,89,183537,183067]
[424,189,334296,334172]
[425,73,42568,42139]
[426,16,272629,273479]
[427,94,269107,269236]
[428,238,108668,109923]
[429,225,723118,722326]
[430,178,13417,13780]
[431,205,527195,527135]
[432,114,65974,66222]
[433,203,150962,150216]
[434,200,307668,308964]
[435,214,444716,445840]
[436,5,526404,526006]
[437,234,570251,571382]
[438,234,576447,576740]
[439,20,206695,207911]
[440,274,125470,126504]
