["head":"wrap","lpos","status"]
[128,53536,0]
["io count"]
[445]
["io":"id","wrap","startLpos","endLpos"]
[1,266,186205,186780]
[2,52,569758,570854]
[3,215,89100,88589]
[4,159,571817,571269]
[5,142,72962,73205]
[6,169,500937,500504]
[7,249,184921,184531]
[8,241,517624,516172]
[9,122,678560,679083]
[10,242,474999,475089]
[11,70,270684,271459]
[12,12,635667,635950]
[13,126,541091,542314]
[14,202,145486,146285]
[15,88,85825,87099]
[16,246,469729,470560]
[17,86,388189,389342]
[18,13,558020,557857]
[19,177,691260,690206]
[20,145,120768,120382]
[21,76,281017,281135]
[22,161,246109,244917]
[23,108,103945,105018]
[24,207,105838,104522]
[25,211,190669,190357]
[26,155,541074,540279]
[27,78,494453,494550]
[28,2,725284,725397]
[29,206,691020,691186]
[30,109,484933,484062]
[31,41,323350,322891]
[32,93,449998,448902]
[33,115,422695,421381]
[34,232,373782,375002]
[35,32,512356,513217]
[36,38,308604,309953]
[37,85,392792,392065]
[38,273,447513,446238]
[39,182,440098,441347]
[40,259,196241,195145]
[41,253,205287,203944]
[42,149,281597,280612]
[43,272,336700,337592]
[44,15,56975,55515]
[45,54,646674,647801]
[46,162,410122,410493]
[47,224,50299,51606]
[48,202,548960,549082]
[49,251,178251,176843]
[50,79,70774,69437]
[51,89,357058,356050]
[52,222,268216,268892]
[53,187,722444,722215]
[54,171,451587,451004]
[55,174,363258,364149]
[56,231,118378,118157]
[57,139,207556,206933]
[58,30,504255,505424]
[59,213,71704,71170]
[60,46,672875,673760]
[61,68,539033,539185]
[62,9,667160,666098]
[63,39,723428,722066]
[64,134,134923,135395]
[65,78,249755,250372]
[66,94,230339,230474]
[67,267,541618,541359]
[68,199,83268,83105]
[69,50,269651,269899]
[70,154,295087,296241]
[71,134,336702,338142]
[72,96,260441,261226]
[73,2,68305,69585]
[74,190,240745,241145]
[75,257,516802,516698]
[76,97,403274,402103]
[77,215,427328,426147]
[78,55,444397,443262]
[79,107,29916,29405]
[80,247,195874,195608]
[81,33,535027,534971]
[82,57,68324,67344]
[83,259,39862,39093]
[84,20,58521,59976]
[85,232,308497,309218]
[86,244,662603,663855]
[87,140,102156,102780]
[88,59,60650,60211]
[89,102,510116,510984]
[90,201,447766,446594]
[91,198,405653,405868]
[92,148,33811,34831]
[93,92,585055,585307]
[94,190,247120,248471]
[95,96,381159,382422]
[96,140,722055,723549]
[97,262,396605,397041]
[98,177,560971,559485]
[99,264,380863,381340]
[100,104,43240,44545]
[101,173,522038,520940]
[102,63,477328,476318]
[103,108,579161,579272]
[104,120,640210,641147]
[105,245,377747,376728]
[106,9,514294,513135]
[107,140,157395,158688]
[108,211,383263,381951]
[109,122,387537,387837]
[110,150,566676,566936]
[111,82,67989,68065]
[112,157,63340,62316]
[113,125,631345,629931]
[114,105,641458,640727]
[115,249,582566,581844]
[116,3,387944,386592]
[117,95,689174,688511]
[118,113,306541,306121]
[119,214,455843,455938]
[120,51,571787,571639]
[121,82,400264,401516]
[122,225,668826,667955]
[123,7,77496,76410]
[124,185,241667,241253]
[125,76,213530,214439]
[126,87,193524,192170]
[127,62,412958,413997]
[128,133,162999,161907]
[129,24,641872,643052]
[130,20,678374,679004]
[131,90,671967,672571]
[132,265,515861,515764]
[133,13,498289,497264]
[134,25,690376,688916]
[135,90,279369,279633]
[136,72,76769,77123]
[137,38,650826,651839]
[138,43,403046,401864]
[139,95,539693,539188]
[140,196,67762,67945]
[141,100,508888,509524]
[142,199,490046,489249]
[143,167,462894,461652]
[144,49,325297,324907]
[145,239,384866,383752]
[146,209,526874,526464]
[147,161,624203,623031]
[148,60,114315,114962]
[149,159,420961,420544]
[150,277,564094,562916]
[151,147,594147,592716]
[152,88,562102,562171]
[153,209,60696,60444]
[154,256,320924,321478]
[155,147,647424,647193]
[156,278,288155,288973]
[157,174,131805,132875]
[158,172,71522,72216]
[159,25,110301,109770]
[160,90,439037,439848]
[161,224,682407,682764]
[162,231,633478,632399]
[163,215,729106,728733]
[164,142,422041,422268]
[165,171,368397,367874]
[166,109,371107,370334]
[167,139,615449,614535]
[168,146,722061,722644]
[169,202,393218,393351]
[170,42,533289,534636]
[171,113,448494,447739]
[172,261,671930,671396]
[173,200,107197,107346]
[174,34,579289,580138]
[175,140,324601,325596]
[176,249,150997,150327]
[177,208,238339,239746]
[178,60,606088,606785]
[179,156,91595,92719]
[180,34,405076,405626]
[181,176,334548,334664]
[182,177,299603,299281]
[183,86,11276,12144]
[184,149,551881,550913]
[185,52,161007,161140]
[186,248,218877,219222]
[187,269,165422,164121]
[188,214,381458,382325]
[189,148,494356,495289]
[190,124,297024,297383]
[191,131,256838,255471]
[192,58,712316,713316]
[193,110,197059,197691]
[194,159,638971,638533]
[195,115,325416,323933]
[196,191,9546,8080]
[197,189,435002,434741]
[198,88,406697,407364]
[199,139,656216,655913]
[200,127,364846,364681]
[201,105,670055,668593]
[202,62,79819,79925]
[203,43,533060,531786]
[204,57,288756,288043]
[205,200,133241,134115]
[206,119,259434,258729]
[207,32,293212,294665]
[208,218,64074,64527]
[209,223,270725,269875]
[210,107,185328,185153]
[211,210,297187,297298]
[212,190,106348,107585]
[213,250,449470,450050]
[214,92,84519,85810]
[215,6,134384,135702]
[216,92,149050,149118]
[217,120,123375,123948]
[218,67,43583,42355]
[219,230,697309,698340]
[220,104,670707,671698]
[221,136,279866,281179]
[222,253,201593,200130]
[223,183,177644,177345]
[224,237,105770,105247]
[225,153,402300,401809]
[226,228,692167,692463]
[227,206,146538,146797]
[228,228,258668,259228]
[229,50,2415,3215]
[230,214,55699,56797]
[231,65,684090,683473]
[232,204,611305,611487]
[233,102,182231,182586]
[234,104,553212,554457]
[235,19,1806,1697]
[236,167,642737,641858]
[237,192,530434,531340]
[238,222,556013,557165]
[239,255,66340,65167]
[240,9,360392,360164]
[241,244,29168,29763]
[242,15,470751,469885]
[243,111,419422,418041]
[244,71,117938,117546]
[245,187,89250,87964]
[246,115,664334,663722]
[247,241,608560,607613]
[248,194,234884,235870]
[249,266,231816,232835]
[250,99,730887,730247]
[251,209,432480,431553]
[252,255,219385,219162]
[253,231,338296,337215]
[254,64,555174,556079]
[255,62,702372,703630]
[256,263,638178,637673]
[257,137,198645,198512]
[258,5,236387,234952]
[259,153,173070,172924]
[260,139,513427,513376]
[261,156,169627,170489]
[262,215,433347,432454]
[263,209,613793,613058]
[264,200,662887,662932]
[265,113,491585,490603]
[266,48,585334,586634]
[267,263,724492,724436]
[268,188,673391,673652]
[269,198,361918,362505]
[270,208,315534,316221]
[271,172,531906,532265]
[272,261,693816,692335]
[273,111,631467,630811]
[274,2,69153,70177]
[275,36,550781,551564]
[276,231,361049,360690]
[277,104,442429,443439]
[278,96,482680,484097]
[279,255,640687,640079]
[280,28,655494,656038]
[281,96,331070,331824]
[282,84,597629,598756]
[283,167,392305,391735]
[284,144,38252,39569]
[285,173,667963,667020]
[286,259,584377,583434]
[287,32,137377,138571]
[288,105,215022,214047]
[289,79,729281,727934]
[290,123,590645,590033]
[291,198,129290,129772]
[292,64,700716,701185]
[293,49,255681,254887]
[294,36,658745,658819]
[295,266,114042,114750]
[296,253,73889,73429]
[297,164,509452,509563]
[298,164,200967,201991]
[299,171,688647,687313]
[300,86,174033,175329]
[301,39,375515,375211]
[302,188,634788,636151]
[303,66,31976,33215]
[304,240,313157,313927]
[305,91,152796,152619]
[306,62,278054,278446]
[307,1,489903,489439]
[308,228,277368,277789]
[309,161,617426,617351]
[310,245,590172,588895]
[311,112,637854,638615]
[312,0,220842,221536]
[313,199,35687,35050]
[314,81,404104,403840]
[315,116,446173,447255]
[316,242,686433,687619]
[317,54,171565,171614]
[318,227,180238,179366]
[319,52,491939,492054]
[320,204,411182,412560]
[321,223,630940,629646]
[322,0,679140,679357]
[323,167,469974,468883]
[324,17,232134,230653]
[325,235,390015,389980]
[326,100,489317,490507]
[327,213,65865,65375]
[328,160,546512,547540]
[329,177,375562,375342]
[330,102,228193,228758]
[331,65,635710,635311]
[332,64,385712,386330]
[333,76,116681,117546]
[334,277,716785,715773]
[335,269,603409,603060]
[336,248,718800,720277]
[337,112,12239,13511]
[338,88,571444,572245]
[339,208,264671,266143]
[340,122,393321,393795]
[341,279,3354,2181]
[342,166,472019,472091]
[343,94,228672,229420]
[344,222,343747,345089]
[345,58,15392,16103]
[346,276,665186,665846]
[347,1,725285,725217]
[348,27,278824,277710]
[349,161,204898,203630]
[350,206,281168,281871]
[351,45,338153,337556]
[352,220,318559,318678]
[353,31,114712,113288]
[354,130,539138,539771]
[355,226,315314,316093]
[356,42,205358,205713]
[357,59,552560,551325]
[358,5,428720,427394]
[359,93,181731,181215]
[360,201,116268,115431]
[361,24,122040,123467]
[362,160,330224,330661]
[363,31,331350,330598]
[364,242,685424,686790]
[365,243,687404,687079]
[366,180,612598,613709]
[367,123,512009,511280]
[368,254,664975,665551]
[369,246,586451,586778]
[370,250,582270,583246]
[371,60,109717,110180]
[372,133,295923,295345]
[373,11,15392,15093]
[374,169,642724,641966]
[375,104,467381,468383]
[376,238,694820,694940]
[377,126,674129,674704]
[378,183,664059,662676]
[379,56,225456,225712]
[380,241,669197,667999]
[381,213,489889,489225]
[382,149,464351,464025]
[383,108,245456,245729]
[384,60,47073,48525]
[385,210,536213,536371]
[386,167,637530,637314]
[387,166,286849,288292]
[388,35,395863,395792]
[389,166,292800,294276]
[390,160,215729,216169]
[391,272,124137,124463]
[392,66,446211,446540]
[393,268,102028,102900]
[394,229,73278,72680]
[395,98,79440,80113]
[396,105,724165,722745]
[397,25,214465,214239]
[398,8,317232,318311]
[399,248,228166,229193]
[400,38,615495,616317]
[401,238,343021,344209]
[402,208,317848,318409]
[403,108,706365,706757]
[404,160,486212,486432]
[405,20,386043,386073]
[406,115,389514,388351]
[407,83,527835,527687]
[408,63,100519,100407]
[409,214,241132,241294]
[410,45,395763,394339]
[411,151,385972,384812]
[412,161,474207,474099]
[413,18,135326,135460]
[414,227,537484,537098]
[415,171,518758,518701]
[416,221,533966,533402]
[417,62,24387,25017]
[418,181,33636,33606]
[419,12,526314,526466]
[420,47,571937,570676]
[421,245,718811,717814]
[422,194,433023,433069]
[423,234,553091,554259]
[424,72,646257,647470]
[425,194,88582,89252]
[426,93,410878,410636]
[427,92,304358,305690]
[428,239,93001,92248]
[429,205,396750,395705]
[430,228,192345,192617]
[431,278,198523,199425]
[432,94,217887,218121]
[433,145,583652,582714]
[434,177,262327,261462]
[435,53,91433,90645]
[436,58,642925,643505]
[437,102,281605,282763]
[438,229,618615,618560]
[439,170,615071,616417]
[440,15,673025,672395]
[441,76,346241,347398]
[442,5,727057,726361]
[443,178,54215,55639]
[444,199,203859,202412]
[445,63,711339,710148]
