["head":"wrap","lpos","status"]
[45,270755,1]
["io count"]
[45]
["io":"id","wrap","startLpos","endLpos"]
[1,7,125788,124374]
[2,9,18093,16993]
[3,10,247645,248525]
[4,151,134200,132864]
[5,242,643839,644625]
[6,117,476195,475454]
[7,212,345585,346165]
[8,125,101602,101211]
[9,266,453362,454213]
[10,151,134936,134016]
[11,78,554565,555221]
[12,253,596366,595511]
[13,21,351816,351565]
[14,248,460167,460805]
[15,122,281741,283013]
[16,128,675417,676409]
[17,153,181075,179767]
[18,142,105818,106567]
[19,195,409522,408833]
[20,68,79094,79908]
[21,178,552169,553522]
[22,273,476226,474970]
[23,31,512782,511620]
[24,213,501220,501144]
[25,48,436546,436584]
[26,61,361530,361365]
[27,12,81030,81516]
[28,124,524297,525719]
[29,50,233107,234604]
[30,247,289863,289047]
[31,49,87781,87293]
[32,133,455321,454123]
[33,10,264659,265166]
[34,54,624610,625203]
[35,8,645028,646407]
[36,185,241687,240463]
[37,164,674558,675156]
[38,85,57221,56404]
[39,181,57056,56411]
[40,137,444604,443830]
[41,169,598615,597411]
[42,265,635955,635920]
[43,241,395682,395511]
[44,97,536159,535661]
[45,78,18094,18288]
