["head":"wrap","lpos","status"]
[261,291839,1]
["io count"]
[450]
["io":"id","wrap","startLpos","endLpos"]
[1,211,724818,724166]
[2,118,241905,242531]
[3,110,249596,249854]
[4,97,704802,703401]
[5,179,380804,379444]
[6,170,345264,345941]
[7,82,401493,402364]
[8,55,352367,351373]
[9,160,121412,122627]
[10,201,675440,674945]
[11,257,11957,11323]
[12,142,291038,291747]
[13,59,395836,394555]
[14,155,464739,464554]
[15,149,585226,584051]
[16,116,601995,602685]
[17,23,632298,631780]
[18,70,606118,606740]
[19,23,234928,234806]
[20,57,63588,62822]
[21,203,321219,320475]
[22,22,221379,222406]
[23,69,433606,432876]
[24,248,553426,553736]
[25,108,21245,22692]
[26,258,97752,98945]
[27,228,122615,122812]
[28,21,88206,87450]
[29,101,125367,124283]
[30,82,80218,80669]
[31,222,569097,569792]
[32,165,350058,349096]
[33,49,59524,58787]
[34,89,252741,251591]
[35,149,447130,446104]
[36,218,541023,541334]
[37,112,409794,410282]
[38,29,95883,94986]
[39,76,228122,229514]
[40,202,475400,475872]
[41,93,462328,460947]
[42,263,118284,117945]
[43,95,289851,289580]
[44,258,155273,156227]
[45,222,514628,515446]
[46,155,142614,141551]
[47,267,678181,677179]
[48,110,246969,247967]
[49,255,341907,340766]
[50,52,370681,371762]
[51,145,635650,634705]
[52,136,127863,128170]
[53,162,172618,173251]
[54,10,478156,478777]
[55,207,302710,301985]
[56,179,225616,225258]
[57,135,186294,185374]
[58,128,111864,113140]
[59,67,413818,412645]
[60,256,11662,12485]
[61,88,451799,452767]
[62,212,311461,312948]
[63,161,229400,228259]
[64,86,571373,572719]
[65,251,232471,231534]
[66,244,336563,338028]
[67,196,385942,386820]
[68,123,135986,134895]
[69,84,453941,454035]
[70,48,567936,568780]
[71,203,126769,126456]
[72,185,622061,621937]
[73,21,83732,83519]
[74,13,342329,340989]
[75,75,236716,236666]
[76,29,699981,699779]
[77,121,401321,400400]
[78,126,152329,152479]
[79,152,406939,407942]
[80,216,240764,241588]
[81,214,620963,621735]
[82,251,15179,13885]
[83,254,553814,555261]
[84,142,87099,87603]
[85,278,182064,183561]
[86,258,89970,90220]
[87,259,558648,557998]
[88,95,466571,466279]
[89,227,26063,25128]
[90,159,281897,280790]
[91,26,353071,353231]
[92,205,709768,709602]
[93,128,599821,601318]
[94,187,717898,716424]
[95,97,511087,510809]
[96,199,198642,198163]
[97,3,691256,690787]
[98,276,34197,35335]
[99,245,223294,222918]
[100,170,474055,474687]
[101,175,69188,68010]
[102,226,136297,136363]
[103,62,502877,504125]
[104,36,535524,536386]
[105,29,430674,430409]
[106,173,268336,267800]
[107,153,406172,405465]
[108,137,264804,264262]
[109,66,395391,396150]
[110,138,677939,678752]
[111,193,317822,317470]
[112,212,364533,364963]
[113,121,672988,672506]
[114,109,633665,632230]
[115,213,189274,188638]
[116,276,486136,487074]
[117,68,334311,335268]
[118,78,282629,282815]
[119,88,165848,165960]
[120,159,521991,521105]
[121,259,372612,371758]
[122,171,661101,660730]
[123,133,281454,279962]
[124,105,190564,190431]
[125,52,298305,298630]
[126,188,312508,313024]
[127,254,207938,209277]
[128,15,447371,447322]
[129,116,57556,58652]
[130,126,368594,369282]
[131,142,422105,423585]
[132,184,637530,638817]
[133,275,611567,611250]
[134,213,189981,189394]
[135,166,651883,653164]
[136,49,730726,729616]
[137,218,218392,219548]
[138,188,363675,364484]
[139,82,554178,554294]
[140,52,418930,420390]
[141,217,292486,291307]
[142,42,247085,248230]
[143,112,616131,617074]
[144,183,231490,231184]
[145,180,601213,601325]
[146,237,233088,233027]
[147,147,224113,223571]
[148,229,114354,113420]
[149,138,395409,396247]
[150,230,412813,413190]
[151,62,105023,105691]
[152,235,322953,321471]
[153,236,475452,475954]
[154,86,603229,603706]
[155,23,270470,270417]
[156,263,58117,56894]
[157,133,496814,496478]
[158,178,712011,712969]
[159,184,643733,644319]
[160,103,615768,615382]
[161,168,723988,724920]
[162,204,598008,598330]
[163,225,17326,16299]
[164,130,526380,526613]
[165,118,597804,598483]
[166,239,39897,39090]
[167,201,140157,139912]
[168,271,724802,724136]
[169,266,56003,57162]
[170,3,626659,626452]
[171,92,574935,575329]
[172,60,628435,628770]
[173,119,239215,238467]
[174,263,5328,3967]
[175,163,441505,440545]
[176,268,148264,148910]
[177,174,215580,215853]
[178,254,479277,479976]
[179,41,61464,60322]
[180,243,321991,320635]
[181,43,229635,229264]
[182,26,137666,137872]
[183,60,326929,327036]
[184,254,402423,403153]
[185,228,532683,533480]
[186,119,729206,728600]
[187,249,157935,157307]
[188,146,315758,316519]
[189,149,320013,319498]
[190,65,443452,442239]
[191,243,28539,27916]
[192,252,221406,221608]
[193,114,341621,342787]
[194,178,521100,522236]
[195,274,501623,502293]
[196,188,45383,46828]
[197,267,139467,138447]
[198,61,192182,191135]
[199,236,418387,418869]
[200,200,672535,672661]
[201,166,56515,57617]
[202,10,573645,573853]
[203,276,378805,380263]
[204,83,353651,352686]
[205,95,183855,183570]
[206,39,550893,549899]
[207,213,581629,580221]
[208,262,574442,575701]
[209,77,112491,112158]
[210,204,376384,376504]
[211,24,93798,94458]
[212,265,682694,682411]
[213,219,633377,632052]
[214,73,313725,313429]
[215,77,714611,713603]
[216,73,206723,206347]
[217,14,626035,626821]
[218,162,92274,92623]
[219,165,440512,440015]
[220,205,353320,352456]
[221,5,647817,647419]
[222,41,528439,527477]
[223,242,708923,710383]
[224,116,76969,77539]
[225,198,275443,276561]
[226,211,644795,643659]
[227,3,530556,529924]
[228,217,514463,513904]
[229,259,202452,201062]
[230,19,6877,5976]
[231,45,222461,221042]
[232,258,364800,365157]
[233,41,577469,576725]
[234,59,82512,82278]
[235,140,706829,707121]
[236,58,275864,276055]
[237,116,64099,65136]
[238,234,366516,366869]
[239,17,353608,352968]
[240,256,363559,364602]
[241,7,634939,634755]
[242,158,200322,201404]
[243,7,301247,301171]
[244,258,287401,287933]
[245,66,662525,663948]
[246,169,231685,231357]
[247,115,118455,117024]
[248,50,583960,585044]
[249,149,397729,397632]
[250,246,256449,257163]
[251,94,410116,410464]
[252,27,134002,133265]
[253,4,173236,173739]
[254,29,637508,637330]
[255,54,117151,118577]
[256,174,252999,254353]
[257,34,501201,502678]
[258,175,8238,6902]
[259,261,307695,307072]
[260,97,36983,36611]
[261,71,687772,687478]
[262,116,711733,712884]
[263,9,16139,15012]
[264,106,619613,621084]
[265,159,354239,353076]
[266,22,70673,71936]
[267,7,625513,624144]
[268,256,81211,81819]
[269,221,672475,671970]
[270,143,83026,82851]
[271,175,651908,650805]
[272,267,352937,352688]
[273,23,455175,454005]
[274,200,367625,368629]
[275,36,72555,73070]
[276,137,479066,477753]
[277,177,434244,433741]
[278,191,631995,631905]
[279,160,231311,231571]
[280,161,448036,447885]
[281,38,329246,329431]
[282,164,280214,280326]
[283,188,521318,521623]
[284,65,255195,254775]
[285,246,202864,203763]
[286,56,673449,674239]
[287,176,503035,504191]
[288,241,320610,319462]
[289,235,180988,180275]
[290,155,42573,42293]
[291,153,180358,179176]
[292,213,329055,327735]
[293,163,651117,650723]
[294,172,163152,164236]
[295,137,62434,61519]
[296,161,558835,557698]
[297,180,67797,69278]
[298,78,219842,219933]
[299,69,267250,266079]
[300,116,446303,447770]
[301,277,151064,150214]
[302,69,155585,154298]
[303,131,137590,136687]
[304,182,649857,651274]
[305,150,312069,313456]
[306,145,669337,668561]
[307,221,43195,42180]
[308,1,365473,364279]
[309,0,402259,403729]
[310,274,664792,664905]
[311,80,715529,715947]
[312,247,610949,609553]
[313,71,135094,134338]
[314,20,29164,30217]
[315,234,149366,150712]
[316,148,579387,580079]
[317,5,2990,2888]
[318,163,138839,138626]
[319,56,343391,344479]
[320,16,347465,348368]
[321,79,362769,361408]
[322,51,247786,247333]
[323,12,219609,220690]
[324,66,642040,643238]
[325,42,254114,254593]
[326,265,618808,617825]
[327,193,402364,402259]
[328,271,491874,491195]
[329,222,412087,413322]
[330,171,117636,117194]
[331,217,294775,294028]
[332,129,14963,14363]
[333,209,607987,607682]
[334,176,152667,152910]
[335,65,588396,587708]
[336,112,469917,470613]
[337,240,592235,592867]
[338,203,589459,589043]
[339,160,171422,172732]
[340,149,434999,434295]
[341,65,192404,192018]
[342,103,385219,384294]
[343,233,583654,583143]
[344,87,4203,3331]
[345,211,361544,360512]
[346,5,697579,697463]
[347,263,8540,7328]
[348,84,686913,688391]
[349,34,446506,447069]
[350,234,160156,160256]
[351,51,487532,486797]
[352,44,268585,269947]
[353,1,387667,386850]
[354,164,438946,440216]
[355,164,80324,80467]
[356,88,204003,204888]
[357,67,6620,6039]
[358,183,535702,534276]
[359,122,473726,475075]
[360,210,429390,430394]
[361,242,249437,250843]
[362,239,158245,157303]
[363,123,204904,204381]
[364,115,283907,282471]
[365,149,717379,716698]
[366,83,513346,512616]
[367,259,161023,159600]
[368,121,453644,452691]
[369,132,416630,417787]
[370,87,596949,595789]
[371,62,714328,714437]
[372,168,527016,528438]
[373,26,723046,723786]
[374,199,378891,377977]
[375,124,572865,573965]
[376,160,162929,163554]
[377,8,89076,89954]
[378,243,455495,454667]
[379,36,50839,51981]
[380,195,88983,88878]
[381,199,156690,155861]
[382,265,659619,659440]
[383,178,180558,181143]
[384,264,67425,68779]
[385,129,391192,390386]
[386,232,656886,657057]
[387,13,693787,692390]
[388,3,137174,136868]
[389,58,720350,721703]
[390,267,27287,26416]
[391,220,716599,716689]
[392,24,237653,239047]
[393,30,179438,180225]
[394,75,32379,31718]
[395,30,442776,443007]
[396,98,708768,708922]
[397,151,502737,501821]
[398,177,474169,472964]
[399,57,356078,355676]
[400,236,154707,155425]
[401,263,180983,180120]
[402,105,555428,554667]
[403,177,412383,411584]
[404,170,706142,706842]
[405,182,724186,724904]
[406,113,502486,501529]
[407,22,638235,639533]
[408,59,651078,650307]
[409,279,99639,98215]
[410,40,572829,572993]
[411,190,163661,164886]
[412,54,628852,629703]
[413,195,458226,457907]
[414,61,36333,34979]
[415,91,253620,253132]
[416,105,179032,178117]
[417,85,61679,60375]
[418,212,214311,215606]
[419,30,5830,6563]
[420,173,564843,563672]
[421,124,298294,298584]
[422,92,419866,420958]
[423,219,324321,323928]
[424,268,420913,421721]
[425,252,604526,605391]
[426,201,299069,298953]
[427,54,575407,575532]
[428,48,127484,128094]
[429,62,597294,597601]
[430,209,415527,414047]
[431,151,509101,508373]
[432,40,418802,419071]
[433,120,233526,233688]
[434,97,541547,540828]
[435,27,472240,471592]
[436,207,211773,210281]
[437,135,70369,69849]
[438,21,694717,694571]
[439,112,713079,713609]
[440,178,117426,118925]
[441,71,437203,436843]
[442,189,48711,48386]
[443,75,222659,221385]
[444,208,142806,142874]
[445,108,290511,291172]
[446,220,346256,346451]
[447,175,507855,507469]
[448,15,277358,276339]
[449,117,87641,87361]
[450,241,488003,487847]
