["head":"wrap","lpos","status"]
[122,33912,1]
["io count"]
[455]
["io":"id","wrap","startLpos","endLpos"]
[1,175,281350,280798]
[2,195,237551,237216]
[3,58,64258,64424]
[4,232,204453,205650]
[5,83,225773,224336]
[6,45,90255,90199]
[7,165,174062,173764]
[8,252,598672,599340]
[9,263,221554,220182]
[10,228,318284,318331]
[11,7,685275,684181]
[12,141,610624,610243]
[13,221,580494,580460]
[14,104,290328,291551]
[15,257,449435,448142]
[16,131,498709,497540]
[17,155,223678,222880]
[18,230,76632,77304]
[19,60,364234,364959]
[20,191,172418,172046]
[21,224,584105,584466]
[22,94,694543,695826]
[23,189,398593,397479]
[24,20,300827,301468]
[25,107,426056,425323]
[26,233,343297,342835]
[27,203,103615,102883]
[28,105,649758,649589]
[29,212,22549,23465]
[30,142,721360,722490]
[31,22,338251,338428]
[32,212,587978,588329]
[33,172,273678,273883]
[34,274,482057,482502]
[35,27,147235,146108]
[36,178,56048,56506]
[37,6,606920,607149]
[38,59,163729,163165]
[39,151,436399,435144]
[40,269,54901,54320]
[41,143,451984,451163]
[42,134,218605,218718]
[43,189,103585,103182]
[44,82,399838,400932]
[45,194,591511,592522]
[46,125,379224,378641]
[47,114,702496,703520]
[48,5,51755,50576]
[49,265,311100,309768]
[50,273,648172,647670]
[51,182,411529,411627]
[52,163,622242,621558]
[53,138,608602,609161]
[54,110,358548,359092]
[55,10,321083,321910]
[56,215,320703,320533]
[57,163,320298,319880]
[58,68,666062,666653]
[59,194,180751,180866]
[60,176,518335,519785]
[61,66,429160,429585]
[62,142,128078,128786]
[63,167,270378,269843]
[64,234,601624,602510]
[65,131,347669,347513]
[66,254,106509,106927]
[67,131,482707,482448]
[68,57,565260,564687]
[69,77,32130,30982]
[70,210,551009,551656]
[71,19,13616,13080]
[72,200,450500,450893]
[73,258,374801,375650]
[74,123,548778,548157]
[75,98,685199,686283]
[76,91,594920,594597]
[77,37,332547,331566]
[78,110,629837,630665]
[79,105,355692,354636]
[80,252,709490,709644]
[81,138,438435,439620]
[82,130,98652,99430]
[83,16,114066,115028]
[84,12,139176,140634]
[85,213,206590,205672]
[86,65,237473,236774]
[87,18,480175,481626]
[88,63,124005,123901]
[89,67,484201,483446]
[90,241,83159,82974]
[91,102,624279,624780]
[92,3,454733,453530]
[93,249,330144,330052]
[94,9,349646,349296]
[95,31,389174,388105]
[96,202,331401,331701]
[97,131,616814,615962]
[98,138,543711,544443]
[99,252,160825,161488]
[100,98,58069,58554]
[101,220,205271,206619]
[102,49,608759,608246]
[103,85,725333,724836]
[104,165,542029,540897]
[105,121,65751,64902]
[106,241,351537,351245]
[107,249,509184,508843]
[108,30,619165,620064]
[109,238,372132,373473]
[110,129,254295,253062]
[111,125,159838,159289]
[112,156,355998,356315]
[113,112,536410,537601]
[114,143,147367,146778]
[115,138,625075,625377]
[116,251,320331,320235]
[117,175,328718,327818]
[118,0,355977,357084]
[119,16,154343,154460]
[120,95,6354,5502]
[121,184,641329,642105]
[122,192,181178,182627]
[123,85,281647,280773]
[124,242,397122,398137]
[125,14,223710,224031]
[126,243,621453,621313]
[127,229,81594,81209]
[128,128,408228,409604]
[129,170,165834,166560]
[130,211,663605,662528]
[131,4,464809,465578]
[132,82,34032,34261]
[133,187,322797,322144]
[134,227,471376,470668]
[135,133,290349,289464]
[136,181,243690,242308]
[137,100,272989,273816]
[138,260,226603,226779]
[139,220,41935,43375]
[140,83,629813,629116]
[141,132,335158,336582]
[142,37,90248,89870]
[143,72,312994,313412]
[144,137,64172,63130]
[145,215,433933,433029]
[146,33,10750,9846]
[147,136,102209,103119]
[148,213,409077,409016]
[149,32,57935,58456]
[150,22,125005,125527]
[151,5,664265,663023]
[152,218,694364,695772]
[153,40,236859,237600]
[154,233,291195,290592]
[155,245,38642,38311]
[156,2,552886,553120]
[157,129,313498,312128]
[158,101,704587,704283]
[159,184,533519,533923]
[160,13,438204,437070]
[161,190,6761,7116]
[162,44,410279,411370]
[163,125,152228,151826]
[164,178,105560,106981]
[165,33,22278,21600]
[166,79,245813,245335]
[167,76,100511,101877]
[168,1,264960,264194]
[169,115,650038,649238]
[170,152,351731,351809]
[171,127,465579,465420]
[172,80,239456,240527]
[173,250,176770,177406]
[174,183,277779,277421]
[175,232,608,1840]
[176,188,500823,501181]
[177,279,507026,506239]
[178,268,708224,709541]
[179,233,619729,618231]
[180,166,710091,710651]
[181,139,205240,204400]
[182,5,117087,116854]
[183,219,201473,201044]
[184,30,479551,480564]
[185,188,258790,260224]
[186,230,94253,94617]
[187,53,280893,280280]
[188,63,152065,150853]
[189,180,286668,286898]
[190,40,58907,59153]
[191,34,656230,656528]
[192,24,125057,125268]
[193,190,271586,272541]
[194,14,302130,303303]
[195,89,278605,277977]
[196,244,439642,439944]
[197,138,688402,689291]
[198,28,170122,170872]
[199,0,414036,414889]
[200,208,298508,299651]
[201,83,361558,360631]
[202,113,146721,146593]
[203,57,589953,589626]
[204,22,486620,486968]
[205,80,449076,449876]
[206,248,229490,229729]
[207,270,629895,629976]
[208,255,60895,59573]
[209,226,81708,81835]
[210,44,259063,259977]
[211,202,303906,304649]
[212,169,150332,149832]
[213,187,323061,322591]
[214,15,533435,532422]
[215,94,180608,181420]
[216,170,483992,485345]
[217,116,253378,253923]
[218,173,544228,544041]
[219,249,409644,408176]
[220,20,325181,326336]
[221,196,700964,701192]
[222,279,514911,514583]
[223,235,298517,298280]
[224,129,262909,262276]
[225,202,547408,547900]
[226,48,598441,599336]
[227,184,715595,716832]
[228,20,34129,35140]
[229,101,722501,722325]
[230,213,120597,119224]
[231,65,149037,148698]
[232,29,122616,122101]
[233,41,548860,548612]
[234,53,315003,313674]
[235,119,711329,710840]
[236,87,669677,668984]
[237,64,286736,287476]
[238,167,580322,579258]
[239,174,159048,159989]
[240,248,91599,92789]
[241,256,640625,640969]
[242,268,230802,232226]
[243,41,181056,179981]
[244,138,431624,432874]
[245,127,133580,132617]
[246,85,237083,236884]
[247,255,473825,472746]
[248,139,31685,30482]
[249,79,512908,512391]
[250,181,269615,268444]
[251,234,394654,395997]
[252,220,720998,721959]
[253,43,606732,606438]
[254,106,66416,66537]
[255,80,47758,48098]
[256,48,313809,314034]
[257,207,553542,553334]
[258,275,312719,312441]
[259,89,208298,206858]
[260,182,117536,118719]
[261,15,528123,527568]
[262,85,256446,255697]
[263,46,540563,540777]
[264,98,35586,36108]
[265,83,412308,411382]
[266,104,193718,195116]
[267,126,374415,375457]
[268,175,579435,579049]
[269,57,511267,509848]
[270,224,421272,421873]
[271,141,121378,120877]
[272,130,416663,416830]
[273,72,414042,414967]
[274,17,626629,626431]
[275,266,199841,200247]
[276,34,369416,370449]
[277,172,685303,685849]
[278,212,494363,495677]
[279,86,113040,114006]
[280,180,594801,595727]
[281,43,472716,471633]
[282,162,92499,93430]
[283,119,61421,60722]
[284,84,599724,600056]
[285,114,309004,309429]
[286,37,667281,666343]
[287,159,567251,566811]
[288,218,143333,143897]
[289,192,498445,499021]
[290,245,364828,364058]
[291,120,521127,522532]
[292,36,23164,23679]
[293,11,387638,386425]
[294,35,98482,97870]
[295,56,66244,67674]
[296,39,32068,31463]
[297,53,126581,125628]
[298,183,533509,532654]
[299,93,546971,546704]
[300,170,485899,486448]
[301,117,52613,52106]
[302,89,82051,82000]
[303,235,121993,121102]
[304,266,315295,315981]
[305,187,308757,308141]
[306,263,505266,505146]
[307,148,580305,580623]
[308,264,551213,551667]
[309,238,345153,346335]
[310,9,418324,417570]
[311,17,212569,211618]
[312,11,605138,604460]
[313,157,366499,365789]
[314,80,147138,147406]
[315,232,241603,242702]
[316,186,572147,572701]
[317,144,477361,478070]
[318,120,435716,436567]
[319,79,631000,629611]
[320,9,500939,500141]
[321,222,715560,715991]
[322,242,370594,370728]
[323,132,317799,318628]
[324,195,82151,81057]
[325,195,387059,386636]
[326,271,171338,170325]
[327,229,616240,614881]
[328,165,240705,239708]
[329,177,327468,325987]
[330,114,526874,527499]
[331,24,104210,104564]
[332,215,620972,619919]
[333,191,82073,81185]
[334,178,101399,101887]
[335,192,125315,126373]
[336,39,653415,652356]
[337,80,530747,531461]
[338,9,483780,482904]
[339,273,207187,205711]
[340,132,353074,353507]
[341,75,367679,367412]
[342,274,607802,609158]
[343,25,226753,226008]
[344,151,5372,4753]
[345,42,474291,475422]
[346,120,65514,66403]
[347,212,468207,469468]
[348,8,466513,466901]
[349,174,516402,516825]
[350,10,60631,60984]
[351,219,206621,205358]
[352,15,212325,211741]
[353,272,325170,325605]
[354,37,705755,705092]
[355,207,376372,375203]
[356,142,531455,532926]
[357,207,229446,228162]
[358,78,726595,726851]
[359,71,68139,67136]
[360,261,43910,43428]
[361,202,189673,190886]
[362,199,448470,448437]
[363,251,522065,521181]
[364,48,339951,341412]
[365,39,483267,481831]
[366,235,21699,20851]
[367,96,482722,483462]
[368,124,253588,254948]
[369,23,67126,66176]
[370,60,375195,376283]
[371,47,332626,331846]
[372,106,51175,52311]
[373,239,57529,56332]
[374,185,274561,273637]
[375,126,177231,177527]
[376,272,515539,516961]
[377,96,489731,490692]
[378,39,636285,635047]
[379,140,646352,646833]
[380,272,276526,277132]
[381,65,108782,107663]
[382,4,274284,275672]
[383,153,173168,172156]
[384,34,304880,305582]
[385,60,52129,52980]
[386,65,231361,230906]
[387,147,472763,471721]
[388,182,92096,92180]
[389,30,151512,151717]
[390,21,635506,634369]
[391,131,86287,85020]
[392,206,84941,85668]
[393,204,653390,653808]
[394,32,71102,71794]
[395,79,707085,706528]
[396,219,339073,338346]
[397,22,612701,614049]
[398,148,602479,602967]
[399,252,571784,573092]
[400,165,311363,310206]
[401,254,108022,109137]
[402,157,256031,255425]
[403,107,700247,698858]
[404,22,427628,428164]
[405,3,472687,472287]
[406,140,692770,693270]
[407,90,629358,630451]
[408,90,667034,668298]
[409,122,541749,542705]
[410,55,128066,127270]
[411,31,45521,44324]
[412,103,295757,295520]
[413,226,95363,96196]
[414,109,374335,373120]
[415,43,366820,365656]
[416,108,87164,87489]
[417,29,167987,167884]
[418,164,115089,115572]
[419,148,624338,624751]
[420,12,6028,6436]
[421,188,320338,320369]
[422,257,8281,7359]
[423,63,124491,123147]
[424,5,523809,523558]
[425,212,360031,360576]
[426,254,12115,13022]
[427,4,448109,448370]
[428,258,20125,21048]
[429,87,321332,321200]
[430,180,715873,715929]
[431,275,641309,639996]
[432,269,346514,345890]
[433,151,92110,91333]
[434,133,200249,199438]
[435,23,514310,513946]
[436,89,683892,682429]
[437,109,54754,54619]
[438,8,46398,47378]
[439,154,643974,645148]
[440,202,705198,705735]
[441,1,499723,498452]
[442,125,549999,549776]
[443,174,259650,260300]
[444,172,123645,124509]
[445,10,374069,375344]
[446,217,178140,177778]
[447,21,154038,154006]
[448,182,64758,66075]
[449,113,426907,426199]
[450,261,318326,318200]
[451,179,261166,260224]
[452,193,729571,728532]
[453,41,350197,349042]
[454,96,501640,502115]
[455,123,303989,302938]
