["head":"wrap","lpos","status"]
[6,606186,0]
["io count"]
[460]
["io":"id","wrap","startLpos","endLpos"]
[1,270,480990,481137]
[2,52,292717,293249]
[3,131,77768,76587]
[4,133,358675,357789]
[5,211,627225,626762]
[6,121,132555,131851]
[7,273,265975,264760]
[8,254,421246,422664]
[9,95,16010,15123]
[10,241,498030,496921]
[11,113,529896,529099]
[12,90,695699,696530]
[13,262,170272,170955]
[14,49,74318,73406]
[15,4,343261,343488]
[16,61,372633,371759]
[17,165,720257,719786]
[18,124,695282,696144]
[19,45,237491,236156]
[20,187,322703,322022]
[21,135,489112,488481]
[22,269,277779,277522]
[23,263,134387,133799]
[24,271,102491,101301]
[25,179,520778,520686]
[26,187,430878,429643]
[27,156,178719,179381]
[28,63,280914,279604]
[29,223,396112,394779]
[30,33,68281,67402]
[31,195,334793,334560]
[32,108,55665,55991]
[33,36,537641,538019]
[34,276,238745,239829]
[35,231,693761,693637]
[36,82,96595,97683]
[37,175,161294,161224]
[38,250,336534,337693]
[39,233,65396,64935]
[40,68,551101,551808]
[41,178,200927,202141]
[42,36,294654,295641]
[43,268,120894,122004]
[44,63,170505,169719]
[45,264,534006,534375]
[46,68,348293,349206]
[47,211,193552,192137]
[48,170,727063,728075]
[49,209,560900,559872]
[50,185,392671,391553]
[51,182,312119,312203]
[52,37,109461,108067]
[53,48,355723,356212]
[54,92,110287,111489]
[55,78,538785,539475]
[56,250,319972,321404]
[57,107,366739,366454]
[58,68,513741,515219]
[59,264,621497,622745]
[60,90,167129,167449]
[61,79,602075,601542]
[62,128,162430,163871]
[63,255,725636,724211]
[64,163,48599,47941]
[65,232,19150,20206]
[66,274,242212,243340]
[67,262,83520,84262]
[68,5,687053,685812]
[69,136,312418,313612]
[70,18,646815,648162]
[71,120,636784,636976]
[72,266,561034,562312]
[73,191,165297,164622]
[74,68,407906,408972]
[75,221,714169,713568]
[76,35,305124,304483]
[77,5,72995,71709]
[78,271,20986,19834]
[79,130,479642,480733]
[80,107,1315,579]
[81,230,224138,224308]
[82,99,672078,671052]
[83,68,2485,2528]
[84,240,477413,477701]
[85,151,622580,621272]
[86,271,531408,531017]
[87,195,347255,345889]
[88,215,514597,513535]
[89,42,232996,234307]
[90,30,105459,106586]
[91,145,417621,416267]
[92,60,482729,483233]
[93,60,127668,129094]
[94,63,496193,494785]
[95,85,52543,51975]
[96,164,570670,570700]
[97,0,490304,491330]
[98,5,727560,727461]
[99,21,306025,305709]
[100,178,382506,383083]
[101,148,476269,477083]
[102,254,383017,384020]
[103,131,691286,690258]
[104,30,672387,673750]
[105,158,308649,310004]
[106,229,171547,170498]
[107,234,486659,487306]
[108,186,529865,530039]
[109,271,257117,256735]
[110,7,409341,408104]
[111,184,392990,393920]
[112,268,65251,65923]
[113,191,544385,544141]
[114,247,715385,715352]
[115,59,688279,686957]
[116,86,133350,133651]
[117,35,248462,247109]
[118,54,275018,275349]
[119,264,19219,19996]
[120,226,451929,452307]
[121,212,506886,507086]
[122,54,453975,454910]
[123,126,402251,403483]
[124,234,457339,458599]
[125,24,631117,632196]
[126,1,258930,258481]
[127,107,178075,177301]
[128,225,552120,550815]
[129,9,392038,391330]
[130,154,326238,327186]
[131,110,300727,301334]
[132,97,206042,204891]
[133,86,457338,457606]
[134,249,12310,11543]
[135,178,375697,376967]
[136,237,365536,364837]
[137,85,74298,73656]
[138,94,713863,715302]
[139,71,366770,365747]
[140,43,15153,14851]
[141,110,383251,383571]
[142,227,575731,574510]
[143,128,486357,487281]
[144,237,365218,364304]
[145,80,124729,125750]
[146,122,708220,709169]
[147,81,77312,77132]
[148,117,485820,484460]
[149,142,10045,10605]
[150,269,62784,62731]
[151,201,95137,93790]
[152,143,645837,644442]
[153,157,95240,94508]
[154,225,457074,456307]
[155,170,631024,632314]
[156,79,657947,656537]
[157,263,623595,622490]
[158,195,178294,177519]
[159,95,5192,4682]
[160,204,436576,436915]
[161,261,669865,668436]
[162,160,226947,228372]
[163,151,628281,627453]
[164,83,641200,640468]
[165,80,132601,133110]
[166,79,245706,244220]
[167,32,644942,645625]
[168,62,700198,701423]
[169,30,74213,75593]
[170,251,17750,16751]
[171,195,681259,680709]
[172,79,400468,399598]
[173,79,620453,620420]
[174,186,237736,238081]
[175,105,624735,624322]
[176,167,188541,187200]
[177,109,699819,699394]
[178,165,300289,299828]
[179,165,344602,344176]
[180,265,286214,284926]
[181,212,328936,328992]
[182,3,565163,565127]
[183,95,255845,255815]
[184,82,559333,559640]
[185,218,664144,665276]
[186,275,654805,653944]
[187,55,102586,101367]
[188,176,689351,690848]
[189,174,571919,573320]
[190,104,691048,692337]
[191,275,241625,241315]
[192,256,165027,165899]
[193,256,283436,283841]
[194,260,376748,377798]
[195,214,255179,256658]
[196,180,403292,403404]
[197,214,497512,498304]
[198,77,497341,496022]
[199,185,293826,293662]
[200,38,231502,232173]
[201,120,314046,315196]
[202,129,690024,689855]
[203,272,199637,201043]
[204,177,367900,367136]
[205,164,598143,599416]
[206,193,451934,451364]
[207,89,90289,90183]
[208,265,39019,37955]
[209,19,73247,71804]
[210,156,204460,205657]
[211,32,61003,62071]
[212,277,140779,140575]
[213,62,254089,254428]
[214,24,193408,194592]
[215,177,236420,236381]
[216,39,652380,652202]
[217,19,562801,562201]
[218,257,664936,664125]
[219,92,614648,614767]
[220,67,428860,427840]
[221,250,229860,231011]
[222,152,243806,244412]
[223,71,450404,449730]
[224,228,218314,219221]
[225,271,67433,66253]
[226,82,171662,173111]
[227,138,311101,312004]
[228,95,705558,704955]
[229,51,320967,320458]
[230,245,591042,590584]
[231,266,316319,316380]
[232,81,271165,270688]
[233,274,32067,32452]
[234,147,96082,96023]
[235,228,482933,483167]
[236,238,417025,417856]
[237,131,197904,196770]
[238,96,389046,389516]
[239,15,612576,612094]
[240,137,467324,466430]
[241,2,29889,31073]
[242,178,701024,701088]
[243,31,350462,349604]
[244,12,491212,492676]
[245,3,11881,11517]
[246,47,163792,163603]
[247,122,43532,44547]
[248,138,316055,316496]
[249,7,151766,150515]
[250,246,575425,576909]
[251,240,712565,713850]
[252,67,686469,686080]
[253,101,643423,642998]
[254,100,58059,58117]
[255,234,347302,348460]
[256,96,698848,699945]
[257,140,651965,653242]
[258,5,105597,105129]
[259,47,562824,562184]
[260,105,255405,255229]
[261,183,246794,245709]
[262,144,642555,643222]
[263,198,279826,280748]
[264,38,516370,516859]
[265,32,253167,254444]
[266,35,109395,108937]
[267,53,581267,581103]
[268,184,217432,217532]
[269,192,267445,267812]
[270,14,585306,585392]
[271,224,677895,678212]
[272,231,617883,616603]
[273,264,63932,64446]
[274,70,129227,130474]
[275,276,310626,310663]
[276,269,174491,173977]
[277,132,61061,61297]
[278,94,380439,380576]
[279,207,580083,578792]
[280,264,324808,325027]
[281,227,609247,608048]
[282,89,49813,49011]
[283,108,641453,641975]
[284,127,528548,528345]
[285,28,118690,120065]
[286,21,725197,724625]
[287,112,213255,214507]
[288,101,618919,618336]
[289,157,414037,413774]
[290,124,475685,476555]
[291,155,382577,381155]
[292,79,540807,539632]
[293,165,578309,577388]
[294,168,552822,553980]
[295,128,622012,623507]
[296,162,328240,329670]
[297,49,495412,494730]
[298,7,717206,715781]
[299,256,603455,604903]
[300,170,99168,100554]
[301,37,128545,128473]
[302,32,402107,402448]
[303,149,311247,310821]
[304,172,426866,428121]
[305,145,176202,174768]
[306,70,87789,88223]
[307,129,408179,407228]
[308,257,202725,202631]
[309,211,507724,506433]
[310,19,657257,656013]
[311,106,656746,657761]
[312,202,615090,615907]
[313,129,720227,719618]
[314,85,71962,71560]
[315,195,451840,450868]
[316,203,185726,184789]
[317,138,285148,286488]
[318,132,11112,11527]
[319,11,123076,122653]
[320,153,229469,228703]
[321,129,193931,192439]
[322,50,444977,446046]
[323,1,254266,253194]
[324,101,116131,115232]
[325,191,719367,719053]
[326,259,106532,105509]
[327,211,439217,438509]
[328,266,219029,220055]
[329,71,377765,376403]
[330,128,680460,681060]
[331,227,456202,455437]
[332,131,533293,531912]
[333,237,427245,425909]
[334,81,200015,199880]
[335,228,7920,8924]
[336,203,163369,163302]
[337,154,424392,425230]
[338,140,270709,270987]
[339,141,310001,309213]
[340,9,472817,472695]
[341,160,347567,348736]
[342,147,212298,212122]
[343,255,47370,46112]
[344,11,60342,58879]
[345,117,73530,73315]
[346,154,677137,677538]
[347,160,280454,280794]
[348,77,622756,622469]
[349,265,44096,42678]
[350,87,290535,289448]
[351,278,249827,250178]
[352,213,323557,322416]
[353,249,225083,224691]
[354,209,563356,561964]
[355,90,113405,114820]
[356,206,307283,308136]
[357,233,538887,537833]
[358,178,630876,631793]
[359,92,438242,439223]
[360,143,145847,144608]
[361,51,678942,678311]
[362,154,396884,397326]
[363,267,146267,145611]
[364,135,724227,723046]
[365,261,322801,321393]
[366,126,322467,323018]
[367,79,353453,352845]
[368,111,668248,667910]
[369,115,563456,562094]
[370,61,189402,188270]
[371,224,67863,69326]
[372,92,400088,400662]
[373,87,639535,638929]
[374,14,149223,150340]
[375,278,41986,42338]
[376,51,264991,263776]
[377,166,658272,659005]
[378,2,591039,591093]
[379,219,107768,107392]
[380,13,283280,282824]
[381,112,13500,13717]
[382,257,398467,397972]
[383,130,428292,429198]
[384,14,261962,263003]
[385,188,691785,692957]
[386,191,250977,250797]
[387,11,464685,464398]
[388,137,522577,521127]
[389,150,1063,1828]
[390,170,259720,260665]
[391,87,644991,643551]
[392,153,642476,641148]
[393,225,72986,72049]
[394,106,29521,30523]
[395,201,696520,695807]
[396,238,449411,450869]
[397,172,40024,40612]
[398,99,86050,85090]
[399,65,470559,470338]
[400,206,323724,325120]
[401,269,665267,664060]
[402,254,116645,117366]
[403,107,6034,4950]
[404,42,405198,406683]
[405,41,318595,318171]
[406,209,200638,200060]
[407,153,271457,270449]
[408,5,416950,416229]
[409,103,358293,356941]
[410,103,687187,686019]
[411,77,14540,14048]
[412,101,247572,246329]
[413,234,450206,450576]
[414,43,544629,543975]
[415,202,225310,225783]
[416,256,90455,91476]
[417,54,539447,539869]
[418,47,587892,586508]
[419,12,187456,188548]
[420,167,585699,584554]
[421,86,321982,323071]
[422,6,337158,337655]
[423,196,591170,591441]
[424,48,157899,158973]
[425,176,591473,592014]
[426,81,119935,118852]
[427,201,492291,491338]
[428,31,292489,292179]
[429,134,129682,131053]
[430,212,335773,336743]
[431,275,702782,702169]
[432,277,235431,233965]
[433,188,579310,580578]
[434,192,197143,198499]
[435,8,699116,699614]
[436,107,686307,686033]
[437,114,621037,621340]
[438,105,561203,560063]
[439,257,323822,323140]
[440,127,575919,575477]
[441,77,295748,295356]
[442,270,669770,670086]
[443,229,568824,568426]
[444,3,211556,210533]
[445,219,366411,365596]
[446,268,152944,154009]
[447,4,138057,138809]
[448,50,13698,14157]
[449,177,496044,495955]
[450,232,338325,338892]
[451,230,374826,375879]
[452,85,639714,638643]
[453,228,726011,726500]
[454,244,497779,498571]
[455,28,502646,502934]
[456,134,609502,610440]
[457,226,59640,59884]
[458,172,148048,148383]
[459,129,725014,724721]
[460,241,658807,658713]
30]
