["head":"wrap","lpos","status"]
[255,100433,0]
["io count"]
[465]
["io":"id","wrap","startLpos","endLpos"]
[1,245,86868,86007]
[2,228,667306,668732]
[3,278,352930,353247]
[4,44,420892,422378]
[5,148,21052,22259]
[6,98,566816,567487]
[7,30,433571,434312]
[8,178,669855,669999]
[9,0,208863,209096]
[10,53,139359,138003]
[11,135,525839,524997]
[12,0,128641,129538]
[13,92,380221,381126]
[14,151,246346,246307]
[15,182,578767,580064]
[16,234,109866,110429]
[17,248,647022,647807]
[18,72,67087,67366]
[19,167,122499,121123]
[20,121,497449,497375]
[21,45,52890,51745]
[22,172,383400,384173]
[23,58,57353,58569]
[24,230,689794,689839]
[25,148,190158,191497]
[26,277,50619,50183]
[27,276,436344,437284]
[28,72,666152,666516]
[29,213,167132,165849]
[30,14,319200,320450]
[31,236,39888,41386]
[32,119,176656,175258]
[33,92,442286,443743]
[34,90,12156,13097]
[35,165,207467,206892]
[36,109,717604,717381]
[37,51,206001,205281]
[38,270,445268,445328]
[39,83,349953,348535]
[40,209,139401,138726]
[41,21,338863,338323]
[42,110,148484,149060]
[43,15,181885,181497]
[44,84,95799,96877]
[45,19,330929,329555]
[46,13,577766,577718]
[47,115,724473,723708]
[48,127,180893,180028]
[49,99,434981,434638]
[50,110,587697,588841]
[51,79,323210,323111]
[52,119,391226,390104]
[53,119,350853,350037]
[54,268,158941,159645]
[55,4,39970,40342]
[56,189,559861,559026]
[57,53,722054,721562]
[58,245,523859,523503]
[59,75,624372,623220]
[60,178,352661,353146]
[61,114,402440,403008]
[62,149,140397,139062]
[63,57,486120,484640]
[64,236,560289,560434]
[65,164,246686,247742]
[66,279,386845,385709]
[67,92,236128,237047]
[68,254,284838,285772]
[69,193,274643,273182]
[70,262,269357,269978]
[71,274,363854,363992]
[72,231,307230,306275]
[73,240,671060,672028]
[74,239,521043,520018]
[75,8,53605,54834]
[76,69,620325,618848]
[77,170,37922,37969]
[78,6,307075,308247]
[79,96,182807,183600]
[80,44,386318,387579]
[81,49,354997,354503]
[82,13,190432,189507]
[83,254,36971,37569]
[84,164,548862,550146]
[85,216,495772,497190]
[86,43,383827,382338]
[87,238,139493,140473]
[88,70,273351,274336]
[89,161,261191,260994]
[90,160,378001,379479]
[91,206,85594,86590]
[92,123,371558,370988]
[93,199,31469,31101]
[94,204,257026,257581]
[95,264,163411,164701]
[96,100,539709,540659]
[97,91,260729,259253]
[98,218,377434,377806]
[99,188,20102,20305]
[100,178,490456,490764]
[101,77,358024,357697]
[102,210,692966,694077]
[103,91,397039,395915]
[104,83,37114,36733]
[105,242,235785,236037]
[106,77,125257,124625]
[107,165,562013,561132]
[108,86,383503,384319]
[109,17,316280,315210]
[110,223,142806,141584]
[111,129,112379,111153]
[112,207,286717,286034]
[113,238,378450,379882]
[114,202,35009,36075]
[115,10,57507,58809]
[116,89,304728,303816]
[117,162,288832,289409]
[118,72,306857,307399]
[119,255,23635,22311]
[120,256,674540,674770]
[121,205,320929,319850]
[122,34,362890,363980]
[123,261,441317,440244]
[124,58,123806,124045]
[125,267,425287,425062]
[126,103,341103,340455]
[127,38,456292,457518]
[128,4,695573,696987]
[129,14,334721,335712]
[130,48,547788,548173]
[131,256,318089,319220]
[132,196,294404,295191]
[133,142,443227,443974]
[134,45,291814,291547]
[135,71,23085,21973]
[136,246,77095,78367]
[137,231,414315,413193]
[138,172,269804,271042]
[139,234,720286,721198]
[140,216,511895,512517]
[141,127,613233,612768]
[142,188,98871,100329]
[143,103,168761,168305]
[144,9,328779,327318]
[145,253,152129,150769]
[146,120,606113,607033]
[147,270,468444,469751]
[148,28,672107,673190]
[149,140,713019,714183]
[150,74,483865,485279]
[151,134,570497,571448]
[152,193,272011,271337]
[153,110,698924,699544]
[154,63,415090,414385]
[155,10,363405,364189]
[156,54,715460,715793]
[157,189,406599,405559]
[158,226,3361,3479]
[159,76,687455,688737]
[160,252,14819,15776]
[161,35,442806,441716]
[162,153,411852,410534]
[163,111,43898,42800]
[164,133,162852,162452]
[165,228,544295,545158]
[166,173,147064,146375]
[167,42,318074,318116]
[168,88,696268,696467]
[169,80,479469,480537]
[170,15,152118,150887]
[171,163,147744,146862]
[172,116,14543,15084]
[173,275,645811,645557]
[174,26,217569,218229]
[175,176,611849,613192]
[176,164,718298,719172]
[177,74,308143,309475]
[178,219,608855,607580]
[179,29,137560,137384]
[180,3,350254,349040]
[181,235,58136,56838]
[182,132,7041,7627]
[183,195,476961,476319]
[184,63,269715,269456]
[185,217,80806,80129]
[186,12,415294,416688]
[187,90,616204,617220]
[188,89,372008,370800]
[189,7,56928,55883]
[190,100,699892,700163]
[191,121,526624,526454]
[192,38,570216,571368]
[193,85,87968,87097]
[194,186,68490,69625]
[195,76,698199,699028]
[196,241,508439,507872]
[197,139,717702,717512]
[198,113,315091,314921]
[199,8,560913,561870]
[200,44,364693,365843]
[201,138,79291,79629]
[202,144,604742,605869]
[203,11,233176,232597]
[204,52,163362,163772]
[205,185,644711,643406]
[206,3,689576,689043]
[207,129,44387,44240]
[208,250,613503,613910]
[209,227,464794,463989]
[210,156,203945,205418]
[211,184,721430,721622]
[212,86,577640,578941]
[213,64,374954,375768]
[214,165,163989,163423]
[215,33,498916,497947]
[216,62,160172,161335]
[217,178,703819,704016]
[218,92,223571,224057]
[219,246,185465,185886]
[220,217,421595,420896]
[221,183,44975,44079]
[222,41,717888,717579]
[223,59,141708,140540]
[224,80,178070,179168]
[225,127,691377,690202]
[226,63,470112,469531]
[227,17,232526,231250]
[228,139,202170,201155]
[229,112,13777,14101]
[230,41,193240,192629]
[231,197,276014,274527]
[232,87,478367,477295]
[233,140,167861,168737]
[234,275,299302,297868]
[235,265,727899,727685]
[236,105,147396,145942]
[237,35,676333,676162]
[238,270,519972,520871]
[239,176,531964,532062]
[240,166,695048,695806]
[241,240,233997,234129]
[242,182,425664,426595]
[243,167,434397,433525]
[244,271,248093,247972]
[245,31,76640,75334]
[246,58,490133,491154]
[247,112,566889,568283]
[248,214,415157,416274]
[249,264,24441,24703]
[250,131,456932,455518]
[251,170,344753,344895]
[252,121,521196,520240]
[253,279,399465,398620]
[254,80,50518,51467]
[255,147,6586,6518]
[256,271,175480,175215]
[257,6,140998,141570]
[258,6,369320,370317]
[259,40,597954,598008]
[260,150,419269,420095]
[261,132,143149,143558]
[262,163,677611,676136]
[263,122,30258,31390]
[264,239,136086,135510]
[265,175,614437,613675]
[266,97,36101,35579]
[267,61,558434,557257]
[268,103,512103,510617]
[269,220,726067,726115]
[270,223,447095,446470]
[271,64,383112,383855]
[272,250,441235,441410]
[273,263,554595,554021]
[274,135,434814,433551]
[275,99,11102,10468]
[276,247,143957,142595]
[277,57,532724,531286]
[278,161,397418,397187]
[279,271,150004,149584]
[280,263,356331,355560]
[281,57,87441,86693]
[282,136,484547,485294]
[283,247,60240,59796]
[284,248,250345,250523]
[285,21,276213,275999]
[286,58,513452,514768]
[287,179,555594,554845]
[288,276,167005,168026]
[289,5,11663,11326]
[290,27,327507,326478]
[291,68,264978,265056]
[292,94,603311,603857]
[293,119,189599,188718]
[294,167,720942,720637]
[295,84,282150,283585]
[296,117,83709,82540]
[297,123,390624,389596]
[298,215,109384,107928]
[299,261,634458,633994]
[300,14,542011,542166]
[301,176,645169,645228]
[302,134,615677,616656]
[303,78,539918,541238]
[304,0,442448,442964]
[305,136,437269,438616]
[306,262,311516,312415]
[307,219,228752,228487]
[308,108,80639,81388]
[309,197,47265,47230]
[310,210,707620,707688]
[311,234,723983,725045]
[312,262,124879,125375]
[313,69,147473,146577]
[314,202,502311,502502]
[315,176,615549,616175]
[316,229,93669,93098]
[317,241,477766,476601]
[318,158,489331,490292]
[319,99,30419,29965]
[320,245,632995,631844]
[321,255,371585,370781]
[322,271,387335,387298]
[323,274,78147,78348]
[324,55,583324,582931]
[325,272,214490,215009]
[326,112,270592,271787]
[327,88,95600,96950]
[328,28,574978,575209]
[329,256,37581,38230]
[330,89,645363,644033]
[331,11,348826,347427]
[332,189,56686,55893]
[333,171,720708,719641]
[334,189,473743,472972]
[335,100,371562,372137]
[336,223,632499,631860]
[337,159,10139,8853]
[338,99,614719,613971]
[339,205,480945,480674]
[340,50,460238,460326]
[341,143,45886,45018]
[342,221,239396,239068]
[343,67,362070,361828]
[344,196,272293,272633]
[345,109,622290,620992]
[346,56,341693,342103]
[347,70,223974,224092]
[348,272,325280,325803]
[349,249,118364,118158]
[350,138,653861,653903]
[351,245,292063,290582]
[352,190,208681,208973]
[353,178,679598,680955]
[354,156,662362,663150]
[355,33,298803,297360]
[356,137,381070,380894]
[357,91,221636,220427]
[358,126,351763,351871]
[359,9,109167,109026]
[360,176,400908,401108]
[361,261,591231,590310]
[362,221,526350,524968]
[363,79,87137,86131]
[364,76,104041,104936]
[365,75,121394,120029]
[366,84,719958,721402]
[367,221,250630,249996]
[368,183,78945,78736]
[369,220,501111,501928]
[370,14,113436,113613]
[371,131,603831,603406]
[372,20,472162,473044]
[373,16,607785,608768]
[374,7,380948,380061]
[375,243,2792,1656]
[376,175,324275,324141]
[377,16,415140,416480]
[378,261,435433,434586]
[379,87,429141,428307]
[380,204,331426,331557]
[381,98,339523,340020]
[382,133,216354,215191]
[383,69,103995,103201]
[384,74,251490,252786]
[385,170,36521,36746]
[386,218,302089,303163]
[387,173,382780,381301]
[388,249,431184,429984]
[389,110,138499,139839]
[390,30,439348,440576]
[391,99,368555,367205]
[392,245,580248,579205]
[393,5,331255,330575]
[394,114,380418,381724]
[395,113,711609,710818]
[396,39,180626,179695]
[397,124,294241,294807]
[398,113,319839,318559]
[399,196,264031,265390]
[400,252,670382,670544]
[401,227,6395,6118]
[402,163,94921,94638]
[403,87,127152,126468]
[404,247,226338,225910]
[405,51,142050,140739]
[406,64,49176,49419]
[407,182,546986,548405]
[408,188,630407,630876]
[409,233,718820,718069]
[410,3,312383,311005]
[411,252,428268,428617]
[412,137,209135,208830]
[413,3,698425,697086]
[414,48,216346,217499]
[415,144,469773,471222]
[416,268,263745,264328]
[417,170,685191,685979]
[418,6,511962,513172]
[419,46,231880,232837]
[420,73,301053,300225]
[421,201,61754,61563]
[422,25,393989,393126]
[423,229,401953,401492]
[424,235,48927,47856]
[425,89,328107,327239]
[426,174,721051,721537]
[427,6,99673,99718]
[428,273,388688,388467]
[429,193,260134,259139]
[430,104,628239,628918]
[431,127,287312,286662]
[432,141,165808,165460]
[433,265,236841,236215]
[434,21,446220,445938]
[435,161,458594,457647]
[436,109,374267,373965]
[437,177,146053,145582]
[438,49,533589,532819]
[439,132,544455,545371]
[440,31,566996,566059]
[441,103,539654,539553]
[442,121,503210,502403]
[443,84,652571,653244]
[444,150,268453,269893]
[445,142,518011,519271]
[446,43,507510,507224]
[447,184,333968,335001]
[448,203,705465,704002]
[449,177,398785,397398]
[450,115,332683,331398]
[451,139,582883,582249]
[452,41,541609,541153]
[453,161,523846,523519]
[454,206,10533,10892]
[455,198,108942,110186]
[456,114,105226,106179]
[457,231,356369,355897]
[458,53,649354,648366]
[459,205,263261,262685]
[460,117,372417,371281]
[461,41,30575,29711]
[462,171,170002,169699]
[463,135,624005,623126]
[464,265,415092,414361]
[465,102,164904,166393]
