["head":"wrap","lpos","status"]
[142,206052,0]
["io count"]
[470]
["io":"id","wrap","startLpos","endLpos"]
[1,188,430366,430489]
[2,67,562931,561777]
[3,50,412668,412892]
[4,12,57953,59352]
[5,270,314518,315937]
[6,138,210152,210949]
[7,224,449453,449675]
[8,39,342504,341446]
[9,45,679521,679018]
[10,150,47258,48643]
[11,159,546967,546383]
[12,237,316231,315891]
[13,132,24968,26205]
[14,17,187598,186231]
[15,203,629525,628308]
[16,9,186975,186057]
[17,266,128264,128567]
[18,27,288031,287329]
[19,222,630007,630626]
[20,237,78961,77856]
[21,253,493000,492670]
[22,101,646782,645394]
[23,20,174129,174503]
[24,16,703855,704847]
[25,187,321862,320832]
[26,71,631486,630267]
[27,116,636064,636403]
[28,131,209666,208382]
[29,54,523883,524367]
[30,82,259669,259717]
[31,32,28328,29262]
[32,90,41882,42647]
[33,31,493816,492828]
[34,246,210560,211052]
[35,80,371010,371745]
[36,213,10890,10376]
[37,11,448195,447785]
[38,192,361617,362643]
[39,158,95727,96817]
[40,133,416617,416364]
[41,235,337511,336094]
[42,47,427787,426516]
[43,192,187972,188604]
[44,52,490448,490846]
[45,167,444100,443277]
[46,244,86871,87600]
[47,92,308525,309543]
[48,23,494548,494167]
[49,226,62115,62771]
[50,145,52619,52033]
[51,172,491853,493342]
[52,263,85510,85271]
[53,169,723120,722183]
[54,2,272313,272855]
[55,49,55736,54830]
[56,231,479189,478241]
[57,40,571605,572008]
[58,233,114594,114218]
[59,262,325105,326536]
[60,265,139239,138118]
[61,66,262955,263767]
[62,278,490176,490227]
[63,175,195289,193904]
[64,45,327092,326151]
[65,40,507380,508821]
[66,206,633889,635358]
[67,206,333421,333854]
[68,184,259676,259767]
[69,128,88690,90124]
[70,53,101494,100917]
[71,121,351223,350346]
[72,185,498876,498307]
[73,92,592743,592976]
[74,107,224372,223726]
[75,114,688040,689454]
[76,205,28587,28407]
[77,96,378188,379631]
[78,77,283016,282377]
[79,76,437456,437603]
[80,6,712493,713123]
[81,64,683342,684565]
[82,256,102420,103856]
[83,136,686968,687844]
[84,65,171672,170995]
[85,230,697085,697894]
[86,125,658016,657076]
[87,190,362919,364059]
[88,114,337173,337789]
[89,151,707434,707140]
[90,197,211408,210707]
[91,277,591547,590271]
[92,106,532176,533519]
[93,226,111322,112679]
[94,221,581198,579798]
[95,191,166030,164691]
[96,172,55281,56540]
[97,262,42640,43481]
[98,122,457481,458191]
[99,278,497982,498049]
[100,178,465088,465724]
[101,21,282894,282409]
[102,62,97012,97262]
[103,32,677418,678610]
[104,209,13945,13536]
[105,58,616951,617881]
[106,279,661612,660849]
[107,105,7364,6909]
[108,268,213056,213970]
[109,41,427399,426671]
[110,86,199206,199755]
[111,210,177064,178159]
[112,266,502032,503204]
[113,186,299439,300929]
[114,201,530134,529321]
[115,60,46830,47407]
[116,235,291990,291479]
[117,204,467518,468767]
[118,122,214428,215311]
[119,225,362591,361902]
[120,221,561609,560171]
[121,113,18731,17606]
[122,69,394702,394444]
[123,71,595358,594360]
[124,52,72506,72627]
[125,242,598086,598579]
[126,161,478179,478035]
[127,98,263465,264541]
[128,76,718306,718555]
[129,254,426804,427268]
[130,188,445776,446872]
[131,268,707273,708471]
[132,84,279876,281095]
[133,6,719273,720365]
[134,218,129032,129347]
[135,77,539540,538368]
[136,275,598358,597503]
[137,261,393592,393112]
[138,20,141621,141824]
[139,58,97711,97777]
[140,103,73044,72215]
[141,199,260036,259429]
[142,115,143643,142606]
[143,232,291785,292166]
[144,176,130012,130864]
[145,86,38711,39808]
[146,176,231599,232292]
[147,278,409791,410613]
[148,275,30950,30091]
[149,234,304941,305584]
[150,169,369908,369830]
[151,77,638471,638248]
[152,24,18893,19579]
[153,91,256462,255566]
[154,247,112531,111157]
[155,21,29128,28562]
[156,168,412010,413380]
[157,100,302975,304195]
[158,159,672193,670952]
[159,164,240298,241345]
[160,253,226472,225715]
[161,143,716725,715980]
[162,1,307912,307480]
[163,232,150203,150543]
[164,185,594201,593748]
[165,276,664074,664572]
[166,182,542957,544084]
[167,133,445667,444797]
[168,250,683668,683869]
[169,267,226737,225767]
[170,183,334269,332860]
[171,263,622835,621507]
[172,181,128523,127661]
[173,31,260214,260170]
[174,201,231865,230621]
[175,88,510203,511513]
[176,111,67680,66783]
[177,24,216426,216728]
[178,20,397758,398831]
[179,156,278054,278966]
[180,151,298936,298390]
[181,149,565286,565066]
[182,211,331411,330034]
[183,68,408254,408366]
[184,254,206830,207240]
[185,175,4936,4547]
[186,219,313088,312891]
[187,146,77489,78214]
[188,216,448484,448735]
[189,175,100294,99479]
[190,68,153708,154889]
[191,80,66380,66783]
[192,219,76489,75075]
[193,91,665787,664400]
[194,106,337719,338998]
[195,243,263296,263238]
[196,176,30197,31330]
[197,268,438019,438821]
[198,36,89260,90150]
[199,7,201703,200251]
[200,42,478228,478439]
[201,25,71289,70757]
[202,224,650678,650947]
[203,201,619264,618842]
[204,195,56842,56093]
[205,96,240520,240680]
[206,68,418014,418272]
[207,201,504179,502681]
[208,59,207646,206351]
[209,127,217412,216942]
[210,4,448236,448680]
[211,58,407259,408314]
[212,12,703669,705088]
[213,175,127714,127385]
[214,242,429639,429796]
[215,94,417931,418569]
[216,278,301686,301787]
[217,135,3419,2896]
[218,5,390841,389865]
[219,235,239751,239660]
[220,99,581429,581168]
[221,208,468746,468929]
[222,277,650796,650585]
[223,136,39191,39493]
[224,174,311476,311893]
[225,5,10930,10221]
[226,227,112059,111825]
[227,59,319549,319420]
[228,243,419501,419436]
[229,209,726405,724971]
[230,138,568236,569527]
[231,212,631680,632145]
[232,83,339539,339231]
[233,84,633938,634326]
[234,18,364213,364698]
[235,220,679356,680215]
[236,143,259210,258292]
[237,174,367284,367964]
[238,17,681474,680262]
[239,162,126312,127329]
[240,208,710403,710555]
[241,67,55860,55778]
[242,45,12240,10960]
[243,9,412234,411949]
[244,54,257124,258392]
[245,209,504067,503163]
[246,88,133659,134631]
[247,135,428478,428330]
[248,96,499148,499857]
[249,40,116436,117671]
[250,249,567389,566473]
[251,158,16843,17441]
[252,155,515012,514279]
[253,256,655300,655404]
[254,209,656912,656221]
[255,116,108885,109090]
[256,167,183266,182987]
[257,6,474443,474599]
[258,251,680414,680051]
[259,260,150876,151233]
[260,119,58222,56913]
[261,225,388942,387941]
[262,153,435565,435136]
[263,100,690255,691029]
[264,86,64855,65157]
[265,108,200603,200921]
[266,223,699201,697932]
[267,7,619309,617922]
[268,244,539843,540350]
[269,108,609263,610195]
[270,197,219806,218432]
[271,265,229386,228531]
[272,194,617392,617751]
[273,160,586050,586833]
[274,223,202841,202105]
[275,231,730993,729927]
[276,192,344909,345771]
[277,214,79907,80003]
[278,135,236624,235329]
[279,241,589160,589047]
[280,118,25882,26492]
[281,162,269227,270481]
[282,159,26087,24906]
[283,114,397006,397477]
[284,258,143440,144328]
[285,255,453724,453256]
[286,23,556562,555398]
[287,276,494869,494939]
[288,276,119330,119885]
[289,104,617930,618527]
[290,216,312469,312860]
[291,135,653230,651925]
[292,104,708059,709368]
[293,247,334605,334342]
[294,119,306002,305873]
[295,256,251978,252380]
[296,173,711709,711403]
[297,169,128851,128102]
[298,49,22114,21164]
[299,115,560065,558602]
[300,8,209767,210690]
[301,205,95891,95725]
[302,245,64400,63893]
[303,223,212067,211320]
[304,22,629971,630222]
[305,22,210353,210799]
[306,145,599621,598292]
[307,20,434135,435148]
[308,219,639873,639073]
[309,101,253444,252145]
[310,90,295318,296512]
[311,109,12579,11411]
[312,7,97411,97124]
[313,250,115050,116082]
[314,210,311285,312185]
[315,220,57149,58350]
[316,118,717987,719117]
[317,210,482308,483552]
[318,236,336259,337748]
[319,11,531161,530158]
[320,41,689184,688260]
[321,63,555437,555042]
[322,144,196535,197908]
[323,38,223236,223930]
[324,22,629577,630348]
[325,218,664946,665978]
[326,176,618294,619404]
[327,262,679851,680889]
[328,96,335504,335878]
[329,218,547660,548226]
[330,208,655297,655333]
[331,43,649533,649357]
[332,154,675048,675304]
[333,249,175880,174776]
[334,2,210304,211203]
[335,275,144460,143925]
[336,13,624753,623704]
[337,100,115744,116433]
[338,41,366054,365417]
[339,135,644531,643795]
[340,30,330342,331572]
[341,251,430033,429857]
[342,87,325975,324694]
[343,132,534830,535212]
[344,80,540589,540669]
[345,101,469262,467853]
[346,186,405111,405355]
[347,99,442689,442190]
[348,250,281161,282231]
[349,97,441333,440276]
[350,27,654713,654310]
[351,105,130287,130169]
[352,58,575680,576701]
[353,83,205149,204270]
[354,181,691960,690879]
[355,82,510223,511393]
[356,24,5966,7104]
[357,107,219652,219500]
[358,35,11403,9991]
[359,188,178988,179864]
[360,73,614949,614692]
[361,128,536427,537375]
[362,195,457586,456873]
[363,6,651926,652833]
[364,142,265268,265848]
[365,75,39723,38687]
[366,223,523189,522737]
[367,111,181973,181898]
[368,108,625848,626312]
[369,109,155885,155139]
[370,143,298701,297294]
[371,28,483459,484850]
[372,187,324725,324631]
[373,152,444841,445118]
[374,236,378018,378848]
[375,213,288232,286897]
[376,184,538488,538695]
[377,72,415217,415849]
[378,77,410824,410531]
[379,41,283252,282847]
[380,61,130259,130202]
[381,54,695787,696407]
[382,265,255312,254517]
[383,101,134749,133424]
[384,42,559174,560078]
[385,67,423929,422539]
[386,37,585869,584761]
[387,234,440179,441595]
[388,140,183469,184917]
[389,118,664969,665568]
[390,36,432978,434368]
[391,73,484671,483907]
[392,88,405265,405552]
[393,214,126364,127623]
[394,192,650782,652031]
[395,152,586237,586728]
[396,24,526539,526767]
[397,29,552779,551976]
[398,142,33990,35028]
[399,13,278127,277630]
[400,48,290580,291226]
[401,226,474966,475432]
[402,266,172640,173302]
[403,117,202425,201463]
[404,126,458306,458823]
[405,210,336831,337006]
[406,240,712309,712823]
[407,6,248269,248680]
[408,26,362573,363459]
[409,264,101367,101843]
[410,95,375559,374541]
[411,249,47355,46518]
[412,224,63957,64086]
[413,232,121543,121607]
[414,270,190205,190267]
[415,206,547154,548435]
[416,64,720467,720701]
[417,25,544560,544020]
[418,232,481068,482037]
[419,51,609607,608737]
[420,110,167707,169033]
[421,54,706164,707591]
[422,25,626559,626128]
[423,17,249962,249917]
[424,275,502050,502003]
[425,240,278629,279896]
[426,268,93081,94512]
[427,7,373864,373088]
[428,235,201155,199797]
[429,222,178963,179500]
[430,1,60947,60203]
[431,113,285813,285602]
[432,91,565250,564073]
[433,63,16595,15614]
[434,205,74149,73526]
[435,112,325435,326805]
[436,105,33419,32405]
[437,67,30142,29102]
[438,109,382969,382213]
[439,50,684132,684329]
[440,271,626080,625777]
[441,247,437355,436472]
[442,118,500460,500584]
[443,261,598517,598096]
[444,152,290984,292333]
[445,46,26330,26771]
[446,253,723716,723636]
[447,242,376867,377651]
[448,134,678160,679466]
[449,193,497653,496369]
[450,227,235609,234839]
[451,50,610757,611128]
[452,92,653674,653836]
[453,223,695174,694036]
[454,257,716002,715671]
[455,89,77774,76941]
[456,18,40681,41623]
[457,165,592988,591900]
[458,2,382976,383658]
[459,242,710067,710366]
[460,80,340927,342316]
[461,106,55538,56876]
[462,204,605170,605554]
[463,12,40602,41776]
[464,105,417088,416570]
[465,12,722075,723078]
[466,76,489712,490116]
[467,173,170385,169594]
[468,4,340138,340571]
[469,71,652253,651212]
[470,112,569568,570364]
