["head":"wrap","lpos","status"]
[259,292997,0]
["io count"]
[475]
["io":"id","wrap","startLpos","endLpos"]
[1,39,302995,302841]
[2,92,328196,328447]
[3,107,323658,323117]
[4,261,510409,510012]
[5,271,333042,331895]
[6,260,371786,373047]
[7,179,261627,261499]
[8,112,225736,226095]
[9,159,439956,439415]
[10,105,710858,709615]
[11,223,437446,437079]
[12,109,110195,109462]
[13,151,651877,650560]
[14,62,51651,52432]
[15,111,561127,560271]
[16,178,12259,13313]
[17,85,178119,177298]
[18,62,19230,20727]
[19,197,703203,701883]
[20,70,466990,468451]
[21,77,12556,12180]
[22,142,243052,243280]
[23,114,680079,680421]
[24,262,70999,72189]
[25,228,593176,594160]
[26,52,277398,277748]
[27,227,453991,452602]
[28,55,250570,249309]
[29,100,328346,329235]
[30,105,103619,103519]
[31,64,248155,248554]
[32,162,382630,383519]
[33,28,511336,511418]
[34,39,174634,173667]
[35,11,406401,405636]
[36,166,158682,159415]
[37,50,303898,304535]
[38,123,643530,643039]
[39,269,521713,521345]
[40,152,722458,723406]
[41,132,250177,250761]
[42,264,578798,579297]
[43,116,647309,647658]
[44,81,134834,133872]
[45,145,608492,608146]
[46,253,177102,176736]
[47,244,117559,118798]
[48,185,394142,393773]
[49,215,553506,552907]
[50,95,451267,449914]
[51,50,343535,344455]
[52,143,200482,199841]
[53,37,332681,331639]
[54,237,211550,210361]
[55,232,647155,648414]
[56,209,124643,123499]
[57,20,37873,38700]
[58,158,629498,629943]
[59,264,481284,481960]
[60,220,11005,11171]
[61,217,532171,530953]
[62,269,233081,232465]
[63,107,699855,698462]
[64,220,522523,522852]
[65,182,511779,512105]
[66,81,120376,119260]
[67,32,716118,716464]
[68,257,557365,556048]
[69,47,115875,115030]
[70,244,99761,101065]
[71,192,631635,632786]
[72,47,354047,352901]
[73,178,250078,250823]
[74,66,633739,634515]
[75,266,288670,289010]
[76,76,424420,425695]
[77,138,291388,292365]
[78,265,126803,125456]
[79,248,464627,464876]
[80,105,129121,128670]
[81,4,594112,594396]
[82,99,503869,503243]
[83,154,356986,357745]
[84,212,377905,379356]
[85,264,709615,710401]
[86,84,431503,432794]
[87,210,414473,415451]
[88,19,106209,105819]
[89,254,242403,242455]
[90,132,208265,208994]
[91,166,57544,58117]
[92,267,34048,32596]
[93,171,410484,409887]
[94,27,608386,606964]
[95,173,458328,458153]
[96,61,186622,185360]
[97,95,556827,556631]
[98,60,620818,621367]
[99,229,236165,235956]
[100,150,237524,237749]
[101,54,610372,611624]
[102,3,92499,91894]
[103,262,71992,72420]
[104,222,284463,284764]
[105,272,359751,360854]
[106,152,336676,337520]
[107,174,169689,170327]
[108,25,4419,4195]
[109,114,459261,459349]
[110,222,694009,694119]
[111,228,547584,548223]
[112,269,379180,378549]
[113,132,63575,64979]
[114,57,68157,66769]
[115,71,114746,114311]
[116,145,187868,187650]
[117,150,363332,364587]
[118,227,359259,358029]
[119,4,655439,655922]
[120,71,286841,286022]
[121,117,48612,47795]
[122,27,616295,614892]
[123,148,92573,93943]
[124,96,496974,498121]
[125,259,618266,618084]
[126,29,479447,478624]
[127,27,99180,98611]
[128,268,634591,635826]
[129,260,729622,730139]
[130,267,722929,722256]
[131,19,352861,352284]
[132,249,434040,433536]
[133,30,250005,250949]
[134,89,632463,631641]
[135,231,729956,728862]
[136,243,204985,204771]
[137,123,520617,520315]
[138,260,251313,251897]
[139,50,37519,37553]
[140,168,17805,18807]
[141,7,512380,512156]
[142,254,540132,540491]
[143,220,468264,468866]
[144,30,401595,402448]
[145,66,664022,664171]
[146,246,132432,132558]
[147,173,179584,178612]
[148,224,711368,711866]
[149,155,722105,721007]
[150,59,688734,687366]
[151,260,319311,320684]
[152,118,148967,149008]
[153,193,83614,82795]
[154,152,539420,540351]
[155,26,96351,97495]
[156,203,7429,6394]
[157,141,361983,360808]
[158,19,490848,490724]
[159,95,472832,471776]
[160,187,659329,657855]
[161,24,648384,649559]
[162,65,30956,30183]
[163,156,424006,425035]
[164,20,136119,137516]
[165,103,400610,399347]
[166,279,440195,439256]
[167,205,420447,419318]
[168,185,223843,223432]
[169,127,37271,36902]
[170,144,292632,293118]
[171,142,611508,611594]
[172,65,700607,699981]
[173,48,382855,383200]
[174,42,453772,454121]
[175,250,625058,626185]
[176,94,441431,442740]
[177,44,159083,160532]
[178,14,79490,80085]
[179,64,335644,336197]
[180,234,448932,449706]
[181,238,486252,487354]
[182,57,159549,158799]
[183,26,475521,476149]
[184,231,360229,359697]
[185,205,400866,400574]
[186,270,503453,504636]
[187,144,149852,149992]
[188,57,245222,244497]
[189,136,327482,328366]
[190,132,277624,278468]
[191,5,518300,517892]
[192,213,301139,301027]
[193,208,693942,694459]
[194,250,175484,176126]
[195,112,257516,257587]
[196,110,120058,121194]
[197,175,590146,588929]
[198,274,385548,386910]
[199,90,148208,149123]
[200,176,705952,707391]
[201,83,712949,712688]
[202,269,406421,405010]
[203,203,305101,303876]
[204,70,276849,277577]
[205,77,669892,668414]
[206,211,37653,36612]
[207,215,564592,564253]
[208,126,608901,609529]
[209,261,427702,427394]
[210,203,455652,455073]
[211,30,192163,192588]
[212,76,268433,268558]
[213,239,53747,52459]
[214,61,95569,95294]
[215,47,308921,308402]
[216,262,379333,380028]
[217,27,183047,182424]
[218,18,440867,441432]
[219,154,173781,174804]
[220,157,552712,552313]
[221,119,632226,630833]
[222,171,311235,310094]
[223,100,603336,604177]
[224,75,548263,548058]
[225,78,706437,706502]
[226,255,45890,45562]
[227,191,502325,502217]
[228,5,271421,271087]
[229,195,31772,30371]
[230,119,204905,204389]
[231,105,312129,311743]
[232,87,486642,485297]
[233,68,559888,560948]
[234,248,395685,397012]
[235,149,99674,99052]
[236,96,318015,318283]
[237,64,648412,648639]
[238,186,649138,649944]
[239,137,295874,295399]
[240,19,610935,610185]
[241,173,560296,559306]
[242,194,453919,454547]
[243,236,270332,271325]
[244,133,403533,403190]
[245,114,17630,18954]
[246,218,571723,572670]
[247,46,72521,73767]
[248,108,316736,317643]
[249,268,179316,179906]
[250,244,250715,251423]
[251,187,178080,177917]
[252,82,375260,376052]
[253,119,292321,291276]
[254,141,272793,272580]
[255,243,600538,600491]
[256,16,552040,553145]
[257,235,480871,480819]
[258,195,541314,540412]
[259,11,16843,16525]
[260,170,269074,269840]
[261,55,580922,579425]
[262,167,669186,669053]
[263,239,86498,85104]
[264,12,377516,378311]
[265,186,430005,431274]
[266,19,49489,48335]
[267,29,235288,233789]
[268,37,63296,63213]
[269,27,531596,530921]
[270,58,728561,729944]
[271,158,520944,521829]
[272,109,552412,552357]
[273,243,231654,231514]
[274,176,202095,202486]
[275,87,206598,206202]
[276,35,84050,83456]
[277,47,267786,266984]
[278,0,384005,385146]
[279,253,102495,101594]
[280,167,549140,548050]
[281,101,24322,23606]
[282,90,126168,126343]
[283,118,481893,482160]
[284,15,187172,185846]
[285,232,63917,64244]
[286,197,117066,116147]
[287,235,431569,430619]
[288,26,662642,663750]
[289,23,570109,569818]
[290,120,401907,401989]
[291,61,271447,270600]
[292,145,530790,529569]
[293,218,654278,654500]
[294,70,15901,16934]
[295,219,246682,246188]
[296,178,182404,182520]
[297,38,124798,125282]
[298,256,697830,698258]
[299,80,519493,519567]
[300,103,338900,338285]
[301,226,574851,575057]
[302,69,32817,32772]
[303,92,619933,621038]
[304,25,632579,632476]
[305,122,137431,137652]
[306,65,112914,112507]
[307,241,580305,579610]
[308,40,522593,523962]
[309,37,715743,714743]
[310,42,108351,108957]
[311,63,51311,51130]
[312,141,655957,655742]
[313,278,28916,29711]
[314,173,655110,653893]
[315,85,424318,423395]
[316,55,530835,529359]
[317,79,262453,261241]
[318,38,275287,276787]
[319,33,115648,114858]
[320,191,683059,681683]
[321,137,412977,411588]
[322,138,656223,657282]
[323,134,406109,406706]
[324,46,448631,449559]
[325,86,312520,312873]
[326,213,120460,120100]
[327,167,21771,21434]
[328,117,511358,510815]
[329,127,582921,581937]
[330,196,539183,539945]
[331,34,409313,410649]
[332,26,531889,532152]
[333,3,111444,110476]
[334,248,231371,231667]
[335,223,583118,582103]
[336,21,230034,229051]
[337,208,188883,189685]
[338,190,426842,428147]
[339,251,310555,310116]
[340,121,247207,247023]
[341,261,499183,498144]
[342,260,525047,525501]
[343,256,483966,484791]
[344,114,22058,22516]
[345,242,60613,62067]
[346,214,635077,635839]
[347,164,16587,16931]
[348,17,439798,438658]
[349,98,319407,320729]
[350,51,58612,57856]
[351,99,219298,218668]
[352,72,518528,519958]
[353,12,390374,391445]
[354,11,97859,96387]
[355,169,698888,697417]
[356,56,262751,263375]
[357,128,562374,562616]
[358,92,18156,18481]
[359,36,86393,87355]
[360,61,120042,119133]
[361,79,52735,52477]
[362,231,179259,178604]
[363,162,126696,126948]
[364,27,174422,174084]
[365,143,558623,557821]
[366,180,432963,434433]
[367,161,713727,713085]
[368,259,519746,518756]
[369,28,198335,199737]
[370,81,678251,676946]
[371,79,520103,519349]
[372,152,55215,55292]
[373,230,526628,526897]
[374,178,160076,160114]
[375,236,251950,253094]
[376,74,80650,81898]
[377,140,514096,515232]
[378,147,69220,68728]
[379,86,242051,242437]
[380,272,447559,448061]
[381,124,444022,445284]
[382,19,384717,383628]
[383,161,685481,684865]
[384,58,458543,460039]
[385,39,150859,150733]
[386,214,168754,169854]
[387,272,228146,228772]
[388,245,349581,349444]
[389,14,486451,487481]
[390,115,725958,725403]
[391,93,444711,444562]
[392,69,477982,477445]
[393,136,105550,106127]
[394,137,274029,273466]
[395,52,455891,456548]
[396,27,576563,575086]
[397,113,641935,641494]
[398,37,129342,128104]
[399,206,34032,35251]
[400,273,97676,96420]
[401,202,85571,85701]
[402,227,679004,678850]
[403,141,281681,280869]
[404,161,273510,273242]
[405,96,117860,119005]
[406,50,487442,488885]
[407,62,442764,443021]
[408,53,367769,366870]
[409,79,624371,623960]
[410,148,119946,120131]
[411,38,142200,142432]
[412,147,353769,353337]
[413,94,449049,450216]
[414,249,120592,119681]
[415,264,654781,656033]
[416,112,722986,723536]
[417,89,707841,707767]
[418,10,679557,679668]
[419,176,634489,634840]
[420,72,687444,688727]
[421,247,449740,449383]
[422,55,353182,352359]
[423,267,87775,86616]
[424,144,19652,20913]
[425,188,655565,655877]
[426,153,156918,156748]
[427,150,692003,693477]
[428,17,494913,493613]
[429,224,473625,474111]
[430,123,124547,123455]
[431,257,431525,430091]
[432,61,433052,432424]
[433,181,228403,227810]
[434,33,391586,390212]
[435,235,381810,380918]
[436,126,97807,98236]
[437,197,347283,345999]
[438,133,598821,597766]
[439,38,521429,522585]
[440,132,679358,680401]
[441,21,256993,255679]
[442,173,534554,533113]
[443,68,78441,79420]
[444,88,424400,424579]
[445,20,100020,101302]
[446,129,108354,107449]
[447,196,650441,651901]
[448,2,569521,569754]
[449,271,480391,479124]
[450,127,436742,435702]
[451,0,677968,678359]
[452,52,293068,293873]
[453,115,155939,155706]
[454,248,58663,58934]
[455,196,508881,509592]
[456,143,552825,551899]
[457,221,189379,189023]
[458,247,160936,160836]
[459,110,498795,500165]
[460,81,505108,503898]
[461,146,376334,376422]
[462,264,367284,368761]
[463,27,293109,292653]
[464,170,591370,592445]
[465,183,480921,480786]
[466,94,492276,493534]
[467,195,661158,659699]
[468,78,132152,132733]
[469,268,198498,199505]
[470,211,440654,440018]
[471,252,617399,617889]
[472,159,56414,56247]
[473,43,29466,29296]
[474,103,612226,610833]
[475,160,238569,239052]
