["head":"wrap","lpos","status"]
[144,129746,1]
["io count"]
[480]
["io":"id","wrap","startLpos","endLpos"]
[1,248,50797,51310]
[2,20,692376,692671]
[3,275,293454,292724]
[4,242,425471,425603]
[5,191,517225,516786]
[6,124,369606,370129]
[7,177,188090,186898]
[8,123,703561,703210]
[9,172,287297,288778]
[10,113,629610,628392]
[11,204,489841,489884]
[12,63,367945,367163]
[13,189,705437,704558]
[14,153,534158,534099]
[15,264,704880,706323]
[16,262,602896,603050]
[17,46,226036,226800]
[18,155,226913,225526]
[19,57,623962,623767]
[20,228,112606,114085]
[21,187,143793,142783]
[22,261,151115,150741]
[23,52,264473,264504]
[24,168,212358,213535]
[25,219,485691,484364]
[26,87,301155,300157]
[27,28,325000,326464]
[28,278,592883,593389]
[29,223,552467,551926]
[30,19,151567,150450]
[31,9,601452,600620]
[32,21,451927,450913]
[33,188,636468,636603]
[34,0,457274,457458]
[35,6,403253,404597]
[36,9,127571,127022]
[37,60,722734,723499]
[38,275,510694,509213]
[39,52,108298,109306]
[40,69,356887,356484]
[41,140,553182,554209]
[42,93,130727,130211]
[43,101,343609,342587]
[44,26,94215,94808]
[45,209,678466,677513]
[46,135,684619,683146]
[47,34,385791,386796]
[48,230,119809,121030]
[49,229,540385,538972]
[50,274,706199,707518]
[51,158,43614,44239]
[52,123,458847,458538]
[53,137,319268,318325]
[54,252,173810,175267]
[55,224,638110,639382]
[56,204,544518,545792]
[57,20,556173,557145]
[58,270,387710,388384]
[59,260,464345,464914]
[60,11,441066,440964]
[61,171,424758,423269]
[62,95,575370,574798]
[63,273,376736,375409]
[64,38,434066,434427]
[65,101,726879,726195]
[66,22,106185,106574]
[67,65,698993,698119]
[68,216,231725,232333]
[69,160,603510,603574]
[70,37,494354,493245]
[71,4,210449,210993]
[72,175,430014,429335]
[73,97,44916,44315]
[74,145,283409,282292]
[75,268,695537,695684]
[76,14,589657,590665]
[77,45,647885,646951]
[78,165,539309,538621]
[79,272,32926,33251]
[80,31,574248,573759]
[81,227,45394,44039]
[82,93,177263,176065]
[83,233,263095,262143]
[84,277,436562,436253]
[85,88,464629,464886]
[86,259,372240,371886]
[87,174,661804,662438]
[88,190,370153,371642]
[89,155,100869,99867]
[90,53,727254,726779]
[91,255,402504,401263]
[92,258,170681,171770]
[93,137,501356,500250]
[94,104,720523,721754]
[95,50,48619,49449]
[96,158,360729,361217]
[97,196,483531,484221]
[98,87,725710,725602]
[99,21,351109,349906]
[100,49,513955,513719]
[101,40,154818,155449]
[102,217,358318,357636]
[103,230,296163,297045]
[104,260,271004,271166]
[105,131,432974,432447]
[106,200,506943,507885]
[107,257,227340,226798]
[108,269,566175,564855]
[109,226,664036,664653]
[110,40,547087,547232]
[111,45,706428,705888]
[112,200,542977,543932]
[113,252,438124,439356]
[114,257,560426,559391]
[115,156,633525,634166]
[116,86,563741,565104]
[117,31,710671,710570]
[118,75,34252,33380]
[119,25,169309,169124]
[120,186,687589,688565]
[121,132,98189,99582]
[122,107,432156,432005]
[123,202,505057,505918]
[124,155,100370,99784]
[125,151,63077,61820]
[126,198,278907,279987]
[127,202,506833,506954]
[128,199,305198,303884]
[129,63,345385,345271]
[130,94,269463,269516]
[131,156,338625,339897]
[132,122,233203,233549]
[133,68,363826,364692]
[134,126,82830,84176]
[135,256,574312,575569]
[136,102,355603,356091]
[137,107,170641,169833]
[138,221,574248,572859]
[139,27,368601,367147]
[140,0,10798,11068]
[141,167,505643,504222]
[142,26,607256,608348]
[143,185,232780,231552]
[144,82,296260,297699]
[145,9,724555,723215]
[146,258,97225,98482]
[147,126,713852,714904]
[148,153,338813,338320]
[149,220,445520,446650]
[150,102,659881,660901]
[151,217,175201,174700]
[152,71,142778,142042]
[153,55,353921,353567]
[154,224,556394,556898]
[155,270,252408,252523]
[156,176,200248,200832]
[157,1,489161,488674]
[158,205,96552,96472]
[159,73,723146,722408]
[160,231,392769,392670]
[161,76,106644,107360]
[162,201,460352,458899]
[163,116,680639,680985]
[164,220,47223,48404]
[165,242,676751,678156]
[166,201,526117,524804]
[167,155,436731,436598]
[168,209,728085,727129]
[169,278,247719,248835]
[170,165,501988,500840]
[171,275,92943,91550]
[172,237,325164,324449]
[173,235,112925,112858]
[174,227,360222,359117]
[175,80,348174,349395]
[176,126,33347,34562]
[177,270,365780,366116]
[178,89,182061,181335]
[179,208,664501,665606]
[180,140,537337,537561]
[181,158,255131,255619]
[182,145,309571,308668]
[183,67,86722,85971]
[184,263,214828,214249]
[185,242,379790,380618]
[186,268,647196,647944]
[187,20,135183,135887]
[188,105,642306,641910]
[189,236,163938,164145]
[190,175,517208,516244]
[191,194,129131,129871]
[192,271,701275,700663]
[193,250,544060,544407]
[194,0,412495,413509]
[195,213,616082,615426]
[196,75,37335,37139]
[197,152,450216,451127]
[198,181,341699,341192]
[199,5,483262,482261]
[200,212,263065,263153]
[201,200,564478,565219]
[202,99,391426,390277]
[203,81,83216,82615]
[204,229,350391,349696]
[205,197,325802,324533]
[206,133,301865,300709]
[207,149,286041,285747]
[208,232,73623,73697]
[209,152,532195,532505]
[210,37,455950,454469]
[211,141,329702,328853]
[212,103,424264,424231]
[213,276,455181,456633]
[214,161,75723,75187]
[215,17,85115,83742]
[216,81,204057,202879]
[217,210,340820,341626]
[218,190,177183,177662]
[219,33,18532,17296]
[220,278,529980,530603]
[221,88,469547,471043]
[222,165,625687,624948]
[223,145,322592,321442]
[224,198,705983,706074]
[225,87,139215,137742]
[226,142,144086,144625]
[227,36,488051,489536]
[228,221,5568,4493]
[229,52,222491,222932]
[230,79,609691,609493]
[231,213,413112,411929]
[232,104,114951,114985]
[233,275,321069,320164]
[234,26,8839,8954]
[235,59,214445,213627]
[236,22,319804,320776]
[237,130,350455,351908]
[238,77,400127,398671]
[239,255,548097,547336]
[240,180,612233,612913]
[241,267,588647,588493]
[242,167,77051,76801]
[243,55,142517,142076]
[244,152,663574,664576]
[245,36,6004,6669]
[246,249,607790,606934]
[247,161,707575,707068]
[248,132,307280,307818]
[249,129,675308,674101]
[250,169,280706,280325]
[251,13,305275,304227]
[252,73,385390,383931]
[253,13,82336,81490]
[254,263,207114,205872]
[255,35,703975,703343]
[256,57,333610,333051]
[257,154,631704,632215]
[258,128,452964,454231]
[259,86,602893,604362]
[260,11,349379,349053]
[261,207,498686,498329]
[262,243,368475,368147]
[263,180,647599,647649]
[264,3,15349,14194]
[265,275,630617,629913]
[266,272,570686,571587]
[267,28,103142,104182]
[268,22,348528,348612]
[269,132,348170,349562]
[270,232,422076,422775]
[271,193,580190,579570]
[272,162,564834,566265]
[273,212,705361,705989]
[274,48,657972,658027]
[275,213,535264,535027]
[276,163,89684,89034]
[277,162,667202,667841]
[278,238,661299,661851]
[279,175,308360,306927]
[280,6,259909,260897]
[281,183,188838,188444]
[282,9,631346,630536]
[283,44,269118,269743]
[284,41,42394,40968]
[285,168,384405,385874]
[286,118,7763,8996]
[287,257,459683,458810]
[288,220,98324,99694]
[289,175,211781,210452]
[290,249,467488,466207]
[291,37,308048,307757]
[292,188,173543,174961]
[293,202,494780,495445]
[294,165,192934,192196]
[295,156,392971,394338]
[296,130,99155,99504]
[297,195,195733,195113]
[298,271,386509,385982]
[299,89,664391,663847]
[300,241,387601,387396]
[301,118,188243,189600]
[302,54,313602,314560]
[303,28,528955,530266]
[304,192,230530,231165]
[305,161,555132,554911]
[306,147,100594,99835]
[307,255,3813,3442]
[308,241,430695,429733]
[309,265,42065,41891]
[310,123,673644,673397]
[311,69,646045,645908]
[312,169,336038,335991]
[313,159,251829,251784]
[314,99,519512,519044]
[315,269,351987,350665]
[316,247,246865,246227]
[317,186,505590,506690]
[318,96,716918,717260]
[319,154,43453,44557]
[320,149,576644,575382]
[321,174,55421,56020]
[322,82,539929,540248]
[323,118,601936,603009]
[324,143,315606,314634]
[325,213,350542,349196]
[326,206,207114,208519]
[327,179,418145,416848]
[328,152,542386,543111]
[329,275,195857,194948]
[330,182,246888,246934]
[331,233,219373,218581]
[332,275,583868,583756]
[333,203,728886,727728]
[334,166,179304,180133]
[335,32,249598,249676]
[336,23,654842,653792]
[337,34,467824,468594]
[338,88,18138,19598]
[339,57,258159,257754]
[340,111,589011,588188]
[341,153,344691,343230]
[342,57,458082,457242]
[343,81,177281,175810]
[344,168,37089,37241]
[345,42,368833,369077]
[346,259,162237,161102]
[347,212,331949,333232]
[348,207,404328,403244]
[349,264,439088,439614]
[350,113,167928,167134]
[351,72,614609,615942]
[352,126,639356,640345]
[353,105,463381,463074]
[354,129,108275,107030]
[355,84,97154,97942]
[356,177,170296,169787]
[357,158,687418,688357]
[358,160,594369,594599]
[359,226,299404,300626]
[360,94,433974,435116]
[361,177,595199,594440]
[362,109,161117,160634]
[363,52,509132,510126]
[364,135,102216,100812]
[365,90,424973,425536]
[366,240,356934,357832]
[367,156,537248,538048]
[368,104,37021,38134]
[369,96,155150,155659]
[370,197,175949,174501]
[371,132,178976,179697]
[372,262,228325,228595]
[373,83,467184,466908]
[374,104,668397,669891]
[375,137,3272,2821]
[376,230,202923,203026]
[377,150,21424,22303]
[378,238,712565,712781]
[379,27,83829,83388]
[380,183,73229,72691]
[381,161,466386,466232]
[382,83,493908,493505]
[383,144,523940,524974]
[384,122,67033,67285]
[385,222,56363,57568]
[386,170,277767,277826]
[387,185,352238,352135]
[388,202,536199,536995]
[389,82,480841,482035]
[390,209,463774,463347]
[391,45,480485,479879]
[392,120,376988,377520]
[393,181,113656,112772]
[394,149,277102,276177]
[395,127,473894,472977]
[396,255,248721,247739]
[397,131,423411,422626]
[398,235,106730,106590]
[399,19,158206,156780]
[400,188,352058,353270]
[401,237,472294,471202]
[402,116,343414,344690]
[403,25,559754,559015]
[404,33,232846,232548]
[405,15,620316,619285]
[406,228,279016,279486]
[407,98,123478,124181]
[408,133,96188,95567]
[409,226,215368,216674]
[410,20,205606,206105]
[411,122,277775,278096]
[412,243,166067,165695]
[413,154,586919,587168]
[414,42,443427,443939]
[415,177,540979,540906]
[416,49,226724,226442]
[417,130,71075,71477]
[418,8,38507,39313]
[419,140,171976,172404]
[420,46,671066,671445]
[421,43,91881,91470]
[422,72,42333,43549]
[423,136,184590,184807]
[424,15,654960,654036]
[425,232,186039,186444]
[426,251,401053,399973]
[427,197,679593,679273]
[428,72,483815,484894]
[429,112,515150,515294]
[430,119,454319,452850]
[431,167,356997,356125]
[432,156,155443,156467]
[433,206,381937,383287]
[434,178,142365,142615]
[435,186,412490,413443]
[436,227,686993,685994]
[437,195,534230,533364]
[438,139,210450,209459]
[439,83,719724,719356]
[440,35,380332,378904]
[441,163,631806,631271]
[442,78,595496,596499]
[443,86,44025,44321]
[444,55,295944,295861]
[445,140,402663,403788]
[446,89,617628,616208]
[447,75,571542,570444]
[448,166,162435,163491]
[449,183,482313,480909]
[450,43,376015,374694]
[451,234,561552,563041]
[452,20,312739,313762]
[453,240,616027,617460]
[454,266,388064,388551]
[455,61,356128,354767]
[456,112,255702,256346]
[457,225,108040,107261]
[458,181,274084,273456]
[459,120,198014,198377]
[460,18,46205,46682]
[461,266,683492,684803]
[462,62,261887,263200]
[463,197,562498,561362]
[464,201,128115,127825]
[465,29,489210,488930]
[466,47,606975,606029]
[467,11,569238,568090]
[468,26,384403,385434]
[469,8,501196,502053]
[470,46,686454,687650]
[471,212,598435,598747]
[472,238,54913,56308]
[473,24,52217,52759]
[474,220,405125,405798]
[475,176,358541,358634]
[476,193,259919,258476]
[477,52,482470,483443]
[478,25,134253,133761]
[479,55,502687,502306]
[480,236,117257,118532]
