["head":"wrap","lpos","status"]
[246,268764,1]
["io count"]
[485]
["io":"id","wrap","startLpos","endLpos"]
[1,28,209424,210663]
[2,278,468248,468308]
[3,31,168764,168537]
[4,23,269118,268733]
[5,190,176001,176969]
[6,234,339045,339166]
[7,255,139890,138490]
[8,151,421085,419740]
[9,196,463359,464370]
[10,236,89681,91151]
[11,220,8511,9618]
[12,140,666968,668406]
[13,180,509113,509819]
[14,217,189700,188420]
[15,212,729443,730883]
[16,57,11546,10820]
[17,55,451662,451085]
[18,73,439535,439443]
[19,27,305615,305503]
[20,42,175943,176797]
[21,150,37993,39472]
[22,86,160896,161265]
[23,263,355199,354200]
[24,148,39620,40272]
[25,119,725935,724841]
[26,216,484837,484867]
[27,252,580523,580882]
[28,145,670399,669438]
[29,269,454438,453197]
[30,204,606843,608157]
[31,181,355817,354497]
[32,272,701814,702499]
[33,240,558151,558577]
[34,143,149236,148654]
[35,29,404710,403374]
[36,71,365462,365159]
[37,77,706396,706133]
[38,188,485765,487105]
[39,136,240304,241385]
[40,207,502551,502031]
[41,215,715981,715220]
[42,169,251854,250591]
[43,201,99816,99673]
[44,36,282060,282350]
[45,187,670103,669058]
[46,118,419914,420280]
[47,18,435175,436179]
[48,140,691110,691187]
[49,239,285239,284720]
[50,275,365392,364342]
[51,279,470887,470561]
[52,203,688334,686900]
[53,230,42905,43573]
[54,218,19712,19745]
[55,260,567809,568395]
[56,223,327918,326442]
[57,204,130610,130883]
[58,108,472831,473130]
[59,99,528955,527532]
[60,170,679031,680207]
[61,230,615104,616428]
[62,79,28360,26997]
[63,147,600297,600203]
[64,65,95637,95386]
[65,171,249213,247756]
[66,40,66839,67710]
[67,239,429091,428821]
[68,33,709253,709184]
[69,67,208739,208478]
[70,24,630229,631216]
[71,41,235588,235321]
[72,111,669441,669106]
[73,29,70717,70339]
[74,156,515615,515711]
[75,182,690422,690688]
[76,53,636328,635383]
[77,221,367627,366906]
[78,37,353270,352301]
[79,212,279298,280706]
[80,234,580776,582252]
[81,259,18926,18138]
[82,121,675748,674559]
[83,267,689175,689102]
[84,59,186100,186021]
[85,171,6864,6439]
[86,272,344900,345633]
[87,61,633984,633605]
[88,109,572611,572330]
[89,21,686908,686711]
[90,85,591363,591126]
[91,265,138954,137594]
[92,9,101422,100971]
[93,53,429422,428262]
[94,3,284162,284058]
[95,111,109273,108938]
[96,32,176404,177029]
[97,144,447132,448055]
[98,35,20529,19883]
[99,188,699757,700892]
[100,26,547708,548600]
[101,156,494856,495771]
[102,167,315615,314239]
[103,265,192383,191448]
[104,83,411942,411629]
[105,243,109949,108606]
[106,159,487462,487360]
[107,103,237617,237090]
[108,77,416280,415362]
[109,218,364765,366263]
[110,241,209705,208767]
[111,184,535322,536387]
[112,93,368993,368049]
[113,106,584739,585627]
[114,141,28936,28728]
[115,90,426991,427093]
[116,1,355707,355351]
[117,262,30540,31258]
[118,167,538457,538036]
[119,151,39956,39559]
[120,5,178884,177823]
[121,268,646230,647082]
[122,248,30762,32098]
[123,0,474620,475342]
[124,99,437018,435801]
[125,245,131361,130341]
[126,151,568573,567454]
[127,31,496036,494725]
[128,26,345119,346052]
[129,199,131179,130535]
[130,217,69304,68330]
[131,54,474651,474711]
[132,180,437232,437710]
[133,18,476680,477202]
[134,132,539752,541221]
[135,62,260579,261855]
[136,46,391706,392687]
[137,32,444385,444600]
[138,139,513321,513194]
[139,278,542700,543109]
[140,139,717796,717190]
[141,27,211661,211276]
[142,111,616677,615545]
[143,266,253445,254023]
[144,148,524834,525880]
[145,201,227009,226628]
[146,268,479857,480332]
[147,115,580359,579511]
[148,237,187699,187499]
[149,132,232371,233727]
[150,91,673559,673058]
[151,11,644701,644170]
[152,86,140130,141007]
[153,118,237078,238503]
[154,214,687479,688701]
[155,147,726950,726731]
[156,42,641340,642471]
[157,74,669055,670213]
[158,233,391551,391519]
[159,145,412346,411577]
[160,176,143754,145227]
[161,176,716873,717540]
[162,66,463591,463796]
[163,181,634934,633787]
[164,188,320898,321566]
[165,37,590465,589243]
[166,184,450191,451016]
[167,152,179765,180231]
[168,93,360037,358822]
[169,94,514069,514772]
[170,197,662700,662531]
[171,205,242318,241004]
[172,223,10227,9686]
[173,57,419241,417923]
[174,262,426489,427432]
[175,174,458143,458428]
[176,26,661259,661586]
[177,90,294048,295170]
[178,271,157046,155701]
[179,193,79396,78187]
[180,187,8217,7905]
[181,104,589650,589996]
[182,58,336778,336994]
[183,199,396816,395551]
[184,84,38311,39275]
[185,270,253225,254464]
[186,2,149689,150007]
[187,2,587372,587493]
[188,48,246347,247195]
[189,138,118792,119355]
[190,202,46725,46833]
[191,95,153193,151733]
[192,238,653882,654065]
[193,220,595990,597489]
[194,176,351751,352204]
[195,38,630092,631540]
[196,172,30482,31818]
[197,58,408201,408306]
[198,203,320033,318882]
[199,104,580113,581273]
[200,64,509343,509423]
[201,75,117869,117696]
[202,155,20908,20677]
[203,198,79109,79628]
[204,54,575055,576357]
[205,66,667711,667807]
[206,106,106246,106649]
[207,60,268789,270009]
[208,1,641137,639953]
[209,243,280156,279454]
[210,200,125707,126211]
[211,214,339542,339735]
[212,241,484155,482686]
[213,89,510514,509106]
[214,95,263684,263202]
[215,81,720413,719983]
[216,11,595340,593952]
[217,212,411888,412987]
[218,265,317681,316915]
[219,94,565500,566265]
[220,49,190392,190012]
[221,26,217908,218130]
[222,40,491693,492505]
[223,143,664109,663213]
[224,224,347884,348659]
[225,19,539057,538942]
[226,262,112417,113492]
[227,99,631999,631260]
[228,277,254378,253392]
[229,128,312479,313131]
[230,158,45809,46336]
[231,56,524677,526103]
[232,203,468875,467709]
[233,81,109693,109329]
[234,135,354509,353068]
[235,241,209599,208980]
[236,115,617527,616062]
[237,132,419656,420790]
[238,29,321524,321272]
[239,125,196955,196832]
[240,116,692531,692912]
[241,217,555673,555577]
[242,60,606829,607857]
[243,116,58198,59433]
[244,213,67470,65984]
[245,89,714760,714431]
[246,215,418533,418008]
[247,129,118345,117496]
[248,255,33072,32852]
[249,149,160190,159792]
[250,34,496747,498049]
[251,156,570580,570748]
[252,0,359716,360588]
[253,113,632037,630886]
[254,36,286086,286617]
[255,180,299094,299660]
[256,198,696874,698055]
[257,157,497131,496036]
[258,30,62942,63838]
[259,134,12795,13890]
[260,231,481278,480283]
[261,60,360041,360366]
[262,119,217700,216751]
[263,124,568002,569282]
[264,119,293582,293465]
[265,234,190764,191442]
[266,105,354249,352899]
[267,241,67127,66457]
[268,5,547030,546941]
[269,96,557676,558108]
[270,251,81198,80499]
[271,230,553865,554135]
[272,175,67804,66824]
[273,49,479166,477896]
[274,174,256880,257306]
[275,102,39293,39513]
[276,135,708109,707252]
[277,114,137556,138167]
[278,7,454460,454140]
[279,251,188255,187234]
[280,232,511183,512388]
[281,28,593068,593672]
[282,50,648673,648940]
[283,10,501038,502012]
[284,177,599530,598388]
[285,135,402115,401482]
[286,203,256707,255897]
[287,191,702246,701174]
[288,33,20232,19528]
[289,101,161371,161015]
[290,215,451338,449989]
[291,16,163857,165042]
[292,233,13013,11804]
[293,90,725005,725103]
[294,60,713194,713269]
[295,226,472181,472538]
[296,217,347104,345879]
[297,90,410117,410474]
[298,122,331890,332253]
[299,58,34901,35414]
[300,136,599655,600713]
[301,146,330469,330682]
[302,221,268519,268435]
[303,241,164738,163609]
[304,244,571441,572911]
[305,116,170066,170835]
[306,276,670299,670483]
[307,222,698361,698524]
[308,168,271802,271840]
[309,267,573309,573013]
[310,177,183845,182491]
[311,221,136732,136160]
[312,104,533111,533910]
[313,216,517403,518306]
[314,176,243071,243270]
[315,233,71491,70341]
[316,247,271845,271110]
[317,37,290081,289620]
[318,36,325629,326448]
[319,159,689449,689294]
[320,66,25698,27042]
[321,224,612788,613705]
[322,169,77824,77469]
[323,174,283860,284923]
[324,82,548858,549987]
[325,40,20985,21339]
[326,164,623139,624309]
[327,40,481963,482637]
[328,227,450534,449058]
[329,84,399001,399837]
[330,35,113913,112523]
[331,245,639070,638099]
[332,186,205366,206674]
[333,32,523522,523976]
[334,43,132168,131257]
[335,61,675661,675573]
[336,31,337296,336788]
[337,210,501137,501919]
[338,27,362893,362026]
[339,45,310785,309601]
[340,131,278489,277063]
[341,127,434983,434129]
[342,3,540056,539360]
[343,94,580763,581784]
[344,239,229587,228583]
[345,138,45492,46826]
[346,162,54359,55040]
[347,206,478819,480178]
[348,58,341522,342512]
[349,28,222059,222131]
[350,219,67975,66565]
[351,189,33979,33252]
[352,246,114432,115378]
[353,264,56112,57389]
[354,176,260411,260792]
[355,202,468575,468956]
[356,156,10526,10918]
[357,48,585101,585254]
[358,28,571685,572676]
[359,135,730221,729587]
[360,13,478786,478339]
[361,17,606678,606270]
[362,73,659321,658686]
[363,146,14880,15232]
[364,211,455759,454675]
[365,278,206615,207065]
[366,244,628132,629400]
[367,66,46645,47299]
[368,66,72073,73409]
[369,171,538363,537681]
[370,0,309036,310474]
[371,245,209471,208010]
[372,31,62123,60733]
[373,230,227991,228900]
[374,187,9525,8304]
[375,130,288305,288778]
[376,134,515145,516486]
[377,130,592297,593361]
[378,276,698737,700165]
[379,254,201805,202092]
[380,189,322488,321871]
[381,279,125425,124345]
[382,275,502757,501361]
[383,237,722195,721836]
[384,251,556263,554859]
[385,208,670526,671738]
[386,144,139855,140867]
[387,221,634369,633573]
[388,278,146993,147838]
[389,99,676518,675669]
[390,43,635057,634072]
[391,122,491472,491706]
[392,170,316447,316866]
[393,188,426922,428382]
[394,62,429342,430328]
[395,92,487293,487376]
[396,234,102824,102922]
[397,167,568049,567654]
[398,51,543714,542711]
[399,111,605944,605688]
[400,267,72628,71374]
[401,128,582805,584036]
[402,218,280526,280670]
[403,61,594975,593801]
[404,134,232712,232821]
[405,176,392401,393334]
[406,197,663629,662409]
[407,89,664254,664075]
[408,37,488530,488153]
[409,215,638093,637480]
[410,266,140817,142064]
[411,25,326735,325907]
[412,21,424848,423472]
[413,71,219336,218539]
[414,118,525131,526053]
[415,49,489674,488860]
[416,257,602850,601812]
[417,154,513379,513983]
[418,245,401255,400117]
[419,21,392192,392122]
[420,266,15755,16332]
[421,221,288616,287923]
[422,207,692973,691568]
[423,72,520128,520599]
[424,140,701929,703351]
[425,273,3507,2079]
[426,102,309350,309624]
[427,2,272452,273034]
[428,50,324287,324772]
[429,228,418146,418986]
[430,148,543819,544121]
[431,192,212012,212949]
[432,156,326639,327560]
[433,176,686570,687870]
[434,188,350454,350570]
[435,67,134657,133360]
[436,2,398678,399414]
[437,178,677301,678660]
[438,242,662752,664075]
[439,276,188772,189233]
[440,128,391357,392650]
[441,126,653799,654701]
[442,256,479417,480831]
[443,75,620424,619528]
[444,267,119125,118375]
[445,168,552573,552627]
[446,253,713295,712584]
[447,174,289743,290331]
[448,181,464306,462832]
[449,50,258476,259127]
[450,8,620329,620716]
[451,175,235539,235178]
[452,49,571993,571552]
[453,207,337393,335968]
[454,227,603563,603242]
[455,19,681441,680182]
[456,158,380184,381238]
[457,70,590478,590608]
[458,191,203144,202506]
[459,251,537096,536563]
[460,181,293909,292539]
[461,160,586914,586949]
[462,27,541281,540520]
[463,171,119636,118859]
[464,104,507201,508611]
[465,258,430244,431616]
[466,8,135458,136210]
[467,10,579458,580857]
[468,227,159311,158152]
[469,182,712343,713236]
[470,71,528873,528388]
[471,216,288061,289282]
[472,60,596782,597937]
[473,136,21364,22666]
[474,204,658425,658765]
[475,116,253440,254282]
[476,48,462011,463250]
[477,95,501473,500532]
[478,258,280148,280345]
[479,136,140950,141262]
[480,122,411562,412113]
[481,120,87524,87623]
[482,94,335582,336772]
[483,268,720284,720789]
[484,198,366010,366319]
[485,29,657839,657054]
