["head":"wrap","lpos","status"]
[255,111216,1]
["io count"]
[490]
["io":"id","wrap","startLpos","endLpos"]
[1,64,232642,233058]
[2,45,87707,87618]
[3,258,479957,480218]
[4,68,291531,292995]
[5,31,556894,555770]
[6,181,143409,142429]
[7,266,557348,558587]
[8,51,323195,322308]
[9,62,290150,290803]
[10,88,57128,57858]
[11,38,273618,274858]
[12,271,339728,338354]
[13,273,403107,401672]
[14,270,99964,101086]
[15,182,515035,516050]
[16,93,511942,511509]
[17,54,523777,524614]
[18,183,633756,632860]
[19,237,58216,57401]
[20,52,97026,97809]
[21,261,40201,39979]
[22,168,448188,449304]
[23,111,542710,542333]
[24,269,313827,313378]
[25,177,671461,669986]
[26,269,85539,84052]
[27,241,713721,712297]
[28,13,177807,177470]
[29,93,635341,634511]
[30,222,284334,285485]
[31,205,69952,68733]
[32,182,357458,358916]
[33,221,43073,42295]
[34,156,674969,675729]
[35,198,81294,82504]
[36,239,87829,86934]
[37,239,524456,524351]
[38,144,516404,516735]
[39,91,323949,322924]
[40,9,196468,195271]
[41,115,125197,124723]
[42,279,566901,565862]
[43,265,588553,587610]
[44,161,504390,503673]
[45,256,684660,685588]
[46,99,360382,358990]
[47,6,208209,208860]
[48,178,640071,641459]
[49,87,18581,18452]
[50,208,9622,11073]
[51,39,267425,267372]
[52,35,714444,714225]
[53,220,411646,412317]
[54,179,529355,529096]
[55,77,48110,47152]
[56,264,436098,437074]
[57,81,50928,50811]
[58,98,450810,451494]
[59,0,384539,385473]
[60,161,543194,542733]
[61,172,709819,710389]
[62,81,211616,211527]
[63,105,25837,25472]
[64,111,472531,471606]
[65,134,10607,11678]
[66,53,344012,342534]
[67,110,690127,690939]
[68,273,309292,308381]
[69,118,642048,642303]
[70,42,450139,451453]
[71,147,701927,701124]
[72,48,665277,666525]
[73,37,358191,357998]
[74,165,206816,205795]
[75,53,144274,143416]
[76,180,139028,140310]
[77,44,494617,495389]
[78,13,450536,450104]
[79,3,724275,723485]
[80,91,545591,544118]
[81,43,453481,452547]
[82,179,257563,257359]
[83,67,19700,19099]
[84,216,606396,607221]
[85,41,37220,36980]
[86,60,384432,384462]
[87,148,44548,45108]
[88,163,248025,247282]
[89,0,441339,441572]
[90,16,467825,468112]
[91,45,198392,196963]
[92,95,16592,16329]
[93,267,286460,285582]
[94,175,331607,330413]
[95,104,57763,58082]
[96,196,205923,206006]
[97,14,535610,536656]
[98,0,182846,183261]
[99,131,217864,216877]
[100,88,413425,414873]
[101,125,640235,640040]
[102,5,151432,150465]
[103,225,362815,362703]
[104,250,699197,699649]
[105,48,438822,439716]
[106,185,74157,73198]
[107,147,189330,188119]
[108,27,374244,372907]
[109,116,526760,528006]
[110,224,70682,71546]
[111,210,546144,547005]
[112,220,262338,262777]
[113,255,138016,137132]
[114,153,632218,631370]
[115,45,484875,483552]
[116,239,569251,568287]
[117,203,438557,437693]
[118,39,494083,493031]
[119,111,612826,612411]
[120,273,531327,529924]
[121,227,679250,677980]
[122,193,259226,258182]
[123,175,30730,30474]
[124,66,110006,111226]
[125,163,161614,161407]
[126,264,574093,575387]
[127,50,684890,685734]
[128,8,155013,155234]
[129,10,657529,657889]
[130,97,467154,465944]
[131,91,380616,379904]
[132,90,599528,600784]
[133,236,62853,63063]
[134,46,390499,391056]
[135,121,315516,314329]
[136,223,355695,354690]
[137,113,142677,141626]
[138,115,450245,449064]
[139,270,32602,33367]
[140,87,238792,238741]
[141,262,340849,341702]
[142,171,94981,93557]
[143,11,718018,717902]
[144,7,689121,688876]
[145,64,693252,693480]
[146,157,395927,394771]
[147,28,1966,2774]
[148,276,703250,703898]
[149,101,19236,17747]
[150,189,481191,480390]
[151,255,587980,587491]
[152,38,529333,530160]
[153,4,423406,424755]
[154,113,240243,239095]
[155,207,562462,561942]
[156,233,4805,4398]
[157,44,360349,360505]
[158,247,375891,375727]
[159,101,678634,677634]
[160,9,692159,691207]
[161,55,255249,253879]
[162,228,434455,435256]
[163,187,250604,249912]
[164,72,374989,375950]
[165,57,72586,71825]
[166,127,575340,575107]
[167,234,587125,587324]
[168,169,444199,443601]
[169,67,208866,208283]
[170,183,220569,219605]
[171,195,258306,256934]
[172,192,627628,628942]
[173,226,43555,44018]
[174,234,136844,137274]
[175,169,716815,715558]
[176,74,45648,47139]
[177,246,388359,389222]
[178,273,92806,92647]
[179,13,475153,474397]
[180,163,147728,146928]
[181,116,722402,722791]
[182,257,120182,119272]
[183,75,566396,566289]
[184,38,685400,685496]
[185,9,155250,155039]
[186,59,339214,338052]
[187,271,515982,515063]
[188,148,660418,661546]
[189,261,169661,169577]
[190,62,289780,290842]
[191,221,429062,428006]
[192,107,686154,684792]
[193,230,361123,361157]
[194,13,591494,590716]
[195,189,589076,588377]
[196,88,618132,618737]
[197,8,113876,115338]
[198,131,496942,496299]
[199,68,466253,467712]
[200,212,675643,676953]
[201,158,615218,615455]
[202,27,414530,413084]
[203,81,424199,423787]
[204,69,217917,217851]
[205,19,576581,575690]
[206,266,146245,147125]
[207,151,12420,11868]
[208,221,433715,432328]
[209,207,695742,694444]
[210,260,238872,239094]
[211,262,702874,703361]
[212,78,527221,527380]
[213,85,8043,7491]
[214,267,682671,681316]
[215,171,356236,356084]
[216,130,264476,264516]
[217,120,276618,277810]
[218,191,289108,288522]
[219,151,697614,696825]
[220,72,562809,564155]
[221,255,225143,224393]
[222,135,212339,211272]
[223,67,296973,296015]
[224,278,142105,142383]
[225,263,193881,192393]
[226,70,159775,160853]
[227,165,401910,400935]
[228,196,655644,656320]
[229,72,168774,169692]
[230,25,285002,283929]
[231,151,22083,20666]
[232,177,160180,159073]
[233,262,421274,421862]
[234,50,5089,6480]
[235,236,423426,424208]
[236,168,422041,422290]
[237,20,25705,25900]
[238,65,563832,563112]
[239,206,558179,559144]
[240,54,256516,257527]
[241,234,385483,386116]
[242,58,173062,173567]
[243,159,12095,10749]
[244,117,701717,701205]
[245,140,705165,706505]
[246,269,349708,348388]
[247,191,387256,386323]
[248,61,122528,122265]
[249,93,551448,550593]
[250,211,376310,375574]
[251,129,544242,543016]
[252,79,110485,109753]
[253,12,106253,107385]
[254,184,205998,206821]
[255,156,455412,456203]
[256,254,507948,508451]
[257,144,543369,544093]
[258,230,98350,98381]
[259,41,118415,118010]
[260,213,657289,656106]
[261,272,493630,494194]
[262,69,348044,347473]
[263,144,441253,441556]
[264,266,718318,719303]
[265,269,690079,689648]
[266,267,385004,383527]
[267,188,516241,516550]
[268,204,379167,379966]
[269,230,495918,497035]
[270,156,499893,499961]
[271,214,696321,697732]
[272,198,370308,370385]
[273,144,667361,668440]
[274,144,231201,231520]
[275,131,293676,292936]
[276,244,309262,310180]
[277,108,394310,394732]
[278,199,533780,532823]
[279,196,534571,535200]
[280,148,13570,14307]
[281,26,664297,665101]
[282,84,293288,294400]
[283,161,618754,618188]
[284,263,73751,72587]
[285,261,612006,611406]
[286,182,65369,66840]
[287,138,269032,269924]
[288,14,482838,483523]
[289,111,45267,44051]
[290,258,582732,583243]
[291,190,233255,234070]
[292,214,429572,431011]
[293,184,274681,275796]
[294,25,646491,645159]
[295,261,226750,225865]
[296,145,254244,253714]
[297,239,35986,35397]
[298,220,535552,536477]
[299,122,246013,246233]
[300,165,565471,564084]
[301,45,338922,337540]
[302,5,345327,344333]
[303,85,311071,310013]
[304,52,602081,603472]
[305,232,350608,351709]
[306,110,435997,436367]
[307,176,296924,297694]
[308,121,503760,503688]
[309,120,618115,618609]
[310,119,257786,256968]
[311,121,589940,589629]
[312,44,658378,659872]
[313,258,321117,321514]
[314,214,86172,86785]
[315,122,138299,138333]
[316,123,596300,595254]
[317,239,597684,596760]
[318,235,686129,685158]
[319,150,511696,512764]
[320,203,154896,153648]
[321,118,383983,384084]
[322,1,290332,290054]
[323,216,432266,432455]
[324,236,68218,68539]
[325,116,675001,675942]
[326,253,320728,320580]
[327,140,610461,610923]
[328,202,34532,35149]
[329,166,96174,97231]
[330,145,460451,459365]
[331,190,504221,504963]
[332,127,399988,399362]
[333,184,464450,464798]
[334,106,293972,295225]
[335,49,687962,687235]
[336,153,104562,103081]
[337,179,310789,309869]
[338,150,370169,370624]
[339,14,575217,576049]
[340,23,516130,515178]
[341,158,291723,293100]
[342,240,638158,638839]
[343,57,40720,39451]
[344,148,393187,393817]
[345,53,42463,41280]
[346,51,221758,221443]
[347,111,458052,457191]
[348,78,387628,389046]
[349,244,655138,656598]
[350,173,500106,499588]
[351,237,396606,396005]
[352,186,708725,710089]
[353,87,129726,128657]
[354,7,553031,551718]
[355,131,231334,230299]
[356,252,712702,712875]
[357,272,35133,35404]
[358,116,519862,520189]
[359,93,721166,720306]
[360,265,263169,261879]
[361,186,88865,89885]
[362,231,464542,463527]
[363,250,207240,207463]
[364,122,683696,683752]
[365,13,441301,441237]
[366,274,104144,105223]
[367,180,436161,437457]
[368,254,595511,596859]
[369,28,525626,526267]
[370,270,52005,52273]
[371,172,299499,300566]
[372,175,72297,72224]
[373,252,520717,521507]
[374,162,711552,711912]
[375,0,610611,612054]
[376,193,348822,348356]
[377,195,528863,528522]
[378,87,13188,11905]
[379,13,299098,298785]
[380,118,694682,695016]
[381,215,543708,542440]
[382,167,477568,476655]
[383,155,557811,557735]
[384,35,237529,236267]
[385,98,557462,557801]
[386,10,440360,440439]
[387,207,663785,663059]
[388,7,62142,61619]
[389,70,47435,48497]
[390,79,398297,397486]
[391,96,371338,372122]
[392,25,730963,730851]
[393,84,605355,606409]
[394,160,708031,709522]
[395,214,5639,5715]
[396,50,200626,201587]
[397,227,474642,473757]
[398,137,60509,59529]
[399,108,152218,153423]
[400,122,73879,75136]
[401,89,446686,445228]
[402,210,674469,675050]
[403,182,400578,401320]
[404,94,581159,581742]
[405,261,212903,212282]
[406,96,425911,426625]
[407,59,311111,310214]
[408,195,388689,387779]
[409,57,101042,100490]
[410,240,368649,370004]
[411,218,26675,27137]
[412,119,408776,408530]
[413,278,515465,516171]
[414,10,167156,167285]
[415,171,493273,492650]
[416,228,175975,176348]
[417,135,68713,67754]
[418,126,93472,94912]
[419,2,704853,705727]
[420,107,120365,119114]
[421,184,599930,600332]
[422,172,681558,682440]
[423,232,526391,526579]
[424,60,484001,484992]
[425,180,728272,728940]
[426,169,315568,314432]
[427,60,623959,625100]
[428,228,48702,50151]
[429,94,443829,445246]
[430,78,51167,51391]
[431,247,502845,502685]
[432,122,380924,382199]
[433,139,716422,715125]
[434,102,612275,612662]
[435,123,16620,15893]
[436,164,145624,146048]
[437,35,627182,626963]
[438,93,298689,297304]
[439,111,296186,295739]
[440,151,382280,381555]
[441,234,147304,147981]
[442,83,421920,420603]
[443,105,256907,255798]
[444,14,400046,400738]
[445,223,154181,153259]
[446,137,110001,109673]
[447,61,502375,501602]
[448,126,421980,422420]
[449,122,446779,447711]
[450,88,196475,197511]
[451,267,551967,551285]
[452,64,337333,337403]
[453,112,474226,475682]
[454,44,398500,399890]
[455,59,641571,641497]
[456,31,613802,613565]
[457,191,290836,290598]
[458,148,428728,428848]
[459,270,568862,570033]
[460,217,70629,69878]
[461,92,188343,189355]
[462,183,216839,216224]
[463,94,201789,202787]
[464,25,219393,219181]
[465,19,283285,282448]
[466,42,104880,105895]
[467,203,178545,177299]
[468,202,18585,19862]
[469,263,224265,223375]
[470,85,592150,591038]
[471,94,180441,181020]
[472,222,577024,578484]
[473,201,331986,331048]
[474,277,345814,344895]
[475,103,338474,337433]
[476,184,617450,617863]
[477,16,503576,503837]
[478,68,426526,426782]
[479,77,37565,36429]
[480,74,4893,6254]
[481,20,247331,248220]
[482,47,92298,92260]
[483,133,273570,272320]
[484,32,172320,173758]
[485,114,466622,468069]
[486,4,338428,339448]
[487,107,230997,230037]
[488,63,529925,528546]
[489,133,724546,723761]
[490,117,67770,66582]
