["head":"wrap","lpos","status"]
[134,565596,0]
["io count"]
[495]
["io":"id","wrap","startLpos","endLpos"]
[1,185,456011,455240]
[2,252,167553,168498]
[3,21,477525,476514]
[4,34,503070,504000]
[5,43,178894,177790]
[6,39,587203,586689]
[7,123,470315,469439]
[8,58,64316,65145]
[9,164,600115,600834]
[10,100,407765,408974]
[11,16,409783,410890]
[12,27,414205,413215]
[13,244,164095,165537]
[14,176,649770,650621]
[15,28,728347,729210]
[16,65,192988,192165]
[17,163,695184,693765]
[18,40,52300,52691]
[19,166,536833,537732]
[20,215,610869,610293]
[21,192,316660,317483]
[22,223,306110,305012]
[23,252,328814,329444]
[24,55,20231,19101]
[25,69,282960,282776]
[26,114,494246,495612]
[27,245,554904,553614]
[28,19,436079,435728]
[29,265,526700,525356]
[30,169,143078,141756]
[31,240,607068,607417]
[32,0,664589,664967]
[33,85,237648,236680]
[34,132,559988,560338]
[35,198,32982,33571]
[36,121,201904,200788]
[37,165,128167,127404]
[38,227,347648,346730]
[39,99,575402,574823]
[40,165,445077,444948]
[41,266,685537,686743]
[42,126,690772,692048]
[43,73,425942,425440]
[44,145,276776,276515]
[45,98,588029,588846]
[46,259,248507,247332]
[47,26,535253,535988]
[48,157,404782,404324]
[49,100,658731,658778]
[50,186,580286,581592]
[51,268,71334,71514]
[52,107,709396,708690]
[53,186,440310,440923]
[54,277,88512,87919]
[55,16,437158,438498]
[56,152,520971,521190]
[57,114,245431,246490]
[58,103,669481,668613]
[59,163,715573,714452]
[60,58,302046,303541]
[61,197,717293,716628]
[62,186,624719,625127]
[63,114,170001,170989]
[64,111,401621,401337]
[65,106,191857,193004]
[66,79,403822,403230]
[67,33,42941,42735]
[68,99,435801,435418]
[69,232,649007,649474]
[70,91,363947,363514]
[71,130,516012,516938]
[72,178,664189,664955]
[73,123,702589,701310]
[74,119,584718,583362]
[75,140,405231,405428]
[76,190,244731,245402]
[77,57,496255,494939]
[78,247,4392,4042]
[79,168,669249,669572]
[80,119,369260,368157]
[81,100,58951,60406]
[82,127,320586,319381]
[83,96,91858,92935]
[84,40,281023,281915]
[85,221,671633,670520]
[86,69,439465,438346]
[87,119,351479,350701]
[88,273,679801,679625]
[89,198,645742,645983]
[90,98,634122,635463]
[91,191,110832,110109]
[92,142,597389,597680]
[93,215,562897,562135]
[94,156,228725,229748]
[95,270,355322,356180]
[96,204,473777,474390]
[97,32,342440,343246]
[98,131,524894,524516]
[99,168,493771,494284]
[100,199,50715,50461]
[101,196,332680,333688]
[102,81,254829,254746]
[103,168,120073,121425]
[104,277,5990,5733]
[105,231,209252,208351]
[106,153,584719,583706]
[107,43,258053,257172]
[108,38,714786,715250]
[109,275,2649,1445]
[110,90,372201,373073]
[111,276,404268,404556]
[112,21,464425,463840]
[113,126,715596,715859]
[114,0,180724,181125]
[115,263,121605,121186]
[116,264,626769,627826]
[117,36,520015,520802]
[118,180,720431,721850]
[119,129,18321,17101]
[120,102,353565,353944]
[121,71,720512,719872]
[122,25,8027,7324]
[123,86,632083,633142]
[124,4,206080,206959]
[125,54,91090,91539]
[126,146,232524,233836]
[127,10,664560,665205]
[128,154,257445,257552]
[129,117,505495,504905]
[130,223,184938,184726]
[131,178,396028,397092]
[132,182,425831,427223]
[133,272,707654,707815]
[134,184,12260,13719]
[135,40,626868,628200]
[136,215,366895,366020]
[137,55,415949,415797]
[138,28,231798,233101]
[139,207,620717,620243]
[140,27,530732,530053]
[141,9,454295,453582]
[142,82,665981,667371]
[143,196,539158,539773]
[144,48,701339,701454]
[145,276,471641,472933]
[146,149,124130,123984]
[147,75,6958,6449]
[148,228,370794,371115]
[149,176,668919,669496]
[150,182,511800,512109]
[151,212,674702,676025]
[152,81,403227,402306]
[153,150,358183,358566]
[154,25,331302,330094]
[155,136,547857,548271]
[156,223,638789,637856]
[157,101,129566,129435]
[158,110,445034,445314]
[159,130,37908,38598]
[160,115,667503,667165]
[161,104,224780,225564]
[162,73,640868,640467]
[163,145,617957,617741]
[164,132,619293,620637]
[165,114,55071,55189]
[166,55,714969,714358]
[167,246,480965,482325]
[168,151,729321,728639]
[169,219,149627,149555]
[170,84,435644,435878]
[171,240,174260,175561]
[172,113,82612,81370]
[173,268,522790,524190]
[174,183,497870,497059]
[175,116,138019,138365]
[176,34,392433,393468]
[177,133,338553,337864]
[178,91,196465,194984]
[179,115,139174,138243]
[180,268,514839,516318]
[181,66,82054,82563]
[182,196,151890,152653]
[183,115,282817,281396]
[184,160,145658,146417]
[185,126,313442,314598]
[186,35,233731,232739]
[187,29,628204,627895]
[188,16,135578,135617]
[189,196,643802,645191]
[190,181,200302,199073]
[191,193,328879,328096]
[192,3,531345,530962]
[193,244,723569,723986]
[194,232,183996,185206]
[195,139,523803,523523]
[196,165,501667,501296]
[197,173,342982,342034]
[198,264,518161,519102]
[199,119,129170,128112]
[200,212,399014,399267]
[201,87,361589,361348]
[202,226,153990,154448]
[203,243,688302,686999]
[204,184,630916,630953]
[205,216,123003,123727]
[206,224,431737,432783]
[207,218,194315,194953]
[208,152,107285,107343]
[209,195,122644,122518]
[210,176,513552,513759]
[211,90,229833,230409]
[212,94,265093,265219]
[213,29,218307,218210]
[214,84,648734,649147]
[215,224,381230,381864]
[216,130,680373,681016]
[217,7,708966,707782]
[218,166,691567,691614]
[219,63,279422,277932]
[220,262,247363,248771]
[221,38,245645,246189]
[222,3,653709,652917]
[223,159,344182,343083]
[224,42,692559,692845]
[225,94,726011,726700]
[226,173,649779,649349]
[227,98,28485,28849]
[228,37,536028,534537]
[229,114,103323,104789]
[230,265,525310,524046]
[231,247,538551,537362]
[232,130,515106,515711]
[233,29,514094,513084]
[234,197,558988,558563]
[235,196,333105,333494]
[236,140,534065,534973]
[237,277,97032,96407]
[238,99,210259,209341]
[239,96,686508,687398]
[240,201,49132,48466]
[241,196,42792,42929]
[242,177,22138,20961]
[243,259,261052,260469]
[244,86,255242,256577]
[245,1,730186,729942]
[246,186,298985,299740]
[247,1,341071,340915]
[248,197,475007,474386]
[249,248,205613,206746]
[250,228,675746,675917]
[251,182,179722,180337]
[252,126,137594,137896]
[253,69,212083,211570]
[254,251,156476,155970]
[255,118,632138,633074]
[256,265,518972,517790]
[257,111,175784,174669]
[258,268,62604,63081]
[259,9,372566,371761]
[260,196,670896,671833]
[261,177,90888,90185]
[262,194,464831,465844]
[263,201,118096,117913]
[264,220,200356,201648]
[265,142,475238,476305]
[266,205,541406,540677]
[267,55,617852,616486]
[268,219,389770,389042]
[269,202,45645,46094]
[270,233,440048,439976]
[271,86,45179,46035]
[272,261,434063,433933]
[273,170,44025,45188]
[274,182,344530,344873]
[275,270,716088,717555]
[276,78,476285,477153]
[277,106,252734,253260]
[278,213,238673,237395]
[279,66,287399,288627]
[280,158,383081,384471]
[281,160,613183,613815]
[282,173,180946,179959]
[283,151,645143,644976]
[284,21,327610,326962]
[285,83,196769,195389]
[286,165,541965,541908]
[287,247,189465,188978]
[288,19,586626,586271]
[289,67,384829,384430]
[290,131,47279,47025]
[291,185,115834,115274]
[292,68,402981,404005]
[293,254,326920,328095]
[294,23,109776,108373]
[295,65,365566,364168]
[296,77,611351,611205]
[297,188,599721,601135]
[298,64,194362,194560]
[299,140,701451,702667]
[300,166,434512,435793]
[301,78,632464,633008]
[302,57,610708,609635]
[303,104,329400,329470]
[304,31,33999,32928]
[305,70,664884,665117]
[306,30,514331,514914]
[307,122,323405,323476]
[308,94,463387,464067]
[309,26,545380,546665]
[310,105,198133,196996]
[311,142,656633,657685]
[312,39,616015,615940]
[313,241,345211,345082]
[314,186,168527,168955]
[315,46,681164,682485]
[316,154,491872,492262]
[317,27,531690,531192]
[318,143,499381,498779]
[319,263,134488,133080]
[320,118,724154,725175]
[321,126,108983,110128]
[322,217,728276,727080]
[323,80,256451,257809]
[324,261,597176,596849]
[325,72,400545,400804]
[326,42,358478,359455]
[327,273,300172,299846]
[328,58,382210,382552]
[329,172,468726,468806]
[330,189,393714,392861]
[331,42,88747,89330]
[332,179,9497,8125]
[333,206,481509,482580]
[334,207,250108,249786]
[335,183,10267,8866]
[336,166,447313,447609]
[337,132,151256,151440]
[338,46,18246,19195]
[339,207,624671,624066]
[340,35,558092,557268]
[341,98,149154,150017]
[342,176,184858,185057]
[343,270,341692,342559]
[344,94,191092,191318]
[345,204,249319,250284]
[346,201,656528,655179]
[347,42,337797,337999]
[348,275,123220,122556]
[349,153,398969,397722]
[350,43,191070,190490]
[351,229,96855,95926]
[352,245,62063,61388]
[353,126,107644,108642]
[354,123,684500,684250]
[355,109,146211,145863]
[356,148,626308,626929]
[357,129,179571,178284]
[358,60,78239,78693]
[359,112,37757,38752]
[360,84,349930,350086]
[361,243,603014,601519]
[362,207,553563,553501]
[363,266,646411,647541]
[364,177,609703,609020]
[365,191,105212,103901]
[366,253,583881,583490]
[367,33,715871,715386]
[368,105,480001,479648]
[369,0,343463,343820]
[370,66,54466,54660]
[371,107,75327,74607]
[372,191,615554,615301]
[373,199,632413,632316]
[374,175,122817,121393]
[375,79,47568,46154]
[376,268,17709,18841]
[377,226,433458,434119]
[378,15,440202,438730]
[379,216,175506,175680]
[380,51,110954,110090]
[381,167,33913,32693]
[382,101,79376,79326]
[383,244,109187,109701]
[384,29,596177,595945]
[385,162,69892,70701]
[386,48,67661,67833]
[387,180,194425,195739]
[388,100,530653,531864]
[389,241,579198,578547]
[390,50,689078,689762]
[391,160,640031,640689]
[392,50,309476,310505]
[393,68,277360,277826]
[394,109,363195,362120]
[395,54,145727,146486]
[396,116,531149,531770]
[397,55,341340,340024]
[398,27,201580,200370]
[399,171,419001,418313]
[400,230,541889,542713]
[401,84,500263,501093]
[402,103,464336,463622]
[403,82,663995,665453]
[404,182,71539,72878]
[405,155,331194,329704]
[406,267,423621,422918]
[407,167,383539,383127]
[408,220,632222,632865]
[409,71,37104,36233]
[410,51,565713,565482]
[411,177,319964,319298]
[412,116,140995,142322]
[413,96,669037,670423]
[414,3,515272,514845]
[415,28,61591,61838]
[416,266,144741,144952]
[417,249,572156,571328]
[418,58,577674,578506]
[419,220,447586,449030]
[420,27,660749,659493]
[421,76,264118,264381]
[422,252,442040,442989]
[423,87,574017,573959]
[424,190,184816,185414]
[425,26,333137,333419]
[426,172,719344,720354]
[427,191,345627,344337]
[428,251,289505,288726]
[429,233,87879,87465]
[430,30,320600,320983]
[431,44,385557,385940]
[432,246,467111,467386]
[433,242,390972,392236]
[434,238,295604,295758]
[435,56,225122,225418]
[436,90,480855,481150]
[437,241,627946,627885]
[438,126,650633,652072]
[439,279,214996,214549]
[440,79,411756,411706]
[441,100,201270,201416]
[442,67,33588,33216]
[443,162,533258,534345]
[444,259,147844,146853]
[445,123,76415,75381]
[446,13,570070,569863]
[447,95,197124,196205]
[448,213,670434,669464]
[449,182,651806,652401]
[450,63,371649,371609]
[451,273,494635,493660]
[452,224,694387,694612]
[453,135,328878,327599]
[454,5,95916,94439]
[455,85,37663,37025]
[456,146,581976,582139]
[457,152,224725,225983]
[458,72,418462,418572]
[459,217,6191,5513]
[460,84,515940,516433]
[461,33,353618,352601]
[462,207,144683,143353]
[463,93,360785,360492]
[464,247,345533,345125]
[465,15,406516,405163]
[466,96,623654,624631]
[467,49,9080,7917]
[468,106,642048,643283]
[469,221,215978,215531]
[470,184,16186,17043]
[471,176,650490,650823]
[472,266,31853,32727]
[473,234,512784,513843]
[474,174,604360,605827]
[475,23,301141,300811]
[476,77,80121,79085]
[477,171,555633,555488]
[478,56,132367,133588]
[479,181,523539,523509]
[480,63,540653,540031]
[481,231,550836,550777]
[482,112,283309,284280]
[483,243,593882,593605]
[484,58,50863,51591]
[485,23,135184,135110]
[486,52,168485,169342]
[487,161,400124,399107]
[488,254,559222,559801]
[489,133,470900,470594]
[490,36,42005,42940]
[491,62,573688,573892]
[492,35,7202,6720]
[493,203,309375,308383]
[494,177,89363,88083]
[495,199,64636,63837]
