["head":"wrap","lpos","status"]
[119,350723,1]
["io count"]
[50]
["io":"id","wrap","startLpos","endLpos"]
[1,201,191666,190605]
[2,255,135434,134839]
[3,170,90005,90794]
[4,15,178782,177922]
[5,35,3606,2945]
[6,69,505502,504630]
[7,103,259623,258740]
[8,76,370244,371259]
[9,263,233441,232236]
[10,192,550602,551880]
[11,171,138665,137770]
[12,78,652175,653113]
[13,208,199489,200358]
[14,195,674224,673419]
[15,247,339173,338881]
[16,186,524626,524855]
[17,271,87228,86510]
[18,114,165909,166585]
[19,7,97631,97209]
[20,274,702095,702246]
[21,72,457343,458618]
[22,254,341676,342112]
[23,256,661371,662805]
[24,104,642226,643008]
[25,95,392413,391188]
[26,238,702360,703704]
[27,267,193350,192168]
[28,129,153322,152580]
[29,204,241958,242733]
[30,55,533740,532549]
[31,170,465866,466969]
[32,59,107140,106361]
[33,278,342902,343843]
[34,68,90025,91218]
[35,60,700964,701571]
[36,51,64100,63325]
[37,206,68994,69269]
[38,185,219447,218496]
[39,53,336964,336333]
[40,37,524045,522678]
[41,238,349989,351365]
[42,100,667348,668579]
[43,207,583442,583116]
[44,1,318502,317410]
[45,40,61349,61441]
[46,97,354922,353463]
[47,123,619489,618201]
[48,70,356066,357191]
[49,57,337678,336827]
[50,77,58301,57043]
