["head":"wrap","lpos","status"]
[216,30092,1]
["io count"]
[500]
["io":"id","wrap","startLpos","endLpos"]
[1,71,106269,105227]
[2,206,343522,343752]
[3,152,700448,701634]
[4,189,526280,525321]
[5,151,313209,311999]
[6,269,681654,681539]
[7,7,394680,393871]
[8,11,465102,464004]
[9,25,719631,718898]
[10,51,506146,505987]
[11,174,343601,344946]
[12,92,215426,216458]
[13,72,288021,289172]
[14,243,682789,681513]
[15,94,390085,391494]
[16,178,470232,470857]
[17,84,102544,103381]
[18,167,625981,625535]
[19,232,667860,668583]
[20,206,319538,319929]
[21,182,640527,640628]
[22,213,507528,506796]
[23,70,487614,488471]
[24,258,112363,113060]
[25,207,580373,579923]
[26,26,325918,326187]
[27,33,388146,387702]
[28,123,196463,195300]
[29,44,99588,100599]
[30,120,605949,606566]
[31,55,692986,692513]
[32,63,39208,38780]
[33,104,476497,476529]
[34,21,113107,111990]
[35,152,25404,26710]
[36,240,328722,329256]
[37,75,4655,4144]
[38,215,235159,234023]
[39,113,411207,409782]
[40,32,196693,197315]
[41,118,199149,199527]
[42,244,633533,633850]
[43,174,667884,669055]
[44,19,310874,310721]
[45,70,545496,545966]
[46,246,77499,78966]
[47,37,378271,377919]
[48,148,432806,433722]
[49,160,342924,343395]
[50,205,375509,375368]
[51,113,711206,709980]
[52,134,723768,723813]
[53,229,648113,647419]
[54,75,7030,6529]
[55,249,237966,236646]
[56,117,279492,279076]
[57,152,219738,220050]
[58,252,271414,271942]
[59,12,416070,417197]
[60,122,316907,318070]
[61,166,197612,198881]
[62,252,12282,12689]
[63,142,408669,409861]
[64,30,294454,295540]
[65,69,86180,86040]
[66,85,53570,53472]
[67,198,262081,263020]
[68,162,255231,255666]
[69,126,685065,685793]
[70,223,12381,12298]
[71,115,657979,657838]
[72,216,564774,565075]
[73,193,49136,48118]
[74,248,712878,713288]
[75,233,5094,4687]
[76,126,103907,104091]
[77,71,112421,111624]
[78,92,271766,272266]
[79,155,241866,241806]
[80,12,232547,233569]
[81,115,287158,286739]
[82,222,659985,660858]
[83,76,364798,365844]
[84,52,311094,312158]
[85,125,557587,556462]
[86,108,162159,162234]
[87,4,526787,527626]
[88,252,24433,25855]
[89,198,620407,621615]
[90,98,59713,60935]
[91,254,21448,21701]
[92,80,346345,347267]
[93,192,177260,178223]
[94,264,532571,534022]
[95,124,399321,399911]
[96,218,544284,545467]
[97,22,631844,632081]
[98,36,440506,441806]
[99,111,257371,256939]
[100,80,59909,61358]
[101,58,861,2167]
[102,23,603349,603228]
[103,139,513417,512636]
[104,244,358427,359819]
[105,240,16595,17535]
[106,101,695737,695151]
[107,70,324243,325698]
[108,149,69830,69635]
[109,220,39306,40249]
[110,246,334625,334665]
[111,15,302973,302902]
[112,6,648584,650070]
[113,189,672967,672348]
[114,270,383796,384362]
[115,61,622251,621059]
[116,5,95948,95869]
[117,140,626748,628084]
[118,63,432463,431485]
[119,193,254992,254420]
[120,74,507565,509004]
[121,223,68289,67770]
[122,6,597084,597142]
[123,117,553070,551600]
[124,149,341313,340131]
[125,5,175365,174571]
[126,181,585549,584858]
[127,10,492595,493822]
[128,181,196308,195385]
[129,38,186288,187162]
[130,6,192,575]
[131,251,366921,365771]
[132,9,386703,386508]
[133,205,669457,669245]
[134,50,255238,256364]
[135,21,46073,45499]
[136,275,218509,217807]
[137,117,293343,292117]
[138,121,270265,269194]
[139,15,102582,101185]
[140,50,261119,261841]
[141,195,686677,686227]
[142,205,495058,494599]
[143,268,350130,351322]
[144,239,106841,106106]
[145,152,561360,561579]
[146,129,408352,407958]
[147,246,424777,426254]
[148,176,534770,535737]
[149,222,3718,5063]
[150,194,725469,725726]
[151,120,529614,530580]
[152,110,353382,354685]
[153,69,355371,354176]
[154,163,526793,526506]
[155,190,495081,496546]
[156,277,152411,151836]
[157,226,296715,298052]
[158,248,656988,657267]
[159,107,311565,310877]
[160,23,697100,696939]
[161,232,564444,565006]
[162,33,179057,178497]
[163,70,82274,82945]
[164,168,236233,236490]
[165,113,116253,116170]
[166,51,61193,60575]
[167,219,626213,625635]
[168,34,164800,166155]
[169,131,490382,489860]
[170,55,273864,273686]
[171,106,661440,661848]
[172,7,472785,472577]
[173,95,136315,134837]
[174,243,476928,476001]
[175,96,311658,312473]
[176,185,155880,155405]
[177,2,49956,50963]
[178,197,393930,392538]
[179,151,433102,432210]
[180,211,608839,607597]
[181,114,193960,195015]
[182,151,247621,246596]
[183,50,304130,305171]
[184,121,297411,296388]
[185,124,271639,271765]
[186,119,576301,575313]
[187,61,472309,471899]
[188,221,511817,511525]
[189,196,294374,295017]
[190,77,730022,729466]
[191,250,160551,161540]
[192,57,233417,232918]
[193,157,617788,617407]
[194,257,362101,360894]
[195,51,80935,79497]
[196,229,578262,577582]
[197,19,655207,654406]
[198,266,73933,74311]
[199,3,497166,495944]
[200,62,78511,79328]
[201,231,24128,23931]
[202,188,214954,215240]
[203,111,371472,370006]
[204,276,218779,219634]
[205,56,447022,447740]
[206,35,479989,478649]
[207,147,460514,460390]
[208,131,445263,444999]
[209,254,243131,244427]
[210,8,710406,711776]
[211,99,212029,210826]
[212,260,177753,178738]
[213,115,355314,353979]
[214,251,188697,187307]
[215,211,177952,177667]
[216,274,429855,431193]
[217,33,51616,50811]
[218,218,213155,213263]
[219,108,534213,535368]
[220,225,695785,695743]
[221,128,197846,198036]
[222,184,246338,246983]
[223,272,593802,594948]
[224,241,573105,571812]
[225,80,563238,564640]
[226,110,273819,275210]
[227,78,443546,444814]
[228,257,33568,33335]
[229,163,573107,572922]
[230,171,587671,587546]
[231,91,87063,86552]
[232,166,238491,239384]
[233,30,245881,247332]
[234,253,90988,89600]
[235,240,487256,488579]
[236,22,176758,177632]
[237,163,400504,399693]
[238,184,676886,677815]
[239,149,435786,434306]
[240,65,314832,313922]
[241,267,559581,558610]
[242,89,255530,254522]
[243,265,412696,411841]
[244,6,442041,443513]
[245,131,313974,313345]
[246,228,505619,507043]
[247,176,376872,377775]
[248,7,125781,124878]
[249,248,450518,451165]
[250,195,701567,700220]
[251,90,565780,565995]
[252,145,335326,334748]
[253,53,315329,314785]
[254,114,707205,707379]
[255,255,195428,194851]
[256,206,46252,46333]
[257,42,535545,536881]
[258,176,147299,148429]
[259,109,30152,28919]
[260,124,623963,625250]
[261,30,566767,568036]
[262,152,629729,631122]
[263,41,227525,226649]
[264,51,421657,420332]
[265,204,141999,143010]
[266,22,663738,665016]
[267,62,555264,556316]
[268,279,313486,312955]
[269,132,14057,14184]
[270,181,623947,623235]
[271,158,232432,233212]
[272,221,187894,187393]
[273,13,109156,107811]
[274,150,559238,560381]
[275,11,647255,646012]
[276,29,395201,393741]
[277,8,630646,631160]
[278,231,26382,25611]
[279,188,154584,154739]
[280,277,220638,219418]
[281,234,124936,126116]
[282,24,246678,248167]
[283,278,588194,589676]
[284,72,434120,434449]
[285,93,307252,307183]
[286,25,440576,439353]
[287,213,5639,5491]
[288,214,16643,17972]
[289,239,513133,511665]
[290,178,253799,253913]
[291,276,715498,716846]
[292,148,258838,260334]
[293,268,457864,458702]
[294,113,389429,389375]
[295,73,155233,154146]
[296,135,273830,272460]
[297,193,604296,604144]
[298,155,375600,374423]
[299,270,645541,646162]
[300,194,29585,30897]
[301,59,440044,439703]
[302,107,659317,658976]
[303,216,561416,562578]
[304,277,75170,74595]
[305,272,408094,408659]
[306,165,472542,471587]
[307,182,169603,170230]
[308,60,707050,708363]
[309,123,387609,386828]
[310,249,536542,535511]
[311,82,442986,444150]
[312,92,435099,435527]
[313,4,229925,230868]
[314,187,639564,638899]
[315,245,618505,617258]
[316,236,275483,276052]
[317,121,23658,22810]
[318,169,207372,207111]
[319,223,171098,169730]
[320,108,587090,588539]
[321,237,632790,631905]
[322,264,493846,495263]
[323,244,607733,608438]
[324,223,473533,472751]
[325,234,406773,407388]
[326,41,488350,488195]
[327,177,654112,653801]
[328,214,33596,34008]
[329,3,623052,621594]
[330,258,300587,301011]
[331,222,244462,244514]
[332,184,255416,255885]
[333,119,173726,173416]
[334,96,80440,80968]
[335,6,463350,464595]
[336,122,8337,9754]
[337,21,181473,181270]
[338,270,93201,94660]
[339,110,515767,516420]
[340,35,367310,366355]
[341,15,371067,370161]
[342,137,1128,625]
[343,51,368077,367048]
[344,209,435754,435403]
[345,232,425778,426409]
[346,56,430691,431303]
[347,208,426195,426647]
[348,266,175685,176376]
[349,270,123461,124044]
[350,6,82999,83448]
[351,249,474741,473853]
[352,200,191878,192444]
[353,265,54812,54244]
[354,258,99047,99588]
[355,100,452721,454152]
[356,30,203784,204412]
[357,99,514312,513040]
[358,93,602356,600905]
[359,11,160626,159447]
[360,14,113467,114019]
[361,151,665735,665523]
[362,24,456652,456922]
[363,225,370493,369500]
[364,232,101464,102049]
[365,82,635082,636097]
[366,54,427722,429092]
[367,120,195045,196232]
[368,8,387287,387587]
[369,32,625927,626359]
[370,170,678326,679757]
[371,75,132962,132457]
[372,199,443699,442650]
[373,55,227985,227954]
[374,237,264384,263802]
[375,153,673598,672377]
[376,275,554913,553601]
[377,156,246774,247583]
[378,67,77918,76985]
[379,78,578976,579784]
[380,246,375631,376932]
[381,245,171235,170734]
[382,111,320772,320189]
[383,135,15077,14311]
[384,234,290728,291394]
[385,256,31060,31092]
[386,195,345474,344177]
[387,224,523738,524649]
[388,115,410197,409664]
[389,112,27259,28378]
[390,182,172773,173437]
[391,232,177212,177649]
[392,230,104992,106093]
[393,205,40835,40198]
[394,238,158842,160223]
[395,268,405645,406516]
[396,119,340091,339859]
[397,112,190835,192293]
[398,167,287067,286826]
[399,17,443552,442608]
[400,82,450927,451658]
[401,7,437821,437447]
[402,190,310801,311128]
[403,107,84647,84428]
[404,112,508894,510000]
[405,126,639064,639694]
[406,165,491837,491032]
[407,35,528988,528432]
[408,68,721270,721782]
[409,59,364570,363334]
[410,186,235539,235983]
[411,105,385747,385159]
[412,201,381008,380514]
[413,96,408455,409370]
[414,256,533606,534185]
[415,237,30413,29808]
[416,63,110256,109512]
[417,230,271368,272599]
[418,103,481546,481362]
[419,63,112672,112450]
[420,199,429188,428217]
[421,67,125480,124261]
[422,16,346238,346854]
[423,158,354078,354738]
[424,61,655950,655301]
[425,179,323848,323353]
[426,101,248705,247682]
[427,259,698940,697576]
[428,98,204992,206464]
[429,116,386866,387059]
[430,51,503823,502546]
[431,230,386465,386893]
[432,229,328706,327843]
[433,143,350111,349679]
[434,98,137447,137998]
[435,152,444095,444879]
[436,256,199822,201262]
[437,108,14329,15282]
[438,251,335477,335283]
[439,127,259501,258539]
[440,159,53701,53347]
[441,243,420375,419632]
[442,169,44167,44090]
[443,19,456679,455230]
[444,8,381587,381802]
[445,25,190419,189603]
[446,150,75874,76932]
[447,27,239255,238505]
[448,125,316836,316029]
[449,117,574280,574143]
[450,169,219567,219276]
[451,272,522558,522994]
[452,251,100820,100323]
[453,75,695827,695554]
[454,81,130457,129786]
[455,212,319006,320454]
[456,222,170166,171166]
[457,275,571607,570451]
[458,263,304931,303594]
[459,252,511683,512827]
[460,43,492963,492745]
[461,108,579854,580558]
[462,39,293883,293351]
[463,100,478404,478897]
[464,175,397967,397271]
[465,103,351615,350954]
[466,213,220067,219392]
[467,252,428846,430162]
[468,245,435331,434305]
[469,247,538955,537896]
[470,193,286048,284861]
[471,185,506316,505732]
[472,20,131505,132825]
[473,249,174637,174318]
[474,89,216234,215105]
[475,242,370625,371617]
[476,40,721778,722399]
[477,249,373210,372501]
[478,122,455641,456927]
[479,62,681965,683019]
[480,200,104208,104253]
[481,109,552787,551855]
[482,19,622046,621151]
[483,278,23210,23389]
[484,8,365205,365963]
[485,151,329530,328380]
[486,279,30505,29212]
[487,134,564673,566037]
[488,70,370427,371457]
[489,87,50038,49170]
[490,34,621287,622120]
[491,219,444275,443829]
[492,180,489928,490471]
[493,34,118013,119470]
[494,132,365553,366746]
[495,170,39131,40405]
[496,76,174669,175413]
[497,14,211921,213108]
[498,159,29225,28324]
[499,43,151053,150443]
[500,185,605404,604343]
