["head":"wrap","lpos","status"]
[109,404932,0]
["io count"]
[505]
["io":"id","wrap","startLpos","endLpos"]
[1,48,666421,667736]
[2,43,583647,583080]
[3,270,153555,154216]
[4,273,143304,142395]
[5,272,486855,487554]
[6,123,227430,226089]
[7,32,399385,399900]
[8,258,531313,532329]
[9,245,11114,9989]
[10,81,137468,137009]
[11,89,441507,441135]
[12,57,77796,76709]
[13,272,463972,464021]
[14,151,635390,634897]
[15,28,37016,38261]
[16,85,490304,489511]
[17,178,321679,322614]
[18,217,623846,623632]
[19,24,682165,682806]
[20,18,599223,600652]
[21,201,1605,1280]
[22,268,78605,78861]
[23,158,58469,59555]
[24,101,63914,63541]
[25,183,126827,126581]
[26,71,106986,105904]
[27,209,363718,363494]
[28,238,265695,266759]
[29,33,248519,247257]
[30,141,482982,482306]
[31,252,577763,578899]
[32,2,572679,573949]
[33,153,49395,48118]
[34,139,376968,376048]
[35,113,719068,719018]
[36,183,617132,616501]
[37,247,321545,320909]
[38,236,408224,408446]
[39,66,677580,677626]
[40,20,549747,550343]
[41,95,410923,409721]
[42,67,55910,54468]
[43,86,536904,537513]
[44,119,579658,578420]
[45,53,280486,280074]
[46,278,19304,20088]
[47,117,96895,95632]
[48,1,97731,97456]
[49,73,334495,333095]
[50,31,730649,730432]
[51,226,335781,335822]
[52,149,62265,62139]
[53,125,497974,496784]
[54,252,397028,397141]
[55,155,444195,443494]
[56,142,700165,700287]
[57,188,216678,217796]
[58,226,382188,383277]
[59,145,322955,322587]
[60,73,128806,127860]
[61,2,416948,417669]
[62,104,160874,161055]
[63,140,341389,342842]
[64,64,201107,202398]
[65,2,276808,277598]
[66,268,139639,140348]
[67,62,374940,375195]
[68,44,233599,234959]
[69,276,676611,676897]
[70,45,70025,69204]
[71,37,433758,432459]
[72,53,726105,725913]
[73,93,401755,400412]
[74,91,64114,64078]
[75,30,399886,400970]
[76,44,426989,428297]
[77,80,186876,188339]
[78,26,493487,494647]
[79,224,701514,702651]
[80,22,404435,405748]
[81,104,419153,420091]
[82,183,677256,677064]
[83,156,27933,28640]
[84,84,638141,639515]
[85,175,311010,309769]
[86,148,469410,469704]
[87,80,511,1154]
[88,34,409603,410192]
[89,95,549201,548792]
[90,15,113279,112298]
[91,111,714639,714116]
[92,33,712003,710737]
[93,176,267371,267939]
[94,214,639751,641218]
[95,132,296849,297998]
[96,28,464884,465106]
[97,17,330570,330125]
[98,135,12059,11437]
[99,271,559323,559058]
[100,123,584828,584683]
[101,24,125703,126269]
[102,101,8290,7677]
[103,163,150263,149775]
[104,76,166694,166918]
[105,186,454606,455617]
[106,175,525651,524543]
[107,34,300091,300186]
[108,260,343224,343504]
[109,118,386130,386565]
[110,270,61585,62200]
[111,279,46887,46374]
[112,76,276989,278027]
[113,224,337217,337482]
[114,145,241320,241020]
[115,177,105653,105361]
[116,93,457579,457039]
[117,250,40083,41455]
[118,237,359292,358576]
[119,128,322926,324345]
[120,67,670863,670256]
[121,217,24257,23503]
[122,236,88732,89481]
[123,85,461028,460331]
[124,122,663293,663765]
[125,42,91554,92934]
[126,1,711684,711478]
[127,134,719097,719749]
[128,239,464766,464267]
[129,63,268271,267699]
[130,244,689952,691078]
[131,69,712135,711801]
[132,171,448179,447115]
[133,11,1612,1261]
[134,13,586622,586403]
[135,155,160028,159093]
[136,10,285679,286835]
[137,48,411651,412269]
[138,70,334523,334947]
[139,136,122821,123605]
[140,275,17193,17142]
[141,84,405297,405573]
[142,193,677183,677123]
[143,120,657060,657321]
[144,244,293561,294106]
[145,108,481040,481604]
[146,103,502021,501784]
[147,61,628372,627074]
[148,261,688127,687842]
[149,203,718533,718470]
[150,146,468539,468688]
[151,195,339117,338956]
[152,184,350180,350223]
[153,186,216137,216619]
[154,267,373754,372539]
[155,62,72146,73084]
[156,246,67737,67818]
[157,204,571663,573145]
[158,25,95395,94795]
[159,1,34378,33844]
[160,256,95839,97201]
[161,89,186543,186045]
[162,250,405146,406323]
[163,271,321592,320200]
[164,93,714557,713699]
[165,208,716107,717083]
[166,121,494433,494092]
[167,59,275046,273553]
[168,56,661031,662010]
[169,46,490612,491617]
[170,48,486214,487086]
[171,217,583801,583001]
[172,199,594411,593789]
[173,255,162684,162045]
[174,79,356439,355274]
[175,9,229279,228554]
[176,120,484921,485446]
[177,210,598732,598946]
[178,8,355988,356830]
[179,84,523916,523967]
[180,132,588234,588275]
[181,204,408236,408566]
[182,106,154477,155501]
[183,22,622300,622964]
[184,152,282062,282891]
[185,218,129817,130002]
[186,202,655438,655810]
[187,34,141663,142529]
[188,171,709022,707768]
[189,272,343839,345318]
[190,268,103812,104238]
[191,274,403638,403837]
[192,224,558990,559679]
[193,265,486058,485127]
[194,6,634715,635989]
[195,173,452256,451265]
[196,278,631215,632096]
[197,223,522389,521646]
[198,38,704677,705715]
[199,1,5773,5253]
[200,123,102504,101776]
[201,264,149557,150611]
[202,252,472203,472420]
[203,48,612200,613302]
[204,266,96130,96458]
[205,242,305412,306731]
[206,59,548136,548076]
[207,123,680783,679929]
[208,270,198682,198758]
[209,157,409883,409463]
[210,214,35333,36453]
[211,58,361858,362752]
[212,258,23588,24947]
[213,108,697048,697081]
[214,210,489685,490972]
[215,197,62439,61099]
[216,238,451850,452725]
[217,73,363652,363065]
[218,159,305996,304788]
[219,90,255858,256988]
[220,226,696827,698256]
[221,237,706389,705698]
[222,127,557145,555917]
[223,73,237399,236330]
[224,166,117137,118130]
[225,242,280334,281715]
[226,5,352519,351896]
[227,34,317411,317457]
[228,26,708799,709521]
[229,227,253772,252709]
[230,176,481085,481439]
[231,129,264378,264319]
[232,33,500002,499928]
[233,161,608140,607475]
[234,27,202841,201508]
[235,51,366639,366070]
[236,33,189119,188824]
[237,94,259538,260459]
[238,188,414557,416030]
[239,168,222009,223099]
[240,256,664419,665124]
[241,184,60785,62275]
[242,145,629295,628432]
[243,53,669541,668315]
[244,206,195849,196185]
[245,266,100799,101331]
[246,49,47082,45638]
[247,80,167625,167673]
[248,249,507904,506577]
[249,235,468002,467718]
[250,199,334353,334293]
[251,143,37063,36550]
[252,158,125710,126922]
[253,31,63579,62802]
[254,235,65885,64937]
[255,64,467485,468209]
[256,145,255167,254857]
[257,251,305055,304614]
[258,121,160444,159057]
[259,56,98767,99183]
[260,120,99255,100381]
[261,13,472622,472535]
[262,256,314709,315939]
[263,198,607061,607675]
[264,132,591088,591407]
[265,38,344843,344994]
[266,119,292072,291683]
[267,167,8392,6937]
[268,42,554931,555428]
[269,26,550651,550751]
[270,241,213007,212816]
[271,180,725430,725691]
[272,194,54471,55800]
[273,251,406614,406547]
[274,37,403288,402735]
[275,55,500888,499881]
[276,234,251782,253002]
[277,187,249365,248185]
[278,264,179141,179546]
[279,176,464900,465762]
[280,26,640109,640705]
[281,129,299509,299246]
[282,258,194423,194708]
[283,161,361390,361046]
[284,187,717823,717671]
[285,146,95326,95981]
[286,42,334146,335025]
[287,246,18900,19835]
[288,59,130909,130867]
[289,137,611285,610784]
[290,22,366175,367570]
[291,176,179700,180791]
[292,38,163772,164647]
[293,123,697013,696085]
[294,170,551513,552785]
[295,240,584528,585414]
[296,60,258802,260302]
[297,163,368846,368701]
[298,176,684569,685963]
[299,140,624909,625719]
[300,33,515383,514621]
[301,88,485261,486481]
[302,238,570418,571102]
[303,89,142577,142386]
[304,190,406599,407955]
[305,83,499069,498245]
[306,133,316004,315322]
[307,5,388987,387795]
[308,40,11439,12178]
[309,121,343135,342846]
[310,155,22366,21532]
[311,116,384063,385552]
[312,276,371432,372253]
[313,43,181048,180133]
[314,45,177919,177312]
[315,28,319146,319783]
[316,75,134144,133360]
[317,150,214701,215809]
[318,60,586908,587336]
[319,181,189623,188765]
[320,88,135011,135410]
[321,154,486434,486850]
[322,5,170620,169353]
[323,274,540326,541029]
[324,87,579913,579224]
[325,217,685582,685389]
[326,226,34054,34122]
[327,73,672869,672294]
[328,267,92661,91783]
[329,100,49403,50894]
[330,129,651898,651350]
[331,259,244852,243991]
[332,234,34772,35342]
[333,140,88990,89330]
[334,123,384125,383557]
[335,8,639598,640299]
[336,121,328044,327727]
[337,218,56894,57437]
[338,83,238729,237397]
[339,264,162666,163393]
[340,100,205724,206118]
[341,99,682594,681655]
[342,266,297611,298215]
[343,109,578942,578829]
[344,157,217344,215964]
[345,175,607792,607684]
[346,48,244219,244795]
[347,23,241907,241005]
[348,73,657136,656588]
[349,100,518225,518922]
[350,114,636179,637514]
[351,196,19649,20195]
[352,69,15084,13699]
[353,47,465557,465127]
[354,218,28721,29150]
[355,265,549971,549359]
[356,140,124185,125430]
[357,251,291838,290651]
[358,101,38321,37188]
[359,138,492688,492817]
[360,242,12067,13545]
[361,97,342366,341644]
[362,141,177354,176636]
[363,240,515560,515931]
[364,256,563960,565373]
[365,141,164484,163235]
[366,173,677932,676903]
[367,177,9243,7780]
[368,38,381605,381904]
[369,114,600398,600883]
[370,127,129808,129596]
[371,120,628920,629206]
[372,75,162227,161610]
[373,221,15626,14588]
[374,122,43307,43552]
[375,14,215922,216667]
[376,171,585319,584758]
[377,258,465457,466939]
[378,197,231535,230694]
[379,166,310967,311536]
[380,143,415883,415048]
[381,167,602751,602436]
[382,7,534920,534760]
[383,170,421358,422757]
[384,268,245320,245987]
[385,198,292349,292467]
[386,160,137638,137762]
[387,108,440840,441809]
[388,67,195816,195107]
[389,67,537417,537106]
[390,198,91493,92691]
[391,207,683884,683640]
[392,2,11368,11596]
[393,158,652255,653510]
[394,168,65812,66561]
[395,237,357418,355946]
[396,256,10877,12350]
[397,85,201807,201442]
[398,77,90833,89813]
[399,159,538563,537874]
[400,132,319876,320618]
[401,2,252368,252407]
[402,81,522418,520938]
[403,135,186338,184939]
[404,122,257125,258319]
[405,166,310830,311010]
[406,145,4233,3548]
[407,159,647040,645953]
[408,133,260953,259689]
[409,206,162421,163365]
[410,28,81059,82470]
[411,93,465697,465321]
[412,270,640488,641759]
[413,219,258325,257801]
[414,233,472585,472299]
[415,23,578571,578150]
[416,138,373804,374203]
[417,150,185843,186300]
[418,205,666259,665909]
[419,153,312619,312487]
[420,157,373040,372142]
[421,119,340716,339421]
[422,158,368936,369960]
[423,278,695830,696601]
[424,55,358852,358281]
[425,71,295312,294887]
[426,59,640261,640083]
[427,58,664351,665099]
[428,61,198849,197607]
[429,152,564613,565940]
[430,108,118240,119697]
[431,129,500180,498857]
[432,33,219643,218387]
[433,19,491672,490577]
[434,229,106014,104573]
[435,67,31766,30361]
[436,91,114134,113533]
[437,119,673272,672472]
[438,37,607372,606364]
[439,41,662251,662175]
[440,124,341234,341806]
[441,101,507684,507432]
[442,80,137186,137439]
[443,264,663959,665060]
[444,65,141860,141791]
[445,44,112013,112916]
[446,181,560814,559393]
[447,120,19879,20838]
[448,82,106335,107415]
[449,267,194646,193464]
[450,223,646839,646433]
[451,128,147983,148214]
[452,3,709366,708126]
[453,194,694328,694370]
[454,93,655759,654610]
[455,224,227451,227884]
[456,182,275433,276341]
[457,207,301032,299840]
[458,128,290824,291485]
[459,63,129243,128329]
[460,0,339592,339827]
[461,271,269234,267767]
[462,69,340081,339705]
[463,221,381040,380356]
[464,274,620722,621292]
[465,131,575390,575333]
[466,34,613540,614312]
[467,168,260489,261625]
[468,68,577511,577672]
[469,76,725418,725847]
[470,144,714751,714957]
[471,85,305043,304898]
[472,263,557519,556326]
[473,106,25747,26185]
[474,187,490978,490394]
[475,150,330271,330844]
[476,179,529985,528540]
[477,30,1780,2596]
[478,198,291710,292623]
[479,202,16261,17343]
[480,214,560474,561870]
[481,90,542879,543319]
[482,23,571109,570037]
[483,130,49249,49829]
[484,9,472389,471719]
[485,159,37304,35977]
[486,103,377975,376549]
[487,169,75617,74375]
[488,171,184002,183100]
[489,257,685109,685047]
[490,149,541123,540249]
[491,58,236987,238323]
[492,140,673248,674194]
[493,232,379833,380963]
[494,220,211241,211694]
[495,103,693772,692807]
[496,189,490107,489286]
[497,96,704404,705362]
[498,88,292126,292584]
[499,107,224406,223274]
[500,120,667635,667920]
[501,174,368584,369832]
[502,265,448751,448390]
[503,214,506211,507476]
[504,228,116872,118049]
[505,98,685547,685682]
