["head":"wrap","lpos","status"]
[62,682631,0]
["io count"]
[510]
["io":"id","wrap","startLpos","endLpos"]
[1,146,422713,423907]
[2,169,326113,325342]
[3,217,605783,605412]
[4,4,311680,312156]
[5,4,116040,116725]
[6,118,213632,214081]
[7,208,687038,688265]
[8,187,240747,240354]
[9,232,371086,371884]
[10,54,299050,300501]
[11,246,212677,213928]
[12,22,539198,540027]
[13,208,727742,729074]
[14,254,165158,166009]
[15,107,315476,315209]
[16,39,614405,612955]
[17,50,179422,180257]
[18,143,251143,250528]
[19,148,418123,418297]
[20,128,720580,721473]
[21,275,61204,61069]
[22,32,82576,83999]
[23,160,116075,117540]
[24,113,452440,451091]
[25,97,483065,482174]
[26,227,162432,161839]
[27,151,480023,479649]
[28,46,273620,274131]
[29,211,368385,367223]
[30,130,33578,33804]
[31,181,481757,480696]
[32,207,536872,535861]
[33,89,537959,537065]
[34,138,596726,597831]
[35,278,193263,193694]
[36,144,528576,529979]
[37,259,127114,126586]
[38,245,311735,311671]
[39,180,434419,434878]
[40,28,58021,59021]
[41,109,349827,349751]
[42,180,561073,561719]
[43,96,126553,128033]
[44,54,202849,203443]
[45,58,672470,673173]
[46,157,360175,359420]
[47,249,261243,260371]
[48,70,333149,333882]
[49,80,620084,620570]
[50,81,421061,420225]
[51,249,320761,319865]
[52,253,562621,561975]
[53,223,14252,13524]
[54,271,52362,52059]
[55,64,513075,513419]
[56,219,189203,189059]
[57,115,207933,206954]
[58,178,482637,483718]
[59,154,429351,429633]
[60,208,129672,130855]
[61,155,589295,588024]
[62,198,496671,497903]
[63,228,100069,100944]
[64,105,689502,689114]
[65,29,48169,47790]
[66,39,99215,98385]
[67,161,550640,549205]
[68,169,497961,497375]
[69,247,583308,582123]
[70,36,327171,327581]
[71,48,527916,528744]
[72,255,115686,114802]
[73,31,329840,328785]
[74,103,326732,325399]
[75,5,556383,555152]
[76,87,497999,497677]
[77,228,289330,290058]
[78,182,336664,336994]
[79,190,640116,641315]
[80,213,90015,89123]
[81,1,30626,30207]
[82,28,212501,213296]
[83,227,573275,571794]
[84,29,547270,546291]
[85,133,185954,184968]
[86,279,569783,569112]
[87,241,485945,485104]
[88,143,672160,671630]
[89,263,270297,269680]
[90,276,551985,553390]
[91,165,669361,668696]
[92,117,63292,62182]
[93,69,303806,303421]
[94,185,409606,408216]
[95,193,38865,38655]
[96,127,10743,9811]
[97,3,98425,98220]
[98,157,597926,596904]
[99,257,152091,151762]
[100,9,23664,22714]
[101,139,140840,140541]
[102,179,210685,210446]
[103,9,199583,199087]
[104,90,38656,38945]
[105,162,115089,115232]
[106,96,196678,197464]
[107,253,543573,543520]
[108,39,178389,177532]
[109,249,144975,143546]
[110,100,306725,307509]
[111,218,424415,425078]
[112,112,325467,326877]
[113,249,586919,586573]
[114,132,719279,719976]
[115,135,45577,45429]
[116,275,339962,339785]
[117,42,194270,194432]
[118,24,693746,694661]
[119,118,705434,706270]
[120,142,112874,113454]
[121,267,600532,599455]
[122,80,702101,702759]
[123,186,658454,658882]
[124,271,84084,83694]
[125,120,604785,604930]
[126,43,23747,22725]
[127,213,483190,482950]
[128,132,150417,150692]
[129,20,199905,200828]
[130,185,477519,477173]
[131,119,126289,125117]
[132,166,638369,639353]
[133,253,406819,405990]
[134,147,105342,105094]
[135,6,31142,32492]
[136,4,228604,229075]
[137,179,191814,190375]
[138,225,460547,460401]
[139,102,710555,711941]
[140,200,202770,203265]
[141,30,625228,626448]
[142,21,304105,302945]
[143,222,430882,432012]
[144,219,280376,279767]
[145,243,294572,293654]
[146,29,353090,353056]
[147,23,543154,541720]
[148,254,413491,414316]
[149,90,165215,165471]
[150,70,723319,724812]
[151,255,396284,395844]
[152,77,369552,368568]
[153,231,149896,148921]
[154,43,90708,90368]
[155,161,229774,229270]
[156,243,154155,152893]
[157,12,283859,284379]
[158,171,384292,382806]
[159,197,466413,465069]
[160,63,247609,247045]
[161,234,476887,478108]
[162,180,196328,197502]
[163,61,214146,212722]
[164,221,704605,703419]
[165,236,473612,474358]
[166,257,593314,592301]
[167,1,336249,334794]
[168,29,321138,319914]
[169,216,552235,553426]
[170,49,570059,569036]
[171,54,374964,376001]
[172,275,288460,288106]
[173,164,660865,662178]
[174,163,43525,43068]
[175,200,160848,161348]
[176,29,141866,141146]
[177,100,181363,181591]
[178,180,46765,47563]
[179,161,389084,388617]
[180,0,66060,66288]
[181,255,475546,474310]
[182,169,577680,576345]
[183,22,673679,674886]
[184,265,420132,420024]
[185,111,183476,182947]
[186,2,265447,266235]
[187,114,228224,228479]
[188,136,589278,590304]
[189,53,550220,550059]
[190,109,58547,57779]
[191,41,337089,335671]
[192,206,259158,259284]
[193,68,500560,500908]
[194,71,418021,417065]
[195,123,95261,94051]
[196,27,212718,212018]
[197,228,655967,657083]
[198,170,42065,42994]
[199,247,622867,622720]
[200,261,44412,43348]
[201,138,496243,496940]
[202,103,216774,215433]
[203,228,483195,484660]
[204,262,549647,550593]
[205,73,363340,363193]
[206,100,90424,90596]
[207,88,133851,133907]
[208,92,322788,323943]
[209,184,160507,161857]
[210,63,140645,139203]
[211,278,677575,679060]
[212,44,183935,184813]
[213,45,721768,721617]
[214,225,698233,697244]
[215,92,239378,240338]
[216,269,144327,143805]
[217,27,678142,677972]
[218,106,216491,216711]
[219,107,660288,659299]
[220,99,573476,573004]
[221,67,398464,398183]
[222,73,110515,109702]
[223,46,108223,108641]
[224,146,419209,419901]
[225,142,551098,551905]
[226,186,227417,227599]
[227,193,364001,363153]
[228,179,227796,227540]
[229,150,246633,247315]
[230,189,157676,156718]
[231,106,493723,493828]
[232,109,388876,388342]
[233,144,19970,20575]
[234,197,225486,225222]
[235,79,320286,319149]
[236,191,568490,566995]
[237,136,621646,622974]
[238,122,236206,237599]
[239,40,326510,326947]
[240,245,216877,216320]
[241,14,705840,706944]
[242,189,582989,582592]
[243,277,657997,656792]
[244,119,42194,41404]
[245,70,386318,386768]
[246,253,171719,171280]
[247,146,522548,523647]
[248,187,676535,675905]
[249,0,719816,719871]
[250,162,343548,344407]
[251,186,252158,252850]
[252,276,662157,662241]
[253,24,523526,524460]
[254,209,160626,159867]
[255,85,452656,451188]
[256,45,675525,674166]
[257,60,414025,414077]
[258,271,106070,105608]
[259,22,399384,400332]
[260,106,325159,325710]
[261,72,631637,633050]
[262,198,32955,33508]
[263,279,390561,389170]
[264,255,89818,88352]
[265,212,154757,155223]
[266,81,116748,116247]
[267,56,335333,335638]
[268,144,711563,713025]
[269,221,628922,628717]
[270,144,146040,146934]
[271,120,68065,68804]
[272,231,565890,565478]
[273,144,40729,41209]
[274,269,39219,38202]
[275,210,413282,414489]
[276,160,404776,405333]
[277,129,299773,299139]
[278,91,681346,679984]
[279,173,431949,430642]
[280,276,226819,228063]
[281,56,138777,139323]
[282,119,466236,464801]
[283,65,148732,147508]
[284,104,294801,294927]
[285,23,331904,330798]
[286,230,613673,614999]
[287,254,702301,702950]
[288,55,600428,599923]
[289,26,606445,607309]
[290,273,540425,539825]
[291,95,469208,469012]
[292,73,605023,604511]
[293,193,112822,112485]
[294,118,595237,596284]
[295,232,111389,112101]
[296,132,350780,351958]
[297,122,630849,631762]
[298,250,525878,527123]
[299,144,405119,405702]
[300,232,627062,628038]
[301,250,198075,198219]
[302,115,19092,18152]
[303,21,577315,576046]
[304,1,203299,202727]
[305,23,698579,697877]
[306,130,232634,233091]
[307,181,487789,487269]
[308,49,234048,233280]
[309,258,238259,239552]
[310,49,343145,342588]
[311,38,364180,364512]
[312,10,595638,596500]
[313,87,415017,413628]
[314,276,372070,373035]
[315,230,518392,519128]
[316,227,464986,464573]
[317,155,478494,477720]
[318,88,64778,65678]
[319,58,25161,25584]
[320,176,269276,270247]
[321,190,593074,593407]
[322,27,390826,390356]
[323,179,301848,300464]
[324,8,413066,414240]
[325,139,553040,552887]
[326,147,501076,500672]
[327,169,454590,453495]
[328,92,539402,540021]
[329,104,395580,396736]
[330,160,547798,548352]
[331,274,169946,170019]
[332,170,122518,122897]
[333,200,277019,278484]
[334,111,141926,140528]
[335,160,552236,552426]
[336,91,694443,693234]
[337,72,275421,276218]
[338,193,672327,671846]
[339,150,146122,147101]
[340,264,149476,149737]
[341,209,279819,278333]
[342,41,586318,586215]
[343,107,604332,603587]
[344,34,582802,583618]
[345,9,588644,587333]
[346,123,228389,227982]
[347,24,248138,248482]
[348,79,298398,297923]
[349,128,467205,468106]
[350,31,238469,237633]
[351,201,729070,727978]
[352,120,564127,564916]
[353,186,138825,139276]
[354,3,270621,270464]
[355,17,32475,31653]
[356,1,718841,718547]
[357,7,358417,357409]
[358,22,244658,245914]
[359,73,361757,360333]
[360,125,41615,41485]
[361,94,420148,421158]
[362,185,318982,318624]
[363,179,554728,553269]
[364,197,667395,665987]
[365,43,246634,245193]
[366,130,97745,99209]
[367,198,77288,78353]
[368,231,448620,447842]
[369,102,304107,304453]
[370,127,542412,541561]
[371,17,199449,199239]
[372,149,340066,339750]
[373,216,17964,18828]
[374,106,567005,567425]
[375,64,605042,605911]
[376,31,421044,420386]
[377,119,77617,76990]
[378,8,328547,329243]
[379,39,432865,431920]
[380,215,451816,450473]
[381,206,259023,260424]
[382,239,486093,485940]
[383,49,513543,512312]
[384,108,715639,716776]
[385,262,175258,176221]
[386,112,186147,186726]
[387,240,521256,522563]
[388,138,63829,64605]
[389,85,571146,569677]
[390,93,195215,194344]
[391,148,718837,719930]
[392,279,98639,98019]
[393,81,449856,449050]
[394,75,549374,548875]
[395,187,361617,360380]
[396,237,166596,165449]
[397,162,118866,119953]
[398,25,79348,78542]
[399,220,584832,585786]
[400,99,723292,722521]
[401,72,398644,399255]
[402,103,299827,298681]
[403,57,82134,81090]
[404,224,7800,8188]
[405,276,362756,363498]
[406,224,295337,295634]
[407,144,624832,625784]
[408,140,24577,24900]
[409,41,461044,459599]
[410,140,79524,79625]
[411,120,633562,633895]
[412,87,477025,476442]
[413,223,577016,575808]
[414,257,522203,520870]
[415,41,616162,614784]
[416,269,263705,262934]
[417,128,501402,501621]
[418,4,185619,186014]
[419,75,443598,442823]
[420,260,97818,98820]
[421,248,546543,547421]
[422,206,403969,404933]
[423,183,280434,279938]
[424,211,429907,429274]
[425,268,572582,573822]
[426,230,76992,77157]
[427,135,319406,318438]
[428,151,459443,458969]
[429,6,44446,44581]
[430,85,483006,481688]
[431,94,266217,267245]
[432,29,345061,344911]
[433,27,440326,439715]
[434,13,373010,372540]
[435,200,545636,546005]
[436,110,448645,449744]
[437,118,90563,90805]
[438,9,225412,224252]
[439,92,127302,127953]
[440,116,36060,36330]
[441,160,417516,418062]
[442,121,625446,625211]
[443,228,53608,54954]
[444,149,599615,598349]
[445,191,1946,1209]
[446,222,505896,506974]
[447,90,370588,371214]
[448,120,63996,64768]
[449,63,687989,687796]
[450,44,481480,481647]
[451,73,605698,605579]
[452,220,628808,629531]
[453,39,144260,143364]
[454,68,354563,355948]
[455,75,696271,695663]
[456,188,591451,592173]
[457,248,139843,140392]
[458,118,520153,521006]
[459,194,536535,537936]
[460,156,724481,724779]
[461,164,221354,221409]
[462,97,55337,54173]
[463,16,11214,11540]
[464,74,644252,644980]
[465,252,566777,567696]
[466,127,663054,662470]
[467,13,415952,414776]
[468,152,346030,346252]
[469,36,54866,55906]
[470,202,726360,726781]
[471,14,261263,262733]
[472,238,497490,498367]
[473,129,61775,60870]
[474,209,451032,450483]
[475,33,408867,407802]
[476,271,568870,568020]
[477,64,696102,696688]
[478,74,693570,693922]
[479,237,368401,367176]
[480,149,496849,495750]
[481,277,642344,641877]
[482,258,717794,717862]
[483,181,71322,70836]
[484,188,108103,108892]
[485,178,609851,609930]
[486,186,263114,263376]
[487,45,193584,193407]
[488,75,703235,702598]
[489,125,224439,223445]
[490,87,233873,232477]
[491,255,597827,596877]
[492,207,553787,553595]
[493,19,703999,702794]
[494,89,420387,420206]
[495,54,214362,215153]
[496,170,227277,228717]
[497,234,18884,20340]
[498,250,83686,84609]
[499,23,17882,17465]
[500,99,642833,641881]
[501,29,219275,218606]
[502,220,418041,419059]
[503,55,177741,177641]
[504,116,73142,73748]
[505,165,44739,43409]
[506,40,363124,364087]
[507,95,209371,209257]
[508,247,560370,559103]
[509,184,169239,169922]
[510,194,434172,435060]
