["head":"wrap","lpos","status"]
[229,142294,0]
["io count"]
[515]
["io":"id","wrap","startLpos","endLpos"]
[1,210,43217,44525]
[2,74,705505,706611]
[3,86,558627,560108]
[4,104,704654,706090]
[5,33,405612,404594]
[6,225,504145,503942]
[7,262,40326,41437]
[8,268,681219,682239]
[9,135,18191,16780]
[10,83,233490,232922]
[11,1,447728,446643]
[12,149,307028,306191]
[13,4,9392,9634]
[14,130,673321,674776]
[15,18,668029,668140]
[16,143,131542,130045]
[17,73,492261,492009]
[18,142,91374,92062]
[19,23,658514,657488]
[20,46,531540,532152]
[21,192,625260,625328]
[22,98,355607,356828]
[23,16,303319,303631]
[24,170,131339,132606]
[25,184,492232,492533]
[26,216,246612,247328]
[27,138,78000,78966]
[28,165,622137,621961]
[29,37,134003,133503]
[30,124,217447,217613]
[31,225,231331,230526]
[32,269,268140,266794]
[33,115,596320,595071]
[34,49,252316,252009]
[35,13,718311,716827]
[36,18,680333,680523]
[37,251,165384,165226]
[38,230,218019,218060]
[39,185,150654,149439]
[40,216,450227,451641]
[41,28,704033,704908]
[42,85,233675,232207]
[43,276,458234,458714]
[44,262,22237,23557]
[45,210,196783,198141]
[46,150,605694,606410]
[47,207,317202,315878]
[48,164,364362,364993]
[49,165,657989,657944]
[50,133,296376,295986]
[51,49,277219,275725]
[52,225,83010,82523]
[53,16,388743,388889]
[54,73,53998,53855]
[55,200,722492,722681]
[56,110,603530,603764]
[57,209,683838,683061]
[58,201,78425,77500]
[59,77,489024,488800]
[60,109,612968,612294]
[61,82,57052,57891]
[62,17,504959,503545]
[63,81,302074,300610]
[64,76,551182,552428]
[65,218,233018,233139]
[66,149,393584,393259]
[67,11,519510,519361]
[68,267,49908,49676]
[69,46,159342,160259]
[70,168,53877,53992]
[71,250,160735,161263]
[72,225,20118,20009]
[73,136,435308,436215]
[74,268,22086,22162]
[75,159,601059,600376]
[76,209,698056,696718]
[77,93,590430,589286]
[78,39,335978,335564]
[79,53,310673,310251]
[80,113,404206,403826]
[81,156,566785,568097]
[82,62,79004,79571]
[83,93,96283,95617]
[84,203,145773,144860]
[85,264,560403,561241]
[86,52,24291,24842]
[87,99,592138,590871]
[88,274,164318,165485]
[89,168,316717,317016]
[90,80,192251,193385]
[91,241,649020,648228]
[92,216,570870,571367]
[93,251,575866,575796]
[94,167,592717,592340]
[95,141,75304,74009]
[96,108,654046,654345]
[97,17,729640,728888]
[98,137,650080,648642]
[99,92,387100,388390]
[100,235,125429,124023]
[101,64,600904,600965]
[102,122,69596,70380]
[103,212,110715,112103]
[104,121,583869,582725]
[105,202,626571,627468]
[106,177,480567,479976]
[107,202,273787,275154]
[108,47,662906,661558]
[109,122,689232,689840]
[110,62,613291,613435]
[111,211,385338,384020]
[112,250,11138,11657]
[113,136,141346,142241]
[114,46,409830,410038]
[115,257,78829,77959]
[116,198,707439,708220]
[117,116,694943,696311]
[118,169,676925,675780]
[119,250,65836,66629]
[120,197,343106,342980]
[121,262,484652,484770]
[122,62,572884,573014]
[123,64,214867,215994]
[124,216,45142,46600]
[125,109,306277,305493]
[126,68,317474,318848]
[127,228,673906,675319]
[128,22,714259,715242]
[129,94,128318,129651]
[130,214,319952,320112]
[131,24,182829,183531]
[132,101,550568,550236]
[133,52,435125,436020]
[134,70,557999,559120]
[135,199,528408,528034]
[136,247,647875,647286]
[137,102,585470,586378]
[138,251,173953,172986]
[139,57,80865,79943]
[140,62,466513,466966]
[141,274,45415,46264]
[142,69,523778,522963]
[143,228,354252,355543]
[144,230,520610,521862]
[145,194,171675,172159]
[146,69,334009,332768]
[147,42,269748,269914]
[148,195,134665,134478]
[149,109,682461,681507]
[150,55,292644,291450]
[151,152,608116,608847]
[152,65,451052,450224]
[153,239,27104,26739]
[154,255,51184,50464]
[155,138,715850,716203]
[156,51,457602,456363]
[157,233,414596,413184]
[158,117,377885,376458]
[159,183,192189,191945]
[160,166,383441,383682]
[161,26,614024,615138]
[162,177,649041,648350]
[163,246,128651,129213]
[164,99,699997,698915]
[165,35,476192,475074]
[166,121,378735,377822]
[167,211,58405,58056]
[168,198,510481,511268]
[169,38,368844,369337]
[170,37,243746,243675]
[171,112,565793,566028]
[172,208,189037,189189]
[173,224,21446,21499]
[174,1,645463,645289]
[175,165,666101,665046]
[176,126,698325,698727]
[177,123,439193,437960]
[178,214,518110,518466]
[179,222,659699,660571]
[180,141,642699,641608]
[181,88,684677,685569]
[182,259,657144,657091]
[183,64,615949,616993]
[184,159,167688,167052]
[185,250,255165,255498]
[186,183,638034,636853]
[187,205,259195,258611]
[188,245,189171,188796]
[189,254,577514,577646]
[190,277,84666,83393]
[191,138,654986,655144]
[192,37,582036,581511]
[193,206,308659,309833]
[194,90,408068,408227]
[195,38,171893,172592]
[196,261,573018,571798]
[197,16,646109,646520]
[198,197,48760,48216]
[199,161,40641,40466]
[200,66,364295,365174]
[201,144,558457,558498]
[202,68,262506,263198]
[203,9,313935,313899]
[204,84,8094,8203]
[205,262,23127,23383]
[206,252,149117,149789]
[207,127,167647,166787]
[208,98,568443,569364]
[209,101,637448,636958]
[210,237,632297,631500]
[211,221,656661,655663]
[212,0,77475,78063]
[213,163,13786,12842]
[214,191,508600,508514]
[215,24,49797,51189]
[216,44,60401,61421]
[217,27,243528,242253]
[218,67,626519,626482]
[219,234,439304,440042]
[220,278,709248,710151]
[221,127,722943,722655]
[222,77,677278,677181]
[223,11,335497,334756]
[224,79,594697,594007]
[225,11,200804,200329]
[226,11,616816,616174]
[227,60,332447,333824]
[228,34,407035,408288]
[229,274,491725,492204]
[230,107,700886,700254]
[231,71,562790,562163]
[232,150,304265,304931]
[233,176,424760,426212]
[234,174,328864,329982]
[235,82,250285,250928]
[236,241,583155,581986]
[237,110,619540,620372]
[238,79,44479,44215]
[239,130,13421,14707]
[240,7,69349,69019]
[241,161,45639,44432]
[242,136,690145,691459]
[243,114,542188,542262]
[244,98,646378,646774]
[245,216,329822,331318]
[246,176,445097,446264]
[247,100,231295,232505]
[248,140,275606,276278]
[249,9,149706,148420]
[250,229,174970,174906]
[251,218,572903,573305]
[252,184,84048,84550]
[253,91,123977,122697]
[254,62,61434,62674]
[255,139,243463,243368]
[256,131,489398,488736]
[257,55,417958,416776]
[258,13,355758,355183]
[259,169,278249,277032]
[260,51,639846,638847]
[261,89,513050,512011]
[262,162,563296,564008]
[263,77,525514,525391]
[264,142,486897,487462]
[265,25,111606,110708]
[266,46,170736,171310]
[267,274,702605,703141]
[268,207,690216,689083]
[269,180,569844,570931]
[270,10,518585,519797]
[271,36,635371,635905]
[272,40,275789,275897]
[273,154,589029,589758]
[274,221,33174,32229]
[275,68,166108,166458]
[276,267,41245,40930]
[277,180,314290,314556]
[278,55,111695,110308]
[279,203,539191,538420]
[280,9,325543,324804]
[281,112,482341,482924]
[282,1,323506,322886]
[283,150,596924,598012]
[284,54,694709,695979]
[285,22,498767,500111]
[286,196,345657,346268]
[287,1,482467,481358]
[288,214,507919,509110]
[289,188,461395,461590]
[290,27,223714,223120]
[291,136,428544,429455]
[292,39,565135,565093]
[293,47,99375,97955]
[294,61,504237,504076]
[295,170,543258,543649]
[296,75,475184,474268]
[297,265,569483,568860]
[298,173,696480,695027]
[299,111,226029,225415]
[300,84,420514,421244]
[301,77,288135,287363]
[302,146,704353,704980]
[303,91,548554,547612]
[304,31,5436,5180]
[305,26,644821,645302]
[306,267,457404,456111]
[307,193,628699,627591]
[308,152,378747,380056]
[309,176,363430,364745]
[310,216,279090,280314]
[311,113,285247,284845]
[312,243,41661,40838]
[313,236,135614,136567]
[314,273,715200,713981]
[315,199,403177,401686]
[316,39,442853,442276]
[317,139,523590,523487]
[318,181,374609,374318]
[319,120,3352,3401]
[320,101,692623,691888]
[321,107,693761,692325]
[322,13,587810,586706]
[323,120,593758,594031]
[324,89,662505,661350]
[325,254,597901,599164]
[326,214,116661,117072]
[327,37,722200,721324]
[328,73,709014,708912]
[329,148,483981,484893]
[330,242,456291,456563]
[331,263,713172,712215]
[332,159,170077,169899]
[333,215,140946,139807]
[334,33,283834,283522]
[335,103,562059,560763]
[336,204,38461,38654]
[337,145,291091,291010]
[338,176,136296,136773]
[339,124,260535,261157]
[340,78,329191,329273]
[341,132,728885,729318]
[342,249,215820,215594]
[343,38,234199,234697]
[344,91,527099,525799]
[345,159,573360,572350]
[346,224,274440,274766]
[347,77,479910,479212]
[348,17,111692,111321]
[349,75,280999,279504]
[350,39,723335,722700]
[351,54,312872,313900]
[352,133,716330,715832]
[353,245,406656,405837]
[354,100,174367,174886]
[355,226,624754,625127]
[356,191,129940,128475]
[357,123,261640,260703]
[358,253,581194,579941]
[359,176,316500,317880]
[360,199,354570,354036]
[361,246,627809,628796]
[362,224,77719,78751]
[363,161,126225,125272]
[364,49,243911,243522]
[365,247,322372,322301]
[366,50,609458,609721]
[367,70,552930,553608]
[368,136,3824,4672]
[369,68,485190,486638]
[370,135,287669,287113]
[371,78,313282,313322]
[372,242,629659,630013]
[373,75,400469,400394]
[374,154,3382,4147]
[375,255,682316,680862]
[376,239,274370,273223]
[377,195,520782,520329]
[378,59,194220,193054]
[379,170,529646,530863]
[380,155,626543,625897]
[381,171,362758,361819]
[382,45,712544,712070]
[383,132,117578,118314]
[384,203,670564,669661]
[385,263,655398,655017]
[386,251,302215,301062]
[387,70,318186,318886]
[388,47,670457,669335]
[389,210,293413,294491]
[390,84,595506,596680]
[391,233,387740,386906]
[392,92,476350,477801]
[393,23,205573,205181]
[394,166,467750,468392]
[395,256,375897,376471]
[396,21,559658,558482]
[397,19,684572,683686]
[398,90,307511,308256]
[399,150,702025,702698]
[400,249,234096,233434]
[401,105,154251,153164]
[402,60,729915,730844]
[403,198,284478,285602]
[404,29,43646,43062]
[405,177,406003,404973]
[406,227,345558,344793]
[407,143,278650,277397]
[408,243,378109,377502]
[409,248,97499,97610]
[410,221,108049,106696]
[411,101,103207,102100]
[412,160,582641,583794]
[413,125,347683,347494]
[414,14,248335,248657]
[415,23,432697,431217]
[416,1,688160,687914]
[417,182,665955,666535]
[418,83,721720,720588]
[419,32,132891,133649]
[420,183,175878,174794]
[421,79,248286,246946]
[422,45,71073,70224]
[423,225,217494,216941]
[424,9,367220,366472]
[425,42,216025,216679]
[426,122,463110,464598]
[427,127,386461,385774]
[428,2,71286,72033]
[429,206,574936,575584]
[430,244,665117,665379]
[431,21,633720,633490]
[432,17,392608,391216]
[433,64,445226,445575]
[434,217,404513,403607]
[435,88,181072,181941]
[436,80,320876,321580]
[437,77,228696,227955]
[438,111,609354,608934]
[439,97,356563,356203]
[440,93,193154,192701]
[441,242,448991,450345]
[442,164,41469,42909]
[443,124,364333,364844]
[444,58,165699,167039]
[445,167,647975,646905]
[446,162,80960,81044]
[447,154,502297,502703]
[448,119,396564,396451]
[449,146,482005,482040]
[450,234,248809,249875]
[451,14,438393,439745]
[452,277,588157,586706]
[453,81,419990,419343]
[454,5,455998,455409]
[455,48,564716,565781]
[456,54,200684,201565]
[457,116,7186,7809]
[458,7,493222,492939]
[459,180,47715,48053]
[460,183,45581,45375]
[461,144,194661,194972]
[462,264,471013,471508]
[463,67,76128,75280]
[464,55,413652,413138]
[465,220,648385,648464]
[466,239,421940,421536]
[467,68,51009,52094]
[468,229,232618,232137]
[469,18,6833,7956]
[470,189,441815,441589]
[471,209,599469,598469]
[472,106,528117,528447]
[473,152,546219,547210]
[474,212,334758,335063]
[475,99,493766,492948]
[476,199,657454,656483]
[477,26,147177,147746]
[478,260,714503,715565]
[479,248,82202,83046]
[480,216,310806,312085]
[481,230,170241,170846]
[482,149,349630,348245]
[483,37,447607,446611]
[484,265,355554,355135]
[485,182,531106,532418]
[486,176,251909,252627]
[487,19,559531,559200]
[488,227,613672,612770]
[489,114,568678,569026]
[490,256,531279,531683]
[491,228,507419,507906]
[492,151,472242,471575]
[493,129,718703,718597]
[494,98,727733,729207]
[495,13,573773,573127]
[496,275,660078,659797]
[497,211,56044,55263]
[498,238,492195,493269]
[499,172,727426,728142]
[500,132,244912,245002]
[501,133,10544,9309]
[502,163,109775,108428]
[503,125,256201,254828]
[504,266,555801,556281]
[505,232,13506,14184]
[506,136,102948,103829]
[507,70,410391,410461]
[508,41,570409,569496]
[509,142,126601,126802]
[510,75,444134,442756]
[511,59,175660,174433]
[512,74,329423,329589]
[513,207,494201,493019]
[514,183,319067,318239]
[515,115,169278,168421]
