["head":"wrap","lpos","status"]
[56,7973,0]
["io count"]
[520]
["io":"id","wrap","startLpos","endLpos"]
[1,143,390369,389176]
[2,247,660362,659669]
[3,23,74407,74366]
[4,250,709769,710503]
[5,148,300232,300712]
[6,277,275922,275158]
[7,66,69007,69524]
[8,172,207243,207737]
[9,139,436147,434848]
[10,161,470992,469650]
[11,261,448873,448394]
[12,46,560660,561168]
[13,196,155605,156099]
[14,229,474405,473770]
[15,218,670320,670870]
[16,206,494920,496131]
[17,18,638634,640009]
[18,8,688332,689039]
[19,221,93473,92631]
[20,169,484008,482581]
[21,63,289067,288666]
[22,187,488335,488226]
[23,189,699213,698021]
[24,216,71622,72361]
[25,138,167208,168514]
[26,183,255322,255217]
[27,167,192120,192020]
[28,205,475180,474167]
[29,121,269291,269022]
[30,143,621838,621509]
[31,108,338256,339396]
[32,178,602653,603497]
[33,2,453167,453593]
[34,202,461090,462375]
[35,179,182660,181902]
[36,24,684132,685288]
[37,114,439831,440838]
[38,89,242674,241703]
[39,92,339520,339775]
[40,260,613999,614043]
[41,156,8110,8537]
[42,125,73300,71932]
[43,268,599880,600477]
[44,171,600980,600528]
[45,34,368096,368471]
[46,196,539892,541362]
[47,155,398782,398364]
[48,202,486214,486693]
[49,47,589152,587686]
[50,116,336366,337038]
[51,279,113199,112904]
[52,59,496591,495735]
[53,143,554807,553889]
[54,38,601129,601371]
[55,226,128601,128814]
[56,113,83126,81991]
[57,123,237316,236412]
[58,157,291744,291394]
[59,225,688080,687800]
[60,185,80599,79258]
[61,135,71570,70880]
[62,276,493714,493835]
[63,85,243617,242397]
[64,65,389650,389440]
[65,70,346178,346840]
[66,259,424680,423216]
[67,0,436027,436563]
[68,132,220990,222217]
[69,68,605365,606152]
[70,73,533666,533356]
[71,0,538414,539552]
[72,29,679988,679478]
[73,7,86999,86625]
[74,25,706877,706116]
[75,46,492047,492942]
[76,206,151192,151363]
[77,106,110403,111632]
[78,224,85340,85907]
[79,115,684177,683452]
[80,275,281704,281184]
[81,233,128646,128411]
[82,93,506010,505692]
[83,194,543012,543664]
[84,16,388626,389281]
[85,205,440565,440197]
[86,146,78769,80094]
[87,104,138907,139657]
[88,137,661675,661282]
[89,114,40020,40500]
[90,100,232090,233391]
[91,119,488785,487714]
[92,73,296125,294839]
[93,56,328292,329481]
[94,242,474488,475083]
[95,133,38770,38284]
[96,263,390021,388879]
[97,43,683608,682548]
[98,180,79825,81082]
[99,222,625773,626541]
[100,123,541374,540188]
[101,13,496241,495983]
[102,141,579918,579615]
[103,34,539444,540385]
[104,95,3184,2153]
[105,57,100580,99544]
[106,227,451782,451120]
[107,193,522755,521587]
[108,261,342290,341115]
[109,254,268125,268353]
[110,178,164079,165562]
[111,108,232528,232856]
[112,74,684663,685677]
[113,75,27187,26387]
[114,58,16177,16730]
[115,63,623941,623825]
[116,43,656807,655616]
[117,112,339535,339911]
[118,99,462900,462591]
[119,196,435533,436985]
[120,175,63601,63515]
[121,111,209023,208655]
[122,12,583384,584753]
[123,77,478108,477773]
[124,237,206046,204651]
[125,4,523907,524164]
[126,224,119318,119877]
[127,112,481838,482101]
[128,121,248673,248134]
[129,210,181974,183452]
[130,268,84369,84425]
[131,68,551341,552750]
[132,54,644058,645160]
[133,71,702615,701593]
[134,187,144085,143087]
[135,170,637948,639428]
[136,30,390065,390572]
[137,156,227364,227613]
[138,219,368235,367359]
[139,228,168370,169805]
[140,171,220519,220263]
[141,220,458043,459026]
[142,154,80288,80812]
[143,118,188224,188889]
[144,253,313600,312360]
[145,256,426013,426477]
[146,128,644984,646181]
[147,152,727340,728364]
[148,25,308306,307519]
[149,256,211827,212708]
[150,167,591749,590866]
[151,77,478969,478049]
[152,60,151718,152710]
[153,12,339391,339961]
[154,20,141178,141744]
[155,16,263715,264417]
[156,134,273436,273968]
[157,108,397470,398917]
[158,218,274146,275309]
[159,41,92367,91438]
[160,127,215560,214137]
[161,243,715201,714164]
[162,44,579643,580313]
[163,221,574158,573524]
[164,107,685756,684792]
[165,39,657056,656883]
[166,69,451285,449976]
[167,162,444389,445077]
[168,63,594636,594279]
[169,0,333071,333240]
[170,22,177713,178316]
[171,97,167505,166865]
[172,83,363024,361718]
[173,247,465161,464252]
[174,202,334531,335511]
[175,174,562180,563394]
[176,96,712609,713591]
[177,18,191115,191215]
[178,142,719169,719836]
[179,10,389374,390163]
[180,1,204405,202984]
[181,217,403781,403300]
[182,202,463282,464147]
[183,79,680148,679778]
[184,2,339082,339284]
[185,216,661832,663086]
[186,131,416874,415835]
[187,209,505037,504925]
[188,221,257485,256534]
[189,245,86254,85242]
[190,58,291110,291629]
[191,259,495914,495824]
[192,155,403745,402473]
[193,9,263141,261690]
[194,50,95317,96038]
[195,191,419465,417965]
[196,72,256525,257075]
[197,216,404891,405740]
[198,257,304232,303366]
[199,238,329137,330480]
[200,18,503404,504071]
[201,210,100026,100623]
[202,270,234206,235662]
[203,98,718052,718708]
[204,158,241327,241939]
[205,19,622685,621676]
[206,258,278602,278855]
[207,203,194217,194034]
[208,109,577256,576302]
[209,49,157184,155883]
[210,52,511057,511930]
[211,276,185999,186882]
[212,37,476232,475301]
[213,84,24600,24794]
[214,110,413810,414457]
[215,40,641158,642191]
[216,62,574778,576179]
[217,150,511026,512296]
[218,101,335163,334067]
[219,167,285663,284183]
[220,39,359800,359266]
[221,127,415304,414462]
[222,193,283354,282451]
[223,209,643708,643659]
[224,14,246006,246364]
[225,11,222214,222026]
[226,169,114250,113253]
[227,89,337917,337745]
[228,28,152276,153365]
[229,76,593847,594040]
[230,68,648318,649709]
[231,149,246661,245693]
[232,83,567725,567691]
[233,147,683163,683017]
[234,179,656074,655973]
[235,224,592000,592257]
[236,1,517142,515657]
[237,162,441962,442364]
[238,51,30323,30070]
[239,18,44913,46192]
[240,26,334233,335344]
[241,34,32578,33960]
[242,209,101273,101026]
[243,12,357107,357857]
[244,246,17698,17803]
[245,178,57949,58536]
[246,0,17821,18220]
[247,272,374773,375565]
[248,164,685236,686130]
[249,167,240157,239193]
[250,56,534268,535361]
[251,72,82418,83491]
[252,177,440964,439499]
[253,121,354842,353884]
[254,171,533367,532854]
[255,243,591072,590550]
[256,65,528995,528367]
[257,44,160972,161195]
[258,158,374465,375248]
[259,205,331555,330428]
[260,255,434488,433046]
[261,264,394515,395194]
[262,234,505004,505386]
[263,246,290179,291340]
[264,45,609811,608367]
[265,187,288517,287102]
[266,52,172132,173526]
[267,229,601031,600772]
[268,223,45995,45337]
[269,47,535983,535080]
[270,250,256463,257567]
[271,66,624510,624613]
[272,137,251458,251337]
[273,1,641866,640883]
[274,245,89790,89701]
[275,124,325950,326402]
[276,193,169491,168779]
[277,224,15234,15353]
[278,205,39069,38190]
[279,60,257711,259111]
[280,270,530045,530805]
[281,42,84402,85842]
[282,152,89817,90759]
[283,57,173506,172046]
[284,160,284520,285997]
[285,66,555732,556454]
[286,9,182624,181986]
[287,137,383142,382254]
[288,29,661648,660866]
[289,48,150702,151134]
[290,107,617160,616854]
[291,1,618423,617568]
[292,13,515307,514370]
[293,47,292801,291781]
[294,61,467098,466030]
[295,276,614274,615412]
[296,254,721345,722614]
[297,93,414087,413388]
[298,66,4127,5162]
[299,68,422854,422958]
[300,163,328720,327545]
[301,144,242327,243827]
[302,117,149559,148293]
[303,250,516823,517392]
[304,15,695094,693927]
[305,127,155012,153572]
[306,44,190520,191156]
[307,5,728554,727462]
[308,237,108164,107271]
[309,4,181345,182166]
[310,41,264001,263626]
[311,170,393060,393546]
[312,213,479321,478047]
[313,148,659093,659150]
[314,232,375559,376333]
[315,49,532064,531152]
[316,128,375634,376570]
[317,54,397726,398876]
[318,33,211896,211455]
[319,173,135443,135012]
[320,230,23434,24315]
[321,199,271937,271693]
[322,268,64572,65432]
[323,180,347032,348215]
[324,258,393298,393480]
[325,124,541848,542204]
[326,266,223471,224370]
[327,97,548104,547411]
[328,238,701804,703250]
[329,72,472294,472778]
[330,278,282003,282131]
[331,222,430674,431684]
[332,240,561053,561307]
[333,61,447517,446665]
[334,275,518670,518397]
[335,42,519028,519867]
[336,216,295740,296244]
[337,126,693553,694145]
[338,58,282704,283470]
[339,102,31691,32828]
[340,193,445508,445074]
[341,160,553858,554204]
[342,39,227368,226228]
[343,263,472601,471992]
[344,256,122894,124021]
[345,54,148638,149715]
[346,269,569033,568900]
[347,197,608451,607033]
[348,98,210351,210978]
[349,219,552770,552647]
[350,218,464964,466244]
[351,269,623242,621984]
[352,3,716663,715660]
[353,220,244812,244914]
[354,98,627396,628699]
[355,185,644665,644117]
[356,23,544386,544128]
[357,101,519935,519518]
[358,125,8426,8344]
[359,185,569035,568552]
[360,264,141490,142848]
[361,223,614465,613404]
[362,169,4108,3232]
[363,158,572699,573089]
[364,109,452471,451678]
[365,45,493935,492752]
[366,256,125622,125682]
[367,262,120309,121421]
[368,267,2623,2267]
[369,250,341391,342498]
[370,51,680120,679751]
[371,242,661329,662211]
[372,0,506248,507504]
[373,243,654587,654133]
[374,13,525726,524334]
[375,221,388570,387081]
[376,193,445363,444908]
[377,14,360752,360985]
[378,39,569759,568901]
[379,2,666558,666860]
[380,248,166881,168257]
[381,124,586848,587837]
[382,139,313726,313154]
[383,86,702562,702898]
[384,227,172857,172820]
[385,24,27080,28339]
[386,241,40776,39635]
[387,170,346338,347835]
[388,260,684646,684960]
[389,275,480360,479459]
[390,9,283416,282793]
[391,140,225140,225813]
[392,114,335056,335262]
[393,129,531360,530630]
[394,119,470073,469768]
[395,277,390331,389154]
[396,238,533779,534643]
[397,200,588473,588697]
[398,60,33078,34381]
[399,204,161115,161508]
[400,13,371152,370049]
[401,224,714368,714463]
[402,83,593105,592880]
[403,9,592955,592826]
[404,254,627708,628719]
[405,183,139722,139617]
[406,45,218536,218250]
[407,180,687804,688954]
[408,279,481554,480825]
[409,23,488044,488007]
[410,215,48361,48266]
[411,176,461426,461910]
[412,277,140367,139357]
[413,225,549062,548904]
[414,69,419741,418717]
[415,103,269274,267894]
[416,153,81356,80448]
[417,66,663832,664888]
[418,6,175451,176624]
[419,14,700166,700861]
[420,125,34972,34823]
[421,220,569907,570321]
[422,19,11489,10229]
[423,239,289550,288966]
[424,115,527448,527133]
[425,233,78847,78159]
[426,122,329798,330240]
[427,240,434166,434756]
[428,194,43779,44086]
[429,106,167400,168226]
[430,123,218756,217951]
[431,246,266821,267906]
[432,12,166537,166787]
[433,252,686572,687841]
[434,163,430529,429753]
[435,206,505775,507072]
[436,88,12072,12279]
[437,10,220112,221308]
[438,147,577284,577209]
[439,152,469664,470271]
[440,191,519045,518838]
[441,72,676953,677233]
[442,68,602486,603055]
[443,146,611047,611939]
[444,233,291543,291147]
[445,92,654575,655374]
[446,237,326932,325952]
[447,234,44895,46125]
[448,174,480842,481684]
[449,236,621294,621449]
[450,194,259130,259243]
[451,45,125522,125361]
[452,68,54704,56109]
[453,59,78082,76972]
[454,29,54299,53160]
[455,246,705700,706506]
[456,152,427845,428702]
[457,265,421799,420743]
[458,86,548945,550344]
[459,45,412818,411907]
[460,199,25224,24209]
[461,22,453447,453615]
[462,242,237095,237222]
[463,161,75934,75238]
[464,127,623952,623077]
[465,18,653740,654432]
[466,184,487139,487390]
[467,146,388653,389489]
[468,196,169966,170596]
[469,105,728294,728188]
[470,152,609621,610767]
[471,258,415487,416010]
[472,80,64785,65861]
[473,2,127807,128560]
[474,3,608134,606657]
[475,135,489082,488897]
[476,193,193733,192956]
[477,232,435226,435677]
[478,69,125015,124867]
[479,89,476987,476626]
[480,136,62129,62498]
[481,82,195950,196797]
[482,131,590150,590034]
[483,252,373560,374452]
[484,116,542196,542734]
[485,157,685834,685323]
[486,152,552152,552205]
[487,34,11268,12226]
[488,248,616952,618058]
[489,185,507736,507668]
[490,60,226647,228095]
[491,97,387127,386023]
[492,17,366675,365632]
[493,30,234726,236204]
[494,88,148120,148897]
[495,213,651215,650106]
[496,37,166574,166396]
[497,156,393095,394181]
[498,27,282711,281629]
[499,2,13339,13474]
[500,120,117437,118777]
[501,12,728179,728971]
[502,156,364924,365700]
[503,103,166074,165554]
[504,188,694663,695172]
[505,128,439061,439946]
[506,62,583363,583712]
[507,111,91131,89669]
[508,204,355575,356369]
[509,84,294287,295120]
[510,104,67760,69245]
[511,249,133010,131915]
[512,53,686017,685716]
[513,57,118474,118154]
[514,123,566420,565071]
[515,50,328320,329162]
[516,154,443652,444182]
[517,65,3932,2751]
[518,206,408126,409204]
[519,9,375135,374304]
[520,142,241788,242232]
