["head":"wrap","lpos","status"]
[252,403245,0]
["io count"]
[525]
["io":"id","wrap","startLpos","endLpos"]
[1,154,729509,730318]
[2,157,15604,15078]
[3,227,411482,410434]
[4,6,59064,59680]
[5,34,680178,681097]
[6,199,111805,111554]
[7,11,434926,433573]
[8,101,531398,531357]
[9,25,656097,655662]
[10,74,559677,559751]
[11,235,659826,659448]
[12,208,96424,97719]
[13,84,379144,379341]
[14,263,478922,477608]
[15,107,225345,224588]
[16,55,239519,238449]
[17,242,345087,345664]
[18,137,273425,272946]
[19,20,526261,526956]
[20,190,669518,670387]
[21,137,343058,342497]
[22,120,442574,442805]
[23,4,450447,451757]
[24,147,424163,423038]
[25,39,435559,434370]
[26,183,607193,606283]
[27,16,440289,441231]
[28,248,134093,134181]
[29,2,171665,172663]
[30,49,452748,451636]
[31,190,701076,701689]
[32,182,97016,98153]
[33,159,604925,604124]
[34,266,171110,171709]
[35,97,337410,336084]
[36,143,116071,115259]
[37,107,120049,120004]
[38,197,575241,574742]
[39,94,246495,247932]
[40,10,585235,586317]
[41,115,142596,141785]
[42,38,296306,296700]
[43,105,657128,656933]
[44,118,189237,189868]
[45,206,591828,592707]
[46,238,58461,59593]
[47,250,469727,469800]
[48,84,2688,2862]
[49,24,395551,396090]
[50,231,616326,616032]
[51,137,648844,648742]
[52,225,242710,242481]
[53,168,680086,680803]
[54,46,264016,265171]
[55,155,630247,629610]
[56,202,583686,584054]
[57,68,522742,523752]
[58,67,346981,346532]
[59,164,405769,406592]
[60,57,394980,394452]
[61,61,441494,441190]
[62,56,452471,453635]
[63,21,434994,433935]
[64,175,523084,521959]
[65,102,606511,606688]
[66,44,192715,193164]
[67,139,187508,186705]
[68,99,640179,638681]
[69,149,704556,704298]
[70,194,579279,579972]
[71,110,338381,339788]
[72,15,433201,433009]
[73,41,101761,100882]
[74,14,581434,582633]
[75,110,16385,16541]
[76,53,263234,262255]
[77,44,506653,507131]
[78,118,280776,281102]
[79,150,232828,232886]
[80,8,670710,671214]
[81,254,510843,511400]
[82,199,592414,591933]
[83,164,565585,566041]
[84,200,324949,325111]
[85,173,588229,587757]
[86,38,190739,190862]
[87,132,696623,697785]
[88,165,291422,290749]
[89,29,396217,395945]
[90,128,96747,97020]
[91,225,176304,175488]
[92,66,160148,160867]
[93,160,366989,367606]
[94,19,591533,590996]
[95,240,139006,140158]
[96,176,224962,226458]
[97,110,278299,278516]
[98,249,475610,474365]
[99,24,690251,690712]
[100,93,531745,530657]
[101,121,135242,133894]
[102,183,260952,260281]
[103,231,54893,53621]
[104,95,358169,357167]
[105,191,306261,304890]
[106,202,358710,359086]
[107,134,698908,700323]
[108,113,103915,103438]
[109,253,635235,634173]
[110,61,487111,486349]
[111,30,88182,88921]
[112,91,549418,547969]
[113,111,250275,250224]
[114,84,375893,375933]
[115,233,646669,645912]
[116,270,131486,131890]
[117,266,392416,393141]
[118,59,556994,556336]
[119,243,212885,211667]
[120,88,310364,310519]
[121,145,336830,336664]
[122,175,247941,247777]
[123,221,270592,270452]
[124,250,565197,566607]
[125,0,100985,101153]
[126,196,402012,403280]
[127,113,427116,426145]
[128,202,404965,405958]
[129,23,213356,212904]
[130,272,378638,378681]
[131,32,375939,377030]
[132,109,404741,403478]
[133,138,713599,713871]
[134,150,301813,303016]
[135,273,611894,611104]
[136,47,227048,225734]
[137,198,217873,218319]
[138,102,363193,363408]
[139,216,519437,520649]
[140,233,274008,273668]
[141,142,385734,386348]
[142,52,79618,80705]
[143,85,368902,367529]
[144,103,420150,419220]
[145,27,356661,356266]
[146,225,99582,98358]
[147,196,604408,604474]
[148,26,493217,493293]
[149,107,327813,327213]
[150,88,348313,348365]
[151,243,238010,237093]
[152,276,691644,692582]
[153,51,666463,666176]
[154,173,561029,560792]
[155,228,623811,625022]
[156,63,628158,627121]
[157,21,215918,214554]
[158,20,521339,522180]
[159,60,631033,632512]
[160,45,266685,265831]
[161,151,641526,641115]
[162,51,56576,55930]
[163,225,264138,263520]
[164,265,569609,569401]
[165,16,708927,710387]
[166,91,626984,626810]
[167,29,286484,285304]
[168,204,235445,236377]
[169,270,399475,400278]
[170,195,186933,186713]
[171,122,366774,367996]
[172,37,127509,127371]
[173,133,268874,267828]
[174,81,356234,355786]
[175,87,89723,89196]
[176,34,266067,266939]
[177,11,439326,438446]
[178,224,448445,449517]
[179,128,47960,49452]
[180,268,573674,574885]
[181,150,433481,433715]
[182,75,589103,588528]
[183,208,190472,190862]
[184,13,555490,554916]
[185,198,44031,44482]
[186,136,645895,646144]
[187,54,633421,633688]
[188,195,249413,248755]
[189,215,145121,144914]
[190,25,636978,636090]
[191,253,280846,279404]
[192,87,536905,536317]
[193,267,483001,482461]
[194,189,313071,312965]
[195,164,98115,98268]
[196,128,458749,460088]
[197,88,582040,582122]
[198,145,163105,162244]
[199,164,456588,457400]
[200,190,671876,672660]
[201,172,683925,684487]
[202,175,37102,36589]
[203,228,250108,251568]
[204,149,378288,377500]
[205,60,158273,159554]
[206,181,283949,282471]
[207,262,144515,144576]
[208,213,568335,567449]
[209,35,47110,46379]
[210,209,331368,330828]
[211,23,337187,336731]
[212,172,372211,372342]
[213,274,285438,286805]
[214,170,63682,64632]
[215,190,46207,47356]
[216,58,466288,466424]
[217,112,727901,728495]
[218,112,206296,206925]
[219,223,676518,675599]
[220,78,602241,602528]
[221,38,544012,544386]
[222,186,685788,686497]
[223,0,662106,663496]
[224,250,398736,400029]
[225,13,197759,196837]
[226,259,585612,585446]
[227,89,36478,35844]
[228,124,284834,285736]
[229,173,6063,4608]
[230,130,176640,177498]
[231,134,442797,443279]
[232,134,540788,542150]
[233,149,475797,474660]
[234,61,69850,68933]
[235,64,23126,23420]
[236,20,259629,260400]
[237,3,696359,695970]
[238,12,694601,695991]
[239,263,186459,185964]
[240,193,227810,226652]
[241,216,316051,316905]
[242,203,114282,113495]
[243,86,647982,648374]
[244,17,109722,108752]
[245,141,291820,291031]
[246,266,605214,605683]
[247,88,576606,576778]
[248,193,602707,602092]
[249,240,716104,716208]
[250,18,97324,97839]
[251,203,469605,469049]
[252,199,551594,550602]
[253,212,384500,385253]
[254,195,100804,99372]
[255,162,536743,537183]
[256,111,459334,458522]
[257,91,621389,620124]
[258,161,309797,308742]
[259,109,228300,227631]
[260,32,497932,498030]
[261,7,611178,611034]
[262,155,41227,40143]
[263,141,7251,6344]
[264,178,454277,454829]
[265,103,481149,480699]
[266,125,676427,675584]
[267,132,474432,474892]
[268,226,549523,550201]
[269,109,403684,402919]
[270,54,167423,168408]
[271,116,170869,171447]
[272,247,249857,249594]
[273,113,189189,188788]
[274,160,534480,535782]
[275,176,489950,491295]
[276,250,163056,163812]
[277,51,349754,348287]
[278,156,387716,388767]
[279,222,171747,171968]
[280,173,261473,261161]
[281,42,380011,380218]
[282,91,707525,707413]
[283,79,202947,202760]
[284,200,127996,128575]
[285,70,377642,378277]
[286,48,313403,314391]
[287,143,242260,241849]
[288,54,594972,595607]
[289,25,283921,282876]
[290,222,397002,397666]
[291,89,102089,100743]
[292,152,426658,426715]
[293,261,484104,483288]
[294,52,425586,426567]
[295,40,445067,445854]
[296,157,315020,313693]
[297,14,378906,379282]
[298,247,340799,340279]
[299,117,176507,175169]
[300,225,631581,630120]
[301,162,326948,327494]
[302,114,9125,10096]
[303,257,125887,124763]
[304,17,476214,474980]
[305,141,491179,490555]
[306,113,553494,552546]
[307,140,633648,634051]
[308,218,484578,485499]
[309,169,562354,561582]
[310,67,403069,402652]
[311,21,446066,445660]
[312,116,379563,380133]
[313,57,643836,643024]
[314,221,543128,541678]
[315,98,555672,556038]
[316,128,497174,498311]
[317,165,431333,430709]
[318,89,37515,36746]
[319,248,576099,576607]
[320,166,459947,460178]
[321,128,147848,149282]
[322,71,278911,277632]
[323,142,662169,662506]
[324,241,234427,233092]
[325,201,56896,56087]
[326,222,216054,217104]
[327,150,524238,525123]
[328,124,442127,442370]
[329,20,722704,724058]
[330,112,604174,604233]
[331,251,528271,527850]
[332,174,271699,272485]
[333,136,656514,657752]
[334,236,678997,680250]
[335,253,695403,694620]
[336,258,598067,598427]
[337,36,497154,497355]
[338,129,64755,63669]
[339,248,329238,330375]
[340,157,634723,633348]
[341,187,291261,290954]
[342,261,57037,56578]
[343,10,125419,126522]
[344,79,708091,708050]
[345,207,425435,424024]
[346,237,147077,146560]
[347,46,280044,281365]
[348,148,707947,709089]
[349,77,50051,49078]
[350,144,401678,402224]
[351,162,27556,28613]
[352,235,342037,341188]
[353,264,209887,210900]
[354,149,398047,397090]
[355,71,23607,23176]
[356,85,183283,182873]
[357,249,407736,406764]
[358,266,55075,55770]
[359,274,289459,290727]
[360,220,580261,580759]
[361,222,30800,30842]
[362,170,335293,336072]
[363,93,675851,674853]
[364,186,39303,39802]
[365,55,357275,355833]
[366,272,215517,216419]
[367,161,676926,676257]
[368,120,355508,356703]
[369,180,250609,250801]
[370,157,135876,135639]
[371,145,26608,26204]
[372,212,210615,210671]
[373,113,406741,405242]
[374,249,421432,420914]
[375,77,541804,541350]
[376,50,442675,442892]
[377,255,207564,206329]
[378,91,566159,565584]
[379,270,237658,239002]
[380,186,463128,463705]
[381,169,496128,495461]
[382,85,259769,259341]
[383,0,311303,312338]
[384,233,297379,296999]
[385,134,1103,2537]
[386,183,38902,37475]
[387,208,242164,242244]
[388,29,179965,179420]
[389,71,601385,600110]
[390,77,682357,681137]
[391,66,567098,567167]
[392,27,39024,37562]
[393,56,604677,605365]
[394,147,281365,280772]
[395,36,447716,449142]
[396,243,577317,576485]
[397,261,441400,441312]
[398,112,254324,254659]
[399,246,185848,186616]
[400,134,470264,470394]
[401,94,699680,700046]
[402,112,542018,543020]
[403,184,414293,414556]
[404,247,474671,474441]
[405,194,653652,654412]
[406,65,240690,239548]
[407,196,424,708]
[408,63,433276,432357]
[409,23,127524,126476]
[410,48,121265,121768]
[411,115,398764,397722]
[412,179,581383,579973]
[413,172,37201,37952]
[414,259,626347,625921]
[415,221,723321,722741]
[416,93,658935,657635]
[417,79,135228,134397]
[418,71,278824,278171]
[419,154,339515,340176]
[420,213,41886,41709]
[421,253,437639,436316]
[422,16,659562,660925]
[423,16,692631,693943]
[424,161,131712,131246]
[425,75,527885,527076]
[426,279,681689,680839]
[427,126,555274,555853]
[428,138,141047,142505]
[429,5,123919,122895]
[430,234,118179,119570]
[431,100,682533,683208]
[432,48,641005,642421]
[433,268,522499,522692]
[434,135,400145,399683]
[435,253,280620,279949]
[436,230,388663,389133]
[437,90,629542,630020]
[438,181,67803,67438]
[439,105,260758,260638]
[440,205,3992,2848]
[441,80,644450,645404]
[442,196,559376,559696]
[443,0,26788,27331]
[444,184,227825,228456]
[445,229,395238,394235]
[446,60,7653,8264]
[447,190,588730,590022]
[448,118,484772,485993]
[449,89,148506,148176]
[450,47,81959,81185]
[451,239,425474,424438]
[452,2,364516,365474]
[453,174,87294,87952]
[454,224,418253,419559]
[455,256,540643,540879]
[456,244,25407,26865]
[457,205,151973,150802]
[458,238,233804,233958]
[459,273,475567,474513]
[460,54,292965,293639]
[461,233,133642,133145]
[462,19,607237,606810]
[463,179,433140,432442]
[464,26,131161,131466]
[465,172,452693,454125]
[466,246,419442,420799]
[467,112,235228,236287]
[468,188,194190,194585]
[469,232,488186,489330]
[470,64,48592,48991]
[471,120,11826,12368]
[472,231,502833,501707]
[473,56,412239,412380]
[474,146,635789,636765]
[475,189,106391,105804]
[476,118,673100,674515]
[477,118,441991,442187]
[478,205,260058,259455]
[479,245,426536,425733]
[480,240,375873,377106]
[481,47,244183,243457]
[482,108,334153,335279]
[483,178,21698,22093]
[484,108,77669,78626]
[485,230,615291,615558]
[486,246,587302,588585]
[487,189,452987,451794]
[488,157,186406,185599]
[489,165,67640,67402]
[490,243,232130,231223]
[491,249,14551,13428]
[492,98,548647,549246]
[493,147,159800,158631]
[494,179,83399,82972]
[495,205,82865,81905]
[496,263,695991,695525]
[497,235,463020,462681]
[498,21,368836,368514]
[499,222,233671,235123]
[500,264,144127,145304]
[501,186,253392,254044]
[502,92,469665,471064]
[503,216,113392,114647]
[504,204,392185,393058]
[505,93,335680,335113]
[506,68,644144,645072]
[507,68,574748,574917]
[508,64,12683,12887]
[509,48,165514,166734]
[510,63,650806,649959]
[511,270,713435,714914]
[512,188,423206,423984]
[513,259,26651,25409]
[514,70,215409,216487]
[515,148,555874,556497]
[516,67,460841,459346]
[517,234,484259,484580]
[518,28,214316,215770]
[519,273,629179,628343]
[520,43,705079,704906]
[521,42,717452,718292]
[522,185,175763,175207]
[523,81,728912,728050]
[524,187,256466,256198]
[525,54,462754,463061]
