["head":"wrap","lpos","status"]
[233,467124,1]
["io count"]
[530]
["io":"id","wrap","startLpos","endLpos"]
[1,24,44942,46123]
[2,118,31954,32158]
[3,250,162842,163018]
[4,100,96031,96753]
[5,105,334302,334158]
[6,214,53011,53649]
[7,48,676781,677108]
[8,223,432672,432153]
[9,252,699517,700836]
[10,179,457036,456545]
[11,17,168744,167523]
[12,190,239749,241098]
[13,160,73260,74408]
[14,174,674159,674940]
[15,235,424329,423184]
[16,269,121288,120032]
[17,179,490054,488731]
[18,100,362680,362835]
[19,70,464722,466144]
[20,233,537924,537178]
[21,15,667764,667217]
[22,216,699747,700866]
[23,259,174186,173944]
[24,248,58760,59481]
[25,200,226016,227283]
[26,176,517263,517689]
[27,97,363949,363374]
[28,90,495367,495643]
[29,249,284321,282894]
[30,173,499338,498876]
[31,3,554014,553078]
[32,64,368901,369025]
[33,138,218164,219283]
[34,52,370280,370817]
[35,33,144141,143193]
[36,61,639317,638526]
[37,61,310937,309962]
[38,178,162607,163088]
[39,243,470110,469992]
[40,99,254509,253283]
[41,84,67034,68464]
[42,194,56456,57071]
[43,191,418939,417939]
[44,188,214078,215363]
[45,5,97284,95877]
[46,174,118020,119030]
[47,121,335591,334993]
[48,208,490895,491561]
[49,203,596160,595892]
[50,38,721893,722140]
[51,66,155755,156391]
[52,40,287802,289032]
[53,233,700082,699934]
[54,276,131525,131740]
[55,9,693631,692213]
[56,67,396423,395378]
[57,125,670853,669459]
[58,273,313316,312177]
[59,253,248504,247085]
[60,148,541018,541137]
[61,8,139342,139682]
[62,164,288716,289647]
[63,244,148289,149181]
[64,168,252534,252682]
[65,196,469479,470478]
[66,153,115979,114642]
[67,141,289028,288689]
[68,232,598631,599104]
[69,125,310344,309783]
[70,53,24784,23709]
[71,271,47031,46087]
[72,210,698208,698559]
[73,129,475836,475645]
[74,212,23610,25017]
[75,53,144446,143165]
[76,152,553373,554282]
[77,41,595937,595512]
[78,34,290280,291250]
[79,194,124955,126114]
[80,101,626040,625842]
[81,46,221461,222960]
[82,26,183517,184322]
[83,107,358238,357944]
[84,272,662236,663271]
[85,39,334751,333470]
[86,272,461099,461175]
[87,55,249494,249133]
[88,44,345050,346157]
[89,75,457892,457652]
[90,133,282498,281895]
[91,13,680414,679063]
[92,28,536714,537355]
[93,60,282886,283710]
[94,46,460276,460999]
[95,222,280930,281126]
[96,192,473388,474022]
[97,279,609576,608828]
[98,59,304907,303699]
[99,164,417132,418359]
[100,271,231016,229834]
[101,264,628787,628996]
[102,121,361967,361183]
[103,224,670863,671553]
[104,213,646544,645276]
[105,113,295122,295003]
[106,232,316677,317626]
[107,190,53735,54781]
[108,109,192007,191289]
[109,76,282453,282815]
[110,47,636,503]
[111,161,641993,641625]
[112,249,274197,273318]
[113,47,341179,340729]
[114,50,433996,435403]
[115,159,248141,247851]
[116,48,111768,112574]
[117,52,616252,616737]
[118,16,183107,184567]
[119,36,102065,102585]
[120,6,56914,58356]
[121,279,298796,298556]
[122,267,670632,670031]
[123,159,705433,703962]
[124,162,332696,333590]
[125,24,149981,150670]
[126,87,133565,132281]
[127,238,180449,180768]
[128,2,575164,575620]
[129,246,413615,414894]
[130,274,313180,313542]
[131,64,396319,397586]
[132,129,16973,16403]
[133,159,605174,604124]
[134,254,597835,597932]
[135,77,518915,518519]
[136,140,368209,368283]
[137,248,316636,317679]
[138,198,31246,31918]
[139,161,627851,627614]
[140,67,217284,217242]
[141,203,627907,626700]
[142,243,20962,20536]
[143,104,16331,17644]
[144,67,338554,337381]
[145,173,234995,234829]
[146,116,20342,21049]
[147,69,190464,190001]
[148,79,333558,332607]
[149,200,209682,209776]
[150,96,680674,681304]
[151,127,316182,315472]
[152,15,334767,333992]
[153,200,659996,660667]
[154,46,177607,178219]
[155,61,455457,454919]
[156,206,70997,72294]
[157,144,699928,700149]
[158,155,5514,4035]
[159,256,362371,363248]
[160,59,637791,637429]
[161,252,260691,260946]
[162,46,61250,61436]
[163,35,332762,332104]
[164,103,274788,274054]
[165,69,519775,519179]
[166,84,344748,344782]
[167,57,670483,669751]
[168,103,2556,1791]
[169,89,125063,124599]
[170,114,348430,348823]
[171,228,483809,484079]
[172,166,350547,351816]
[173,129,176184,175410]
[174,29,197768,197312]
[175,254,25361,26827]
[176,80,600619,601986]
[177,94,466093,466900]
[178,105,581988,581664]
[179,136,263800,263873]
[180,243,110480,109650]
[181,8,214593,214668]
[182,151,34063,33758]
[183,223,193080,192251]
[184,81,633121,632699]
[185,162,133218,134227]
[186,36,202949,203556]
[187,210,139074,139835]
[188,195,112500,111937]
[189,153,647734,646953]
[190,152,632708,633691]
[191,186,185992,187444]
[192,110,95285,95971]
[193,79,101958,101044]
[194,249,156336,154916]
[195,71,50923,50832]
[196,142,700642,701799]
[197,131,241067,239858]
[198,223,538333,536946]
[199,193,579751,578617]
[200,177,383153,381964]
[201,77,448955,448322]
[202,148,54919,55584]
[203,92,214175,214890]
[204,66,552208,553486]
[205,84,342945,343719]
[206,187,481114,480522]
[207,191,218847,217395]
[208,116,496483,496852]
[209,118,317776,319222]
[210,10,585497,586305]
[211,255,324616,324373]
[212,267,59627,58633]
[213,71,572912,572451]
[214,45,470276,469413]
[215,206,90413,90674]
[216,194,413252,414296]
[217,245,489060,488110]
[218,208,201750,203213]
[219,174,193381,194276]
[220,174,697450,697522]
[221,143,545397,544417]
[222,177,1039,113]
[223,146,473810,475285]
[224,89,108025,106814]
[225,47,571716,571352]
[226,154,270936,272015]
[227,192,61718,62169]
[228,7,483173,482761]
[229,152,142809,143698]
[230,33,333917,333231]
[231,9,569870,569224]
[232,68,614939,615980]
[233,81,80658,79456]
[234,167,256735,256087]
[235,246,454736,455372]
[236,133,499401,498184]
[237,229,438121,437149]
[238,247,435319,434032]
[239,183,38609,38242]
[240,213,716730,716552]
[241,160,635584,635784]
[242,142,17861,19320]
[243,143,69193,68448]
[244,186,710511,710792]
[245,59,468328,467847]
[246,29,693172,692298]
[247,123,321167,319822]
[248,63,455766,454285]
[249,116,555360,555680]
[250,93,584008,583759]
[251,185,537985,537475]
[252,199,100453,99436]
[253,79,96194,95128]
[254,260,641645,641699]
[255,32,724140,725444]
[256,80,611246,612508]
[257,245,178286,177670]
[258,110,199521,200320]
[259,54,683037,683736]
[260,123,336196,335440]
[261,252,33035,33451]
[262,130,36441,37238]
[263,264,660143,661090]
[264,63,351735,350511]
[265,9,726579,726062]
[266,160,123966,123996]
[267,177,627340,626606]
[268,137,283776,283457]
[269,176,330016,331240]
[270,57,263268,262494]
[271,144,451013,451523]
[272,56,212185,213604]
[273,148,615472,616247]
[274,0,555973,557167]
[275,212,485459,485630]
[276,161,693386,693184]
[277,143,720688,719333]
[278,86,668676,668965]
[279,159,303586,302283]
[280,270,474,1305]
[281,120,479414,479727]
[282,20,516398,517223]
[283,208,455647,456661]
[284,254,667452,668825]
[285,276,529373,529443]
[286,92,437851,438143]
[287,134,65302,65871]
[288,87,300861,300754]
[289,95,589862,589089]
[290,60,717633,719011]
[291,161,327948,327750]
[292,131,221475,221244]
[293,45,607873,607148]
[294,151,228236,227768]
[295,214,583199,583985]
[296,201,659136,658475]
[297,169,212751,212028]
[298,13,416211,415777]
[299,91,3780,2797]
[300,194,355171,356498]
[301,256,8969,10384]
[302,146,406260,406864]
[303,13,447377,446659]
[304,238,229097,229349]
[305,234,680502,680856]
[306,133,410369,410106]
[307,179,25201,24784]
[308,255,464461,463862]
[309,172,321092,322238]
[310,96,248978,249661]
[311,191,483119,482214]
[312,220,68783,69186]
[313,268,216126,216283]
[314,207,666040,665845]
[315,148,575219,575956]
[316,223,285391,284427]
[317,9,276404,275512]
[318,170,664314,664835]
[319,93,545959,544477]
[320,122,275292,276583]
[321,66,123033,123309]
[322,168,260104,260596]
[323,275,114428,113848]
[324,213,443670,442741]
[325,87,705160,704802]
[326,136,623329,623949]
[327,50,576608,577133]
[328,5,663587,662099]
[329,214,223620,225105]
[330,32,245270,246117]
[331,85,567435,566895]
[332,91,30946,30378]
[333,183,281088,281039]
[334,151,339557,338575]
[335,81,92962,92703]
[336,55,518536,517842]
[337,20,241204,242604]
[338,260,324150,324948]
[339,44,478375,479027]
[340,5,219053,218455]
[341,93,423042,422956]
[342,237,552981,551752]
[343,144,523999,525132]
[344,15,709574,708595]
[345,106,705832,706199]
[346,108,396627,397287]
[347,52,134481,135803]
[348,113,657245,656862]
[349,246,352183,353183]
[350,247,502934,502261]
[351,127,56973,56576]
[352,277,392124,391511]
[353,195,229753,228386]
[354,114,619371,619914]
[355,0,231319,231917]
[356,158,57227,58496]
[357,252,18204,18269]
[358,70,475175,475344]
[359,193,393821,392645]
[360,170,307792,308473]
[361,249,544829,543726]
[362,36,128476,129951]
[363,24,190372,191291]
[364,40,200664,201115]
[365,172,311549,311903]
[366,39,11407,11201]
[367,136,221535,222748]
[368,181,636695,635468]
[369,139,324214,323967]
[370,196,73316,74603]
[371,180,14995,15810]
[372,215,157682,156902]
[373,205,318602,317459]
[374,124,209479,210841]
[375,176,224625,225908]
[376,65,606320,605981]
[377,89,525466,524278]
[378,233,408846,408301]
[379,266,237363,237867]
[380,94,143257,144725]
[381,183,17227,16509]
[382,174,465859,467185]
[383,141,524416,523732]
[384,122,681043,681082]
[385,16,341652,341744]
[386,50,204392,205313]
[387,27,280044,279045]
[388,185,494262,493142]
[389,71,473668,472533]
[390,78,592632,593397]
[391,93,225600,224262]
[392,196,22096,23063]
[393,168,344342,345094]
[394,31,528639,527565]
[395,41,37672,37066]
[396,3,317706,317424]
[397,61,331825,331700]
[398,49,74471,73461]
[399,29,570429,569794]
[400,41,396223,395019]
[401,78,441588,442738]
[402,172,484313,484648]
[403,2,394282,395674]
[404,68,168028,168885]
[405,178,442793,444080]
[406,188,629836,630515]
[407,273,127929,126574]
[408,57,551118,550702]
[409,69,417804,416576]
[410,139,29652,28266]
[411,154,382121,382650]
[412,151,104964,103903]
[413,61,141315,141065]
[414,161,277314,276283]
[415,273,657773,656992]
[416,35,191975,191010]
[417,29,460620,460043]
[418,203,138214,137525]
[419,117,63805,63339]
[420,61,170093,169216]
[421,65,454163,452871]
[422,231,471298,470641]
[423,0,637947,638746]
[424,276,298146,298777]
[425,183,288027,286988]
[426,101,633178,631974]
[427,43,538982,537659]
[428,230,98763,98830]
[429,110,386503,387244]
[430,156,464457,465016]
[431,183,462157,460860]
[432,239,222779,222269]
[433,39,533586,532183]
[434,211,650291,649879]
[435,253,48709,48634]
[436,123,49705,48433]
[437,44,721552,722691]
[438,141,352193,351245]
[439,201,187206,186864]
[440,96,342945,344424]
[441,80,260749,261951]
[442,41,647660,646757]
[443,75,210459,209397]
[444,213,534030,532981]
[445,213,566592,566223]
[446,272,82394,83140]
[447,264,704411,704489]
[448,147,132965,132527]
[449,140,57322,58200]
[450,179,585906,585292]
[451,50,623763,624985]
[452,279,532784,532720]
[453,128,519135,519707]
[454,225,340676,340401]
[455,30,341935,342070]
[456,116,301011,301153]
[457,8,179001,179386]
[458,270,62440,63579]
[459,10,684006,684937]
[460,243,193336,192632]
[461,34,18053,18456]
[462,85,496107,494810]
[463,238,164459,164898]
[464,252,333448,333569]
[465,210,205966,206490]
[466,128,491306,492025]
[467,85,313065,312670]
[468,22,487255,487961]
[469,171,701067,700704]
[470,20,158691,159523]
[471,61,348501,347279]
[472,242,690038,691082]
[473,7,382904,382800]
[474,16,223894,224940]
[475,221,66714,65455]
[476,97,562644,561825]
[477,227,655913,654611]
[478,124,674811,675335]
[479,202,483907,484442]
[480,206,506879,507976]
[481,229,297025,296648]
[482,22,168873,169027]
[483,28,699386,700454]
[484,186,193588,193647]
[485,255,250210,249519]
[486,91,487677,486842]
[487,147,489362,489158]
[488,26,64896,65824]
[489,272,197683,198435]
[490,178,189998,190416]
[491,263,311234,310740]
[492,152,420300,420702]
[493,268,592793,593378]
[494,202,19283,20469]
[495,18,172259,172482]
[496,237,292643,291490]
[497,151,227978,227589]
[498,31,543772,543509]
[499,100,236884,237208]
[500,111,315253,314596]
[501,99,163821,162615]
[502,105,235256,234002]
[503,190,368570,369009]
[504,103,406410,405630]
[505,173,410255,409899]
[506,184,683206,684450]
[507,210,285528,286955]
[508,42,362890,363390]
[509,9,298877,298520]
[510,15,157450,156233]
[511,172,186252,187627]
[512,3,426483,425266]
[513,129,676693,675661]
[514,149,334681,333509]
[515,197,696701,696313]
[516,209,53118,51851]
[517,135,84420,84234]
[518,244,186594,186852]
[519,161,120525,119562]
[520,104,509987,511357]
[521,27,88833,88800]
[522,20,11858,12753]
[523,250,291101,292461]
[524,211,125905,125854]
[525,112,257468,258642]
[526,34,390027,390985]
[527,209,490127,488897]
[528,11,115887,115816]
[529,254,188311,188841]
[530,170,360459,361197]
