["head":"wrap","lpos","status"]
[171,15446,1]
["io count"]
[535]
["io":"id","wrap","startLpos","endLpos"]
[1,189,71083,70846]
[2,151,428889,428248]
[3,63,105357,104289]
[4,248,648362,649315]
[5,275,277142,276445]
[6,202,423056,423140]
[7,132,377845,378730]
[8,25,368472,367975]
[9,80,442134,442613]
[10,19,37851,37342]
[11,100,98035,98320]
[12,133,286190,285270]
[13,43,725036,724188]
[14,32,460242,461359]
[15,220,116784,116936]
[16,12,560252,561156]
[17,38,652940,653392]
[18,107,163004,161825]
[19,74,1946,2350]
[20,62,332853,333518]
[21,34,620306,620345]
[22,10,316850,316933]
[23,169,523017,522917]
[24,52,266615,266745]
[25,160,201001,201043]
[26,131,268008,267710]
[27,213,24090,23991]
[28,109,521088,520617]
[29,137,42678,41554]
[30,145,488815,488367]
[31,219,632452,631567]
[32,37,181183,180436]
[33,216,685487,686344]
[34,209,593193,591813]
[35,111,651524,651297]
[36,134,6645,7340]
[37,247,284174,283428]
[38,136,639179,640476]
[39,149,184435,183212]
[40,183,532917,531834]
[41,270,306410,307815]
[42,65,567843,566421]
[43,256,551032,551616]
[44,24,632455,633869]
[45,105,612498,611535]
[46,264,727187,728340]
[47,172,70201,70337]
[48,130,62359,62914]
[49,206,5411,6855]
[50,32,541639,542617]
[51,49,131928,130610]
[52,35,376933,376697]
[53,60,641251,642273]
[54,279,700362,698891]
[55,48,232961,234028]
[56,235,697330,696443]
[57,2,601984,603119]
[58,78,399055,399670]
[59,97,261750,261248]
[60,224,260408,261244]
[61,141,306390,306224]
[62,211,342635,341996]
[63,101,656472,656280]
[64,111,87519,87327]
[65,20,165139,166209]
[66,206,39062,39809]
[67,135,207315,207095]
[68,83,224490,223948]
[69,246,619781,621018]
[70,14,383986,384081]
[71,48,406066,407090]
[72,62,297669,298441]
[73,178,373039,374205]
[74,245,546400,546107]
[75,72,396434,397763]
[76,241,569554,568492]
[77,190,46321,46971]
[78,185,605077,604211]
[79,58,224869,226196]
[80,183,477195,476742]
[81,65,597888,597400]
[82,187,144834,143844]
[83,13,673729,672427]
[84,254,39556,39787]
[85,184,296788,297315]
[86,136,54133,54704]
[87,99,367861,367185]
[88,166,552499,553317]
[89,186,97660,99078]
[90,110,719247,719994]
[91,255,99743,98460]
[92,250,393679,394434]
[93,25,571805,570391]
[94,44,109237,110062]
[95,49,322831,321489]
[96,54,547039,548112]
[97,192,106919,107046]
[98,208,383817,384568]
[99,221,358926,358310]
[100,235,229549,228792]
[101,232,556305,557095]
[102,102,103976,104713]
[103,85,532019,531240]
[104,267,394014,393776]
[105,129,682529,681988]
[106,2,76441,77235]
[107,71,117923,116765]
[108,251,424557,424234]
[109,200,663502,663950]
[110,100,597676,598766]
[111,175,316208,315032]
[112,172,348670,348885]
[113,52,421522,422869]
[114,233,27685,26358]
[115,88,694646,694701]
[116,196,456824,456938]
[117,194,471175,472172]
[118,97,485310,484034]
[119,216,585467,585623]
[120,133,243692,243633]
[121,39,241723,241169]
[122,234,653874,654551]
[123,165,424212,423037]
[124,64,83563,84692]
[125,102,496149,497620]
[126,252,309421,309638]
[127,216,405258,405553]
[128,196,466110,466183]
[129,265,690077,688597]
[130,150,117910,119195]
[131,267,122033,121195]
[132,78,47825,48662]
[133,0,158906,159237]
[134,40,479640,479977]
[135,239,462390,462353]
[136,184,191041,192312]
[137,110,585343,586312]
[138,10,196475,197664]
[139,160,236239,236777]
[140,261,261468,260406]
[141,180,488744,488884]
[142,201,467127,466789]
[143,115,49777,48741]
[144,180,247752,247869]
[145,233,566712,566060]
[146,44,384119,384862]
[147,252,426983,427068]
[148,69,331017,330738]
[149,141,629171,628792]
[150,104,235387,236716]
[151,152,577905,578566]
[152,42,260355,261601]
[153,55,306005,304995]
[154,62,110050,110310]
[155,53,546490,545666]
[156,57,23436,22767]
[157,225,226186,225812]
[158,271,703454,702764]
[159,191,109048,107550]
[160,248,143621,144981]
[161,255,726751,725589]
[162,186,581000,581839]
[163,129,430771,429325]
[164,270,507684,507983]
[165,136,222879,223941]
[166,43,52917,52681]
[167,92,121103,122344]
[168,195,17338,16757]
[169,42,297438,298697]
[170,63,665020,664738]
[171,135,42124,41217]
[172,189,83864,82473]
[173,50,87700,88498]
[174,14,272279,272503]
[175,157,392269,391881]
[176,260,330082,330718]
[177,162,473437,473483]
[178,157,20013,19062]
[179,82,152395,153448]
[180,133,695143,694267]
[181,96,241420,241790]
[182,244,376568,377175]
[183,111,113059,112355]
[184,1,166878,166750]
[185,172,638121,638582]
[186,93,57664,56540]
[187,11,557695,556212]
[188,233,376173,375278]
[189,18,397553,398284]
[190,36,125,1593]
[191,170,391501,391822]
[192,49,524520,523812]
[193,252,698002,698463]
[194,121,573081,572924]
[195,216,346234,346389]
[196,25,407523,406984]
[197,69,269477,268887]
[198,48,436787,437418]
[199,200,576241,577694]
[200,77,185956,184805]
[201,2,89801,90220]
[202,93,444392,443818]
[203,77,273928,273293]
[204,91,729654,728159]
[205,124,116973,117664]
[206,88,514294,515776]
[207,82,479287,480744]
[208,241,102021,100896]
[209,19,331711,331030]
[210,124,179726,180889]
[211,127,220030,219226]
[212,206,529684,530155]
[213,218,137506,138836]
[214,46,465041,465978]
[215,8,393304,394177]
[216,176,596353,596794]
[217,230,85740,86514]
[218,53,261466,260653]
[219,263,390760,389629]
[220,199,193530,192213]
[221,82,323442,324082]
[222,24,454259,454723]
[223,128,270961,271567]
[224,119,212049,211320]
[225,223,224103,222882]
[226,214,703438,704715]
[227,123,347300,346186]
[228,133,274120,273301]
[229,194,219959,220851]
[230,103,603374,602147]
[231,187,85638,84957]
[232,234,232194,232517]
[233,165,301544,300297]
[234,272,417539,418617]
[235,216,559822,560492]
[236,90,426867,426942]
[237,224,308624,308974]
[238,1,277012,276737]
[239,64,132911,134025]
[240,133,76601,75554]
[241,197,638485,637772]
[242,223,170829,169384]
[243,196,620213,621613]
[244,244,192498,192535]
[245,180,477593,477937]
[246,264,587131,587795]
[247,242,508904,509180]
[248,191,39877,39215]
[249,86,606238,607270]
[250,9,444537,443835]
[251,24,526259,526749]
[252,245,611442,610714]
[253,119,86898,85903]
[254,133,458967,457830]
[255,58,146916,147994]
[256,174,629002,629618]
[257,233,671627,671242]
[258,122,182325,182943]
[259,246,496923,497238]
[260,52,66349,67710]
[261,21,49247,48703]
[262,271,728741,727726]
[263,89,399191,398834]
[264,105,239431,238911]
[265,232,35301,35692]
[266,164,331752,332205]
[267,156,605003,605326]
[268,70,471947,472513]
[269,61,174149,173433]
[270,186,355161,356548]
[271,75,467187,466217]
[272,34,387023,387569]
[273,173,286781,286645]
[274,177,535343,534108]
[275,166,24511,25116]
[276,274,108029,109078]
[277,44,40073,40299]
[278,219,122559,121214]
[279,51,506761,506084]
[280,266,406884,407630]
[281,20,659975,660887]
[282,137,488429,487006]
[283,169,18902,17699]
[284,80,484354,485649]
[285,149,341286,340194]
[286,113,17751,17628]
[287,227,364259,363692]
[288,46,365830,365963]
[289,74,211302,212233]
[290,39,289788,288943]
[291,46,531894,532574]
[292,255,592531,591611]
[293,196,319000,319494]
[294,98,340987,341751]
[295,30,615934,615999]
[296,144,680204,681413]
[297,227,19309,17919]
[298,248,212029,212304]
[299,3,401268,400571]
[300,258,455385,455892]
[301,239,407391,405970]
[302,40,553031,554406]
[303,39,627034,625693]
[304,233,595539,594670]
[305,71,506486,505216]
[306,158,417056,418058]
[307,249,621315,620191]
[308,251,42358,42261]
[309,84,20346,21154]
[310,73,577159,576923]
[311,42,265765,267199]
[312,137,514876,514668]
[313,107,592051,591498]
[314,215,618593,618510]
[315,108,490864,492136]
[316,266,632240,633346]
[317,103,466070,466005]
[318,126,479293,479560]
[319,52,34303,35224]
[320,79,208394,208298]
[321,213,399426,398114]
[322,217,672346,671359]
[323,220,359365,360042]
[324,144,368378,369852]
[325,151,256218,255471]
[326,2,410971,412454]
[327,266,686270,687075]
[328,94,184790,184934]
[329,191,729588,728116]
[330,96,687043,687526]
[331,234,428331,429071]
[332,160,314208,314524]
[333,117,78219,77484]
[334,178,628781,630263]
[335,136,8560,8820]
[336,242,346575,346727]
[337,42,98599,99920]
[338,36,411284,412184]
[339,177,171994,171936]
[340,42,220178,221156]
[341,265,53769,52513]
[342,2,131416,131680]
[343,8,156379,157306]
[344,180,516415,517905]
[345,69,637155,635959]
[346,263,161913,161670]
[347,77,390617,390347]
[348,190,270936,271086]
[349,209,457627,457126]
[350,91,13977,13196]
[351,241,298787,298110]
[352,243,453461,452985]
[353,151,274232,273966]
[354,78,410208,410631]
[355,174,348895,349911]
[356,49,516240,514781]
[357,268,594127,594475]
[358,114,146479,147695]
[359,266,385471,386505]
[360,222,609056,609295]
[361,212,170490,170785]
[362,207,649762,649441]
[363,90,6233,6573]
[364,176,164331,164461]
[365,22,494232,494875]
[366,233,661486,661074]
[367,37,174076,173192]
[368,148,128772,130248]
[369,66,46120,46178]
[370,188,409472,410652]
[371,22,123117,124606]
[372,109,437417,436231]
[373,89,657128,656171]
[374,201,624033,623481]
[375,264,419615,420425]
[376,170,223980,224152]
[377,179,684816,684514]
[378,163,602134,602018]
[379,173,722109,720660]
[380,91,362147,361210]
[381,169,594871,593962]
[382,134,647506,648114]
[383,140,515929,516769]
[384,184,583775,585013]
[385,212,602035,602557]
[386,61,218384,217538]
[387,195,583748,582323]
[388,269,5943,5098]
[389,72,476959,478372]
[390,96,425162,425238]
[391,71,716964,716265]
[392,157,119664,118489]
[393,273,35470,34012]
[394,77,372759,371749]
[395,79,80152,79096]
[396,181,287214,286150]
[397,236,644659,645250]
[398,128,461065,461765]
[399,109,511199,510859]
[400,31,87190,86781]
[401,210,108389,109413]
[402,15,95144,94354]
[403,36,124910,125483]
[404,32,520594,521681]
[405,217,360244,359932]
[406,161,371318,371014]
[407,108,6832,7223]
[408,107,248987,248323]
[409,257,128928,128708]
[410,99,600588,599910]
[411,27,546481,545821]
[412,109,543321,542600]
[413,166,596304,597548]
[414,119,503148,503007]
[415,28,518102,519361]
[416,229,444482,443945]
[417,106,401149,402096]
[418,125,208550,207846]
[419,147,385664,385044]
[420,69,480677,479416]
[421,188,359343,360602]
[422,154,393776,395125]
[423,164,283327,284240]
[424,7,516658,516248]
[425,170,332654,332793]
[426,97,546435,545895]
[427,17,561080,560865]
[428,51,384770,384577]
[429,24,711272,711489]
[430,178,710744,711988]
[431,95,483051,482152]
[432,32,112880,113960]
[433,55,424879,424671]
[434,65,42006,41143]
[435,31,666593,666002]
[436,95,119415,119335]
[437,199,19457,18456]
[438,215,345611,345462]
[439,139,250318,249844]
[440,272,501436,501876]
[441,267,473285,473210]
[442,66,564238,565104]
[443,85,713316,712010]
[444,241,398910,397559]
[445,75,658417,657339]
[446,184,3664,4532]
[447,47,253171,252135]
[448,36,251689,252266]
[449,229,497252,496964]
[450,223,420267,419949]
[451,152,44490,44901]
[452,153,474026,472550]
[453,173,604843,603405]
[454,250,183634,183828]
[455,107,526394,525452]
[456,153,651798,650488]
[457,234,658926,660164]
[458,86,232735,233606]
[459,76,38939,39678]
[460,153,186954,185652]
[461,32,617026,618455]
[462,137,613160,612903]
[463,76,124031,124822]
[464,49,662749,662200]
[465,20,562587,562684]
[466,108,81433,81841]
[467,35,511959,510607]
[468,148,531710,532068]
[469,176,257237,258653]
[470,1,187078,185661]
[471,187,339742,339029]
[472,273,339575,339154]
[473,175,39977,38981]
[474,252,521657,522078]
[475,214,157379,158605]
[476,226,32755,33222]
[477,159,185084,184761]
[478,259,591357,591077]
[479,147,325945,324842]
[480,105,514373,513541]
[481,111,166086,165073]
[482,243,452305,450958]
[483,201,552973,552303]
[484,23,338359,338139]
[485,83,105415,104503]
[486,193,292722,291834]
[487,233,666828,665824]
[488,150,280778,281243]
[489,115,167540,166745]
[490,261,198501,197905]
[491,61,129425,128931]
[492,146,645321,646533]
[493,258,335401,336282]
[494,85,687793,687281]
[495,118,150893,151410]
[496,29,408098,407006]
[497,249,258589,258231]
[498,139,116899,115417]
[499,86,716160,717653]
[500,2,363147,364241]
[501,220,60560,61494]
[502,138,507569,508292]
[503,166,147038,148156]
[504,65,712442,711613]
[505,237,64207,63658]
[506,250,144473,145899]
[507,39,578109,576827]
[508,94,403566,404384]
[509,44,721402,722342]
[510,45,279562,278436]
[511,161,13058,12893]
[512,242,286252,287030]
[513,54,705940,706578]
[514,188,215779,216369]
[515,45,635484,634043]
[516,264,519892,521351]
[517,48,291659,291984]
[518,4,430839,432049]
[519,242,241457,241532]
[520,118,329491,329931]
[521,247,646243,646204]
[522,41,459080,458491]
[523,261,22707,22280]
[524,176,570359,571523]
[525,227,528959,528229]
[526,37,608786,607650]
[527,52,282721,283489]
[528,99,69580,68308]
[529,214,313789,314435]
[530,100,328718,328805]
[531,91,114895,114628]
[532,97,598881,598795]
[533,145,409513,409160]
[534,46,142712,143641]
[535,132,711686,712474]
