["head":"wrap","lpos","status"]
[225,549997,1]
["io count"]
[540]
["io":"id","wrap","startLpos","endLpos"]
[1,274,226560,227439]
[2,121,477393,477322]
[3,260,238751,239894]
[4,266,63595,63990]
[5,137,496329,494953]
[6,174,608203,608317]
[7,115,275773,274876]
[8,124,642253,642948]
[9,183,544299,543123]
[10,8,156457,157868]
[11,264,678711,678741]
[12,259,196429,195332]
[13,58,702518,702936]
[14,189,500574,500004]
[15,28,320770,321478]
[16,121,416041,414552]
[17,75,126548,126410]
[18,8,157129,157399]
[19,112,177842,177959]
[20,50,366901,367079]
[21,223,188511,188075]
[22,90,251966,252079]
[23,26,143790,144888]
[24,79,534039,533244]
[25,234,522179,522989]
[26,159,281921,280958]
[27,161,714020,713060]
[28,47,296499,296355]
[29,128,139626,140764]
[30,258,156056,157205]
[31,202,257542,257646]
[32,250,304486,305422]
[33,131,304550,303944]
[34,59,106737,106674]
[35,17,485831,484828]
[36,69,470093,469911]
[37,49,326329,325565]
[38,122,138008,139232]
[39,13,694647,693489]
[40,162,376272,376495]
[41,48,561676,562761]
[42,180,293277,294239]
[43,101,698858,698731]
[44,231,439362,439232]
[45,72,310301,311503]
[46,76,361267,361802]
[47,168,14624,15715]
[48,165,130951,130057]
[49,55,691870,691462]
[50,72,476929,477114]
[51,143,407879,406382]
[52,151,423542,423296]
[53,243,373443,373019]
[54,154,327314,328481]
[55,42,452889,453157]
[56,139,7766,6604]
[57,255,301600,301097]
[58,181,239814,239356]
[59,217,195890,195568]
[60,268,221299,222468]
[61,104,394787,396099]
[62,34,638105,638906]
[63,56,13466,14077]
[64,98,544504,544903]
[65,73,246782,245900]
[66,140,239809,239944]
[67,226,444177,445222]
[68,80,699075,699981]
[69,205,143970,142715]
[70,5,208091,206873]
[71,74,220421,221629]
[72,270,158992,160061]
[73,39,580956,580873]
[74,153,175903,174576]
[75,179,368795,368361]
[76,14,191428,192433]
[77,264,368154,368363]
[78,168,390882,391995]
[79,46,297280,297863]
[80,170,660305,660976]
[81,79,381752,381336]
[82,43,92205,91292]
[83,199,202519,201629]
[84,202,264497,265229]
[85,49,407017,405870]
[86,174,444761,446081]
[87,277,684417,683601]
[88,212,345458,345883]
[89,146,565309,566158]
[90,240,444129,444351]
[91,129,674617,674504]
[92,52,193424,194653]
[93,177,384196,383188]
[94,140,363127,363730]
[95,52,723714,725132]
[96,262,588288,589451]
[97,47,520545,519909]
[98,128,593313,593534]
[99,252,133464,134241]
[100,62,626735,626769]
[101,137,353063,352554]
[102,66,612650,612812]
[103,151,306015,305515]
[104,161,446086,445995]
[105,45,284031,283716]
[106,14,489727,490886]
[107,217,350878,350024]
[108,188,120938,121162]
[109,238,64017,64458]
[110,69,257441,256499]
[111,274,103554,104688]
[112,75,486346,485806]
[113,46,212928,213559]
[114,33,179157,178028]
[115,111,127582,127084]
[116,65,502007,501861]
[117,199,229137,229004]
[118,141,532385,530965]
[119,24,46952,47926]
[120,140,641668,642934]
[121,34,154501,155133]
[122,274,617777,618337]
[123,184,459955,460211]
[124,178,412117,413261]
[125,129,660837,660446]
[126,207,404680,404490]
[127,60,581358,582191]
[128,87,124569,123215]
[129,142,228464,228530]
[130,227,69093,68741]
[131,100,537381,538816]
[132,187,11872,11519]
[133,113,288669,288471]
[134,24,361464,362608]
[135,128,608071,608317]
[136,175,289454,288444]
[137,224,705329,705532]
[138,15,50904,49852]
[139,75,214585,213982]
[140,219,581322,580507]
[141,170,655032,655717]
[142,62,196689,197702]
[143,217,386059,384716]
[144,187,592200,592041]
[145,67,673523,672971]
[146,128,449724,450570]
[147,131,159879,158413]
[148,5,618936,617718]
[149,177,529396,529321]
[150,233,114293,113769]
[151,81,404461,403051]
[152,103,178735,178081]
[153,185,645574,645148]
[154,52,622124,623390]
[155,219,70941,70366]
[156,123,151804,151149]
[157,189,722895,722637]
[158,80,512095,512619]
[159,84,155056,155361]
[160,193,104747,103541]
[161,113,516483,515640]
[162,52,425559,426492]
[163,64,187882,187925]
[164,53,456014,455598]
[165,185,28230,26925]
[166,78,282526,283685]
[167,258,214688,214771]
[168,107,275945,275731]
[169,11,44616,44575]
[170,120,646540,648020]
[171,214,140180,141150]
[172,5,141963,141018]
[173,19,570411,569141]
[174,83,393107,392863]
[175,259,702413,700991]
[176,147,715507,715387]
[177,268,422164,422235]
[178,88,363863,364733]
[179,78,489463,489792]
[180,246,284214,285066]
[181,106,90626,91905]
[182,279,263956,263623]
[183,66,644158,644996]
[184,129,286480,285537]
[185,213,117174,116170]
[186,141,595744,594842]
[187,196,683300,684668]
[188,178,159266,160257]
[189,271,63724,63612]
[190,80,237589,238895]
[191,86,446666,448103]
[192,233,507592,506950]
[193,90,237837,238697]
[194,195,725843,725721]
[195,19,59741,58858]
[196,135,363869,363291]
[197,11,112055,110934]
[198,53,19679,19433]
[199,123,371927,371522]
[200,270,414512,415184]
[201,130,406115,407411]
[202,143,134292,133309]
[203,245,600433,599295]
[204,25,50194,50009]
[205,6,333402,334206]
[206,125,620755,620531]
[207,101,470095,469912]
[208,221,619950,618468]
[209,201,262188,260856]
[210,91,93145,91712]
[211,164,202966,204255]
[212,6,93844,94177]
[213,91,317607,316329]
[214,129,445463,444993]
[215,109,52769,52060]
[216,160,31003,32144]
[217,273,124711,124010]
[218,240,679530,680522]
[219,264,209523,210614]
[220,249,405728,404542]
[221,53,208997,208649]
[222,80,602733,603928]
[223,135,618451,617234]
[224,199,79180,79091]
[225,7,87239,87132]
[226,199,21608,21492]
[227,14,358216,359163]
[228,0,36176,37217]
[229,279,680048,679394]
[230,84,464972,465718]
[231,249,494443,493259]
[232,188,714688,715472]
[233,127,584725,584030]
[234,74,61423,62065]
[235,277,165195,164342]
[236,208,109658,110554]
[237,154,365135,366219]
[238,74,609138,610160]
[239,90,432842,433810]
[240,200,377210,377748]
[241,124,539518,539672]
[242,70,514977,516250]
[243,242,140067,140173]
[244,225,613764,612737]
[245,133,488408,488158]
[246,158,258356,258903]
[247,166,332459,333618]
[248,119,491517,490228]
[249,212,713852,714856]
[250,37,479879,479372]
[251,25,420609,419941]
[252,197,661537,661290]
[253,216,442407,443706]
[254,230,331878,332822]
[255,262,228964,229087]
[256,193,298926,298211]
[257,187,100285,99957]
[258,164,553756,554213]
[259,117,663629,663104]
[260,247,229697,228831]
[261,191,687823,687608]
[262,75,1742,496]
[263,175,557948,556605]
[264,73,85446,84586]
[265,133,92000,91114]
[266,4,469475,469770]
[267,62,270126,271538]
[268,152,671406,672454]
[269,207,34838,34723]
[270,278,26262,26719]
[271,261,11693,10986]
[272,257,545248,544805]
[273,13,208491,208362]
[274,54,627495,628502]
[275,180,711030,711898]
[276,235,610910,609916]
[277,178,329783,330970]
[278,235,355434,354188]
[279,172,665681,666450]
[280,32,219519,220017]
[281,214,561029,561930]
[282,246,153787,153993]
[283,101,172673,172003]
[284,149,194632,193881]
[285,147,408050,407093]
[286,248,527640,528384]
[287,105,270981,270361]
[288,10,228401,229513]
[289,115,147943,147520]
[290,3,204545,204471]
[291,3,582486,581285]
[292,144,110555,111121]
[293,131,461260,461071]
[294,51,5042,4195]
[295,120,642355,643624]
[296,40,628188,629487]
[297,83,24477,23007]
[298,124,465476,466439]
[299,269,106462,106274]
[300,213,635159,634516]
[301,47,673596,673262]
[302,250,484023,484441]
[303,151,29120,28146]
[304,91,553325,552719]
[305,116,722958,723209]
[306,58,288769,288953]
[307,66,479471,479885]
[308,219,586549,586437]
[309,125,550548,550283]
[310,215,222262,221197]
[311,172,479051,480172]
[312,155,534432,533815]
[313,223,7725,6941]
[314,13,181847,180775]
[315,115,423771,422310]
[316,18,410588,411908]
[317,235,407624,406156]
[318,60,473534,474279]
[319,245,121325,120137]
[320,269,75142,74846]
[321,275,41098,40262]
[322,9,418333,417344]
[323,4,551740,553041]
[324,21,720393,720292]
[325,250,629558,631010]
[326,201,586890,586545]
[327,275,703550,703008]
[328,267,706940,706316]
[329,78,419880,419996]
[330,182,447228,448148]
[331,44,149455,150409]
[332,90,476484,477438]
[333,235,80647,79191]
[334,207,32824,31655]
[335,71,168020,167292]
[336,81,328296,327946]
[337,124,477276,478608]
[338,255,545190,545054]
[339,194,221734,223177]
[340,24,245783,245897]
[341,84,442132,443346]
[342,265,676848,675712]
[343,191,360865,359892]
[344,122,64087,65050]
[345,5,654276,652891]
[346,203,604746,604445]
[347,60,687080,687866]
[348,32,407776,409126]
[349,108,625472,626621]
[350,213,502084,501276]
[351,37,187126,185817]
[352,109,399604,398198]
[353,83,691917,691626]
[354,235,13304,12407]
[355,132,294471,295620]
[356,129,303288,302270]
[357,197,176284,174868]
[358,212,681730,681762]
[359,135,105316,104981]
[360,160,408380,409572]
[361,93,434504,433977]
[362,121,332470,331844]
[363,79,600653,599308]
[364,259,476894,476253]
[365,83,280060,279575]
[366,18,267906,268440]
[367,174,68782,69021]
[368,142,513657,514037]
[369,30,425799,426877]
[370,220,375606,376479]
[371,189,716473,715743]
[372,243,580111,578756]
[373,12,423906,424438]
[374,12,191169,192130]
[375,97,611826,610865]
[376,266,589830,590078]
[377,60,371560,372187]
[378,139,462064,461776]
[379,155,425073,424404]
[380,183,469676,469509]
[381,132,1537,2590]
[382,243,704858,703891]
[383,117,420987,420152]
[384,85,43815,42531]
[385,256,530143,530773]
[386,110,681630,682178]
[387,157,729403,728932]
[388,157,527300,526601]
[389,260,152835,154248]
[390,126,513130,514438]
[391,179,304341,303185]
[392,109,287302,286171]
[393,151,606712,605650]
[394,199,723134,723029]
[395,82,174902,176378]
[396,24,448352,448509]
[397,226,505441,505485]
[398,229,19907,18434]
[399,169,197071,196806]
[400,253,82317,81256]
[401,178,19649,21121]
[402,120,201959,202530]
[403,67,194140,193089]
[404,26,465311,466807]
[405,207,107793,106879]
[406,212,41024,41955]
[407,182,218051,218134]
[408,278,465158,466031]
[409,259,379821,379325]
[410,256,10869,10985]
[411,4,233028,234057]
[412,90,728470,729340]
[413,12,302815,304267]
[414,18,507948,508007]
[415,93,477216,476390]
[416,235,440852,439416]
[417,212,376591,376836]
[418,74,94583,95311]
[419,130,209146,209700]
[420,62,390288,391436]
[421,83,65142,65045]
[422,37,308874,308323]
[423,169,485498,484985]
[424,171,363169,361906]
[425,237,123138,121978]
[426,82,410830,411204]
[427,123,307712,307007]
[428,81,349727,349279]
[429,66,326444,326675]
[430,19,673275,672299]
[431,54,671400,672294]
[432,69,560005,559668]
[433,136,124367,125200]
[434,34,102871,103508]
[435,264,497662,498634]
[436,41,505095,503938]
[437,135,564696,563715]
[438,126,7338,8547]
[439,117,103571,102774]
[440,141,47721,47620]
[441,274,39068,39880]
[442,44,392805,393137]
[443,82,66868,67550]
[444,141,347851,346804]
[445,143,58339,57787]
[446,223,539135,537939]
[447,26,234372,234921]
[448,146,499574,500672]
[449,148,691288,692040]
[450,92,557243,557601]
[451,145,33091,32517]
[452,62,332383,333270]
[453,223,74363,73583]
[454,125,506668,506182]
[455,29,351533,350260]
[456,262,22139,22905]
[457,205,270258,269223]
[458,209,131597,131346]
[459,9,546577,546232]
[460,180,242299,243010]
[461,21,433313,432372]
[462,153,22029,21843]
[463,120,8692,8951]
[464,116,121069,121320]
[465,9,670092,668896]
[466,272,73151,74514]
[467,257,504270,503849]
[468,177,195563,194087]
[469,209,429214,428255]
[470,165,385758,384756]
[471,136,245105,246072]
[472,167,612224,610926]
[473,25,627428,627254]
[474,83,631987,630959]
[475,52,666839,667133]
[476,212,115129,115683]
[477,13,503648,502606]
[478,109,594817,593688]
[479,129,602242,600942]
[480,133,681211,680326]
[481,107,321149,319945]
[482,136,487289,487865]
[483,90,417229,418013]
[484,143,586038,585276]
[485,2,513400,513788]
[486,83,158563,157184]
[487,166,465993,467017]
[488,160,363787,364258]
[489,267,501622,501500]
[490,209,588961,588094]
[491,255,18880,17841]
[492,141,478787,478700]
[493,96,686346,687721]
[494,25,504711,504621]
[495,233,98113,97364]
[496,231,48651,47652]
[497,156,276329,277691]
[498,91,9515,8367]
[499,55,376993,375838]
[500,44,702553,703366]
[501,79,709107,708350]
[502,62,506635,507717]
[503,183,2279,2012]
[504,210,105853,106401]
[505,19,184599,183787]
[506,126,703268,703997]
[507,74,159528,160531]
[508,242,402865,404274]
[509,209,355948,355052]
[510,218,123423,123558]
[511,195,446987,446179]
[512,226,432628,432787]
[513,272,489597,490724]
[514,214,463618,464146]
[515,64,35219,35913]
[516,142,712846,712929]
[517,34,148909,149795]
[518,265,350153,349728]
[519,204,692179,693195]
[520,228,525368,526536]
[521,170,297780,298055]
[522,238,232650,233411]
[523,269,588841,588533]
[524,87,662843,661362]
[525,171,351265,350041]
[526,172,671117,671838]
[527,172,33982,34501]
[528,95,443009,442518]
[529,41,93952,92981]
[530,102,631468,631767]
[531,149,483617,483121]
[532,46,613399,614505]
[533,158,234582,235475]
[534,260,178727,180179]
[535,73,535132,534930]
[536,198,292520,293970]
[537,103,253029,251978]
[538,111,413424,412436]
[539,50,660453,661286]
[540,43,290775,290528]
