["head":"wrap","lpos","status"]
[41,305234,0]
["io count"]
[545]
["io":"id","wrap","startLpos","endLpos"]
[1,94,473367,474366]
[2,54,600830,601782]
[3,131,223325,223204]
[4,162,476504,476960]
[5,257,615626,614815]
[6,242,171559,172578]
[7,41,514270,513580]
[8,76,672788,672997]
[9,195,562985,561923]
[10,68,77756,77974]
[11,276,310732,311357]
[12,61,282197,280993]
[13,76,242483,242721]
[14,166,186761,187746]
[15,163,331970,331391]
[16,88,21029,22290]
[17,229,90529,89982]
[18,186,219573,219671]
[19,222,142834,142940]
[20,50,363045,363823]
[21,91,344678,343745]
[22,193,31549,30485]
[23,47,105179,103894]
[24,193,184812,184413]
[25,267,728310,727176]
[26,204,347293,348125]
[27,25,174189,174077]
[28,131,589298,588755]
[29,136,453661,453837]
[30,88,400441,401580]
[31,201,299043,297653]
[32,109,606965,606216]
[33,52,359376,359714]
[34,83,266259,265592]
[35,30,72412,73581]
[36,34,360424,361596]
[37,5,259388,258315]
[38,99,573276,572748]
[39,158,144462,145778]
[40,175,579827,579365]
[41,5,694501,694344]
[42,48,295091,295945]
[43,102,96583,97894]
[44,106,36180,36794]
[45,10,157000,157794]
[46,96,277910,278705]
[47,8,378938,379715]
[48,248,46806,47282]
[49,182,471345,471431]
[50,203,642522,641554]
[51,159,77133,76891]
[52,32,402278,403009]
[53,17,611856,610649]
[54,209,190057,189322]
[55,36,502171,503090]
[56,270,327585,328594]
[57,131,707918,706643]
[58,40,500931,501219]
[59,128,573242,574098]
[60,259,244127,243720]
[61,144,298650,298753]
[62,111,299806,298589]
[63,116,683436,683558]
[64,94,498410,498663]
[65,258,172869,173475]
[66,89,42660,42614]
[67,209,237764,237598]
[68,273,646042,644590]
[69,197,216821,215469]
[70,181,716140,714827]
[71,268,291929,292271]
[72,28,206759,207872]
[73,266,687166,687226]
[74,30,703944,704763]
[75,184,673313,674033]
[76,270,102835,103009]
[77,137,43966,42762]
[78,161,402741,401518]
[79,1,257569,257447]
[80,53,337889,336681]
[81,29,331199,331133]
[82,219,376058,375117]
[83,207,544759,543775]
[84,273,394203,393584]
[85,152,115252,116077]
[86,175,134018,133884]
[87,261,554941,554269]
[88,84,529630,530947]
[89,160,692400,693503]
[90,102,89423,89632]
[91,226,252081,253572]
[92,91,450795,450226]
[93,139,623980,623295]
[94,185,480365,479780]
[95,88,495730,496681]
[96,208,385820,386704]
[97,265,454639,453658]
[98,170,385364,386487]
[99,25,250805,249995]
[100,219,399114,397881]
[101,190,411280,412203]
[102,188,325379,325784]
[103,199,173079,172475]
[104,272,264542,264758]
[105,83,182571,181105]
[106,89,467739,467152]
[107,24,602027,603364]
[108,82,698947,699958]
[109,19,200442,199420]
[110,126,462309,463363]
[111,4,477873,478154]
[112,13,533912,532912]
[113,150,257453,258618]
[114,7,257408,256336]
[115,137,465500,465223]
[116,159,702558,702286]
[117,107,556722,556237]
[118,205,255646,254865]
[119,26,342744,343033]
[120,35,569733,568734]
[121,47,202480,201750]
[122,239,268794,267480]
[123,278,7791,9165]
[124,162,289990,290990]
[125,155,170675,169446]
[126,222,58661,60001]
[127,51,64455,64413]
[128,259,505279,504154]
[129,241,608475,608070]
[130,134,42020,43433]
[131,114,261053,261762]
[132,245,605418,604965]
[133,61,104746,103891]
[134,105,308634,308368]
[135,61,594002,592873]
[136,66,478751,478836]
[137,101,250147,250036]
[138,155,546636,545843]
[139,107,303100,302589]
[140,35,662170,661226]
[141,87,214149,212721]
[142,97,692775,692636]
[143,22,647124,648443]
[144,129,473474,472691]
[145,152,725078,725981]
[146,241,688412,688065]
[147,7,191713,190694]
[148,158,403575,403952]
[149,137,381177,380251]
[150,18,115116,116452]
[151,70,388142,388862]
[152,64,698021,699075]
[153,26,451185,451427]
[154,258,276267,276708]
[155,120,7246,7416]
[156,72,693446,694945]
[157,221,60930,60067]
[158,126,281727,283186]
[159,17,535930,534671]
[160,256,662906,663287]
[161,108,281941,283168]
[162,277,629714,629450]
[163,117,81904,80444]
[164,116,537722,538465]
[165,261,449687,448506]
[166,196,168909,169855]
[167,166,255016,255587]
[168,118,219162,219943]
[169,233,220790,219839]
[170,205,502221,501763]
[171,154,533355,534486]
[172,179,998,530]
[173,118,69659,70122]
[174,103,529015,528618]
[175,139,623552,622161]
[176,6,188928,189219]
[177,190,524159,525429]
[178,219,613914,613048]
[179,32,641444,641718]
[180,209,481643,480228]
[181,219,450599,449655]
[182,111,40022,39760]
[183,46,837,1104]
[184,210,223693,224157]
[185,74,580527,580890]
[186,6,574034,575003]
[187,186,428305,429708]
[188,144,467159,467640]
[189,211,380896,379531]
[190,26,530554,531411]
[191,185,727054,726449]
[192,247,673736,672338]
[193,82,267102,267720]
[194,271,724985,724564]
[195,72,718396,718618]
[196,21,509305,508531]
[197,167,692599,691805]
[198,251,22435,21515]
[199,32,571975,573279]
[200,119,48105,48063]
[201,209,698593,697315]
[202,22,486586,487853]
[203,20,282622,283673]
[204,70,319210,320155]
[205,98,660782,661785]
[206,10,265195,265333]
[207,211,45115,44854]
[208,221,486609,485269]
[209,34,729046,729611]
[210,239,559728,559488]
[211,125,35960,35521]
[212,221,195958,194878]
[213,5,120127,119288]
[214,49,89686,89132]
[215,180,153714,154468]
[216,103,613184,611874]
[217,116,416364,417666]
[218,83,149289,148506]
[219,268,434388,435101]
[220,221,60045,59871]
[221,97,189246,188231]
[222,138,113048,113800]
[223,236,179956,180975]
[224,181,559163,558380]
[225,261,566088,564727]
[226,183,417422,416873]
[227,67,376154,375627]
[228,16,721063,721511]
[229,208,154609,155160]
[230,31,374504,374329]
[231,238,640405,640925]
[232,64,78752,79051]
[233,92,373550,374442]
[234,168,173130,174012]
[235,172,610583,611749]
[236,140,299581,299907]
[237,120,534928,534993]
[238,31,268121,267014]
[239,103,239445,238932]
[240,79,114632,113169]
[241,138,526130,527376]
[242,206,451590,451649]
[243,188,424195,424875]
[244,211,63157,62516]
[245,73,280536,279532]
[246,142,642318,642970]
[247,126,66634,66897]
[248,46,704364,705156]
[249,30,297759,298871]
[250,113,116320,114926]
[251,122,319215,319712]
[252,258,329013,329155]
[253,36,600764,601732]
[254,8,104636,105419]
[255,114,608826,609450]
[256,208,576787,576950]
[257,139,133749,132251]
[258,202,32034,33447]
[259,272,185497,185847]
[260,155,497963,497125]
[261,232,313509,313859]
[262,262,496326,496445]
[263,34,602730,604218]
[264,197,189440,188376]
[265,98,522314,522345]
[266,109,165835,165313]
[267,253,195498,195058]
[268,164,148310,148472]
[269,219,334220,333726]
[270,156,433932,434847]
[271,134,716998,717979]
[272,135,90282,89638]
[273,61,689124,688357]
[274,92,238962,240179]
[275,20,233035,233899]
[276,51,640613,639358]
[277,159,94775,93873]
[278,59,314973,313693]
[279,181,669180,668241]
[280,14,329653,331063]
[281,266,685038,686236]
[282,256,632768,633532]
[283,248,568206,568576]
[284,199,667643,666634]
[285,76,669233,669987]
[286,266,630521,631354]
[287,249,106112,105547]
[288,176,545961,546693]
[289,166,5288,6723]
[290,75,149446,149360]
[291,160,365996,366123]
[292,17,199468,199136]
[293,27,414254,414142]
[294,257,287519,287098]
[295,211,385320,383863]
[296,14,444462,445821]
[297,274,650842,651428]
[298,200,91512,92329]
[299,210,121222,122235]
[300,274,474108,475494]
[301,132,725060,725925]
[302,43,429424,428678]
[303,65,203819,202736]
[304,146,307404,308671]
[305,190,494896,496094]
[306,15,194610,193863]
[307,105,204407,202918]
[308,147,327780,326716]
[309,277,88968,88234]
[310,202,352870,354224]
[311,165,397710,396453]
[312,43,504070,503730]
[313,201,351694,350743]
[314,173,672641,671808]
[315,140,574971,576162]
[316,134,489669,490405]
[317,99,303484,303155]
[318,200,199688,200901]
[319,76,122973,123642]
[320,276,653646,654139]
[321,108,206954,208369]
[322,141,648420,647996]
[323,33,33630,32914]
[324,242,262605,262844]
[325,146,89442,89511]
[326,89,426164,425654]
[327,71,89584,88187]
[328,10,612863,613925]
[329,80,629331,630211]
[330,26,35935,35969]
[331,91,62111,60967]
[332,179,389761,389016]
[333,121,563979,562653]
[334,180,667774,668205]
[335,62,635103,636439]
[336,125,303457,302146]
[337,138,113662,114256]
[338,51,384292,384063]
[339,190,2569,3915]
[340,156,196659,197657]
[341,275,297521,296233]
[342,131,147010,146037]
[343,23,419606,419155]
[344,271,452581,451466]
[345,65,728503,728445]
[346,28,23186,24352]
[347,233,648326,647147]
[348,176,474844,475409]
[349,24,170852,171788]
[350,185,602884,602022]
[351,68,448502,449269]
[352,58,60768,61218]
[353,184,466812,467631]
[354,244,303993,304337]
[355,137,224521,223504]
[356,10,559434,560256]
[357,192,674140,674258]
[358,13,25795,24926]
[359,65,338951,337990]
[360,22,259422,260746]
[361,215,177722,177459]
[362,197,119147,117867]
[363,153,358929,358457]
[364,56,458169,459571]
[365,211,606521,605969]
[366,193,90083,89805]
[367,215,162619,162373]
[368,202,392299,392384]
[369,22,34824,35146]
[370,276,269856,269927]
[371,278,236647,236718]
[372,198,73613,74933]
[373,271,295754,295126]
[374,50,187106,188527]
[375,161,578420,577265]
[376,129,568900,568413]
[377,10,61117,62092]
[378,274,347247,347620]
[379,267,316434,315877]
[380,115,385336,384022]
[381,115,670940,670245]
[382,91,447720,446312]
[383,215,229354,228383]
[384,160,76621,77808]
[385,85,362372,361533]
[386,274,156417,157835]
[387,195,665778,665015]
[388,165,204242,202896]
[389,0,24280,24518]
[390,102,172080,172453]
[391,54,286427,286955]
[392,169,527083,526074]
[393,201,220594,220451]
[394,55,40249,39341]
[395,160,585906,586123]
[396,269,266890,265824]
[397,43,399895,398937]
[398,196,151147,152248]
[399,23,197465,196075]
[400,116,358605,359934]
[401,215,135527,134790]
[402,219,549504,548685]
[403,271,122467,122344]
[404,26,581141,581588]
[405,91,608586,608248]
[406,188,659037,659493]
[407,273,48633,47998]
[408,111,704604,703657]
[409,250,590997,591401]
[410,150,474365,475437]
[411,71,649674,648802]
[412,97,85132,84530]
[413,150,683922,685099]
[414,54,523198,523658]
[415,94,552900,553735]
[416,152,632550,633274]
[417,225,319276,318576]
[418,64,336470,337354]
[419,177,272107,270771]
[420,261,472751,472024]
[421,171,23311,23001]
[422,134,200965,202166]
[423,58,205186,205576]
[424,91,78592,78455]
[425,110,521896,522865]
[426,62,258846,259870]
[427,169,35525,34872]
[428,265,645774,645611]
[429,29,113442,113327]
[430,190,177627,178941]
[431,250,643994,644583]
[432,209,166663,165509]
[433,170,378198,378313]
[434,261,332325,331395]
[435,107,652823,651932]
[436,156,137958,138130]
[437,54,378287,378594]
[438,98,73664,74301]
[439,167,401590,400325]
[440,81,584917,584472]
[441,200,365099,366020]
[442,110,512775,513636]
[443,204,155129,155942]
[444,121,367730,367464]
[445,77,294487,293376]
[446,161,51602,51485]
[447,24,44018,44887]
[448,275,346268,345514]
[449,42,22867,23851]
[450,4,407576,408685]
[451,197,595984,594594]
[452,275,498403,497037]
[453,124,615903,616980]
[454,94,315081,315365]
[455,239,664980,664529]
[456,259,27281,26404]
[457,260,33003,34231]
[458,193,550502,550470]
[459,64,115665,116209]
[460,102,382906,384011]
[461,221,440477,439945]
[462,17,327078,325630]
[463,175,166305,165234]
[464,242,61913,62442]
[465,12,718926,719958]
[466,53,611142,609819]
[467,40,406099,406684]
[468,193,384763,383296]
[469,56,175056,175535]
[470,85,71298,70924]
[471,40,671482,672544]
[472,141,429165,429063]
[473,44,433263,434551]
[474,168,21582,22340]
[475,45,532496,531154]
[476,118,122805,123391]
[477,8,168047,169252]
[478,223,474489,473153]
[479,268,696475,697540]
[480,1,326267,324807]
[481,88,494578,495520]
[482,275,347687,346587]
[483,224,40689,40868]
[484,12,191483,192578]
[485,165,6668,5571]
[486,140,396807,398279]
[487,278,14963,16092]
[488,224,509724,510848]
[489,117,141267,140565]
[490,128,202490,202829]
[491,277,194364,193284]
[492,2,416184,417404]
[493,44,20534,21576]
[494,175,417524,416631]
[495,119,374099,373192]
[496,174,402897,404355]
[497,250,703415,704744]
[498,173,175313,174122]
[499,196,442421,442973]
[500,260,109137,109981]
[501,223,630386,630049]
[502,241,462670,462488]
[503,246,359403,360318]
[504,175,114634,113268]
[505,69,54749,54522]
[506,38,173473,173633]
[507,78,474091,474219]
[508,133,382599,381944]
[509,251,96597,95818]
[510,79,569287,569089]
[511,213,112272,111481]
[512,81,100844,100290]
[513,40,300511,302010]
[514,238,482379,483159]
[515,103,546989,545797]
[516,110,445060,445206]
[517,33,349112,348303]
[518,271,178953,177653]
[519,10,549274,550461]
[520,254,670653,671962]
[521,133,230440,230288]
[522,83,249902,249154]
[523,106,316501,317283]
[524,130,232711,233407]
[525,62,558215,558599]
[526,210,336256,337529]
[527,107,595880,595810]
[528,228,417015,418489]
[529,165,322628,322512]
[530,182,708801,710243]
[531,221,694179,692844]
[532,160,224313,225617]
[533,122,724049,725278]
[534,263,227732,226503]
[535,260,496046,496865]
[536,262,286531,287017]
[537,101,189778,188814]
[538,110,579866,580363]
[539,42,98221,99335]
[540,86,462139,463367]
[541,179,351209,350756]
[542,194,471604,472109]
[543,139,463602,463428]
[544,193,486533,485972]
[545,157,169078,167753]
