["head":"wrap","lpos","status"]
[157,103611,1]
["io count"]
[55]
["io":"id","wrap","startLpos","endLpos"]
[1,202,475241,475825]
[2,269,227921,226728]
[3,154,51017,51434]
[4,109,193262,193043]
[5,243,141263,140836]
[6,168,498112,498381]
[7,128,110459,111616]
[8,39,642922,641929]
[9,201,359333,359033]
[10,109,392498,391381]
[11,2,428941,429018]
[12,19,621464,621188]
[13,171,529611,528965]
[14,157,644493,644323]
[15,259,299499,298461]
[16,169,175331,174444]
[17,124,724004,724258]
[18,216,388452,389084]
[19,182,592893,593145]
[20,79,3412,1995]
[21,134,487188,488160]
[22,165,476259,475905]
[23,207,87068,86104]
[24,190,166202,167331]
[25,91,237113,235835]
[26,23,270165,269471]
[27,236,674738,675910]
[28,251,615673,614309]
[29,262,55096,55528]
[30,186,567120,567524]
[31,9,38350,38025]
[32,169,440294,439759]
[33,17,498476,498069]
[34,122,171445,172320]
[35,211,228039,227127]
[36,216,93130,93233]
[37,262,597930,598919]
[38,73,503695,502485]
[39,13,94476,93156]
[40,83,606127,604800]
[41,157,272102,271269]
[42,108,256437,256471]
[43,209,562151,560825]
[44,208,50665,51557]
[45,161,387390,386837]
[46,166,455401,456542]
[47,53,236950,235988]
[48,48,541985,542141]
[49,189,230576,230390]
[50,196,114412,114837]
[51,61,499772,499097]
[52,175,652144,651513]
[53,120,290858,291136]
[54,89,606958,605649]
[55,96,617435,618000]
