["head":"wrap","lpos","status"]
[74,333452,0]
["io count"]
[550]
["io":"id","wrap","startLpos","endLpos"]
[1,134,446520,447365]
[2,271,618325,617913]
[3,139,730425,729330]
[4,147,593725,593605]
[5,223,98381,97159]
[6,72,143838,144072]
[7,225,211845,210747]
[8,171,646833,646319]
[9,59,337193,336288]
[10,41,421682,420530]
[11,262,484208,485647]
[12,64,170406,171449]
[13,103,144345,142878]
[14,186,281274,282006]
[15,93,600886,600322]
[16,101,718911,717818]
[17,58,669414,670334]
[18,170,563164,564406]
[19,45,142418,142341]
[20,41,19898,18529]
[21,88,451979,452659]
[22,179,355727,354895]
[23,48,684375,684736]
[24,271,377271,376220]
[25,135,81547,80895]
[26,120,419582,420424]
[27,160,335202,336526]
[28,135,379277,378796]
[29,232,23681,24244]
[30,235,599219,599042]
[31,143,413031,412088]
[32,240,312227,313053]
[33,242,288541,288907]
[34,22,27042,28415]
[35,156,309891,310836]
[36,75,321501,320988]
[37,170,690131,690433]
[38,96,291581,292419]
[39,229,57992,56514]
[40,131,360906,359960]
[41,188,454058,455272]
[42,102,372874,373232]
[43,10,648058,648451]
[44,172,223728,224224]
[45,102,163572,164615]
[46,97,182564,181703]
[47,144,620609,621404]
[48,117,679222,678637]
[49,93,435596,434205]
[50,109,400012,399382]
[51,180,37441,38409]
[52,200,576874,577098]
[53,193,631186,630886]
[54,10,288514,289034]
[55,132,35775,36507]
[56,139,158307,157382]
[57,107,117842,117294]
[58,235,397916,397356]
[59,107,478663,478409]
[60,71,177758,177214]
[61,158,564167,564880]
[62,234,117964,119387]
[63,96,683669,684832]
[64,189,33341,32294]
[65,68,394517,394840]
[66,77,31744,31144]
[67,60,193930,194030]
[68,238,370257,371324]
[69,124,293724,294738]
[70,275,302086,301618]
[71,184,566493,567079]
[72,226,195058,195919]
[73,259,400468,399391]
[74,159,723384,722730]
[75,258,107437,107485]
[76,172,349593,350382]
[77,269,281952,281045]
[78,82,604352,605335]
[79,276,384227,384727]
[80,222,175007,175937]
[81,197,541718,540537]
[82,116,209673,210782]
[83,143,386241,386112]
[84,218,46079,46140]
[85,73,171215,170307]
[86,48,30441,31057]
[87,158,147176,147936]
[88,157,536511,535250]
[89,135,600418,599635]
[90,157,24770,24584]
[91,49,300076,299236]
[92,230,560763,561205]
[93,155,443267,442467]
[94,33,537854,537681]
[95,253,207271,206245]
[96,53,209113,208349]
[97,3,396334,395043]
[98,164,174166,174258]
[99,98,372553,373106]
[100,125,306260,304873]
[101,43,559879,559082]
[102,18,323655,324459]
[103,160,632440,633338]
[104,221,548128,547542]
[105,246,576720,578212]
[106,44,654441,654550]
[107,171,171819,171391]
[108,244,378256,378932]
[109,235,93543,93282]
[110,96,446492,446571]
[111,228,198648,199773]
[112,246,582365,583442]
[113,15,595827,595017]
[114,169,591921,590731]
[115,128,270468,270964]
[116,169,438951,437882]
[117,88,453610,453964]
[118,266,564587,565002]
[119,259,411621,411574]
[120,135,202605,202136]
[121,149,423900,423833]
[122,177,42540,42039]
[123,259,146118,145437]
[124,11,292466,291171]
[125,165,222415,221809]
[126,179,99009,98785]
[127,150,172811,173560]
[128,213,665964,665214]
[129,191,398432,398360]
[130,155,148417,148366]
[131,110,143227,143560]
[132,143,699204,699013]
[133,39,616032,614694]
[134,131,694014,693571]
[135,187,167360,166147]
[136,158,146578,147955]
[137,114,184447,185031]
[138,142,159775,160958]
[139,221,365067,364845]
[140,183,422887,421923]
[141,157,31406,30859]
[142,262,436549,437399]
[143,233,507326,506591]
[144,180,560083,560234]
[145,179,505070,504278]
[146,61,547347,546142]
[147,213,564018,563915]
[148,146,490132,491037]
[149,90,642189,643451]
[150,244,725856,726321]
[151,42,713722,714834]
[152,65,520220,520070]
[153,81,708997,708684]
[154,81,43214,42427]
[155,271,96935,96151]
[156,55,237929,236656]
[157,252,364205,364954]
[158,207,391155,390376]
[159,89,440087,439270]
[160,251,657822,656595]
[161,45,674154,674068]
[162,266,241974,242896]
[163,165,595301,594804]
[164,86,249369,249468]
[165,54,711771,712627]
[166,239,313727,312678]
[167,83,681839,680974]
[168,96,126575,126973]
[169,144,483120,484407]
[170,233,210526,210278]
[171,68,135211,136321]
[172,47,207922,207478]
[173,261,161454,160576]
[174,75,117274,116690]
[175,17,261385,260838]
[176,17,215954,215796]
[177,243,466469,465348]
[178,223,190867,190436]
[179,124,171754,171918]
[180,152,591426,591736]
[181,216,89810,91026]
[182,124,158346,159268]
[183,219,587590,587403]
[184,10,321364,322585]
[185,259,150764,149499]
[186,154,377622,377848]
[187,242,168942,169464]
[188,241,525933,524949]
[189,70,681868,682067]
[190,157,357480,356183]
[191,3,447728,446417]
[192,70,516324,517546]
[193,178,627686,628734]
[194,136,346270,347259]
[195,78,52858,53526]
[196,252,458508,459276]
[197,28,721097,721681]
[198,61,180938,180137]
[199,133,570513,569477]
[200,95,18339,17664]
[201,203,77448,76362]
[202,106,612643,614001]
[203,122,505631,506901]
[204,162,523871,524827]
[205,177,94157,93854]
[206,133,390919,390185]
[207,4,654702,655097]
[208,15,702635,701694]
[209,211,596024,595698]
[210,141,291809,291573]
[211,62,427799,428586]
[212,268,634838,635912]
[213,191,53604,52256]
[214,230,166589,168083]
[215,201,664459,663601]
[216,141,537064,536183]
[217,55,699865,699292]
[218,270,597844,599324]
[219,43,219422,219317]
[220,151,144036,143313]
[221,242,401628,401801]
[222,266,137185,138281]
[223,121,633600,632935]
[224,53,497024,495954]
[225,70,289987,290941]
[226,149,301134,300204]
[227,210,727611,728356]
[228,98,226040,226578]
[229,89,31550,30146]
[230,126,89392,90477]
[231,238,488134,489582]
[232,136,161087,161832]
[233,230,362354,363037]
[234,211,547451,546844]
[235,75,421602,420561]
[236,148,635984,636293]
[237,218,397148,397220]
[238,56,344302,345223]
[239,133,121992,121541]
[240,214,458418,459572]
[241,198,164560,165360]
[242,119,275826,275217]
[243,183,364838,364182]
[244,5,544999,543999]
[245,136,304633,305491]
[246,246,681193,681866]
[247,237,71069,69603]
[248,9,76651,75806]
[249,188,417113,418558]
[250,51,57709,57439]
[251,51,124294,123869]
[252,7,563180,562643]
[253,163,288085,287615]
[254,205,39441,38843]
[255,252,312824,313379]
[256,34,179044,180428]
[257,120,58591,59210]
[258,272,155398,156506]
[259,37,493456,492555]
[260,65,612842,611476]
[261,94,339485,340550]
[262,236,709872,710856]
[263,114,318278,318354]
[264,166,586953,588385]
[265,29,652890,652669]
[266,151,69180,68654]
[267,56,614646,614845]
[268,102,699969,700304]
[269,0,623222,624395]
[270,268,325885,326852]
[271,171,685490,685155]
[272,74,576754,577985]
[273,239,710777,710260]
[274,2,554584,554828]
[275,59,334483,333602]
[276,157,574239,573947]
[277,13,729042,728217]
[278,215,267067,265941]
[279,124,75790,76279]
[280,35,579213,578759]
[281,105,44130,42788]
[282,0,365172,365292]
[283,169,356071,355272]
[284,241,485947,485844]
[285,87,245709,244791]
[286,126,561767,562576]
[287,132,257373,258205]
[288,275,633078,632174]
[289,138,442196,442515]
[290,144,549594,550580]
[291,142,91840,92278]
[292,151,648230,646830]
[293,59,501378,501177]
[294,268,398967,399400]
[295,253,322537,321308]
[296,204,191126,192295]
[297,50,460675,461460]
[298,110,637343,638040]
[299,113,132505,131999]
[300,113,491788,491044]
[301,148,705016,705698]
[302,147,537379,537060]
[303,171,199236,199125]
[304,109,314895,314727]
[305,190,278079,278957]
[306,207,308983,308766]
[307,245,619720,618688]
[308,4,411886,411996]
[309,140,311867,312375]
[310,12,203935,205049]
[311,101,633958,632504]
[312,233,526375,526266]
[313,5,465968,465249]
[314,137,569892,569117]
[315,124,340515,340551]
[316,27,513119,511937]
[317,254,168623,168709]
[318,104,133337,134729]
[319,183,80762,80220]
[320,268,618647,619641]
[321,126,284928,285340]
[322,240,63277,64508]
[323,171,73466,73291]
[324,43,414493,414371]
[325,35,22643,22284]
[326,53,10994,9561]
[327,264,134963,135507]
[328,55,394385,393610]
[329,4,633196,634006]
[330,162,272482,273594]
[331,202,104047,104864]
[332,241,635199,634029]
[333,87,450507,449758]
[334,263,355540,355499]
[335,237,594205,592974]
[336,122,338539,339846]
[337,232,582891,583281]
[338,162,623343,623703]
[339,53,291129,290866]
[340,82,494757,495530]
[341,96,117847,118842]
[342,78,113960,114250]
[343,2,362245,363452]
[344,261,455669,455335]
[345,85,92252,91250]
[346,198,408855,409050]
[347,274,590859,591323]
[348,55,403562,403026]
[349,133,561511,560381]
[350,127,519186,518973]
[351,245,247963,247738]
[352,19,558350,556857]
[353,125,392031,391045]
[354,3,90612,90200]
[355,183,407141,406519]
[356,193,72239,70818]
[357,215,701573,701116]
[358,199,652522,651894]
[359,63,394054,393663]
[360,216,80159,81562]
[361,72,15319,16384]
[362,137,720649,720571]
[363,194,333008,333842]
[364,184,221427,221521]
[365,61,448331,447688]
[366,198,46719,47455]
[367,206,412798,413409]
[368,130,460883,461817]
[369,29,34605,33264]
[370,111,137109,136398]
[371,241,726969,725819]
[372,127,459214,458865]
[373,19,648110,647658]
[374,90,357077,358347]
[375,1,345906,345710]
[376,169,59397,58746]
[377,124,473147,473323]
[378,155,340393,339894]
[379,136,673659,674303]
[380,234,142935,143676]
[381,172,702324,702586]
[382,269,137496,137291]
[383,178,614793,615471]
[384,172,603515,603772]
[385,241,517683,517352]
[386,88,159609,160564]
[387,195,200049,198961]
[388,129,180561,179783]
[389,21,176201,174854]
[390,41,74629,74051]
[391,32,43722,43842]
[392,8,652680,654006]
[393,52,462531,462887]
[394,199,596297,595853]
[395,43,124576,124543]
[396,173,233779,233631]
[397,10,254326,255234]
[398,200,570030,570127]
[399,160,710809,711049]
[400,146,506005,507091]
[401,122,421909,422404]
[402,131,470672,469585]
[403,244,231472,231987]
[404,222,1759,2234]
[405,130,180579,181850]
[406,58,596084,596846]
[407,20,15719,15753]
[408,222,641516,641705]
[409,273,79432,79115]
[410,145,474155,473239]
[411,6,361223,362409]
[412,27,323261,322927]
[413,239,267399,266735]
[414,229,361275,360741]
[415,202,520808,520867]
[416,78,630735,631180]
[417,121,649619,648898]
[418,252,307096,307412]
[419,210,679563,679803]
[420,23,99155,98865]
[421,7,438395,437885]
[422,217,421300,420306]
[423,259,644135,643594]
[424,103,356388,355246]
[425,11,441505,440374]
[426,51,218331,217854]
[427,248,76198,76620]
[428,91,665996,665582]
[429,277,25906,25082]
[430,121,710519,709926]
[431,194,106801,107591]
[432,36,7324,8563]
[433,179,503540,503190]
[434,118,603915,605221]
[435,7,82093,81514]
[436,277,171429,170313]
[437,217,463076,463026]
[438,71,192964,192401]
[439,273,48831,48723]
[440,168,491767,492491]
[441,100,318088,319453]
[442,250,527258,528490]
[443,35,255286,254587]
[444,271,48387,47333]
[445,48,336910,338199]
[446,22,349975,350729]
[447,207,9867,9373]
[448,277,581647,580869]
[449,27,224213,222982]
[450,135,152897,151508]
[451,128,722855,723608]
[452,152,672813,673070]
[453,56,327463,328726]
[454,69,594239,593135]
[455,37,299331,298381]
[456,185,21701,20809]
[457,224,6782,6932]
[458,244,662328,662459]
[459,234,376285,377678]
[460,145,675130,674364]
[461,2,148174,149653]
[462,117,435729,434761]
[463,216,612451,613023]
[464,268,678181,678884]
[465,70,357991,358850]
[466,160,372778,373839]
[467,106,281088,281263]
[468,204,4543,4593]
[469,161,305388,305095]
[470,47,450689,450017]
[471,33,483602,483377]
[472,70,509977,511187]
[473,31,589315,588402]
[474,170,542864,543788]
[475,118,709135,710288]
[476,66,468523,469029]
[477,194,425164,426122]
[478,176,263656,264285]
[479,119,397987,396771]
[480,80,439256,440438]
[481,217,11714,10950]
[482,25,437347,436928]
[483,268,427661,428834]
[484,58,96693,98107]
[485,50,206157,207618]
[486,144,81992,82167]
[487,17,567365,566817]
[488,132,464004,464804]
[489,261,527861,526745]
[490,121,78015,77983]
[491,16,457532,458002]
[492,148,510800,510979]
[493,157,333487,333147]
[494,278,85142,85869]
[495,149,154165,153762]
[496,49,600748,600424]
[497,144,147408,148800]
[498,100,23438,24476]
[499,224,539043,540372]
[500,207,72209,71639]
[501,131,376523,375218]
[502,68,709095,709682]
[503,69,33184,31694]
[504,148,655791,655997]
[505,267,240896,240669]
[506,216,613219,613284]
[507,41,361589,360966]
[508,87,433728,433661]
[509,62,258674,259097]
[510,2,163623,165026]
[511,93,158020,157289]
[512,264,1680,2947]
[513,1,97534,97046]
[514,56,108760,109610]
[515,30,447880,449032]
[516,215,132997,132472]
[517,75,329316,327928]
[518,19,599715,598602]
[519,229,513871,512777]
[520,90,149091,149186]
[521,149,512468,512179]
[522,239,22339,21174]
[523,36,188540,189140]
[524,194,350304,351203]
[525,47,456197,455593]
[526,33,172423,172369]
[527,103,264457,263374]
[528,184,705236,706594]
[529,111,370990,369752]
[530,112,6128,6360]
[531,140,506373,507654]
[532,198,396539,397650]
[533,65,54424,53112]
[534,15,279364,277908]
[535,99,460202,459887]
[536,48,50365,51612]
[537,4,259154,260367]
[538,254,78513,78800]
[539,84,24872,26343]
[540,168,79772,79938]
[541,186,89786,90395]
[542,21,549042,548034]
[543,80,351628,352468]
[544,213,267496,266256]
[545,268,489078,489449]
[546,263,6871,6596]
[547,122,14483,15581]
[548,224,359901,360852]
[549,164,179924,180049]
[550,213,506824,505525]
