["head":"wrap","lpos","status"]
[132,403114,1]
["io count"]
[555]
["io":"id","wrap","startLpos","endLpos"]
[1,54,534233,535056]
[2,156,170759,170999]
[3,96,70147,70372]
[4,230,44992,45164]
[5,157,506205,504782]
[6,109,15321,13887]
[7,13,650508,649675]
[8,66,367665,369031]
[9,214,505159,505510]
[10,15,683266,681797]
[11,16,680701,682144]
[12,88,103740,103817]
[13,68,689011,690420]
[14,65,383157,381957]
[15,212,234111,234790]
[16,141,209253,207957]
[17,1,416170,415228]
[18,61,580697,580650]
[19,77,284800,284721]
[20,16,352383,352504]
[21,265,318875,317812]
[22,84,565301,566619]
[23,127,574622,573728]
[24,234,224384,225023]
[25,218,296837,296909]
[26,266,373058,373671]
[27,255,218662,218599]
[28,142,519443,520162]
[29,142,242854,244140]
[30,244,63853,65000]
[31,260,328837,330007]
[32,85,453343,453260]
[33,123,698136,696854]
[34,126,514268,514603]
[35,62,726093,727507]
[36,200,539266,540094]
[37,125,187229,186525]
[38,279,6533,5088]
[39,250,679752,680485]
[40,89,288290,287941]
[41,68,432771,433542]
[42,5,129660,129139]
[43,5,589658,588518]
[44,82,729753,730472]
[45,50,337473,337606]
[46,240,9109,9441]
[47,0,654613,656100]
[48,68,522953,524386]
[49,209,291746,290315]
[50,199,438409,437820]
[51,20,282200,282402]
[52,113,512897,511969]
[53,242,643416,644647]
[54,144,194600,195354]
[55,205,142495,141347]
[56,174,347640,348652]
[57,140,188472,189802]
[58,98,626384,627723]
[59,251,519909,519281]
[60,201,534878,533654]
[61,147,558569,557536]
[62,111,385135,384224]
[63,274,264755,265994]
[64,161,310549,309985]
[65,172,624104,624413]
[66,215,70261,69111]
[67,9,115239,113810]
[68,135,498336,496868]
[69,151,594076,592751]
[70,14,665980,666761]
[71,247,141975,141357]
[72,10,137747,137978]
[73,31,520710,520304]
[74,190,647943,648992]
[75,104,687221,688297]
[76,206,403736,404554]
[77,49,409758,409008]
[78,21,419072,418654]
[79,238,292306,292394]
[80,139,268561,267824]
[81,163,344295,344111]
[82,171,108424,108129]
[83,166,630972,631553]
[84,224,597477,597645]
[85,238,207405,207883]
[86,27,6960,6221]
[87,176,699918,700758]
[88,160,437113,437172]
[89,110,425141,426543]
[90,190,100248,100765]
[91,227,715011,714852]
[92,232,40131,40398]
[93,109,650118,648851]
[94,261,537908,537787]
[95,209,673754,673290]
[96,70,543359,544439]
[97,52,167575,168045]
[98,49,275549,274682]
[99,77,652703,651350]
[100,10,156375,156875]
[101,161,211526,210029]
[102,106,681421,682729]
[103,274,336984,337682]
[104,71,62242,61687]
[105,136,479036,480126]
[106,162,234977,235661]
[107,159,523687,522393]
[108,136,664943,665877]
[109,140,154701,155606]
[110,31,434492,433831]
[111,97,443049,442010]
[112,138,17985,19407]
[113,8,36813,37659]
[114,35,318982,318835]
[115,227,456299,454855]
[116,166,527023,528045]
[117,256,651734,653055]
[118,142,237371,238638]
[119,235,512648,511811]
[120,269,148503,147537]
[121,137,92876,92487]
[122,277,320922,319729]
[123,230,283221,284551]
[124,260,204884,205421]
[125,54,531259,531386]
[126,128,603915,604200]
[127,239,438784,438332]
[128,222,89141,89493]
[129,141,188124,187304]
[130,239,356209,355582]
[131,125,397041,395877]
[132,227,305997,304692]
[133,184,481011,481192]
[134,250,527642,528610]
[135,141,151208,150106]
[136,261,88760,87440]
[137,193,628031,626977]
[138,165,340948,339977]
[139,223,34251,33954]
[140,78,373036,374424]
[141,158,639379,639663]
[142,219,154439,153394]
[143,95,395887,394570]
[144,66,312707,313183]
[145,15,552147,551954]
[146,249,211557,211505]
[147,101,494960,493695]
[148,18,104884,105064]
[149,26,329072,330173]
[150,248,413674,414281]
[151,155,305244,304669]
[152,20,676215,676551]
[153,18,506139,507296]
[154,100,567012,567385]
[155,21,630003,628833]
[156,269,518292,518012]
[157,111,687961,686921]
[158,139,373750,373131]
[159,278,362435,363452]
[160,222,568824,569355]
[161,227,608204,607663]
[162,19,105024,104966]
[163,236,352471,353266]
[164,142,256156,256547]
[165,27,498322,497459]
[166,62,395137,396156]
[167,197,616581,615537]
[168,98,621169,621420]
[169,38,352048,353316]
[170,49,693585,692236]
[171,93,25269,25126]
[172,141,708875,708823]
[173,52,187835,188344]
[174,30,440752,441661]
[175,133,522909,521754]
[176,5,119228,117869]
[177,149,133184,132813]
[178,69,264440,263092]
[179,52,327401,328671]
[180,84,117821,118695]
[181,276,300541,301596]
[182,189,224443,223890]
[183,95,213375,213059]
[184,73,216981,215599]
[185,247,65288,64026]
[186,169,56729,56202]
[187,16,378048,378249]
[188,23,436882,435611]
[189,83,673751,672468]
[190,219,547525,547113]
[191,191,595415,594796]
[192,113,291766,290982]
[193,211,558964,558848]
[194,149,554584,553348]
[195,235,506992,506318]
[196,226,577983,578339]
[197,53,419795,418663]
[198,225,76755,76580]
[199,244,204323,204454]
[200,143,332999,332251]
[201,217,283710,283123]
[202,0,507843,508205]
[203,246,682086,682762]
[204,181,139439,139240]
[205,100,405571,405751]
[206,8,111443,112123]
[207,24,55828,56750]
[208,215,525681,524650]
[209,12,25280,26279]
[210,272,414525,415285]
[211,173,457542,456736]
[212,220,431162,432409]
[213,67,221158,219926]
[214,173,40110,39928]
[215,39,453632,452693]
[216,40,723253,724020]
[217,156,311489,311611]
[218,114,572951,573055]
[219,114,296404,296566]
[220,5,477459,477261]
[221,124,411478,412106]
[222,94,321933,322560]
[223,125,227925,226545]
[224,108,207026,207479]
[225,52,261595,262003]
[226,99,312881,311456]
[227,177,284133,283565]
[228,233,651360,651001]
[229,196,724858,725315]
[230,50,468091,468912]
[231,87,422624,422561]
[232,117,209143,208359]
[233,206,288813,288899]
[234,175,368616,367523]
[235,196,132404,132967]
[236,268,188926,189436]
[237,167,326280,325170]
[238,54,259519,260424]
[239,92,672547,673464]
[240,136,136496,137041]
[241,276,464178,465098]
[242,60,638100,639000]
[243,50,100683,101989]
[244,78,144761,145115]
[245,230,328039,328427]
[246,64,331946,333199]
[247,116,693787,694816]
[248,207,239431,239152]
[249,28,724597,725811]
[250,139,588969,587622]
[251,111,266608,266245]
[252,88,350502,351305]
[253,54,106125,106959]
[254,135,152912,152301]
[255,148,543280,543478]
[256,253,494187,492886]
[257,108,120911,122141]
[258,9,67117,65735]
[259,51,328547,327372]
[260,9,466901,465412]
[261,278,567557,567844]
[262,172,305719,306584]
[263,131,34079,33352]
[264,263,710907,710137]
[265,17,213766,212574]
[266,56,130805,131034]
[267,118,167380,168463]
[268,210,162000,163071]
[269,192,195698,195957]
[270,161,175973,174495]
[271,65,397811,396866]
[272,258,424157,424894]
[273,129,408805,407753]
[274,107,628040,626801]
[275,192,111092,112374]
[276,185,365071,364751]
[277,212,418879,419093]
[278,138,706505,706968]
[279,69,466561,465811]
[280,156,450971,451171]
[281,150,537672,538290]
[282,88,714792,715942]
[283,46,632626,633520]
[284,154,312863,314252]
[285,189,512961,512170]
[286,98,196143,196518]
[287,48,384237,385429]
[288,34,216798,218249]
[289,238,475678,476757]
[290,27,413780,413130]
[291,238,658578,659792]
[292,21,679799,679345]
[293,163,351428,349966]
[294,162,558621,559032]
[295,119,696716,696325]
[296,208,593756,594890]
[297,153,46289,45272]
[298,117,320316,320278]
[299,112,477716,479142]
[300,141,624943,624650]
[301,61,386364,385014]
[302,262,647526,647898]
[303,251,121553,121017]
[304,275,260564,259583]
[305,258,193943,194403]
[306,37,551872,550535]
[307,157,356812,355724]
[308,266,603401,604273]
[309,19,488969,488253]
[310,200,225501,226325]
[311,140,396487,397772]
[312,214,688197,688655]
[313,196,88209,88530]
[314,37,322970,322164]
[315,14,276936,277065]
[316,181,553999,553495]
[317,12,342064,343194]
[318,195,250246,250033]
[319,224,319877,320752]
[320,238,723654,723811]
[321,263,437286,436673]
[322,36,98075,98747]
[323,274,575310,575807]
[324,275,344977,344184]
[325,276,243847,244550]
[326,264,99368,99960]
[327,48,368213,368291]
[328,65,396049,395152]
[329,12,120809,121707]
[330,169,224687,224073]
[331,31,571764,571169]
[332,5,434655,433918]
[333,140,318115,319564]
[334,222,596071,597045]
[335,135,80704,79646]
[336,261,300191,300031]
[337,150,104293,104745]
[338,99,545993,545700]
[339,268,534515,535838]
[340,257,40431,40326]
[341,167,581978,580768]
[342,219,639614,638367]
[343,56,601534,602988]
[344,116,445068,445336]
[345,182,200126,201552]
[346,122,141653,141942]
[347,51,607683,607598]
[348,132,176341,177137]
[349,244,298976,299655]
[350,102,221624,222920]
[351,263,615775,614943]
[352,61,652249,651154]
[353,54,151460,152598]
[354,254,172316,172862]
[355,112,443139,444042]
[356,62,99569,99747]
[357,171,189247,188292]
[358,20,83923,85127]
[359,273,306052,304561]
[360,224,710184,710777]
[361,203,39995,38684]
[362,10,356916,358414]
[363,145,397067,395638]
[364,66,296759,297165]
[365,80,233339,233744]
[366,46,153423,154922]
[367,91,307362,306329]
[368,34,52914,52957]
[369,4,547100,548252]
[370,171,650300,648807]
[371,93,368159,367592]
[372,189,707745,706439]
[373,36,602863,604001]
[374,108,183975,184726]
[375,3,537974,537573]
[376,265,565594,565206]
[377,134,649840,650710]
[378,243,371533,370754]
[379,141,2437,2167]
[380,132,687042,687280]
[381,90,13031,13622]
[382,234,613152,614069]
[383,107,666770,665730]
[384,21,642428,641749]
[385,204,387959,389236]
[386,141,411974,411022]
[387,80,448377,448896]
[388,258,214806,215328]
[389,221,447054,445566]
[390,178,482737,483627]
[391,143,684031,683102]
[392,264,78493,78581]
[393,158,466064,466156]
[394,124,567063,568246]
[395,60,389840,390707]
[396,25,429466,428060]
[397,158,479739,480209]
[398,197,590841,589408]
[399,55,129206,128703]
[400,111,186665,186185]
[401,213,159784,158306]
[402,71,384766,384086]
[403,58,448361,449492]
[404,37,571239,571140]
[405,157,369493,368723]
[406,212,644300,644394]
[407,94,596303,597562]
[408,55,291788,290951]
[409,150,621591,622385]
[410,257,272650,272265]
[411,202,492358,492914]
[412,101,313776,313659]
[413,137,481710,480248]
[414,184,346732,347551]
[415,223,401706,400488]
[416,191,704753,704546]
[417,23,606611,605146]
[418,25,565565,565434]
[419,41,358219,357936]
[420,116,526610,527587]
[421,137,487624,487053]
[422,163,169397,168819]
[423,155,406403,405500]
[424,246,424926,425397]
[425,49,581838,581237]
[426,154,165719,165921]
[427,6,674379,675871]
[428,50,361180,362320]
[429,39,201149,199996]
[430,87,475319,474713]
[431,229,534035,533623]
[432,170,574355,575160]
[433,91,447683,446264]
[434,231,702155,701392]
[435,66,273556,274997]
[436,246,663071,663335]
[437,8,273963,275393]
[438,135,228236,227884]
[439,254,247949,248271]
[440,248,711888,712960]
[441,167,106852,105950]
[442,214,72084,73562]
[443,137,71700,70258]
[444,216,25117,26197]
[445,271,551063,549931]
[446,222,99528,100682]
[447,5,576441,575490]
[448,50,152028,153462]
[449,178,323117,323702]
[450,258,99278,99557]
[451,82,262138,262596]
[452,152,637686,638002]
[453,64,159253,160686]
[454,183,276248,275055]
[455,18,260794,261801]
[456,41,237840,237758]
[457,73,255038,253832]
[458,278,257049,257235]
[459,253,21308,20301]
[460,3,1151,231]
[461,239,481204,480695]
[462,26,336230,337019]
[463,191,91127,90140]
[464,195,178253,176864]
[465,32,642918,643339]
[466,170,397951,399332]
[467,277,710233,708822]
[468,252,94840,95050]
[469,123,650652,650249]
[470,209,54730,53748]
[471,276,439718,440958]
[472,75,344252,343907]
[473,35,246788,246495]
[474,150,311404,311940]
[475,27,157147,155713]
[476,134,71450,72187]
[477,139,291208,291128]
[478,35,246297,245748]
[479,112,452949,453814]
[480,201,1292,334]
[481,207,359594,358418]
[482,272,55335,55967]
[483,231,448547,448064]
[484,83,29690,28769]
[485,77,161530,160700]
[486,232,363139,364328]
[487,123,525813,525779]
[488,1,557312,555967]
[489,20,235811,235963]
[490,275,299819,298524]
[491,257,355601,354120]
[492,52,39868,40643]
[493,146,188603,189344]
[494,160,402392,403644]
[495,86,680962,681189]
[496,192,379237,379349]
[497,129,482228,481388]
[498,101,205952,205040]
[499,122,621722,623122]
[500,67,450772,449595]
[501,230,530735,532164]
[502,269,81705,80487]
[503,6,10299,11432]
[504,220,87557,87970]
[505,207,576508,575086]
[506,139,379489,379053]
[507,173,294619,294037]
[508,25,506037,505076]
[509,21,579444,578962]
[510,70,542858,544155]
[511,4,190361,190541]
[512,129,634399,634328]
[513,88,24832,24926]
[514,159,387114,386446]
[515,243,330175,329607]
[516,58,673342,674720]
[517,84,210414,211387]
[518,67,313259,312386]
[519,204,92165,92959]
[520,207,512014,511495]
[521,266,716472,717012]
[522,12,683936,684884]
[523,204,173404,174848]
[524,152,359365,359818]
[525,2,476255,476731]
[526,214,174036,174432]
[527,155,495991,494576]
[528,251,575505,575212]
[529,171,34612,34392]
[530,209,67557,66608]
[531,111,380870,380118]
[532,238,379390,380590]
[533,165,179626,178757]
[534,272,98339,98418]
[535,267,300577,300065]
[536,137,247982,247257]
[537,227,564038,563422]
[538,78,697388,698668]
[539,169,105807,104626]
[540,61,682113,681191]
[541,273,41106,39734]
[542,128,316666,316933]
[543,87,639027,638972]
[544,265,110516,109590]
[545,86,645342,646603]
[546,228,547815,549167]
[547,13,633078,631825]
[548,269,255685,255384]
[549,134,85180,86618]
[550,194,143048,143901]
[551,187,710502,709019]
[552,220,245697,246530]
[553,51,382129,381022]
[554,50,581136,581659]
[555,104,77728,79026]
