["head":"wrap","lpos","status"]
[250,149896,0]
["io count"]
[560]
["io":"id","wrap","startLpos","endLpos"]
[1,102,202635,203620]
[2,200,328647,330104]
[3,207,79448,79098]
[4,117,352089,351016]
[5,52,544211,544556]
[6,232,300215,300839]
[7,134,594150,594585]
[8,28,642390,643413]
[9,14,700164,700359]
[10,114,586573,587084]
[11,145,684727,684313]
[12,28,437876,439023]
[13,249,647949,647488]
[14,87,431491,430001]
[15,106,496438,496623]
[16,246,501500,502253]
[17,72,449752,450784]
[18,188,560455,561784]
[19,89,705700,704987]
[20,223,367900,367090]
[21,165,417691,417426]
[22,101,724335,724130]
[23,230,401041,401931]
[24,42,347999,348386]
[25,87,199669,198242]
[26,152,31749,33226]
[27,61,646727,645252]
[28,16,165011,166181]
[29,200,724093,724555]
[30,268,230812,231614]
[31,27,424662,424510]
[32,118,639764,640921]
[33,111,186910,186590]
[34,82,506803,507339]
[35,151,275057,274355]
[36,237,4988,4602]
[37,138,514027,514669]
[38,18,328896,329028]
[39,65,41820,40552]
[40,74,361563,363008]
[41,183,259513,259367]
[42,7,200472,200213]
[43,129,464558,463969]
[44,215,610654,610352]
[45,116,95700,96228]
[46,279,114432,113272]
[47,128,428105,428468]
[48,84,659202,659863]
[49,115,411979,410918]
[50,158,66205,66973]
[51,8,63146,64128]
[52,133,649638,648304]
[53,31,554315,553850]
[54,37,679659,678747]
[55,123,480224,479024]
[56,71,256473,256085]
[57,52,246233,247466]
[58,17,678736,678162]
[59,168,370220,370604]
[60,244,114297,115087]
[61,134,17684,18365]
[62,213,220830,220398]
[63,254,351565,351918]
[64,247,472890,472677]
[65,123,323037,322948]
[66,166,450874,451802]
[67,117,254905,254870]
[68,43,552252,551372]
[69,130,165877,166117]
[70,263,507432,507283]
[71,3,662309,661927]
[72,232,252712,253364]
[73,20,295170,296560]
[74,273,197468,195993]
[75,133,449649,449100]
[76,65,358568,357221]
[77,116,178896,178979]
[78,43,202672,201794]
[79,29,394132,393059]
[80,132,201739,202528]
[81,148,134607,135232]
[82,117,111458,110962]
[83,224,477757,478908]
[84,40,716616,717914]
[85,177,359773,358390]
[86,273,383010,382297]
[87,120,561026,561733]
[88,50,127784,128288]
[89,53,606097,606018]
[90,193,415145,414786]
[91,189,171196,170226]
[92,236,646602,647717]
[93,101,14190,13957]
[94,18,356452,357555]
[95,176,21217,22708]
[96,277,500266,499852]
[97,241,61623,60278]
[98,201,90223,88976]
[99,225,596161,595923]
[100,27,283128,282719]
[101,124,543362,544219]
[102,191,459289,458613]
[103,168,58877,59420]
[104,238,386831,387432]
[105,150,56806,57409]
[106,269,52310,51923]
[107,92,649613,650485]
[108,81,670732,670158]
[109,60,617729,618110]
[110,96,640244,641569]
[111,28,339869,341143]
[112,248,632915,633341]
[113,114,427893,428590]
[114,206,550745,552115]
[115,245,160984,160684]
[116,138,308402,309836]
[117,178,274894,276345]
[118,77,30954,30581]
[119,188,11617,12084]
[120,35,447800,447079]
[121,33,74447,73968]
[122,136,640325,640708]
[123,72,623541,623663]
[124,221,388892,387586]
[125,42,424410,425330]
[126,250,54111,54253]
[127,35,631368,630695]
[128,16,263453,263980]
[129,65,40566,39941]
[130,6,42000,43191]
[131,147,442260,441367]
[132,48,670245,671278]
[133,85,96893,95441]
[134,191,714766,714000]
[135,7,316689,315263]
[136,232,186418,187512]
[137,73,712327,711477]
[138,266,533524,533821]
[139,210,581744,582416]
[140,69,441941,440878]
[141,162,537567,538062]
[142,153,98511,97858]
[143,65,586299,585287]
[144,21,305325,304860]
[145,232,400791,401418]
[146,101,171211,170238]
[147,163,34001,33865]
[148,158,51482,52472]
[149,83,54431,54025]
[150,210,624045,624724]
[151,23,348259,347748]
[152,168,434320,434568]
[153,144,296650,298033]
[154,120,364885,365032]
[155,200,453387,454518]
[156,208,688108,689560]
[157,219,9683,9407]
[158,118,422259,422424]
[159,266,272750,274232]
[160,142,332236,333057]
[161,267,538198,537134]
[162,42,277199,278002]
[163,24,214015,215129]
[164,39,279191,278647]
[165,17,413733,412534]
[166,155,331804,331508]
[167,202,492038,492443]
[168,141,204924,204397]
[169,227,405870,404586]
[170,19,235797,234660]
[171,73,458397,456975]
[172,101,310845,310645]
[173,164,130585,131035]
[174,254,635170,635468]
[175,189,67831,67351]
[176,132,285027,286345]
[177,163,422504,422365]
[178,60,107239,107311]
[179,72,12169,12916]
[180,69,592475,591267]
[181,4,206271,206632]
[182,2,299668,301049]
[183,162,442402,443713]
[184,107,102172,101822]
[185,80,14131,15223]
[186,102,41689,42087]
[187,262,698842,700014]
[188,258,185837,186833]
[189,270,21207,21507]
[190,31,720293,719140]
[191,14,4710,4991]
[192,278,702675,703297]
[193,161,435643,434288]
[194,188,212724,213970]
[195,34,411106,411238]
[196,34,671560,672895]
[197,50,720834,721983]
[198,106,286459,287828]
[199,118,446170,447146]
[200,2,45399,45814]
[201,65,54299,52976]
[202,139,62979,62053]
[203,252,78768,78981]
[204,44,569544,569971]
[205,259,446599,445135]
[206,33,571362,569984]
[207,71,329664,328240]
[208,183,532741,531577]
[209,115,621422,620070]
[210,23,57447,57027]
[211,66,98407,99305]
[212,200,485766,487170]
[213,9,155422,154083]
[214,177,152145,151648]
[215,239,455651,454345]
[216,59,66440,65943]
[217,119,297255,296268]
[218,38,495815,496428]
[219,166,360441,360645]
[220,45,670234,669142]
[221,97,596519,596476]
[222,125,610828,610748]
[223,268,151383,152265]
[224,40,726841,727969]
[225,189,679042,678868]
[226,91,513809,512552]
[227,126,470631,471960]
[228,195,354343,354117]
[229,225,712472,711428]
[230,43,10868,9765]
[231,124,199031,200153]
[232,37,459455,458620]
[233,67,549045,548521]
[234,144,163044,163084]
[235,82,231495,232855]
[236,66,400503,401401]
[237,177,248554,247956]
[238,108,371929,372349]
[239,212,599266,600557]
[240,194,304054,304832]
[241,28,416836,417860]
[242,127,588176,587701]
[243,127,451540,450166]
[244,203,421641,420682]
[245,186,449922,450558]
[246,132,87861,87977]
[247,6,18047,18457]
[248,257,92078,91543]
[249,79,451231,450256]
[250,245,163963,163032]
[251,208,226992,227801]
[252,208,560791,562181]
[253,246,178887,180102]
[254,75,85167,84048]
[255,92,438783,438924]
[256,138,695017,695618]
[257,161,219782,218620]
[258,156,349661,349770]
[259,272,74512,75168]
[260,163,199594,198533]
[261,12,453993,454437]
[262,61,877,432]
[263,244,260001,260044]
[264,68,39987,40782]
[265,137,109320,108541]
[266,43,1818,631]
[267,74,245139,246083]
[268,239,4686,3483]
[269,208,432134,433167]
[270,47,432753,432130]
[271,169,446733,445960]
[272,72,474262,474600]
[273,245,213734,213421]
[274,25,305017,304534]
[275,238,598024,599290]
[276,56,475652,476911]
[277,59,435711,435489]
[278,274,566345,567185]
[279,205,564281,564249]
[280,256,139755,140304]
[281,251,713564,712986]
[282,89,602229,601557]
[283,269,668769,668407]
[284,32,664914,666194]
[285,61,127341,126055]
[286,38,500286,500823]
[287,96,652251,652558]
[288,236,330795,331886]
[289,230,24010,25068]
[290,233,25653,25027]
[291,90,560009,560201]
[292,114,381925,382739]
[293,2,83529,84045]
[294,91,327620,326807]
[295,25,371859,371229]
[296,163,485796,485311]
[297,195,339895,338781]
[298,251,664508,664437]
[299,219,726235,725340]
[300,203,333564,332452]
[301,152,79299,80376]
[302,184,455077,455134]
[303,14,68011,69190]
[304,188,495121,495705]
[305,190,691179,691976]
[306,251,264367,263725]
[307,209,600276,599268]
[308,246,673677,675151]
[309,69,609896,609549]
[310,197,324417,323444]
[311,95,344907,343931]
[312,115,264844,264703]
[313,50,19143,19293]
[314,244,332882,333487]
[315,180,78187,78877]
[316,1,659535,658131]
[317,145,366754,366657]
[318,2,604808,605775]
[319,117,572371,571590]
[320,245,477897,476698]
[321,194,138697,139324]
[322,109,223235,221920]
[323,93,485035,484286]
[324,87,660055,659999]
[325,9,262549,261823]
[326,276,63135,64152]
[327,192,374427,374743]
[328,240,615702,616058]
[329,44,425872,427259]
[330,276,314098,314507]
[331,88,513590,513979]
[332,160,254278,255117]
[333,83,257762,256265]
[334,216,674360,675714]
[335,87,363581,362178]
[336,126,349158,349509]
[337,14,378870,380309]
[338,258,362847,363806]
[339,64,181423,182207]
[340,26,281620,283061]
[341,52,375999,376404]
[342,205,518561,517630]
[343,209,211939,210749]
[344,111,694577,694402]
[345,204,177143,177841]
[346,140,311604,311727]
[347,70,643169,644034]
[348,214,195021,196439]
[349,214,717631,717728]
[350,106,621433,622435]
[351,133,215892,214865]
[352,31,67200,66441]
[353,52,631924,632639]
[354,2,618114,618957]
[355,87,644081,643122]
[356,2,564426,565641]
[357,160,284871,285516]
[358,111,606911,606573]
[359,45,97524,97002]
[360,165,345944,344953]
[361,204,701297,702530]
[362,61,615444,614490]
[363,63,549841,549035]
[364,142,621390,621500]
[365,148,366612,367395]
[366,27,23740,23049]
[367,237,255436,255235]
[368,6,505698,506297]
[369,41,489666,488665]
[370,257,361863,361413]
[371,114,648283,648972]
[372,65,514464,513862]
[373,55,415282,414701]
[374,61,152147,151371]
[375,174,120569,121831]
[376,262,454140,454473]
[377,65,6694,6578]
[378,90,566943,568440]
[379,277,345467,344823]
[380,75,475431,474085]
[381,16,675040,675956]
[382,18,505000,505586]
[383,138,487019,488344]
[384,10,312445,313776]
[385,91,314572,313255]
[386,50,597116,597477]
[387,46,508837,509386]
[388,277,405912,404515]
[389,205,207347,206799]
[390,41,597058,596373]
[391,256,723250,723888]
[392,93,386507,386000]
[393,40,607425,608079]
[394,114,535282,536770]
[395,267,477816,476491]
[396,223,385506,384298]
[397,59,546644,545919]
[398,95,458024,457533]
[399,278,37304,37854]
[400,273,474186,473908]
[401,66,106237,106778]
[402,200,634647,635776]
[403,26,214203,215026]
[404,258,93116,93918]
[405,210,71798,71838]
[406,8,117146,118366]
[407,14,639851,640448]
[408,108,592577,593006]
[409,115,237656,236619]
[410,257,278220,276935]
[411,87,575368,574916]
[412,17,475696,474685]
[413,122,578731,579486]
[414,139,540550,539702]
[415,20,153457,154538]
[416,33,233956,232905]
[417,116,126214,127113]
[418,202,283981,285302]
[419,161,168425,167924]
[420,133,657185,656434]
[421,213,41973,41857]
[422,58,726852,728306]
[423,128,467973,468455]
[424,82,284022,285150]
[425,157,59823,59128]
[426,207,271706,270831]
[427,36,111743,112444]
[428,67,612048,611983]
[429,159,49221,48515]
[430,234,556839,557669]
[431,184,565026,566340]
[432,23,712096,711389]
[433,141,104598,103103]
[434,29,76982,76519]
[435,268,518500,518746]
[436,135,169707,169659]
[437,157,249921,248913]
[438,239,626713,626576]
[439,96,469083,470201]
[440,67,608699,608327]
[441,272,152010,152097]
[442,115,471104,470147]
[443,146,55935,56331]
[444,222,689657,690439]
[445,264,421098,422590]
[446,14,620638,621032]
[447,253,54625,53148]
[448,145,692367,691543]
[449,158,431768,433235]
[450,208,44761,45838]
[451,168,417963,418096]
[452,158,280227,281032]
[453,126,531333,532281]
[454,72,651466,651907]
[455,22,477627,478390]
[456,30,193635,194594]
[457,212,319806,321100]
[458,250,306656,306819]
[459,125,470539,469748]
[460,24,255893,256056]
[461,100,312002,312253]
[462,23,159473,158920]
[463,220,1403,2217]
[464,103,549662,548483]
[465,87,571103,570731]
[466,201,321639,320583]
[467,229,201498,200682]
[468,265,673956,672826]
[469,204,320487,321846]
[470,187,131064,129848]
[471,24,631078,631774]
[472,22,623423,624234]
[473,91,410644,410263]
[474,178,511008,511243]
[475,167,553599,553397]
[476,228,24497,25181]
[477,80,616409,616586]
[478,248,61664,62268]
[479,102,261483,262712]
[480,277,428680,427717]
[481,92,516132,517523]
[482,59,292468,291218]
[483,127,471533,470643]
[484,269,125792,124908]
[485,243,280428,279308]
[486,1,464959,464807]
[487,72,659990,660977]
[488,118,190984,191880]
[489,165,611486,609994]
[490,154,513533,514294]
[491,256,341871,343027]
[492,151,665467,664043]
[493,38,388863,389172]
[494,218,483559,484889]
[495,103,429364,429053]
[496,267,219257,218593]
[497,139,119789,119548]
[498,197,91599,90342]
[499,27,682759,681609]
[500,152,224892,225405]
[501,151,286275,285831]
[502,21,127762,126510]
[503,130,430262,431547]
[504,193,672653,671209]
[505,176,369366,369648]
[506,214,408076,408131]
[507,15,623179,622134]
[508,213,650137,649419]
[509,34,447394,448113]
[510,106,203889,205153]
[511,171,118326,117620]
[512,264,533405,533849]
[513,182,496294,497657]
[514,62,75376,76183]
[515,200,570483,571355]
[516,18,486951,488405]
[517,183,521016,520788]
[518,145,351901,350858]
[519,256,287175,287847]
[520,183,381463,380991]
[521,17,162174,162075]
[522,148,141618,141654]
[523,126,137573,138475]
[524,79,528745,528361]
[525,233,79479,78043]
[526,144,187003,187033]
[527,218,290121,290518]
[528,244,420762,420849]
[529,146,603765,604345]
[530,134,609581,610128]
[531,38,23046,23902]
[532,99,619298,618743]
[533,66,398439,399449]
[534,269,619003,618457]
[535,2,222859,222954]
[536,132,670156,670784]
[537,13,684656,683291]
[538,20,284117,285095]
[539,189,450729,450198]
[540,197,332061,331453]
[541,15,327422,327054]
[542,31,708058,706636]
[543,133,52200,50778]
[544,96,634579,635802]
[545,266,221518,222609]
[546,32,708821,710201]
[547,75,430931,429616]
[548,228,604224,605511]
[549,137,232018,231897]
[550,8,79202,79586]
[551,255,642681,641382]
[552,205,138692,137348]
[553,72,258804,259333]
[554,231,598360,597355]
[555,0,560749,561616]
[556,28,10863,12037]
[557,29,522799,522158]
[558,276,109960,110795]
[559,69,461792,460318]
[560,219,502024,501530]
