["head":"wrap","lpos","status"]
[204,266206,1]
["io count"]
[565]
["io":"id","wrap","startLpos","endLpos"]
[1,70,459778,460301]
[2,123,711839,711481]
[3,127,329758,328281]
[4,188,120420,120560]
[5,40,430742,430774]
[6,203,271020,270336]
[7,181,564051,563591]
[8,192,285974,286095]
[9,164,245156,245588]
[10,245,583977,583043]
[11,116,317648,318291]
[12,157,116699,116393]
[13,30,78033,78627]
[14,263,298881,297784]
[15,215,52272,52134]
[16,90,360397,361389]
[17,160,8824,9281]
[18,132,200606,200770]
[19,267,417872,417457]
[20,142,384945,386435]
[21,173,5813,4808]
[22,46,79863,80358]
[23,178,602131,602850]
[24,31,481149,480388]
[25,163,44131,43646]
[26,240,195022,195175]
[27,88,139638,140891]
[28,157,305726,305665]
[29,51,512241,511353]
[30,47,82050,80629]
[31,242,683723,683948]
[32,155,203225,202916]
[33,157,61141,59718]
[34,243,690957,690030]
[35,219,354856,354772]
[36,265,411636,410609]
[37,227,496680,496144]
[38,5,167982,167003]
[39,207,488474,487495]
[40,279,683963,683068]
[41,259,187610,187482]
[42,96,177922,178649]
[43,100,351727,351893]
[44,126,390741,391811]
[45,54,606252,607594]
[46,189,227374,226530]
[47,156,332825,333324]
[48,83,699433,699311]
[49,170,180008,180599]
[50,130,421505,422576]
[51,263,207577,206386]
[52,109,35074,33915]
[53,230,268312,268588]
[54,267,317811,316558]
[55,58,94401,95499]
[56,257,108841,107475]
[57,104,416033,416873]
[58,90,724251,725297]
[59,275,182060,180929]
[60,195,345694,345420]
[61,19,427402,427070]
[62,80,80118,81328]
[63,225,205019,204075]
[64,88,687605,688250]
[65,46,105381,106059]
[66,269,652334,651078]
[67,48,467804,468913]
[68,54,64285,65384]
[69,67,633762,633053]
[70,162,519276,520378]
[71,76,89442,90823]
[72,28,192398,193593]
[73,148,206183,206259]
[74,122,113007,114374]
[75,167,335533,334944]
[76,104,59820,60211]
[77,12,578917,579524]
[78,72,5501,6956]
[79,270,339292,339868]
[80,153,135423,134220]
[81,161,5278,4180]
[82,161,612096,610934]
[83,27,281194,280543]
[84,217,241181,241039]
[85,130,173306,174049]
[86,209,577065,576725]
[87,179,96325,95972]
[88,91,147894,147529]
[89,121,645819,644897]
[90,2,261717,262080]
[91,179,295659,294936]
[92,152,302863,303172]
[93,8,453484,454756]
[94,74,49909,51012]
[95,17,309264,308020]
[96,252,543868,544778]
[97,123,261926,260658]
[98,175,151939,150545]
[99,83,308624,307306]
[100,35,406260,405566]
[101,47,230769,229734]
[102,62,272751,274023]
[103,104,394043,394596]
[104,27,721909,721331]
[105,107,556142,555587]
[106,268,144180,144388]
[107,227,347709,346947]
[108,59,550827,550146]
[109,229,120974,120550]
[110,137,249650,248497]
[111,21,417675,416972]
[112,237,498998,498701]
[113,50,321937,322558]
[114,81,529830,528972]
[115,78,651885,652898]
[116,1,395833,395153]
[117,257,415941,415158]
[118,225,96883,95858]
[119,260,200504,201936]
[120,210,119868,120843]
[121,192,393490,394049]
[122,63,686677,686023]
[123,25,709543,709206]
[124,215,721802,720841]
[125,97,105606,104203]
[126,256,473084,474582]
[127,228,668911,669574]
[128,169,74000,73429]
[129,54,447402,448447]
[130,47,102926,101706]
[131,251,249220,248832]
[132,127,100574,100370]
[133,113,92073,91848]
[134,230,15095,15170]
[135,1,272249,272149]
[136,66,351047,352295]
[137,103,165084,163969]
[138,33,377359,376241]
[139,169,647264,646254]
[140,237,624664,623397]
[141,205,190822,189547]
[142,205,238832,237471]
[143,92,369522,370264]
[144,198,127273,128706]
[145,13,302354,300963]
[146,23,43763,43086]
[147,51,486390,485796]
[148,247,679804,678507]
[149,184,194229,195662]
[150,65,255996,255183]
[151,56,341659,341794]
[152,23,328893,328182]
[153,119,520798,519348]
[154,83,657678,656775]
[155,236,539580,540023]
[156,245,128641,127271]
[157,66,101887,102248]
[158,252,229423,229487]
[159,167,442049,440691]
[160,152,552409,553217]
[161,124,36270,37317]
[162,213,712781,712087]
[163,41,282136,280798]
[164,188,379303,380251]
[165,216,155008,155455]
[166,81,163471,162594]
[167,228,522471,523903]
[168,223,107958,107752]
[169,121,264711,263557]
[170,63,242414,241901]
[171,58,231506,232267]
[172,82,169009,169561]
[173,144,300027,300894]
[174,188,326108,327320]
[175,39,237472,237182]
[176,151,119709,119597]
[177,97,457241,456087]
[178,231,251429,250033]
[179,147,377777,376315]
[180,141,195117,194126]
[181,98,162507,163603]
[182,264,717666,719002]
[183,205,217468,216006]
[184,191,63275,62616]
[185,210,533719,533827]
[186,184,691438,692407]
[187,127,592188,591147]
[188,137,425193,424475]
[189,212,208990,209733]
[190,78,622953,623220]
[191,259,591378,590203]
[192,30,607812,607901]
[193,36,359598,360985]
[194,59,173896,173298]
[195,154,88635,89359]
[196,167,592763,591904]
[197,50,220057,221238]
[198,117,397501,397208]
[199,57,163819,163662]
[200,151,94676,93250]
[201,94,255533,256563]
[202,84,375055,375626]
[203,226,28818,29850]
[204,2,370535,370622]
[205,163,682642,681949]
[206,40,617466,618637]
[207,215,697115,696823]
[208,90,165748,166781]
[209,98,45369,45412]
[210,276,346545,347069]
[211,177,23122,22446]
[212,80,250369,250938]
[213,3,425542,424340]
[214,233,421999,421883]
[215,103,102667,101202]
[216,203,130169,128973]
[217,278,278844,279569]
[218,60,349745,351180]
[219,276,570116,570797]
[220,144,369825,370137]
[221,156,296736,298179]
[222,224,353466,353619]
[223,85,535860,535510]
[224,223,473625,473396]
[225,85,616192,615553]
[226,151,142598,142550]
[227,250,618516,619026]
[228,279,502569,502222]
[229,215,414749,414666]
[230,196,186091,186457]
[231,191,220200,219890]
[232,219,99920,99426]
[233,26,147567,148941]
[234,279,363738,363127]
[235,239,666635,665679]
[236,24,159158,160149]
[237,74,626829,627475]
[238,28,416033,417303]
[239,96,317063,318491]
[240,256,77681,78826]
[241,20,707527,707822]
[242,231,322542,321149]
[243,62,248548,249223]
[244,12,623636,623742]
[245,11,464292,463542]
[246,103,594958,594708]
[247,160,129410,130721]
[248,210,128208,128537]
[249,124,513718,514181]
[250,128,634405,635870]
[251,208,54186,54929]
[252,23,219977,219414]
[253,183,509507,509377]
[254,162,593744,594157]
[255,208,572012,572644]
[256,86,367306,368437]
[257,209,664385,664274]
[258,101,48810,48050]
[259,153,253731,253611]
[260,166,511918,512786]
[261,181,726290,725316]
[262,269,70759,70097]
[263,45,60274,59781]
[264,220,118309,118767]
[265,13,234107,233589]
[266,243,558665,557656]
[267,119,99864,98917]
[268,245,188877,188658]
[269,45,491607,490519]
[270,41,676342,675125]
[271,8,487432,487892]
[272,184,721114,721704]
[273,76,661727,662646]
[274,42,97647,97897]
[275,194,333427,333472]
[276,45,116717,116423]
[277,273,410584,409352]
[278,24,129275,129418]
[279,75,360604,360338]
[280,101,559752,559672]
[281,95,13342,13239]
[282,49,225938,225661]
[283,50,378455,378849]
[284,262,168486,169510]
[285,51,93072,93015]
[286,275,700075,698818]
[287,75,210923,210488]
[288,125,256020,255923]
[289,147,160953,159541]
[290,48,353481,353689]
[291,107,163644,162985]
[292,120,57042,57343]
[293,6,77798,78364]
[294,28,681713,682920]
[295,219,674381,673619]
[296,212,703417,704511]
[297,279,599827,599531]
[298,183,292541,291535]
[299,168,50535,51099]
[300,0,408552,408951]
[301,60,277054,277242]
[302,164,610687,612022]
[303,231,232243,231454]
[304,52,591769,592946]
[305,30,621624,622542]
[306,199,251655,250557]
[307,136,111669,111958]
[308,185,300617,299967]
[309,184,167446,167830]
[310,47,53534,52687]
[311,67,668933,667490]
[312,225,690445,689279]
[313,59,177347,176901]
[314,156,111707,112921]
[315,14,607750,608652]
[316,202,559082,559315]
[317,211,238739,237577]
[318,158,540988,542011]
[319,111,529497,528121]
[320,44,584862,585605]
[321,81,222330,220970]
[322,107,123787,123280]
[323,24,681279,682777]
[324,87,694524,694071]
[325,189,546431,545232]
[326,80,123451,124165]
[327,24,177287,177611]
[328,254,73155,73786]
[329,161,126318,124971]
[330,16,283739,285094]
[331,115,482263,481264]
[332,129,168773,168238]
[333,60,720208,721681]
[334,50,9153,10510]
[335,214,157807,159108]
[336,66,61197,62220]
[337,11,210435,210028]
[338,209,76816,76181]
[339,49,584777,583913]
[340,182,584011,584855]
[341,86,432477,433967]
[342,261,378618,377855]
[343,56,122666,123052]
[344,89,502651,501365]
[345,154,407434,408721]
[346,220,710270,711084]
[347,55,59409,57929]
[348,102,113247,114004]
[349,226,502103,503390]
[350,47,469951,468645]
[351,26,502428,503530]
[352,57,404254,403064]
[353,99,615442,614054]
[354,194,710822,711465]
[355,222,320923,320958]
[356,102,678804,679952]
[357,88,506286,507584]
[358,142,594642,595421]
[359,112,384587,386053]
[360,125,363083,361984]
[361,14,391496,392326]
[362,228,567240,567764]
[363,141,158880,158320]
[364,53,205649,204281]
[365,145,270322,269738]
[366,219,618700,617418]
[367,248,445952,446847]
[368,56,551157,551498]
[369,55,498262,497865]
[370,123,45464,44341]
[371,53,489256,488167]
[372,226,268900,269187]
[373,146,634781,635997]
[374,70,597430,598399]
[375,70,384096,384866]
[376,121,277687,276722]
[377,133,684548,684433]
[378,125,540509,539971]
[379,193,162202,161445]
[380,31,340875,340418]
[381,237,558961,557704]
[382,56,87675,88388]
[383,182,670844,671247]
[384,32,203846,204493]
[385,100,701411,702828]
[386,236,183522,183703]
[387,272,527045,528021]
[388,103,155920,155159]
[389,58,472544,473047]
[390,222,299251,299351]
[391,218,314125,315435]
[392,1,100026,98759]
[393,245,175121,175033]
[394,275,84141,82707]
[395,18,210155,210213]
[396,274,598421,599020]
[397,27,169969,168884]
[398,117,352713,352018]
[399,211,167523,166882]
[400,198,224142,225278]
[401,74,57094,58185]
[402,128,376073,376590]
[403,177,460598,459572]
[404,209,80970,79936]
[405,232,98053,99432]
[406,35,369810,368545]
[407,146,147334,147987]
[408,18,37175,38531]
[409,64,8228,8677]
[410,32,396164,397275]
[411,137,326811,326424]
[412,173,8851,7601]
[413,83,375077,374740]
[414,249,451388,450321]
[415,168,473049,474481]
[416,260,93425,93689]
[417,178,70799,72072]
[418,191,277694,277194]
[419,101,440931,439540]
[420,229,165639,164949]
[421,140,463044,463250]
[422,240,708988,709651]
[423,43,393369,392265]
[424,172,213694,214099]
[425,270,189465,189731]
[426,115,677931,677270]
[427,123,578200,577481]
[428,14,337743,338185]
[429,69,217809,217536]
[430,34,360239,360967]
[431,8,63380,63887]
[432,171,387791,386331]
[433,218,235094,235582]
[434,27,503810,502863]
[435,262,262126,262870]
[436,16,446499,447693]
[437,223,283503,282935]
[438,192,518658,519324]
[439,161,85963,84914]
[440,14,403813,405283]
[441,269,630102,628882]
[442,239,476682,476351]
[443,250,558774,559931]
[444,278,178654,179718]
[445,35,722817,721339]
[446,206,98639,98778]
[447,158,139409,140064]
[448,237,106999,106437]
[449,158,526412,526443]
[450,262,265711,265854]
[451,89,261553,261427]
[452,83,585889,585241]
[453,225,606662,605851]
[454,66,345319,345633]
[455,221,323066,322023]
[456,31,219594,218371]
[457,21,507710,506213]
[458,264,230600,230748]
[459,138,335829,335898]
[460,83,513128,512068]
[461,63,471592,471496]
[462,184,675201,675528]
[463,83,294365,293953]
[464,262,346849,347230]
[465,58,458952,459376]
[466,127,647852,647422]
[467,133,74330,74185]
[468,242,374080,375417]
[469,168,24845,24940]
[470,266,726663,727158]
[471,141,438666,437748]
[472,96,653271,653367]
[473,183,338776,337873]
[474,38,584723,585483]
[475,10,182040,182540]
[476,258,504370,505132]
[477,128,175489,176637]
[478,278,393065,393098]
[479,245,353403,352504]
[480,45,525016,524795]
[481,172,83862,84986]
[482,183,661051,659661]
[483,46,246700,247008]
[484,135,200550,199757]
[485,65,177488,177110]
[486,1,244377,243525]
[487,103,508173,506791]
[488,58,235989,236356]
[489,248,715923,716390]
[490,167,500960,499929]
[491,21,184863,183857]
[492,235,202276,200834]
[493,125,119777,118487]
[494,74,448104,449059]
[495,218,339045,339591]
[496,43,189293,189162]
[497,225,338496,337501]
[498,34,466126,467021]
[499,110,45476,45787]
[500,83,55499,54489]
[501,127,510561,509995]
[502,114,255205,256262]
[503,158,361733,362349]
[504,140,273012,273080]
[505,148,51002,52182]
[506,117,367898,367372]
[507,191,341130,339976]
[508,115,392549,391994]
[509,207,311371,310888]
[510,202,469449,469807]
[511,222,491304,491945]
[512,95,400771,399284]
[513,16,490970,492199]
[514,187,300218,298788]
[515,126,606338,606632]
[516,223,275673,274513]
[517,105,485388,484646]
[518,272,667129,668298]
[519,176,665634,665840]
[520,25,453825,453242]
[521,159,571671,570466]
[522,152,573387,574292]
[523,103,103962,103713]
[524,184,197488,198290]
[525,27,682248,681911]
[526,15,615472,615367]
[527,232,307967,308364]
[528,21,307887,306992]
[529,69,348222,348165]
[530,87,672164,671609]
[531,121,427203,427043]
[532,110,460884,462330]
[533,212,110079,110376]
[534,107,442955,442821]
[535,88,293120,294527]
[536,230,478599,479428]
[537,154,1745,2654]
[538,117,206908,206034]
[539,77,459988,459520]
[540,278,649858,651136]
[541,68,693663,694017]
[542,231,684850,684227]
[543,67,625132,624939]
[544,156,133632,133938]
[545,252,354282,354490]
[546,181,642205,641568]
[547,12,153324,154171]
[548,203,83569,82280]
[549,115,24263,23591]
[550,9,237551,236368]
[551,131,13571,12119]
[552,210,22026,22857]
[553,54,573703,574609]
[554,165,58180,56847]
[555,85,239251,238844]
[556,36,475619,477026]
[557,113,479710,478327]
[558,257,345559,344181]
[559,270,35769,35839]
[560,130,406834,407037]
[561,227,457336,457151]
[562,23,503280,503236]
[563,159,366989,366389]
[564,185,197080,195705]
[565,10,434683,435444]
