["head":"wrap","lpos","status"]
[69,592611,0]
["io count"]
[570]
["io":"id","wrap","startLpos","endLpos"]
[1,99,228721,227786]
[2,163,145706,144232]
[3,14,476370,476633]
[4,181,391896,391392]
[5,35,26709,26070]
[6,50,670296,670825]
[7,18,415912,416337]
[8,170,100005,101445]
[9,126,12835,14300]
[10,110,718591,718686]
[11,223,515650,514207]
[12,35,43241,42773]
[13,198,465292,466587]
[14,237,317998,317720]
[15,238,220417,220532]
[16,212,403616,404770]
[17,227,247145,246536]
[18,262,459978,460495]
[19,92,394508,395022]
[20,255,139227,138935]
[21,268,574742,574988]
[22,19,698849,697526]
[23,185,184856,184303]
[24,252,177936,178463]
[25,261,561229,560784]
[26,33,725913,724958]
[27,169,447888,446614]
[28,201,668614,667992]
[29,236,307390,308432]
[30,46,572441,573640]
[31,89,712327,711710]
[32,114,263251,264359]
[33,155,369744,368366]
[34,230,131695,132703]
[35,18,619576,620414]
[36,36,434111,434532]
[37,196,544724,545427]
[38,50,341995,342466]
[39,141,508372,507263]
[40,279,206812,205600]
[41,41,401047,400153]
[42,272,288084,289407]
[43,246,406690,407695]
[44,243,536033,535734]
[45,263,313119,312270]
[46,45,33961,33588]
[47,257,689091,688461]
[48,162,401934,402250]
[49,175,46756,45838]
[50,104,38930,39140]
[51,107,292565,292217]
[52,134,308676,309197]
[53,98,533487,534275]
[54,172,113733,115200]
[55,8,343310,343815]
[56,96,588030,588686]
[57,213,400164,398693]
[58,63,319838,319472]
[59,22,6646,8129]
[60,246,294190,294677]
[61,228,630418,631885]
[62,68,479716,480576]
[63,131,514925,514038]
[64,145,453225,453071]
[65,122,322071,323265]
[66,26,710240,710370]
[67,71,320783,320172]
[68,58,418906,420243]
[69,215,134609,134009]
[70,158,677397,678536]
[71,54,121599,121953]
[72,208,203343,204439]
[73,273,621916,621649]
[74,161,679438,679397]
[75,134,288274,289388]
[76,200,704459,705533]
[77,241,483789,483593]
[78,207,488747,488628]
[79,119,228379,227580]
[80,48,234445,235096]
[81,19,199529,198129]
[82,89,689498,688777]
[83,194,160092,160460]
[84,64,698225,698345]
[85,6,389694,389935]
[86,250,330194,331341]
[87,142,617160,617601]
[88,6,92435,92865]
[89,120,152895,153953]
[90,210,495069,496139]
[91,248,119769,120768]
[92,208,559647,559785]
[93,152,2086,3295]
[94,37,637055,637020]
[95,219,418464,417484]
[96,236,582762,583330]
[97,228,48463,49001]
[98,79,202470,201264]
[99,155,710635,709348]
[100,2,221257,222400]
[101,34,505924,507356]
[102,34,403504,403846]
[103,121,218567,218234]
[104,103,182709,181488]
[105,269,188347,188095]
[106,61,414722,414228]
[107,24,143299,143787]
[108,60,154730,154801]
[109,181,405976,404731]
[110,202,244493,245494]
[111,2,549738,550695]
[112,2,229579,230354]
[113,52,550455,551018]
[114,14,467545,468158]
[115,116,392058,393503]
[116,272,326370,326499]
[117,248,695224,696039]
[118,39,471070,470558]
[119,77,63239,62675]
[120,253,37071,36738]
[121,201,563989,563656]
[122,141,164694,163764]
[123,241,606487,605883]
[124,159,452589,451152]
[125,142,125282,126624]
[126,42,574240,575173]
[127,226,94092,95370]
[128,4,472069,472296]
[129,55,326187,324996]
[130,192,670066,670733]
[131,238,497364,498370]
[132,253,112292,110833]
[133,243,190748,190385]
[134,43,657879,656871]
[135,215,640588,639151]
[136,250,162777,163682]
[137,267,648264,646775]
[138,203,362821,361903]
[139,237,542409,542359]
[140,75,435620,434600]
[141,21,699481,698637]
[142,202,191263,192073]
[143,128,38073,39527]
[144,43,82412,81795]
[145,87,678730,677325]
[146,117,135952,134843]
[147,204,396936,397561]
[148,92,153060,154198]
[149,137,380153,379388]
[150,247,295956,295396]
[151,276,473371,473628]
[152,12,345437,346277]
[153,29,209412,208604]
[154,97,573541,573068]
[155,146,281205,282200]
[156,83,131184,131129]
[157,110,387009,387922]
[158,279,632377,631681]
[159,115,243184,241695]
[160,176,162706,164028]
[161,227,329585,329149]
[162,245,262482,261656]
[163,2,520062,521363]
[164,98,535167,535808]
[165,82,319362,319444]
[166,173,504936,504761]
[167,68,552312,552944]
[168,189,84992,84787]
[169,222,179501,179729]
[170,187,271881,270998]
[171,104,496346,497676]
[172,15,721704,721141]
[173,256,285955,286010]
[174,85,623465,622028]
[175,79,194888,194038]
[176,207,528313,527805]
[177,11,380813,379387]
[178,260,281569,282997]
[179,261,53630,53586]
[180,172,700452,700714]
[181,141,42847,41877]
[182,212,139006,139180]
[183,277,705620,704456]
[184,36,417801,418357]
[185,14,620674,620809]
[186,24,378494,378830]
[187,272,152888,154153]
[188,57,593552,592302]
[189,35,170656,170401]
[190,74,4168,4967]
[191,271,501109,499973]
[192,72,178315,178939]
[193,211,664086,662839]
[194,230,76794,77981]
[195,233,197371,196258]
[196,224,255928,256251]
[197,132,556885,557750]
[198,229,639729,638953]
[199,240,539349,539451]
[200,23,728338,726938]
[201,225,222265,221342]
[202,146,565327,565672]
[203,43,162729,161962]
[204,2,187244,188584]
[205,35,644789,643290]
[206,211,409031,407607]
[207,97,613677,613452]
[208,106,94260,95590]
[209,85,430816,429661]
[210,73,192592,192503]
[211,35,239111,238662]
[212,125,124147,123626]
[213,117,728623,728349]
[214,97,201610,201465]
[215,201,213430,212967]
[216,56,124493,124783]
[217,130,549389,549629]
[218,41,155816,155414]
[219,272,344445,345332]
[220,164,254622,255078]
[221,211,614160,613051]
[222,51,275493,275076]
[223,88,636782,637866]
[224,185,407356,407205]
[225,25,367617,366291]
[226,202,128769,128808]
[227,139,348009,347670]
[228,136,175898,176825]
[229,263,476748,475606]
[230,139,377243,376583]
[231,259,52838,51833]
[232,13,98732,97900]
[233,14,7300,8751]
[234,93,169236,169179]
[235,150,136436,136519]
[236,26,314707,315603]
[237,32,357305,357489]
[238,266,342163,342641]
[239,96,429254,430100]
[240,54,681802,682041]
[241,240,82859,82996]
[242,126,570487,571746]
[243,67,299062,298238]
[244,39,606177,604879]
[245,173,416576,416178]
[246,256,252295,252365]
[247,232,313417,314256]
[248,198,53607,54373]
[249,12,529163,530396]
[250,273,592363,591882]
[251,76,91622,93060]
[252,135,208983,208053]
[253,268,515450,515525]
[254,96,139888,140134]
[255,75,645650,645515]
[256,74,592254,593310]
[257,3,139470,138615]
[258,172,316945,317042]
[259,84,166552,167991]
[260,257,293138,292626]
[261,72,230893,231234]
[262,231,698983,698634]
[263,253,202208,202128]
[264,83,313872,312596]
[265,130,260227,261106]
[266,196,611091,611774]
[267,273,647093,646150]
[268,170,179686,180590]
[269,135,467677,467379]
[270,52,283136,283512]
[271,152,300672,301188]
[272,53,288760,287662]
[273,238,358711,358794]
[274,213,597894,596619]
[275,208,581688,582440]
[276,2,638777,639236]
[277,120,21122,21212]
[278,76,495755,496112]
[279,258,63784,64141]
[280,4,337253,338602]
[281,277,349141,348840]
[282,174,420100,420606]
[283,30,301005,301110]
[284,30,451066,452256]
[285,47,612846,611375]
[286,144,541718,542545]
[287,182,354950,355849]
[288,265,198423,197197]
[289,124,311175,311967]
[290,267,684948,684282]
[291,156,369582,370671]
[292,159,302185,301074]
[293,0,231183,231555]
[294,50,443269,444711]
[295,260,303795,303997]
[296,237,670108,668883]
[297,116,591754,593062]
[298,21,68667,67825]
[299,68,94750,95533]
[300,233,239963,239360]
[301,73,644257,643347]
[302,234,351032,351116]
[303,78,717223,718136]
[304,238,658793,659265]
[305,83,259674,258956]
[306,25,11676,10751]
[307,139,571765,570654]
[308,187,320978,320115]
[309,242,596625,597741]
[310,162,531638,532387]
[311,242,542551,542776]
[312,60,360745,362173]
[313,11,578972,578900]
[314,276,108912,109113]
[315,270,71297,71541]
[316,166,76638,76743]
[317,229,573189,572323]
[318,64,209815,210635]
[319,215,16105,15774]
[320,109,224578,224452]
[321,12,563223,563447]
[322,235,94973,93648]
[323,279,414308,413822]
[324,45,422692,421648]
[325,55,717085,716509]
[326,101,183294,182894]
[327,104,248683,250106]
[328,53,88197,87490]
[329,238,627536,628658]
[330,136,211880,213093]
[331,205,596832,596331]
[332,89,634637,633249]
[333,23,688523,687578]
[334,123,153106,152168]
[335,68,92318,92847]
[336,32,299448,300315]
[337,232,110197,111089]
[338,278,293888,295348]
[339,14,385484,385951]
[340,51,656773,656517]
[341,60,347899,349015]
[342,97,500531,500029]
[343,82,22290,22812]
[344,158,137821,139129]
[345,6,423773,425268]
[346,41,454567,453955]
[347,24,80425,81900]
[348,55,612401,611908]
[349,167,493645,492209]
[350,176,660751,661039]
[351,271,40488,39060]
[352,167,361361,361009]
[353,269,554509,554442]
[354,218,418956,420325]
[355,19,274068,273165]
[356,252,68209,68417]
[357,120,567735,567824]
[358,9,677590,676758]
[359,34,599701,600109]
[360,32,414569,415980]
[361,232,395202,395907]
[362,241,328761,327466]
[363,261,675929,674571]
[364,6,537992,538384]
[365,99,169992,169010]
[366,195,156090,154898]
[367,30,154679,155710]
[368,118,87343,87379]
[369,152,621248,621823]
[370,25,581160,579940]
[371,162,570585,571912]
[372,156,725090,725290]
[373,205,209681,208428]
[374,99,211903,210720]
[375,56,387421,388244]
[376,63,66081,64799]
[377,208,90497,91070]
[378,246,339992,340354]
[379,11,92652,92191]
[380,132,174740,175583]
[381,164,578100,578298]
[382,96,2516,3420]
[383,39,188295,188219]
[384,55,156909,155492]
[385,12,489409,489687]
[386,68,634018,634564]
[387,10,224255,225709]
[388,99,102016,101547]
[389,61,232241,231117]
[390,115,88944,87451]
[391,211,330492,329267]
[392,247,206701,205668]
[393,188,14626,15424]
[394,64,466007,466683]
[395,112,311657,312266]
[396,42,225501,226853]
[397,122,245054,245673]
[398,74,148427,148773]
[399,48,501775,502327]
[400,126,656787,658247]
[401,122,226749,227383]
[402,124,263487,264207]
[403,13,573816,572459]
[404,210,70510,71345]
[405,7,244121,244091]
[406,160,216057,217324]
[407,59,68209,67175]
[408,208,21389,22696]
[409,195,536104,535365]
[410,198,644603,645722]
[411,105,86174,84965]
[412,59,140829,139471]
[413,179,156352,155992]
[414,217,152352,151367]
[415,202,34722,36087]
[416,114,87527,87809]
[417,44,413871,415205]
[418,209,271146,270051]
[419,149,478205,477742]
[420,223,336875,336318]
[421,229,570612,569611]
[422,21,527913,527390]
[423,15,429202,429152]
[424,173,689443,688822]
[425,161,488948,488779]
[426,182,699591,700855]
[427,87,110109,109698]
[428,187,520996,520254]
[429,89,414836,413926]
[430,14,252650,253579]
[431,114,591301,591950]
[432,225,227946,227477]
[433,34,78875,79438]
[434,200,279619,279698]
[435,136,504637,505592]
[436,115,684850,684437]
[437,254,92054,92946]
[438,73,417622,417080]
[439,9,233242,233025]
[440,106,189864,190619]
[441,15,496752,495527]
[442,153,138868,138710]
[443,106,167615,167998]
[444,137,92179,91825]
[445,127,284213,284133]
[446,13,73715,73185]
[447,275,498062,497970]
[448,141,291696,291296]
[449,191,193115,193028]
[450,165,710956,710470]
[451,17,96171,94774]
[452,178,5273,5679]
[453,208,284045,284501]
[454,71,553990,552696]
[455,194,10177,11420]
[456,216,165104,165750]
[457,77,197303,195946]
[458,77,510063,508765]
[459,94,37089,37122]
[460,206,722815,723149]
[461,237,19654,18678]
[462,22,575677,576060]
[463,54,428580,428833]
[464,56,82108,82998]
[465,242,598869,600111]
[466,45,125037,123865]
[467,257,656431,655452]
[468,68,497794,498721]
[469,196,6305,7093]
[470,266,554102,554570]
[471,57,468442,468045]
[472,236,390891,391199]
[473,235,595936,595441]
[474,100,24059,24123]
[475,73,363431,362216]
[476,68,629808,630630]
[477,128,117314,118094]
[478,170,216875,217975]
[479,205,701272,700126]
[480,260,132557,133029]
[481,218,386351,386528]
[482,196,6656,7171]
[483,186,426646,427045]
[484,39,404676,403682]
[485,92,95609,95878]
[486,233,487374,486031]
[487,33,658435,656984]
[488,111,661847,660857]
[489,93,36690,35698]
[490,75,665463,665000]
[491,142,348184,348704]
[492,265,479923,479767]
[493,272,411714,412553]
[494,166,215980,216126]
[495,21,305214,303796]
[496,187,413759,413125]
[497,181,652907,652701]
[498,50,460322,460541]
[499,219,126171,124947]
[500,244,63248,63582]
[501,204,467240,468651]
[502,250,550966,551940]
[503,49,310853,310250]
[504,153,375556,375243]
[505,116,567020,567255]
[506,230,716936,717361]
[507,106,405164,406408]
[508,92,251430,252918]
[509,165,236240,236139]
[510,91,605621,605196]
[511,16,313128,314612]
[512,249,481195,480034]
[513,104,666174,666245]
[514,179,218619,217334]
[515,11,6580,5831]
[516,109,138099,137240]
[517,212,299021,300215]
[518,278,684184,684707]
[519,56,137526,138695]
[520,57,24090,23902]
[521,29,718900,717773]
[522,212,240380,241780]
[523,210,423239,424355]
[524,263,409043,408099]
[525,135,346522,346159]
[526,260,34523,34847]
[527,63,627028,626285]
[528,154,400589,401766]
[529,71,175914,175802]
[530,145,44219,43786]
[531,232,343327,344778]
[532,247,368129,366863]
[533,111,543917,542443]
[534,57,176219,175420]
[535,103,258375,257476]
[536,127,178158,176729]
[537,235,70345,69882]
[538,128,65763,66470]
[539,34,682002,682078]
[540,105,549764,548528]
[541,171,206690,206607]
[542,50,311538,311762]
[543,177,702482,701045]
[544,258,567906,569135]
[545,84,95872,97026]
[546,121,582335,580991]
[547,189,222293,220912]
[548,257,270821,269805]
[549,143,298280,297658]
[550,141,274473,274276]
[551,67,119861,119399]
[552,34,116317,116594]
[553,103,382208,382025]
[554,263,223091,222511]
[555,17,42030,40870]
[556,139,688981,688080]
[557,127,411049,410821]
[558,209,457453,456874]
[559,266,12596,13345]
[560,140,243650,244507]
[561,147,151623,151506]
[562,5,344520,343930]
[563,99,288017,287597]
[564,57,71704,70524]
[565,88,539042,540029]
[566,26,27618,28227]
[567,233,547570,546557]
[568,176,427156,428026]
[569,140,533938,534079]
[570,76,52374,53395]
