["head":"wrap","lpos","status"]
[252,190884,0]
["io count"]
[575]
["io":"id","wrap","startLpos","endLpos"]
[1,87,51629,50241]
[2,125,669515,668128]
[3,121,373553,372568]
[4,247,345780,344938]
[5,244,137247,138163]
[6,101,348982,347587]
[7,97,695053,693774]
[8,251,687316,685834]
[9,108,90715,92142]
[10,115,539912,539414]
[11,55,139847,138849]
[12,46,537139,537194]
[13,147,718650,718089]
[14,232,437510,438364]
[15,251,673766,672743]
[16,206,106133,106505]
[17,142,174774,175314]
[18,178,265916,267024]
[19,204,379278,379541]
[20,211,487815,487773]
[21,263,318180,317215]
[22,137,426351,425411]
[23,37,276545,275799]
[24,35,340536,339333]
[25,218,530589,531686]
[26,239,494498,494393]
[27,34,612614,613407]
[28,227,287815,286469]
[29,14,632335,633487]
[30,188,377420,378497]
[31,150,179511,179946]
[32,118,127412,128193]
[33,85,450638,449549]
[34,5,555648,555418]
[35,189,654443,654364]
[36,151,263327,262687]
[37,8,405490,406038]
[38,1,471272,470399]
[39,239,251439,251265]
[40,17,62463,61394]
[41,82,86449,87624]
[42,215,312670,311287]
[43,82,523490,524367]
[44,203,189309,188329]
[45,69,319371,318052]
[46,142,339876,340346]
[47,171,419122,418370]
[48,18,542662,543796]
[49,207,470914,470704]
[50,248,637760,638878]
[51,202,474728,475659]
[52,72,324272,325663]
[53,134,614564,615183]
[54,267,212267,210937]
[55,152,416360,417605]
[56,163,669852,669711]
[57,193,433825,432546]
[58,158,510797,511053]
[59,247,372857,371511]
[60,8,469935,471196]
[61,138,549067,550517]
[62,193,720113,718981]
[63,26,372055,372307]
[64,68,544881,546223]
[65,82,21561,22154]
[66,6,485087,485423]
[67,222,569096,570441]
[68,172,538932,539767]
[69,21,104468,104327]
[70,118,306564,307008]
[71,12,189128,190524]
[72,134,582785,584074]
[73,30,17215,17707]
[74,213,380540,380012]
[75,224,173753,173989]
[76,116,407494,408446]
[77,120,675248,675405]
[78,38,93030,93931]
[79,17,418326,417015]
[80,2,144012,144734]
[81,198,453835,454469]
[82,202,725008,725076]
[83,21,36495,36104]
[84,274,256020,257013]
[85,230,703568,704441]
[86,83,139756,139638]
[87,76,13555,14783]
[88,93,119653,119578]
[89,192,485292,486648]
[90,75,551083,550245]
[91,132,500451,501866]
[92,181,500024,498993]
[93,150,163998,164810]
[94,134,15576,16348]
[95,255,339168,338081]
[96,24,66294,67362]
[97,144,58541,59514]
[98,179,385043,384542]
[99,88,478198,479340]
[100,196,336232,336395]
[101,21,659822,659325]
[102,131,16243,15426]
[103,272,592824,593908]
[104,78,413392,414779]
[105,207,207700,206428]
[106,272,283195,283453]
[107,82,280686,281580]
[108,189,216999,216658]
[109,9,476784,475397]
[110,162,568191,569480]
[111,220,361007,361879]
[112,275,704774,703698]
[113,89,582181,581774]
[114,81,375811,375582]
[115,214,230087,230986]
[116,1,637130,636198]
[117,77,423684,423178]
[118,161,534470,534037]
[119,96,211293,211415]
[120,257,289369,289084]
[121,176,80895,81797]
[122,114,477907,478283]
[123,54,10586,11667]
[124,31,10178,9745]
[125,259,71426,70624]
[126,246,547068,548114]
[127,162,356653,356700]
[128,79,449161,448364]
[129,240,325302,325555]
[130,202,395458,396346]
[131,89,572805,571809]
[132,54,645986,646108]
[133,258,540676,541347]
[134,41,195206,194046]
[135,112,210800,211284]
[136,205,497312,496038]
[137,11,343355,342513]
[138,116,217612,219053]
[139,216,141821,141899]
[140,264,349894,350366]
[141,64,161595,162291]
[142,237,625855,625697]
[143,236,400669,401004]
[144,139,410748,410466]
[145,35,381493,380544]
[146,79,149449,149185]
[147,99,297038,296398]
[148,37,694951,694852]
[149,197,627170,626402]
[150,17,274391,273647]
[151,205,152666,151907]
[152,125,123418,121920]
[153,264,692640,694098]
[154,219,325527,325148]
[155,194,430950,431756]
[156,6,45461,46346]
[157,62,104094,105163]
[158,163,419082,417628]
[159,78,227145,228464]
[160,107,5484,4796]
[161,64,709044,710256]
[162,193,483853,483488]
[163,201,252753,252015]
[164,44,714680,715379]
[165,39,401082,400448]
[166,67,156978,156375]
[167,1,289344,289148]
[168,51,294370,293711]
[169,94,449418,449737]
[170,272,716837,718174]
[171,270,429017,429890]
[172,62,466658,467815]
[173,105,95936,95533]
[174,85,269081,268959]
[175,62,301048,301324]
[176,97,546072,544650]
[177,214,109187,109274]
[178,195,265540,264977]
[179,34,49358,50520]
[180,94,359816,359908]
[181,40,83247,83910]
[182,118,296610,297090]
[183,36,436544,437352]
[184,251,293201,292298]
[185,270,138162,139405]
[186,90,596792,597347]
[187,22,74459,74819]
[188,137,453144,453050]
[189,51,662537,661233]
[190,58,691686,692613]
[191,86,697905,699276]
[192,197,165402,164957]
[193,175,125149,124239]
[194,64,383631,383802]
[195,76,244117,244430]
[196,248,147100,148475]
[197,138,39556,41056]
[198,96,168860,168894]
[199,83,324302,323002]
[200,48,669881,671062]
[201,205,247553,246864]
[202,205,457556,456522]
[203,55,51003,50545]
[204,159,389798,388821]
[205,88,618839,619220]
[206,122,639516,639572]
[207,15,509616,508214]
[208,158,685342,685442]
[209,127,321427,321348]
[210,37,652300,651654]
[211,234,219542,220474]
[212,82,559393,559654]
[213,277,545721,544903]
[214,11,403704,402390]
[215,256,75439,76527]
[216,173,721709,720996]
[217,127,280404,279820]
[218,143,306026,304983]
[219,98,33948,34736]
[220,266,333986,334171]
[221,277,290933,290309]
[222,35,10643,9413]
[223,16,666944,667946]
[224,145,637859,637272]
[225,148,707749,707881]
[226,46,723855,724675]
[227,54,590881,591753]
[228,69,109241,108225]
[229,31,670502,669505]
[230,244,610352,611245]
[231,157,5918,4833]
[232,38,153113,154472]
[233,203,185888,185752]
[234,257,208787,208594]
[235,70,69099,70541]
[236,276,680513,681964]
[237,82,665817,666144]
[238,46,13112,14212]
[239,178,705371,706299]
[240,188,157112,157532]
[241,158,243921,244397]
[242,156,569544,570889]
[243,232,464168,465494]
[244,225,319418,318409]
[245,246,284855,285673]
[246,63,668087,666775]
[247,240,262198,262453]
[248,13,583860,583121]
[249,51,135257,134810]
[250,255,117786,117402]
[251,277,527434,527200]
[252,244,141894,142054]
[253,198,64785,65450]
[254,231,199224,198890]
[255,210,186700,187161]
[256,167,71639,71372]
[257,79,128737,127278]
[258,236,2789,4072]
[259,80,664789,666091]
[260,209,638317,637652]
[261,75,315593,314689]
[262,167,671989,671088]
[263,23,507623,506848]
[264,86,125286,126136]
[265,252,536090,536887]
[266,142,12299,12726]
[267,198,40467,40697]
[268,209,193327,193022]
[269,21,476601,475535]
[270,272,416023,416943]
[271,149,399100,398451]
[272,182,670965,671780]
[273,9,8157,7771]
[274,93,339838,338592]
[275,94,463205,464282]
[276,3,220523,219891]
[277,90,87593,88727]
[278,249,228798,228162]
[279,79,666352,666112]
[280,197,439384,439050]
[281,211,411582,411224]
[282,257,203078,201781]
[283,151,189715,189167]
[284,215,668324,668166]
[285,83,620465,620263]
[286,155,661824,660534]
[287,133,624428,623670]
[288,271,616803,615403]
[289,273,621892,620466]
[290,6,19706,19751]
[291,178,155081,155255]
[292,127,403392,403025]
[293,130,170271,171661]
[294,69,215955,215888]
[295,105,76902,76850]
[296,132,381516,382968]
[297,220,120829,121416]
[298,95,2998,2687]
[299,26,100958,101288]
[300,185,140941,140372]
[301,176,257167,257565]
[302,28,716363,716933]
[303,245,198701,198322]
[304,93,636017,634644]
[305,16,525694,526789]
[306,113,679999,678840]
[307,73,726112,725094]
[308,219,705715,705399]
[309,189,194719,194615]
[310,93,231903,231685]
[311,16,36083,36847]
[312,152,143661,144930]
[313,3,574380,574258]
[314,44,473572,473802]
[315,156,584186,584668]
[316,236,55522,55988]
[317,67,394400,394364]
[318,240,356692,357293]
[319,9,338298,337151]
[320,223,269603,268838]
[321,72,265621,265961]
[322,86,390210,390601]
[323,199,401511,401151]
[324,83,269809,269748]
[325,140,214738,216081]
[326,197,481438,480440]
[327,175,388403,387477]
[328,141,334579,333214]
[329,219,446036,445316]
[330,145,333240,332471]
[331,26,337636,338589]
[332,11,467308,466392]
[333,3,704231,703921]
[334,125,363393,363193]
[335,13,229300,228245]
[336,278,552162,552681]
[337,23,435316,433998]
[338,115,508845,508195]
[339,24,403253,403991]
[340,138,440482,441294]
[341,224,119727,120869]
[342,20,521731,521953]
[343,14,297510,297652]
[344,185,513427,512448]
[345,129,344761,343854]
[346,86,688536,688629]
[347,175,114373,112967]
[348,181,727505,727273]
[349,274,204831,204962]
[350,49,154652,153470]
[351,28,390063,390783]
[352,35,650312,649696]
[353,212,270090,271217]
[354,118,515009,516161]
[355,231,475194,474608]
[356,244,418073,419199]
[357,203,320871,319503]
[358,59,148236,148179]
[359,246,685653,686927]
[360,199,341988,341559]
[361,51,396230,394992]
[362,150,681141,681599]
[363,27,24973,23672]
[364,112,683334,684800]
[365,133,492360,491593]
[366,196,540990,542183]
[367,63,393093,392276]
[368,187,551062,550794]
[369,55,477377,475905]
[370,37,505658,504421]
[371,69,211389,210394]
[372,54,82949,83097]
[373,25,535993,535634]
[374,20,505619,506003]
[375,138,418054,419434]
[376,87,323861,323614]
[377,87,25518,25333]
[378,34,551461,552386]
[379,61,571427,570711]
[380,248,443051,444265]
[381,56,95763,96018]
[382,148,182222,183268]
[383,205,7137,7046]
[384,202,310907,311933]
[385,177,198997,198180]
[386,57,9724,9505]
[387,163,682719,681739]
[388,97,215455,215123]
[389,98,321471,321542]
[390,114,669065,670283]
[391,20,494792,494868]
[392,161,424491,424452]
[393,55,171602,170633]
[394,103,672708,672675]
[395,201,598348,597652]
[396,275,401044,399723]
[397,266,461527,462814]
[398,178,247462,248945]
[399,237,266150,265396]
[400,224,85737,87017]
[401,129,413331,412075]
[402,118,557652,557914]
[403,61,539980,538784]
[404,52,728519,729021]
[405,203,181501,180206]
[406,34,78564,79262]
[407,163,398063,398009]
[408,255,543657,542318]
[409,253,67004,66551]
[410,223,131350,131103]
[411,59,273019,272047]
[412,276,124607,126011]
[413,45,55546,54224]
[414,141,442628,441313]
[415,155,408598,407995]
[416,172,182148,183012]
[417,40,185641,186880]
[418,253,88484,87082]
[419,191,268445,267666]
[420,87,644662,643927]
[421,77,302345,302109]
[422,232,525390,525609]
[423,218,258133,258337]
[424,137,418558,418399]
[425,198,41062,41263]
[426,239,637566,636879]
[427,212,464089,465092]
[428,109,149968,148920]
[429,90,103150,103662]
[430,16,211119,211270]
[431,191,8927,8137]
[432,175,243965,243644]
[433,49,342300,341844]
[434,100,463992,465098]
[435,258,262276,263593]
[436,200,649070,650528]
[437,57,371455,370542]
[438,39,664110,663962]
[439,66,8420,9432]
[440,27,408676,408137]
[441,146,233623,234340]
[442,170,37586,38538]
[443,161,624758,623938]
[444,109,110852,109579]
[445,242,655973,656162]
[446,50,614852,615622]
[447,199,603349,602075]
[448,243,200618,200042]
[449,242,692381,693214]
[450,183,461955,460744]
[451,260,658530,659315]
[452,56,626893,628163]
[453,198,46732,47601]
[454,144,627489,627762]
[455,201,64867,63632]
[456,251,29302,27808]
[457,131,539792,538537]
[458,249,315635,314250]
[459,91,361372,360937]
[460,257,546623,545352]
[461,222,711333,712146]
[462,131,645023,644609]
[463,187,224712,224434]
[464,84,346166,347125]
[465,267,276907,276295]
[466,66,538186,538235]
[467,230,455233,456223]
[468,165,46114,44806]
[469,47,267285,266893]
[470,273,522720,522400]
[471,79,313403,313004]
[472,85,144357,144272]
[473,143,246647,246167]
[474,149,573262,572956]
[475,26,148011,148415]
[476,212,569965,571190]
[477,61,608929,608125]
[478,264,453624,454693]
[479,112,610402,611613]
[480,152,623622,623954]
[481,258,2485,3424]
[482,161,47864,47623]
[483,17,581261,580273]
[484,187,97549,97083]
[485,101,323686,323257]
[486,162,502700,502813]
[487,43,285544,284217]
[488,101,191360,191188]
[489,125,121366,119880]
[490,25,192299,190930]
[491,243,350720,349581]
[492,66,439938,441251]
[493,40,220208,220807]
[494,2,630300,630822]
[495,39,575199,574409]
[496,160,205151,205628]
[497,53,412259,412009]
[498,29,664148,664094]
[499,194,247554,247935]
[500,277,1758,1069]
[501,183,302423,301605]
[502,45,178475,176987]
[503,134,352515,352612]
[504,247,302527,302279]
[505,72,516215,517237]
[506,104,26179,26749]
[507,115,600644,599719]
[508,160,65527,66736]
[509,159,553019,552766]
[510,11,642309,641234]
[511,267,375117,374223]
[512,37,290064,288669]
[513,14,495533,496060]
[514,123,455784,454842]
[515,224,529294,530394]
[516,268,456982,458289]
[517,64,515542,515757]
[518,67,320923,319446]
[519,86,201679,202712]
[520,181,254911,253581]
[521,272,529582,529666]
[522,129,571307,571185]
[523,34,71682,72279]
[524,140,595976,596766]
[525,39,210264,209226]
[526,203,141896,141160]
[527,225,291545,290432]
[528,14,611825,612521]
[529,22,104604,104637]
[530,70,517801,518125]
[531,58,499199,500674]
[532,257,458402,457355]
[533,245,329493,328634]
[534,267,197258,196070]
[535,37,613762,612795]
[536,215,184462,183896]
[537,123,340669,340022]
[538,48,221717,222239]
[539,278,12407,13359]
[540,183,485916,485565]
[541,53,661386,660045]
[542,243,663118,661748]
[543,27,600631,600387]
[544,42,172038,173083]
[545,24,348566,349408]
[546,213,192561,192376]
[547,100,339396,340118]
[548,145,629046,627744]
[549,63,616155,616117]
[550,80,353261,354258]
[551,184,709795,711016]
[552,161,211398,210768]
[553,104,286768,288191]
[554,184,218119,218463]
[555,26,126794,127340]
[556,253,437495,436406]
[557,150,222464,223838]
[558,51,29377,27997]
[559,260,590130,591220]
[560,56,596492,597577]
[561,28,321613,322319]
[562,197,430422,429631]
[563,42,344206,345353]
[564,31,355783,355383]
[565,235,577374,576253]
[566,214,581377,582435]
[567,20,605016,605608]
[568,125,681292,680980]
[569,154,432895,433173]
[570,37,716806,716018]
[571,6,718258,719351]
[572,97,22022,21301]
[573,117,309030,307839]
[574,119,462387,461125]
[575,110,60272,60921]
