["head":"wrap","lpos","status"]
[177,311751,0]
["io count"]
[580]
["io":"id","wrap","startLpos","endLpos"]
[1,248,205774,207098]
[2,110,656661,656970]
[3,4,228270,229415]
[4,190,440436,441674]
[5,55,463054,462573]
[6,183,285973,284522]
[7,251,591038,590694]
[8,26,245712,247125]
[9,51,269021,268883]
[10,20,357294,358741]
[11,105,83200,82816]
[12,56,499796,501053]
[13,43,71260,70118]
[14,274,581813,583035]
[15,133,40553,39319]
[16,257,700588,699213]
[17,112,355896,356846]
[18,236,66775,68097]
[19,97,444829,444390]
[20,237,401301,400341]
[21,97,698621,697551]
[22,74,242000,243363]
[23,240,634611,636059]
[24,214,546735,547388]
[25,4,636422,637290]
[26,229,705211,704546]
[27,213,462802,461933]
[28,264,524338,524738]
[29,244,263370,264674]
[30,202,446290,446743]
[31,234,601012,601268]
[32,72,256847,257782]
[33,271,405346,404449]
[34,222,513428,514722]
[35,250,713668,714520]
[36,177,277402,276652]
[37,70,531840,533231]
[38,60,188468,188786]
[39,264,148393,148867]
[40,161,403090,402613]
[41,218,30441,30580]
[42,105,645702,645099]
[43,36,318264,318686]
[44,176,157604,158818]
[45,267,618058,617978]
[46,73,167208,167142]
[47,91,11283,9983]
[48,77,520439,519011]
[49,145,372729,372564]
[50,266,438366,439575]
[51,89,727295,726963]
[52,147,526352,526105]
[53,24,26290,26815]
[54,218,76039,77173]
[55,103,520822,520056]
[56,146,502326,503750]
[57,221,517431,516377]
[58,269,101754,100256]
[59,276,399585,400115]
[60,104,56405,57491]
[61,216,619266,620698]
[62,156,607976,608102]
[63,95,566597,565664]
[64,138,482138,483496]
[65,147,635385,634161]
[66,173,492240,491753]
[67,253,124245,124173]
[68,115,581279,580462]
[69,220,269395,269732]
[70,54,29906,30413]
[71,47,637692,637090]
[72,37,427409,426022]
[73,181,259145,257977]
[74,211,335854,335775]
[75,90,494517,494829]
[76,32,567515,568441]
[77,203,368953,368301]
[78,9,727892,726747]
[79,71,382760,381405]
[80,123,338824,338585]
[81,249,107408,107020]
[82,226,567297,568671]
[83,18,290045,290304]
[84,139,418479,417078]
[85,64,721732,723054]
[86,201,556105,554717]
[87,22,159588,160595]
[88,97,229823,229569]
[89,161,280984,279540]
[90,49,729493,728253]
[91,80,699047,700363]
[92,14,625500,626859]
[93,205,139108,139067]
[94,186,103353,104667]
[95,249,502022,500927]
[96,155,286937,285844]
[97,31,382528,381800]
[98,106,703493,704502]
[99,8,74184,75331]
[100,7,423185,422641]
[101,234,534156,535199]
[102,78,722468,722731]
[103,228,201739,202310]
[104,68,612830,613856]
[105,213,292245,291418]
[106,201,332098,330629]
[107,126,51279,52353]
[108,279,424643,424135]
[109,222,430869,432106]
[110,116,388422,388924]
[111,198,477949,478425]
[112,87,135096,134006]
[113,167,88619,88361]
[114,178,277953,278588]
[115,85,72390,70932]
[116,230,399522,399638]
[117,161,316798,316133]
[118,259,527907,526912]
[119,58,510345,511653]
[120,14,295653,296826]
[121,53,291209,289961]
[122,210,473867,475153]
[123,8,137301,138179]
[124,235,326351,325336]
[125,237,75716,75235]
[126,256,163616,164999]
[127,217,190925,190442]
[128,255,693599,692118]
[129,230,282227,283166]
[130,68,168697,168883]
[131,101,57756,56607]
[132,157,408530,407367]
[133,90,396924,397048]
[134,69,135643,134331]
[135,59,709196,708241]
[136,266,164796,165270]
[137,203,230612,229663]
[138,121,650213,649062]
[139,181,698914,698550]
[140,89,128454,127774]
[141,121,649275,648807]
[142,191,676012,674554]
[143,125,2629,1208]
[144,191,583742,583433]
[145,103,89680,88779]
[146,12,676904,677749]
[147,92,492709,493760]
[148,39,669089,667644]
[149,152,501792,502513]
[150,137,579519,578919]
[151,96,96923,98359]
[152,89,235858,235219]
[153,203,710776,710077]
[154,226,537765,538180]
[155,243,577455,576124]
[156,238,279048,279433]
[157,97,165365,164317]
[158,206,377032,377300]
[159,147,626415,626355]
[160,254,37631,37803]
[161,31,692534,691229]
[162,119,370559,369079]
[163,184,301673,302024]
[164,187,721370,720926]
[165,142,659661,660218]
[166,112,326193,327211]
[167,210,572247,573069]
[168,189,519145,518375]
[169,148,243353,243827]
[170,31,630587,629393]
[171,262,466902,467051]
[172,190,201631,202970]
[173,273,605807,604944]
[174,85,266047,265875]
[175,67,624151,622993]
[176,174,635325,636230]
[177,175,302587,302352]
[178,5,539051,538146]
[179,256,383398,384780]
[180,98,214833,215385]
[181,15,69214,67767]
[182,185,18681,17941]
[183,124,617325,618023]
[184,214,117020,117717]
[185,5,19366,18573]
[186,189,279920,279541]
[187,261,90955,90025]
[188,82,152515,153320]
[189,14,643010,643828]
[190,48,604964,605711]
[191,10,95045,96019]
[192,58,464789,465289]
[193,58,466707,467355]
[194,191,627369,627154]
[195,250,48635,48927]
[196,48,97001,97725]
[197,263,305569,304482]
[198,153,248865,247538]
[199,155,538523,537430]
[200,167,130405,129230]
[201,0,94252,94739]
[202,159,396341,395658]
[203,196,205543,206663]
[204,214,466780,467092]
[205,276,56746,57063]
[206,225,254445,254151]
[207,131,430941,430086]
[208,223,716051,715110]
[209,166,615668,616452]
[210,50,101923,102567]
[211,144,572060,573292]
[212,189,38958,38269]
[213,256,386830,387854]
[214,255,8848,7896]
[215,46,580748,581012]
[216,252,325614,326058]
[217,82,523343,524763]
[218,190,137340,138831]
[219,33,479422,478910]
[220,209,143368,143144]
[221,44,232959,233848]
[222,218,271508,272880]
[223,137,243979,242720]
[224,187,448488,447739]
[225,65,573394,573329]
[226,132,586721,587962]
[227,145,36375,36184]
[228,63,717864,717043]
[229,110,487507,488741]
[230,110,116076,117337]
[231,269,501177,500436]
[232,186,41458,42506]
[233,44,149065,149196]
[234,88,227417,228759]
[235,275,362392,362017]
[236,146,59837,61250]
[237,274,300019,300145]
[238,223,549620,549105]
[239,217,553450,553248]
[240,118,471814,473090]
[241,227,157456,156082]
[242,21,402536,401285]
[243,252,670543,671113]
[244,112,70928,71163]
[245,270,68159,68439]
[246,161,476662,476434]
[247,55,194245,193368]
[248,238,168951,169376]
[249,87,216501,215584]
[250,254,503101,504456]
[251,125,183990,183556]
[252,51,281092,279988]
[253,31,28224,26855]
[254,42,263356,264729]
[255,67,701384,700800]
[256,27,612619,612225]
[257,143,311541,310188]
[258,35,680956,680427]
[259,16,376812,377996]
[260,148,669566,670244]
[261,99,624853,623372]
[262,60,569995,570520]
[263,27,648100,646767]
[264,143,390222,389956]
[265,189,321717,320418]
[266,174,710842,711480]
[267,83,642163,641933]
[268,63,534581,533151]
[269,43,393570,392850]
[270,165,179490,178903]
[271,145,526571,526329]
[272,193,593389,592020]
[273,210,297851,297969]
[274,9,517975,517626]
[275,69,358786,357662]
[276,203,8363,8062]
[277,37,85156,84638]
[278,240,110423,111527]
[279,4,126303,127614]
[280,98,467872,468045]
[281,24,14567,15335]
[282,259,430654,429783]
[283,15,524926,523963]
[284,146,691382,691738]
[285,65,317612,317570]
[286,278,538729,540196]
[287,221,422159,421558]
[288,220,242216,243648]
[289,25,107417,106594]
[290,0,532210,532717]
[291,186,452668,453366]
[292,27,590872,589755]
[293,273,332139,331842]
[294,198,452620,453069]
[295,143,670016,669514]
[296,69,143438,143076]
[297,157,443055,442067]
[298,71,27992,27792]
[299,23,483470,482246]
[300,226,144149,144323]
[301,56,269314,270599]
[302,89,294824,294780]
[303,278,318061,318282]
[304,189,257203,256963]
[305,49,718104,717713]
[306,261,639213,638976]
[307,102,69217,70029]
[308,4,310099,310315]
[309,54,63389,64710]
[310,162,390294,390557]
[311,277,227014,226360]
[312,155,526874,526691]
[313,63,661696,661312]
[314,195,298906,297577]
[315,178,694948,695231]
[316,148,199367,200858]
[317,128,114271,115390]
[318,192,489003,489230]
[319,125,338341,337918]
[320,267,55872,55092]
[321,165,109738,108430]
[322,265,413070,412241]
[323,208,608227,609589]
[324,228,356221,357714]
[325,74,466659,467287]
[326,51,166169,165137]
[327,75,506900,506056]
[328,209,688673,687955]
[329,8,224398,225054]
[330,241,11888,11333]
[331,195,552589,552320]
[332,64,312214,312246]
[333,190,239177,240345]
[334,100,118993,119846]
[335,192,313957,314942]
[336,145,69304,68936]
[337,159,523102,522239]
[338,30,573555,573622]
[339,1,396405,396159]
[340,204,67359,68135]
[341,199,576777,576049]
[342,270,48341,48417]
[343,104,85230,86525]
[344,229,679111,678770]
[345,64,299328,299601]
[346,202,45818,46132]
[347,186,423709,425186]
[348,206,549324,549817]
[349,14,71709,72421]
[350,274,401329,401442]
[351,2,346162,346585]
[352,48,632837,633839]
[353,214,99738,100313]
[354,182,431051,432480]
[355,94,259106,260538]
[356,60,356131,356562]
[357,112,361877,363304]
[358,94,327916,328273]
[359,40,627833,627865]
[360,230,316840,318309]
[361,224,15410,16894]
[362,56,167268,167348]
[363,176,343536,344539]
[364,179,142818,142261]
[365,236,516212,516416]
[366,128,572197,572671]
[367,227,667367,667100]
[368,33,332964,331721]
[369,256,311064,311644]
[370,112,173708,174703]
[371,54,565564,566074]
[372,229,65356,64823]
[373,151,21189,20443]
[374,78,351530,352559]
[375,250,6417,6678]
[376,213,223514,222325]
[377,273,250112,250051]
[378,195,227155,226197]
[379,262,328676,329271]
[380,126,259939,260462]
[381,72,91770,93076]
[382,194,258865,258954]
[383,276,153427,154815]
[384,1,604729,603794]
[385,274,195279,195340]
[386,203,49100,48457]
[387,163,157107,156986]
[388,264,505337,506628]
[389,113,401960,400580]
[390,99,719510,719407]
[391,48,719198,719967]
[392,241,255174,254990]
[393,100,156369,157016]
[394,25,37678,36818]
[395,191,588826,588614]
[396,176,597444,597489]
[397,264,262957,263413]
[398,269,316226,315855]
[399,168,244845,246060]
[400,33,506603,505975]
[401,60,575345,576264]
[402,143,195440,194873]
[403,75,725316,724771]
[404,275,75309,74941]
[405,66,561528,561793]
[406,24,575719,576581]
[407,229,485877,484516]
[408,92,264686,265436]
[409,179,687607,687397]
[410,22,283067,284365]
[411,197,338745,337319]
[412,78,678070,679458]
[413,262,342069,343471]
[414,109,637304,636978]
[415,255,609479,608770]
[416,102,707741,708027]
[417,215,715897,714778]
[418,119,160208,159383]
[419,105,448013,447165]
[420,22,255262,255791]
[421,194,282923,284401]
[422,279,470729,469258]
[423,240,349453,350766]
[424,117,171501,170824]
[425,235,597818,596944]
[426,72,691352,691582]
[427,125,729755,728429]
[428,166,224224,224524]
[429,5,619703,619449]
[430,95,379352,378679]
[431,53,67191,66111]
[432,192,454749,455771]
[433,19,374571,374131]
[434,203,694973,693958]
[435,177,676746,675693]
[436,158,131209,131833]
[437,173,360160,359547]
[438,5,7586,6807]
[439,112,113416,114532]
[440,271,650738,649467]
[441,23,180946,180827]
[442,220,132926,134002]
[443,171,136011,134973]
[444,90,580423,581002]
[445,152,351533,351636]
[446,259,411211,411132]
[447,245,110810,110449]
[448,101,606557,606396]
[449,99,544956,544842]
[450,261,77370,76393]
[451,91,276837,275979]
[452,154,320477,321666]
[453,108,10631,11076]
[454,217,611891,611328]
[455,19,376756,375276]
[456,141,648099,648035]
[457,219,128197,127601]
[458,68,398049,398768]
[459,93,567340,567284]
[460,220,260999,261273]
[461,185,530901,530449]
[462,57,492235,491561]
[463,249,28572,27930]
[464,185,306001,304921]
[465,173,104929,103655]
[466,237,646460,645125]
[467,278,712600,712904]
[468,7,467852,467529]
[469,71,76345,75287]
[470,125,94771,93298]
[471,1,258355,257955]
[472,267,656331,655149]
[473,268,1886,3224]
[474,237,497782,496935]
[475,257,363779,363237]
[476,184,173220,173526]
[477,29,716025,714843]
[478,190,463797,463870]
[479,27,348259,347607]
[480,208,412684,413137]
[481,237,147606,147093]
[482,244,221046,221486]
[483,61,120382,119790]
[484,160,432353,433743]
[485,174,557085,558553]
[486,106,155160,155245]
[487,240,455562,456644]
[488,100,477463,478672]
[489,251,422874,422021]
[490,123,636892,635967]
[491,76,600209,600441]
[492,90,216147,217228]
[493,2,347345,347767]
[494,29,605755,605309]
[495,118,136482,137343]
[496,269,650868,650531]
[497,131,553561,552987]
[498,44,412263,413445]
[499,45,414861,414586]
[500,249,482948,481834]
[501,116,573060,574214]
[502,139,365414,364441]
[503,116,64324,65104]
[504,83,480968,479606]
[505,206,497541,497739]
[506,260,557832,558447]
[507,197,412055,410590]
[508,246,31008,31528]
[509,253,15273,14038]
[510,169,556893,555979]
[511,237,203342,203135]
[512,179,208106,206924]
[513,43,19331,18391]
[514,58,380813,381285]
[515,20,590755,591920]
[516,5,586313,585917]
[517,64,190345,191089]
[518,165,288046,287629]
[519,13,284795,284072]
[520,184,453264,454066]
[521,2,526008,526679]
[522,162,348064,348802]
[523,101,407696,407312]
[524,110,541144,542214]
[525,179,604189,603059]
[526,19,327702,327329]
[527,16,292415,292709]
[528,213,188484,187831]
[529,41,96597,95777]
[530,45,247308,246946]
[531,244,144708,144968]
[532,245,242158,242071]
[533,34,231920,232154]
[534,208,275220,276365]
[535,153,19186,18395]
[536,245,29691,29514]
[537,146,655668,656690]
[538,31,357127,356823]
[539,107,202697,202439]
[540,142,209003,210282]
[541,37,206026,204757]
[542,57,595270,594565]
[543,208,23095,23157]
[544,95,630258,628869]
[545,128,717741,718165]
[546,173,723125,722678]
[547,271,184760,183603]
[548,98,146805,147388]
[549,157,481117,480651]
[550,164,566020,566147]
[551,148,544856,544966]
[552,187,513563,513033]
[553,218,509750,510842]
[554,260,195975,196652]
[555,271,298987,297929]
[556,229,99973,99887]
[557,134,104579,104636]
[558,38,206884,208118]
[559,14,534831,535538]
[560,100,298846,299110]
[561,114,236248,237584]
[562,50,155371,155586]
[563,178,228554,229753]
[564,8,362534,363703]
[565,141,159117,157753]
[566,204,356242,357073]
[567,184,394483,394740]
[568,198,119718,120810]
[569,223,173619,173503]
[570,210,258761,259711]
[571,172,427353,428705]
[572,179,192569,191377]
[573,121,55418,54753]
[574,103,102097,101380]
[575,158,199213,199747]
[576,88,446771,447086]
[577,59,43265,41854]
[578,158,589583,589689]
[579,253,471437,470466]
[580,127,256817,256285]
