["head":"wrap","lpos","status"]
[67,71403,0]
["io count"]
[585]
["io":"id","wrap","startLpos","endLpos"]
[1,218,394429,395143]
[2,227,265919,264843]
[3,60,191588,192199]
[4,32,428488,429824]
[5,40,75244,75572]
[6,113,297703,296391]
[7,52,139784,139821]
[8,258,321940,322183]
[9,187,130648,130584]
[10,88,85094,86514]
[11,65,96773,96339]
[12,56,369073,369174]
[13,206,425976,427131]
[14,269,367026,366713]
[15,222,44239,44704]
[16,228,703400,704777]
[17,35,599864,599076]
[18,35,174564,173722]
[19,258,53192,54679]
[20,44,548874,549775]
[21,3,637217,636273]
[22,138,53812,54919]
[23,101,335516,335244]
[24,144,27039,28420]
[25,198,217727,219007]
[26,99,158971,158077]
[27,12,681238,681480]
[28,51,605177,605138]
[29,257,282816,281365]
[30,225,410014,409127]
[31,117,449207,447738]
[32,279,453829,453432]
[33,80,698622,700119]
[34,275,565172,564640]
[35,20,278147,279090]
[36,237,349932,349499]
[37,124,105705,106073]
[38,49,401168,400392]
[39,122,350206,351403]
[40,183,37849,37596]
[41,141,730607,729711]
[42,172,179424,179628]
[43,142,60997,61921]
[44,20,478121,478263]
[45,158,452062,452537]
[46,257,152141,151628]
[47,81,366456,366309]
[48,145,462501,462016]
[49,14,525503,526053]
[50,92,586270,586951]
[51,52,136297,137175]
[52,138,174736,175312]
[53,263,655157,654643]
[54,219,548364,547088]
[55,81,168642,168036]
[56,199,149797,148598]
[57,28,25806,26142]
[58,247,348078,347998]
[59,37,611382,611125]
[60,269,439970,439548]
[61,132,668396,668592]
[62,133,287866,287185]
[63,264,156346,157774]
[64,165,127417,126533]
[65,224,544973,545910]
[66,271,345773,345221]
[67,259,308281,307966]
[68,99,408720,408334]
[69,15,406738,406394]
[70,127,580283,579244]
[71,148,414375,415226]
[72,145,464752,463683]
[73,199,163405,162212]
[74,146,126038,127076]
[75,65,553496,553398]
[76,78,173457,173621]
[77,85,102526,101474]
[78,125,322382,321457]
[79,226,196343,197360]
[80,257,118413,117328]
[81,38,668142,668222]
[82,104,121181,122383]
[83,154,444954,445139]
[84,45,254248,252797]
[85,166,4167,4477]
[86,64,231132,231365]
[87,172,285259,285369]
[88,206,334413,335264]
[89,183,635592,634777]
[90,263,725552,725101]
[91,34,587690,589080]
[92,138,464092,464836]
[93,127,673351,673013]
[94,122,33,1229]
[95,123,702282,702111]
[96,61,161904,161184]
[97,277,328125,327186]
[98,267,544750,544411]
[99,228,325078,325252]
[100,262,599744,600861]
[101,170,665310,666140]
[102,191,710934,709735]
[103,260,591713,593158]
[104,72,430681,431425]
[105,278,556093,557428]
[106,108,354175,354647]
[107,123,308637,308079]
[108,274,665871,667079]
[109,235,453385,452777]
[110,43,350068,349982]
[111,200,613632,614052]
[112,133,162740,161567]
[113,81,551556,550262]
[114,12,360130,361429]
[115,52,260700,260800]
[116,65,56253,55915]
[117,175,572957,571592]
[118,159,41627,40860]
[119,51,316188,315654]
[120,108,374732,374808]
[121,68,248161,249154]
[122,112,454730,456114]
[123,38,329663,329785]
[124,250,262982,264250]
[125,103,350363,349463]
[126,131,431773,430512]
[127,158,459687,461125]
[128,194,426156,427357]
[129,26,260010,261052]
[130,100,47075,48521]
[131,92,220582,221214]
[132,151,408934,407840]
[133,102,263631,264058]
[134,94,586740,587724]
[135,145,515670,514677]
[136,5,507190,506474]
[137,110,175391,175927]
[138,76,251862,252767]
[139,209,294983,294512]
[140,120,322822,324309]
[141,224,396387,397675]
[142,101,202615,201227]
[143,235,605942,605299]
[144,30,254222,254294]
[145,139,234097,233053]
[146,139,685184,684859]
[147,61,207615,206885]
[148,192,700544,701357]
[149,90,159094,159318]
[150,171,670359,670203]
[151,5,523904,522859]
[152,144,35455,36829]
[153,10,421703,422732]
[154,41,330424,330199]
[155,273,260106,259026]
[156,182,594319,595652]
[157,134,109954,110538]
[158,231,713367,712448]
[159,28,649196,649552]
[160,274,99353,99454]
[161,151,691802,691765]
[162,264,271209,271869]
[163,51,189064,187858]
[164,240,34373,35059]
[165,95,503714,503002]
[166,143,18206,18062]
[167,168,283465,284193]
[168,77,415477,415420]
[169,11,12648,12542]
[170,51,516305,515104]
[171,20,109959,111073]
[172,246,91591,92427]
[173,86,255716,256712]
[174,209,592401,591298]
[175,190,156235,157734]
[176,275,145662,145538]
[177,207,629503,628306]
[178,245,404820,404335]
[179,195,287035,285740]
[180,155,103114,101908]
[181,189,633906,633175]
[182,146,222307,223695]
[183,43,284232,283376]
[184,167,257728,257446]
[185,126,426204,427328]
[186,174,572223,572469]
[187,208,587418,588850]
[188,18,198356,199418]
[189,271,728144,726758]
[190,100,169436,170434]
[191,16,474633,476017]
[192,55,298007,296971]
[193,48,53622,53850]
[194,227,345004,344234]
[195,239,504694,504560]
[196,44,73048,74473]
[197,172,252697,253957]
[198,92,240051,240851]
[199,179,362546,361909]
[200,164,363888,364157]
[201,164,166542,166808]
[202,103,409876,409707]
[203,211,262207,260718]
[204,179,360488,359392]
[205,245,291760,291353]
[206,171,14821,14011]
[207,76,690073,690770]
[208,96,344546,344594]
[209,249,310982,310027]
[210,15,321788,320343]
[211,121,655031,653760]
[212,223,20509,20472]
[213,174,386193,387282]
[214,251,676454,676243]
[215,96,60038,60260]
[216,55,372112,371380]
[217,231,122181,121290]
[218,240,707752,709074]
[219,64,222118,222256]
[220,84,464828,465560]
[221,31,53842,53269]
[222,26,523986,525407]
[223,9,24350,23391]
[224,34,56674,56760]
[225,258,471411,472205]
[226,62,269020,269819]
[227,191,386212,385414]
[228,61,461288,460607]
[229,76,282855,284257]
[230,210,723183,723693]
[231,220,188836,189287]
[232,161,457013,456097]
[233,69,467290,466889]
[234,172,333408,334187]
[235,192,293793,294231]
[236,95,357261,356002]
[237,263,677171,676711]
[238,53,672669,671582]
[239,242,94917,95756]
[240,89,472828,472466]
[241,76,467400,467571]
[242,160,539877,540801]
[243,61,62941,62394]
[244,117,560471,559356]
[245,141,197508,196101]
[246,40,406758,407285]
[247,191,44446,44243]
[248,175,208301,207841]
[249,59,539983,539497]
[250,148,721645,723122]
[251,235,163966,162500]
[252,219,55250,54769]
[253,215,522775,521537]
[254,266,88922,89827]
[255,219,268709,268464]
[256,155,503727,502909]
[257,19,571047,569570]
[258,9,77134,75809]
[259,48,108767,110012]
[260,144,352612,353411]
[261,210,342628,343796]
[262,211,2219,778]
[263,259,486378,485466]
[264,20,387711,388807]
[265,49,22725,21545]
[266,260,650985,652124]
[267,138,591764,592782]
[268,137,150171,148995]
[269,76,298487,299825]
[270,217,252580,251367]
[271,208,167769,168251]
[272,112,290666,291699]
[273,175,394906,393761]
[274,181,80284,80082]
[275,207,145375,144302]
[276,99,716041,715438]
[277,234,596472,597090]
[278,10,340396,340895]
[279,44,72912,73567]
[280,43,658510,658213]
[281,44,326015,327185]
[282,143,448968,448643]
[283,51,225530,225361]
[284,277,6137,5726]
[285,196,655264,656580]
[286,129,325552,325201]
[287,141,484453,484296]
[288,156,465096,466224]
[289,39,417648,416841]
[290,252,141213,141725]
[291,31,63796,63415]
[292,126,42936,43364]
[293,66,681696,682348]
[294,208,444481,445668]
[295,123,626648,626518]
[296,220,77071,78183]
[297,47,172733,172154]
[298,246,405523,405910]
[299,188,547948,548258]
[300,139,349008,348752]
[301,170,725708,726232]
[302,188,542834,542982]
[303,152,240456,240647]
[304,241,266643,266611]
[305,79,496445,495304]
[306,112,536055,537250]
[307,148,359077,359619]
[308,225,559584,558341]
[309,83,249298,248188]
[310,32,360622,361464]
[311,194,547884,548274]
[312,35,26852,26550]
[313,147,450139,450036]
[314,176,450829,451940]
[315,207,705503,704672]
[316,64,341890,343328]
[317,213,319607,319093]
[318,90,230125,231285]
[319,179,387159,386420]
[320,176,455195,455966]
[321,198,515810,516278]
[322,198,420160,421048]
[323,53,221529,220406]
[324,262,525658,526376]
[325,112,437912,438179]
[326,191,307292,306911]
[327,149,371899,370648]
[328,262,326185,327554]
[329,19,484132,482738]
[330,157,284196,283356]
[331,131,228549,228297]
[332,103,550614,549494]
[333,82,113256,114282]
[334,26,188306,189357]
[335,210,360747,361931]
[336,245,544978,544362]
[337,151,354853,353897]
[338,11,403952,402702]
[339,142,668561,669261]
[340,210,234833,235649]
[341,203,330749,329486]
[342,165,596183,595518]
[343,158,33504,34385]
[344,117,86659,85610]
[345,262,604354,605804]
[346,259,434991,434292]
[347,243,627615,626713]
[348,201,44741,43929]
[349,172,544700,545224]
[350,200,219472,219873]
[351,167,486513,486126]
[352,178,431614,433035]
[353,11,85979,85266]
[354,9,508445,507013]
[355,256,471682,472281]
[356,99,25188,24700]
[357,183,378995,378376]
[358,218,21146,21523]
[359,64,725491,726692]
[360,214,47907,48484]
[361,37,193689,193454]
[362,178,569339,570427]
[363,278,252596,253210]
[364,77,58534,58446]
[365,267,350273,349367]
[366,172,219549,219737]
[367,94,276556,276779]
[368,158,642409,643318]
[369,263,10771,10049]
[370,197,463695,462440]
[371,97,47599,47248]
[372,156,289532,289601]
[373,98,293863,295277]
[374,192,249633,250293]
[375,195,205059,203956]
[376,18,411535,412177]
[377,276,281289,281369]
[378,233,194540,193230]
[379,46,719601,721000]
[380,67,83423,82912]
[381,96,156731,157486]
[382,178,219640,220633]
[383,107,253457,252790]
[384,179,521002,520757]
[385,274,110525,110885]
[386,232,272336,272557]
[387,4,295429,296900]
[388,8,671382,672018]
[389,68,368814,369904]
[390,66,80616,81695]
[391,202,30006,31105]
[392,188,427927,428726]
[393,78,221579,221815]
[394,109,265865,265401]
[395,202,662834,663748]
[396,12,528737,530164]
[397,180,517135,517424]
[398,279,686074,684578]
[399,195,491953,491706]
[400,2,155598,156390]
[401,72,316168,317613]
[402,225,597454,596021]
[403,35,337097,336662]
[404,274,99213,100615]
[405,152,79863,80341]
[406,26,232070,232590]
[407,4,730018,730269]
[408,90,176503,177409]
[409,261,548293,547177]
[410,104,241186,241320]
[411,112,514961,515137]
[412,218,284472,284563]
[413,275,118997,118698]
[414,67,107472,106628]
[415,5,492645,492264]
[416,239,146161,144948]
[417,39,461004,459539]
[418,137,719177,717756]
[419,50,196576,197630]
[420,175,327172,327055]
[421,46,374378,374722]
[422,185,383454,382402]
[423,232,165679,166141]
[424,172,509634,509749]
[425,137,460531,460406]
[426,188,333083,333764]
[427,146,720891,721494]
[428,234,199071,199207]
[429,125,645285,644874]
[430,123,448177,447749]
[431,122,616384,617666]
[432,50,538550,539345]
[433,273,46114,45739]
[434,57,203404,202381]
[435,260,268803,269225]
[436,106,551737,551917]
[437,217,611278,610205]
[438,171,142512,142249]
[439,122,229240,230477]
[440,56,544791,545283]
[441,70,31473,32773]
[442,156,428713,429629]
[443,239,527413,526083]
[444,263,480038,479998]
[445,235,508468,507309]
[446,67,114247,112999]
[447,43,102813,102025]
[448,24,95195,95291]
[449,190,58366,58638]
[450,198,276022,276951]
[451,28,342834,344257]
[452,90,390980,391324]
[453,243,119201,119076]
[454,38,545742,546037]
[455,63,309564,308950]
[456,145,343495,343345]
[457,161,378595,378295]
[458,6,362738,363528]
[459,30,47825,49101]
[460,114,322551,323827]
[461,42,261259,262101]
[462,218,719100,720505]
[463,130,417417,418151]
[464,72,335115,335381]
[465,99,540113,539545]
[466,63,514309,513891]
[467,18,444078,445121]
[468,114,292512,292871]
[469,55,263934,263438]
[470,225,522407,522203]
[471,209,344570,344338]
[472,163,322686,321986]
[473,278,154373,154981]
[474,146,108501,109080]
[475,180,96688,96741]
[476,156,619814,620782]
[477,238,528275,529667]
[478,158,453810,454663]
[479,265,401761,400475]
[480,253,377980,376943]
[481,194,98492,99000]
[482,201,523155,522392]
[483,14,37203,37433]
[484,6,344945,345256]
[485,261,664383,663920]
[486,92,262813,264170]
[487,144,241205,242535]
[488,171,264677,263443]
[489,108,621141,622068]
[490,1,726395,725422]
[491,200,532979,533632]
[492,278,706812,707410]
[493,74,248762,249871]
[494,212,88481,89599]
[495,121,185912,185133]
[496,38,324139,325361]
[497,58,624287,625735]
[498,106,575888,576425]
[499,245,271440,271058]
[500,136,152969,153066]
[501,181,487356,486395]
[502,39,293380,292375]
[503,168,29930,30829]
[504,132,435896,437169]
[505,138,581978,583094]
[506,4,303226,303904]
[507,157,545508,544396]
[508,63,453921,453192]
[509,34,293112,293427]
[510,246,599249,600508]
[511,275,381863,381110]
[512,138,416232,416901]
[513,120,634725,635474]
[514,256,708554,709412]
[515,151,17340,17048]
[516,138,178031,179364]
[517,18,122206,123538]
[518,57,511201,510140]
[519,272,424559,425135]
[520,45,222704,222643]
[521,40,646485,646735]
[522,243,113284,113124]
[523,163,53177,52131]
[524,239,56299,55080]
[525,31,32721,31846]
[526,203,709962,709044]
[527,83,291889,291781]
[528,127,578630,577727]
[529,46,694528,695615]
[530,21,400400,400045]
[531,49,506709,505891]
[532,246,427359,428166]
[533,212,137903,138664]
[534,25,698941,698848]
[535,172,522233,522401]
[536,154,587063,588254]
[537,253,24193,23357]
[538,157,16031,14874]
[539,151,347376,346397]
[540,60,552103,553369]
[541,108,101934,103180]
[542,248,520446,521100]
[543,196,168658,169380]
[544,272,190043,190904]
[545,144,594878,595814]
[546,242,687370,688299]
[547,271,678666,678460]
[548,210,91159,92506]
[549,251,329240,328202]
[550,80,244310,244701]
[551,273,730307,729514]
[552,101,287198,286048]
[553,84,181791,182043]
[554,55,211250,210400]
[555,132,9126,9462]
[556,144,138275,139752]
[557,213,491370,490580]
[558,122,266035,266136]
[559,143,702112,702004]
[560,3,637700,636955]
[561,119,297222,296852]
[562,270,251422,251781]
[563,247,276175,275448]
[564,119,120341,120233]
[565,104,102673,103015]
[566,25,697641,696583]
[567,50,20522,21819]
[568,66,605109,605474]
[569,226,692696,693265]
[570,47,442424,441290]
[571,103,101789,100347]
[572,107,550495,549556]
[573,93,696065,695747]
[574,13,478168,477653]
[575,214,9537,10350]
[576,136,545078,545454]
[577,27,618514,618133]
[578,79,382795,381565]
[579,211,313456,312313]
[580,21,678656,677840]
[581,82,413068,413823]
[582,105,711741,711210]
[583,210,389533,389992]
[584,157,492485,492428]
[585,65,648597,648195]
