["head":"wrap","lpos","status"]
[242,707118,1]
["io count"]
[590]
["io":"id","wrap","startLpos","endLpos"]
[1,279,281775,280276]
[2,177,127465,126023]
[3,29,82245,81460]
[4,243,93408,92177]
[5,270,609133,609652]
[6,53,443225,441805]
[7,132,359760,361047]
[8,237,459333,458322]
[9,28,540869,542203]
[10,196,284221,284786]
[11,279,385534,385065]
[12,54,240641,241645]
[13,191,53153,51783]
[14,254,125314,125756]
[15,235,474797,474399]
[16,77,66111,64963]
[17,76,162129,163391]
[18,25,46771,46398]
[19,46,344735,346195]
[20,60,5413,5712]
[21,142,471717,472472]
[22,57,250305,249638]
[23,258,275469,276962]
[24,16,143238,144566]
[25,203,184722,183661]
[26,31,667702,666904]
[27,118,387622,388883]
[28,86,598760,599926]
[29,4,176150,176330]
[30,185,18587,18528]
[31,71,158107,157159]
[32,117,593415,592273]
[33,111,483649,482749]
[34,125,36305,36019]
[35,251,159355,159268]
[36,246,194162,195513]
[37,71,204800,204271]
[38,257,284432,284264]
[39,207,677226,676350]
[40,10,460021,460381]
[41,159,260390,260216]
[42,235,24206,23863]
[43,75,393010,392136]
[44,99,402587,402066]
[45,36,412086,412375]
[46,138,218081,218259]
[47,162,654190,654607]
[48,199,155542,154749]
[49,97,689994,689641]
[50,259,307825,306938]
[51,122,77414,78600]
[52,71,314435,312965]
[53,105,280977,279513]
[54,120,171232,172523]
[55,4,510926,511120]
[56,219,528300,527668]
[57,31,665508,664795]
[58,87,542228,540811]
[59,220,427209,428678]
[60,253,450952,450717]
[61,104,50257,51059]
[62,279,407507,406084]
[63,89,76141,74758]
[64,105,712506,712375]
[65,117,717827,717383]
[66,79,98646,97256]
[67,252,651795,652191]
[68,60,485523,486321]
[69,165,361157,360180]
[70,132,318591,320016]
[71,25,537296,536537]
[72,269,675442,674110]
[73,156,494783,496087]
[74,129,598887,597485]
[75,39,192093,190729]
[76,145,566440,564978]
[77,261,426605,425226]
[78,111,202592,202276]
[79,192,85703,86030]
[80,279,121007,120259]
[81,33,535191,534878]
[82,67,609869,608816]
[83,263,453014,452048]
[84,242,166378,166972]
[85,134,479475,480851]
[86,70,229497,230903]
[87,94,716706,717091]
[88,115,449672,449520]
[89,103,658737,658053]
[90,122,559664,559850]
[91,54,717191,718364]
[92,112,696047,697178]
[93,211,160093,158788]
[94,0,610250,610430]
[95,71,180739,180364]
[96,34,483596,484275]
[97,119,215280,214580]
[98,38,577849,579297]
[99,158,481948,482086]
[100,17,208237,207951]
[101,57,35132,34605]
[102,40,408457,408837]
[103,265,126307,125849]
[104,25,697668,696452]
[105,175,449335,447838]
[106,2,549560,549865]
[107,87,517864,516759]
[108,262,350163,350559]
[109,6,211740,212506]
[110,236,428744,429688]
[111,202,168276,169141]
[112,246,576372,577579]
[113,272,424199,425408]
[114,43,579287,578280]
[115,182,414424,415121]
[116,252,47667,47738]
[117,214,237450,238497]
[118,111,343624,342760]
[119,232,97166,97822]
[120,74,646236,647188]
[121,150,675303,676369]
[122,171,420225,419491]
[123,176,6869,7667]
[124,196,382353,382557]
[125,29,328906,327817]
[126,17,189510,188148]
[127,134,402051,402820]
[128,122,352728,353616]
[129,194,652387,653526]
[130,200,30977,31105]
[131,204,128316,128494]
[132,175,615414,615366]
[133,196,2498,3952]
[134,97,505602,504901]
[135,16,160714,161001]
[136,166,470766,471945]
[137,40,247836,248744]
[138,55,445728,445507]
[139,108,132407,133701]
[140,27,656118,655390]
[141,249,211069,209884]
[142,67,559715,558547]
[143,42,424429,425546]
[144,16,275874,276324]
[145,75,161159,160934]
[146,253,432525,432225]
[147,142,133446,134101]
[148,109,101595,100888]
[149,241,116134,116065]
[150,12,556847,557620]
[151,186,87124,88382]
[152,115,121186,120045]
[153,137,109227,108607]
[154,1,147224,145958]
[155,95,119433,119146]
[156,177,313494,313207]
[157,50,552388,552890]
[158,176,376767,377851]
[159,270,455111,455757]
[160,127,363548,363486]
[161,259,334611,334145]
[162,70,446662,447078]
[163,65,83419,82689]
[164,82,563463,563943]
[165,18,670776,672204]
[166,86,652466,652677]
[167,167,78062,77055]
[168,16,529854,531186]
[169,201,209130,208877]
[170,153,444048,443072]
[171,266,371418,372732]
[172,217,232349,231847]
[173,21,71529,71476]
[174,106,505609,505847]
[175,48,481958,482521]
[176,3,191425,190259]
[177,19,501002,500394]
[178,212,698766,698825]
[179,21,17013,16686]
[180,1,393013,392416]
[181,26,641469,642124]
[182,8,580393,581240]
[183,215,362528,361342]
[184,104,145296,146402]
[185,55,651700,650439]
[186,48,161367,161467]
[187,66,624535,625976]
[188,269,122702,121867]
[189,189,45324,45010]
[190,188,541635,542865]
[191,1,708248,707613]
[192,124,266027,267295]
[193,53,356627,355910]
[194,212,403117,403946]
[195,38,520273,521148]
[196,7,16157,15838]
[197,161,508818,508778]
[198,20,435698,437150]
[199,228,478958,480031]
[200,51,709197,708189]
[201,73,264562,263122]
[202,119,478424,477366]
[203,126,607680,608786]
[204,43,124157,123098]
[205,166,574200,575033]
[206,24,60659,61328]
[207,105,395057,394064]
[208,153,35484,34336]
[209,100,67537,68290]
[210,75,206647,205224]
[211,175,48439,47647]
[212,157,441708,441202]
[213,170,63235,63926]
[214,271,18500,18205]
[215,31,453428,452553]
[216,53,640990,640745]
[217,68,359826,360178]
[218,101,693100,692207]
[219,236,498916,499352]
[220,257,331680,330510]
[221,41,189279,188744]
[222,5,710858,710457]
[223,56,76847,77637]
[224,169,591852,591027]
[225,191,684042,683837]
[226,118,36619,38109]
[227,221,235667,235012]
[228,197,472797,471409]
[229,275,716200,715244]
[230,127,490508,489821]
[231,250,685041,685946]
[232,136,76085,76152]
[233,33,438566,438070]
[234,204,670337,670597]
[235,231,323090,322604]
[236,41,63279,62978]
[237,29,275159,274108]
[238,163,260487,259244]
[239,253,207091,206805]
[240,199,628575,628355]
[241,226,621176,622152]
[242,141,637247,635832]
[243,228,445759,446632]
[244,147,618172,617748]
[245,272,307300,308102]
[246,139,40131,39237]
[247,143,364947,364825]
[248,101,16575,15870]
[249,131,613770,613548]
[250,186,532157,532802]
[251,162,191852,193085]
[252,16,656747,657724]
[253,84,381935,382031]
[254,104,553689,554539]
[255,20,530508,530783]
[256,112,305349,305767]
[257,139,203928,203264]
[258,162,75945,77199]
[259,213,198595,198074]
[260,237,86778,86365]
[261,274,645123,646323]
[262,187,490891,489399]
[263,128,349848,350885]
[264,203,91083,90197]
[265,106,694804,694836]
[266,228,430825,431672]
[267,13,153118,151894]
[268,59,695025,693605]
[269,116,589828,591312]
[270,126,182529,182834]
[271,154,295016,296025]
[272,73,172407,171880]
[273,136,590647,590844]
[274,120,369743,369893]
[275,105,202414,201551]
[276,211,403149,401861]
[277,77,715741,714967]
[278,199,474756,474035]
[279,256,272051,272943]
[280,132,628420,628772]
[281,79,215791,215110]
[282,58,22376,23300]
[283,258,243706,243745]
[284,214,415175,416623]
[285,199,184618,184275]
[286,118,514520,514663]
[287,95,228922,228764]
[288,268,259449,259526]
[289,230,209706,210177]
[290,102,22557,23839]
[291,253,683256,681963]
[292,273,605994,604729]
[293,100,82113,82487]
[294,148,401914,402721]
[295,58,503118,503817]
[296,72,462803,464185]
[297,33,9256,8445]
[298,2,87965,89234]
[299,232,531628,532370]
[300,74,304252,305559]
[301,51,441553,441423]
[302,131,235578,235359]
[303,128,221828,221973]
[304,110,690114,690240]
[305,108,536586,537632]
[306,94,47832,48195]
[307,112,675788,675983]
[308,276,210235,210428]
[309,156,210318,210647]
[310,52,418096,418494]
[311,121,54915,53743]
[312,169,143334,142457]
[313,133,401003,399961]
[314,113,245498,245288]
[315,224,60156,60563]
[316,123,75511,75417]
[317,20,725871,726802]
[318,82,425557,426405]
[319,241,523876,522678]
[320,191,262406,261449]
[321,119,175121,173948]
[322,12,310721,311489]
[323,267,500661,500548]
[324,80,250496,250754]
[325,160,254723,255534]
[326,206,134766,135768]
[327,221,48652,48484]
[328,133,29751,28979]
[329,101,491890,490421]
[330,182,342441,343389]
[331,219,549403,547920]
[332,226,537514,537578]
[333,189,72993,72510]
[334,130,63785,65271]
[335,31,284440,283149]
[336,212,218234,218405]
[337,182,661518,662534]
[338,18,393551,394301]
[339,7,454086,452899]
[340,69,281595,280157]
[341,79,541249,540299]
[342,114,385540,386877]
[343,257,583192,582517]
[344,93,515791,514380]
[345,119,459953,458807]
[346,30,98796,99140]
[347,122,591103,592441]
[348,62,388014,388790]
[349,103,554370,553228]
[350,0,265130,266455]
[351,1,688861,687745]
[352,166,492825,493298]
[353,103,330767,329370]
[354,208,459082,460526]
[355,201,271647,270891]
[356,244,601215,602179]
[357,146,728147,729300]
[358,196,379431,380700]
[359,236,138212,138827]
[360,64,416813,417508]
[361,171,8285,7916]
[362,13,304770,304596]
[363,243,460108,459710]
[364,17,190354,189968]
[365,131,168516,167304]
[366,204,14567,14671]
[367,249,359296,359079]
[368,240,445843,446463]
[369,47,701727,700657]
[370,194,148623,149554]
[371,104,345813,346338]
[372,167,550583,550081]
[373,233,442774,441653]
[374,171,88136,87679]
[375,104,135905,136636]
[376,79,83132,82851]
[377,112,515430,515550]
[378,244,67598,68949]
[379,86,321401,322857]
[380,93,312828,311654]
[381,81,629598,628583]
[382,75,331170,329928]
[383,50,123669,124623]
[384,166,563860,564099]
[385,163,158891,158039]
[386,166,53046,54256]
[387,103,276071,275670]
[388,258,324585,325239]
[389,136,427825,428450]
[390,238,592553,593915]
[391,143,521659,521577]
[392,173,526506,526476]
[393,79,183489,182093]
[394,215,194279,193898]
[395,265,42134,40927]
[396,36,564187,564373]
[397,215,160804,160751]
[398,142,661973,662005]
[399,27,8443,7434]
[400,52,333570,334945]
[401,233,638922,638830]
[402,201,396899,396333]
[403,197,316199,315076]
[404,193,492347,491487]
[405,134,429323,430094]
[406,146,265071,265108]
[407,136,545650,547083]
[408,234,375129,376611]
[409,190,288508,289983]
[410,234,557725,558100]
[411,99,170648,169889]
[412,88,305917,306599]
[413,13,390135,388802]
[414,8,485622,485969]
[415,146,356615,357309]
[416,165,426849,426515]
[417,212,244544,245302]
[418,165,231434,229939]
[419,130,379400,379529]
[420,162,430841,431772]
[421,250,582511,583380]
[422,174,431810,433205]
[423,69,406440,405466]
[424,79,296854,296395]
[425,58,678078,678768]
[426,132,107927,108781]
[427,163,349078,348745]
[428,89,170185,169686]
[429,248,167928,169356]
[430,94,362190,363063]
[431,243,576908,575412]
[432,65,500460,499841]
[433,20,574938,576007]
[434,5,125776,125034]
[435,279,616432,616272]
[436,218,1491,2249]
[437,113,224142,223339]
[438,110,692650,692744]
[439,272,359072,359311]
[440,41,410618,409545]
[441,269,477569,477356]
[442,210,113646,114898]
[443,244,505608,505911]
[444,272,566162,566757]
[445,227,625507,625379]
[446,186,428248,428378]
[447,245,278762,277393]
[448,62,361382,361787]
[449,177,482047,481900]
[450,133,247271,246780]
[451,0,580675,581827]
[452,190,234437,235768]
[453,56,378114,378961]
[454,61,676975,676653]
[455,218,666030,666664]
[456,67,231368,230276]
[457,243,388423,387344]
[458,141,211892,211125]
[459,142,439277,439929]
[460,151,345802,344710]
[461,217,557657,557235]
[462,263,355154,354433]
[463,249,379611,378259]
[464,104,521759,522309]
[465,225,691912,691764]
[466,84,504512,505503]
[467,218,289303,290733]
[468,154,285186,285880]
[469,100,113183,113737]
[470,263,389975,389240]
[471,2,124286,124815]
[472,104,555872,557122]
[473,202,146722,147188]
[474,155,220093,219007]
[475,254,279532,280862]
[476,198,701464,701613]
[477,266,327313,328498]
[478,253,381384,381055]
[479,266,645433,645650]
[480,200,721771,721913]
[481,101,502662,502388]
[482,250,359432,360026]
[483,251,283127,281980]
[484,131,101001,100681]
[485,62,443917,444742]
[486,118,297458,298133]
[487,208,589305,590030]
[488,20,24855,25627]
[489,244,666150,667317]
[490,53,379212,378255]
[491,57,16724,15964]
[492,118,32376,33584]
[493,61,139225,139038]
[494,127,67910,66776]
[495,143,699613,699277]
[496,240,37610,37958]
[497,128,711632,712136]
[498,186,213109,213896]
[499,192,652863,653550]
[500,210,520078,521221]
[501,269,704024,703177]
[502,151,205044,203696]
[503,140,204794,206063]
[504,11,726531,725108]
[505,185,702047,701930]
[506,38,585246,586135]
[507,267,130113,129262]
[508,103,717902,716493]
[509,207,335032,334047]
[510,12,83543,84294]
[511,88,587383,588059]
[512,190,389247,390267]
[513,201,157121,156995]
[514,114,125785,126612]
[515,99,80911,80271]
[516,25,515367,515328]
[517,159,419581,418745]
[518,32,243060,243588]
[519,168,411947,412220]
[520,179,234247,232879]
[521,199,42163,41409]
[522,95,95436,95332]
[523,275,357018,356492]
[524,11,468558,468292]
[525,53,291224,291072]
[526,256,504881,506063]
[527,213,204490,204072]
[528,274,214893,215308]
[529,52,24761,25123]
[530,242,688370,688910]
[531,40,258536,258737]
[532,117,421406,420107]
[533,73,703660,702334]
[534,193,485752,485203]
[535,198,664018,665272]
[536,32,550087,550721]
[537,183,371287,369963]
[538,237,565433,563980]
[539,28,402119,402747]
[540,220,703029,703635]
[541,57,179395,178446]
[542,91,474530,474142]
[543,279,362453,361227]
[544,269,288488,287110]
[545,52,514276,515255]
[546,19,587251,586475]
[547,165,705377,704786]
[548,137,129447,129135]
[549,84,449155,449250]
[550,232,532792,533777]
[551,159,267218,265827]
[552,275,74940,74708]
[553,57,642215,641483]
[554,80,501463,501662]
[555,57,177448,176777]
[556,227,514713,513347]
[557,205,447858,447542]
[558,68,131864,133096]
[559,62,291422,292162]
[560,2,478785,479781]
[561,130,506858,508023]
[562,100,637618,638615]
[563,279,631144,630514]
[564,149,572580,572377]
[565,265,701486,700173]
[566,151,720833,719926]
[567,232,74870,74975]
[568,190,297621,298655]
[569,204,672232,672920]
[570,126,313289,314321]
[571,63,430450,429745]
[572,65,73251,72054]
[573,151,441527,440380]
[574,3,254781,254580]
[575,126,672182,672293]
[576,186,577534,578349]
[577,250,289937,290378]
[578,270,2653,3032]
[579,133,402635,401425]
[580,133,155972,155065]
[581,254,331376,331906]
[582,256,699960,701293]
[583,142,214883,215461]
[584,83,13003,12315]
[585,241,81679,80202]
[586,238,184577,185097]
[587,1,678840,677394]
[588,66,362507,363070]
[589,121,682613,681765]
[590,151,326444,326318]
