["head":"wrap","lpos","status"]
[147,349565,0]
["io count"]
[595]
["io":"id","wrap","startLpos","endLpos"]
[1,205,393751,392929]
[2,31,133950,132702]
[3,34,490397,491633]
[4,241,524793,523472]
[5,211,273864,272547]
[6,173,15802,14810]
[7,36,505701,507192]
[8,267,418447,417983]
[9,155,282366,281724]
[10,49,456771,455481]
[11,258,593315,594018]
[12,28,595807,596933]
[13,178,410218,411200]
[14,54,413102,413278]
[15,247,682830,681386]
[16,41,393259,391888]
[17,125,231582,231217]
[18,86,631495,632094]
[19,272,376027,376337]
[20,156,208364,209163]
[21,199,258078,256760]
[22,64,228992,230037]
[23,256,371744,372038]
[24,119,187107,186952]
[25,126,697704,698843]
[26,77,460971,460011]
[27,176,313970,314691]
[28,253,120674,119361]
[29,138,376790,378136]
[30,157,355295,354287]
[31,3,317791,316464]
[32,132,314633,315200]
[33,26,27500,27888]
[34,210,150111,151270]
[35,214,487944,488136]
[36,150,287087,288249]
[37,270,564247,565512]
[38,113,41158,40216]
[39,19,50637,49769]
[40,68,607748,608623]
[41,148,379751,380789]
[42,76,172112,172499]
[43,14,445535,445601]
[44,52,352281,353417]
[45,59,38842,37375]
[46,49,356248,355806]
[47,153,694388,693903]
[48,261,31305,30910]
[49,277,278042,276878]
[50,263,44621,44220]
[51,146,107247,107481]
[52,101,579091,578512]
[53,208,725286,726159]
[54,237,84408,84339]
[55,13,90371,89608]
[56,170,569045,569307]
[57,11,49710,49638]
[58,172,407809,409074]
[59,238,579844,580389]
[60,105,454247,453332]
[61,59,318108,317196]
[62,95,307630,306278]
[63,84,55727,55770]
[64,10,407883,409219]
[65,101,640664,639908]
[66,4,424045,424520]
[67,184,48934,49194]
[68,94,675161,675290]
[69,203,177573,176774]
[70,25,647757,647333]
[71,48,570233,570323]
[72,189,384389,383872]
[73,234,354753,355953]
[74,114,401713,403045]
[75,28,387434,387884]
[76,173,677521,676851]
[77,161,95713,94974]
[78,127,129596,128305]
[79,15,584601,583544]
[80,160,700069,700680]
[81,114,335336,336137]
[82,232,303090,304375]
[83,3,6179,4771]
[84,147,22950,22116]
[85,154,359379,360445]
[86,260,269016,270258]
[87,163,489515,489467]
[88,202,671076,671785]
[89,232,595260,596471]
[90,183,81412,80969]
[91,29,689981,689730]
[92,233,605174,604691]
[93,35,152279,151385]
[94,182,620010,621183]
[95,31,328548,328227]
[96,230,463411,464911]
[97,128,286980,287555]
[98,11,692520,691607]
[99,275,713838,713606]
[100,215,137369,135930]
[101,157,81678,80579]
[102,26,262592,263455]
[103,5,549096,548172]
[104,264,85249,85697]
[105,60,104190,105143]
[106,34,308975,309233]
[107,156,704232,704689]
[108,96,429988,430934]
[109,2,167343,167599]
[110,39,642795,641916]
[111,2,518857,519159]
[112,249,329220,329171]
[113,62,346561,347004]
[114,201,704604,704392]
[115,275,715275,715168]
[116,252,216167,216940]
[117,56,585193,585436]
[118,234,420092,421348]
[119,43,647889,647784]
[120,244,501513,502398]
[121,232,318606,319219]
[122,55,263475,263265]
[123,100,30812,32265]
[124,236,406394,406715]
[125,200,173529,174601]
[126,205,393676,393252]
[127,205,595382,595277]
[128,145,115510,114147]
[129,278,645967,646316]
[130,78,377517,377876]
[131,86,445783,445949]
[132,132,463304,463389]
[133,44,275304,276687]
[134,240,622667,623486]
[135,183,6435,5171]
[136,11,592165,590871]
[137,6,538407,538627]
[138,28,721269,721621]
[139,218,567192,568254]
[140,124,415811,416923]
[141,125,254400,253914]
[142,235,466511,466133]
[143,98,222405,222508]
[144,200,484038,484572]
[145,213,440226,440024]
[146,277,714979,714737]
[147,170,411867,412628]
[148,33,522127,521037]
[149,262,155114,156401]
[150,35,414060,413352]
[151,223,707641,706979]
[152,3,299543,298460]
[153,166,9538,9601]
[154,208,127000,128147]
[155,123,726572,725848]
[156,216,177100,178132]
[157,192,251658,251802]
[158,174,458239,458641]
[159,194,665399,666436]
[160,71,639818,638433]
[161,129,576339,575096]
[162,88,531470,531650]
[163,67,516411,516107]
[164,245,713760,713433]
[165,166,197117,197653]
[166,179,428928,428138]
[167,47,255622,254810]
[168,228,163762,164206]
[169,250,294577,295194]
[170,31,498835,497834]
[171,72,124922,125228]
[172,167,228267,227498]
[173,175,177586,177252]
[174,114,284327,284691]
[175,222,283198,283428]
[176,130,35765,35820]
[177,115,412900,412829]
[178,170,385055,385113]
[179,259,665302,664861]
[180,89,455116,453665]
[181,149,382318,381268]
[182,279,240852,240344]
[183,171,443114,442383]
[184,14,292805,293635]
[185,260,371110,371856]
[186,209,459551,459152]
[187,111,340626,340005]
[188,40,664165,664478]
[189,64,197859,198469]
[190,176,608496,609861]
[191,186,453156,454340]
[192,272,256238,256974]
[193,227,352085,351572]
[194,167,91563,91528]
[195,164,602624,604007]
[196,147,441855,441138]
[197,265,323084,322411]
[198,241,199179,198440]
[199,75,450855,449589]
[200,116,243985,245365]
[201,130,384167,385462]
[202,26,398242,399147]
[203,190,422583,422707]
[204,271,630961,629485]
[205,202,656595,657132]
[206,187,527899,527676]
[207,268,218585,219172]
[208,171,725539,725438]
[209,120,233193,233459]
[210,209,93905,92547]
[211,36,551069,552081]
[212,246,306293,307122]
[213,111,310364,310282]
[214,95,202358,202127]
[215,34,143742,144471]
[216,0,133936,135045]
[217,108,375161,375439]
[218,138,470728,472027]
[219,48,468639,468817]
[220,245,72383,71694]
[221,272,660059,660586]
[222,184,65529,66921]
[223,202,305325,305591]
[224,184,239144,239587]
[225,92,655941,656031]
[226,57,248979,248816]
[227,240,74133,75168]
[228,75,449906,448475]
[229,168,595658,596810]
[230,78,157353,158644]
[231,0,169187,170048]
[232,128,77437,78018]
[233,272,54904,55248]
[234,72,503550,503647]
[235,1,342526,341083]
[236,236,31888,32561]
[237,267,276967,276529]
[238,171,426871,426574]
[239,194,255331,256016]
[240,216,491363,492553]
[241,38,723378,724495]
[242,24,536464,537064]
[243,67,695687,695140]
[244,279,654348,653819]
[245,119,433784,432620]
[246,177,109498,109323]
[247,17,214536,213504]
[248,209,294856,294177]
[249,147,173893,173063]
[250,138,667424,668776]
[251,111,159721,158985]
[252,177,250677,250305]
[253,55,95370,94261]
[254,243,357026,356454]
[255,37,71646,70288]
[256,146,564323,564957]
[257,47,7239,5868]
[258,278,231627,232949]
[259,110,330238,331320]
[260,169,404444,403914]
[261,67,418058,417172]
[262,119,153224,152147]
[263,64,594240,594338]
[264,154,343995,344413]
[265,53,126039,125307]
[266,174,376666,378147]
[267,100,217585,218989]
[268,124,79337,79870]
[269,59,102352,101768]
[270,279,261523,260126]
[271,124,329063,329259]
[272,267,668691,667362]
[273,201,157418,156749]
[274,121,199146,199010]
[275,110,209014,210259]
[276,266,541576,542982]
[277,138,517295,518501]
[278,53,576085,574999]
[279,87,719582,719377]
[280,265,369581,368112]
[281,67,304241,302879]
[282,107,697148,696238]
[283,64,719778,721040]
[284,196,723280,723318]
[285,199,552293,551274]
[286,91,584617,584098]
[287,181,432581,431822]
[288,73,252788,252648]
[289,43,215289,213926]
[290,51,492686,492612]
[291,64,444522,445751]
[292,177,321094,320554]
[293,102,332150,333223]
[294,217,705072,704080]
[295,41,478165,476880]
[296,66,574452,574988]
[297,54,686804,687815]
[298,122,724734,725772]
[299,267,233448,232913]
[300,3,229583,228250]
[301,107,448361,447477]
[302,70,369768,371085]
[303,11,288787,287906]
[304,171,670985,669614]
[305,230,132572,132675]
[306,247,572412,571814]
[307,92,126331,127462]
[308,81,601703,601577]
[309,63,318228,317817]
[310,102,351482,352731]
[311,11,15918,14641]
[312,25,369861,368878]
[313,191,383354,382887]
[314,195,686536,685373]
[315,233,330151,329735]
[316,123,491261,490087]
[317,176,382213,382959]
[318,179,654873,654308]
[319,69,261655,260588]
[320,35,544853,544459]
[321,183,133116,132532]
[322,148,578835,579021]
[323,162,502341,502843]
[324,243,48977,47946]
[325,189,528326,526862]
[326,262,164310,164912]
[327,243,184416,183285]
[328,250,644596,645562]
[329,78,20829,21568]
[330,68,361985,362830]
[331,42,132949,133666]
[332,163,366172,365869]
[333,108,502635,502891]
[334,230,546572,547338]
[335,136,537664,537821]
[336,204,484701,485559]
[337,271,461086,459981]
[338,52,312640,313238]
[339,90,218752,218990]
[340,235,606670,605737]
[341,32,372723,373065]
[342,262,463815,464180]
[343,28,619384,619447]
[344,139,300994,300367]
[345,62,657184,657222]
[346,234,75808,76872]
[347,31,545632,544729]
[348,275,207955,206966]
[349,45,432714,432194]
[350,23,558278,557598]
[351,183,92211,91450]
[352,169,677762,677521]
[353,107,537158,535780]
[354,46,91719,92875]
[355,109,164839,163899]
[356,264,297615,298179]
[357,251,155957,154959]
[358,59,212756,211288]
[359,238,677500,677917]
[360,87,358942,357815]
[361,18,220025,220338]
[362,168,353955,355398]
[363,54,382767,384017]
[364,52,139615,140074]
[365,271,548949,547570]
[366,227,681489,680761]
[367,153,51564,51334]
[368,64,476956,477092]
[369,180,143892,145375]
[370,18,36919,37299]
[371,209,89425,89117]
[372,89,332439,332205]
[373,128,695245,696571]
[374,155,680244,679315]
[375,257,729864,728838]
[376,279,683734,682276]
[377,244,225135,226538]
[378,134,70228,71059]
[379,20,139798,141221]
[380,220,460994,461351]
[381,181,678829,678358]
[382,162,51803,52273]
[383,103,614741,613479]
[384,126,522990,524163]
[385,201,678629,677962]
[386,256,387485,388877]
[387,89,407154,405833]
[388,152,601877,602969]
[389,152,662500,663114]
[390,135,544376,543527]
[391,8,125357,126665]
[392,212,505644,506441]
[393,18,460084,460661]
[394,246,700617,701671]
[395,106,663560,663901]
[396,114,270918,271531]
[397,130,336649,337665]
[398,279,277117,276148]
[399,137,100373,100212]
[400,257,209835,209703]
[401,153,348761,347997]
[402,131,616113,614688]
[403,240,432258,433374]
[404,96,199877,200217]
[405,226,320020,321391]
[406,270,438043,438490]
[407,34,482281,483565]
[408,147,31043,30520]
[409,258,236315,237645]
[410,216,547212,548200]
[411,76,585063,586380]
[412,218,712463,713380]
[413,214,67937,68814]
[414,85,633272,632204]
[415,64,42200,43148]
[416,231,486954,486016]
[417,86,362348,363020]
[418,166,256199,256510]
[419,106,595920,597114]
[420,205,557529,556563]
[421,96,680291,680591]
[422,225,30683,29819]
[423,247,199690,198784]
[424,269,589373,588743]
[425,230,156996,158465]
[426,234,472295,472392]
[427,112,482467,482995]
[428,200,152003,153207]
[429,204,202517,203616]
[430,102,625626,626954]
[431,151,172832,172398]
[432,158,261503,261999]
[433,107,37475,36529]
[434,104,288893,289699]
[435,131,668822,668304]
[436,180,328672,329998]
[437,109,430304,429259]
[438,45,295949,295327]
[439,42,672399,672456]
[440,96,608640,609626]
[441,173,499059,498229]
[442,109,480388,479915]
[443,198,421063,422157]
[444,270,12306,13136]
[445,175,411666,410742]
[446,101,233924,233137]
[447,263,288260,286867]
[448,142,157001,157356]
[449,38,677603,678447]
[450,112,122412,123791]
[451,38,726060,727081]
[452,222,678454,679936]
[453,198,412761,413620]
[454,162,53712,54631]
[455,122,652371,653706]
[456,241,702844,701820]
[457,239,709820,708541]
[458,87,109917,109024]
[459,2,546189,547414]
[460,172,449870,450444]
[461,85,573076,571971]
[462,103,585992,585057]
[463,118,684252,685669]
[464,20,242678,243903]
[465,255,321528,320826]
[466,183,658444,657158]
[467,270,694227,694657]
[468,177,150271,148880]
[469,198,346479,347231]
[470,201,34644,33308]
[471,227,617985,617079]
[472,121,71157,70676]
[473,132,196037,197385]
[474,216,543048,544150]
[475,110,164740,164994]
[476,183,652737,651714]
[477,162,540824,541517]
[478,77,506922,505967]
[479,115,365820,364872]
[480,174,471068,471393]
[481,120,203592,203657]
[482,97,118681,118380]
[483,209,87983,86603]
[484,182,42407,43352]
[485,8,328494,329563]
[486,81,318109,317880]
[487,229,172760,172687]
[488,233,571763,570383]
[489,158,317083,317237]
[490,130,131066,131777]
[491,1,239063,238690]
[492,109,374910,373743]
[493,14,539278,540431]
[494,15,620991,620208]
[495,75,645934,644830]
[496,216,61108,61334]
[497,79,76507,76061]
[498,2,300387,301113]
[499,81,464527,464114]
[500,62,492092,493392]
[501,223,122534,121514]
[502,169,400280,399476]
[503,263,326936,325766]
[504,216,203391,203623]
[505,53,591278,590711]
[506,76,407649,408675]
[507,147,204655,203600]
[508,159,309020,307548]
[509,172,381935,382757]
[510,4,345178,345656]
[511,189,36170,35544]
[512,51,280273,279142]
[513,60,326969,327076]
[514,128,611008,611798]
[515,236,496218,496762]
[516,117,78325,77121]
[517,165,409530,409305]
[518,190,681159,682247]
[519,74,159346,159971]
[520,149,47705,47379]
[521,209,238547,237833]
[522,37,215894,215117]
[523,173,701164,700935]
[524,167,468104,467443]
[525,147,289770,289709]
[526,249,58011,56880]
[527,119,83822,82689]
[528,123,372794,372578]
[529,265,328944,328782]
[530,59,220060,219019]
[531,104,691549,692972]
[532,28,531130,532039]
[533,173,502309,501833]
[534,160,271640,272773]
[535,111,657470,656262]
[536,158,595168,595247]
[537,229,20383,19012]
[538,181,323791,322562]
[539,246,279804,280004]
[540,241,178014,177587]
[541,45,347512,346817]
[542,255,653719,653127]
[543,116,436927,438206]
[544,263,428038,426826]
[545,107,419983,419297]
[546,130,682914,683904]
[547,158,273558,274529]
[548,70,160692,161553]
[549,36,641177,642358]
[550,57,697033,695718]
[551,243,506781,505887]
[552,28,569892,570549]
[553,97,142883,142010]
[554,127,448354,447642]
[555,236,129950,130462]
[556,225,217524,217310]
[557,219,457844,457110]
[558,200,469332,469938]
[559,120,1119,1563]
[560,251,74249,74138]
[561,213,137452,136291]
[562,138,643058,644076]
[563,19,411974,411086]
[564,66,449129,449163]
[565,258,156517,157304]
[566,271,721752,720349]
[567,96,320901,321733]
[568,161,108037,107528]
[569,243,272441,272077]
[570,277,579143,579030]
[571,11,505085,503905]
[572,34,652922,653854]
[573,113,12403,12148]
[574,276,419448,419606]
[575,205,498178,497143]
[576,122,31999,32714]
[577,276,198120,199305]
[578,233,351196,350755]
[579,218,471069,472388]
[580,73,532628,531761]
[581,163,286530,285285]
[582,159,65875,64917]
[583,193,327284,327195]
[584,78,179265,180163]
[585,116,723297,724323]
[586,206,604828,605209]
[587,144,586872,587944]
[588,239,684019,683074]
[589,187,661126,659981]
[590,109,296195,296050]
[591,211,92629,91973]
[592,34,56927,57038]
[593,104,409874,410482]
[594,37,62771,62071]
[595,25,188964,187483]
