["head":"wrap","lpos","status"]
[8,257244,0]
["io count"]
[60]
["io":"id","wrap","startLpos","endLpos"]
[1,171,189500,188382]
[2,108,147202,147411]
[3,204,107802,108846]
[4,211,230687,229695]
[5,34,652125,653036]
[6,154,220322,221452]
[7,28,369161,370661]
[8,250,312249,313006]
[9,40,682262,683366]
[10,209,491992,491508]
[11,94,726196,727634]
[12,6,187809,188805]
[13,139,671829,670548]
[14,257,509217,509124]
[15,58,5377,5768]
[16,108,358464,358936]
[17,249,95781,94416]
[18,258,461711,462251]
[19,217,492765,492255]
[20,253,266668,265591]
[21,149,310248,309882]
[22,25,34905,34273]
[23,101,474924,474350]
[24,270,411469,411565]
[25,102,217738,219067]
[26,128,283013,283696]
[27,261,253228,252655]
[28,54,222615,223739]
[29,185,79955,79871]
[30,193,604190,602827]
[31,112,706009,706315]
[32,8,44608,45217]
[33,37,127977,127506]
[34,47,449562,449069]
[35,275,77573,76224]
[36,122,723376,723410]
[37,105,615241,614827]
[38,37,581533,580779]
[39,127,346199,345889]
[40,196,697341,697774]
[41,202,555950,556681]
[42,222,488144,488535]
[43,263,38828,37492]
[44,61,282986,282901]
[45,263,208495,208097]
[46,198,191925,192858]
[47,21,584488,583525]
[48,136,208190,208792]
[49,248,296017,296531]
[50,229,259198,258010]
[51,157,561428,559938]
[52,200,433547,434393]
[53,42,80213,80669]
[54,163,480600,479652]
[55,35,218971,218356]
[56,155,550420,549030]
[57,215,160150,158897]
[58,149,409316,407936]
[59,258,82183,83087]
[60,127,698076,697119]
