["head":"wrap","lpos","status"]
[254,104514,1]
["io count"]
[600]
["io":"id","wrap","startLpos","endLpos"]
[1,92,573106,573793]
[2,111,184801,183384]
[3,27,636344,636190]
[4,188,86269,86785]
[5,62,453722,453869]
[6,257,168918,168637]
[7,89,603853,602877]
[8,56,449841,450835]
[9,197,51317,50757]
[10,279,398567,398045]
[11,270,377888,378296]
[12,181,114068,113480]
[13,171,656331,655610]
[14,82,425862,426692]
[15,41,89058,88400]
[16,64,236365,237382]
[17,273,701656,701573]
[18,8,548144,549480]
[19,81,650702,649578]
[20,170,347728,348797]
[21,24,134039,135074]
[22,92,449927,450243]
[23,100,81155,81723]
[24,177,586135,585221]
[25,35,7268,5821]
[26,113,320353,319725]
[27,278,431544,432605]
[28,271,602324,602022]
[29,104,10046,10132]
[30,230,173630,175051]
[31,190,373484,374150]
[32,82,690688,691854]
[33,79,594928,593986]
[34,271,149386,148312]
[35,278,186876,187753]
[36,237,597512,597473]
[37,117,423159,421677]
[38,68,236379,236437]
[39,154,646853,648047]
[40,205,82529,81728]
[41,105,504967,504609]
[42,93,234073,233117]
[43,29,293340,292775]
[44,67,565525,564172]
[45,76,418841,420149]
[46,12,689657,690707]
[47,263,442530,442231]
[48,203,411656,410671]
[49,275,366512,365234]
[50,140,292346,292420]
[51,89,109753,108301]
[52,182,693003,693040]
[53,109,431597,431471]
[54,39,672020,670596]
[55,100,84750,85014]
[56,231,33425,32184]
[57,231,446252,445351]
[58,237,687147,686829]
[59,204,643805,644875]
[60,115,679515,679005]
[61,119,154096,153388]
[62,70,513816,514067]
[63,165,658945,658129]
[64,112,327352,328702]
[65,213,299610,298260]
[66,78,356892,357902]
[67,176,204914,205394]
[68,41,481615,481403]
[69,133,158207,157632]
[70,54,42439,42779]
[71,270,33918,35279]
[72,178,524187,524383]
[73,32,223855,224823]
[74,63,592506,591926]
[75,10,302625,303107]
[76,192,577183,577878]
[77,136,63345,64250]
[78,256,309634,309829]
[79,116,241299,242226]
[80,24,8740,9855]
[81,114,434083,435092]
[82,130,416555,417816]
[83,0,95604,96601]
[84,273,309867,309214]
[85,27,544622,543253]
[86,79,247364,246053]
[87,187,240262,239378]
[88,57,551584,550394]
[89,197,354657,353226]
[90,228,295595,297059]
[91,132,118623,118761]
[92,53,101922,101028]
[93,253,588127,587368]
[94,251,138964,137632]
[95,83,505711,504776]
[96,227,523916,523475]
[97,112,673149,673529]
[98,44,58911,59373]
[99,44,478320,479540]
[100,37,518968,517715]
[101,57,3899,3731]
[102,250,714864,716193]
[103,171,17794,17151]
[104,4,548332,548440]
[105,122,227088,228389]
[106,135,579653,579172]
[107,86,472583,473431]
[108,145,211308,209977]
[109,120,705999,706798]
[110,270,520208,520976]
[111,94,300174,300306]
[112,131,82692,81761]
[113,263,361179,359906]
[114,180,599108,599796]
[115,104,275289,276755]
[116,153,351853,350886]
[117,184,657912,658147]
[118,220,415261,416442]
[119,122,579917,581344]
[120,142,416412,417271]
[121,279,437043,436188]
[122,127,96761,96564]
[123,13,350445,349992]
[124,164,222814,223386]
[125,259,578795,577845]
[126,174,489096,489699]
[127,207,133933,133167]
[128,26,560430,560911]
[129,2,42650,42899]
[130,226,388736,390124]
[131,267,217301,217230]
[132,39,715461,714324]
[133,189,82624,82337]
[134,262,618355,619183]
[135,190,147979,149055]
[136,42,295963,296223]
[137,268,640566,641870]
[138,181,401243,401104]
[139,59,147371,146803]
[140,106,32983,34125]
[141,149,347600,346680]
[142,222,308703,309314]
[143,21,322841,322762]
[144,175,274538,274461]
[145,62,411576,411939]
[146,3,365731,364440]
[147,54,715113,715483]
[148,119,159373,158499]
[149,30,272380,273337]
[150,48,591339,592230]
[151,6,148675,149811]
[152,254,356748,357898]
[153,21,299060,297985]
[154,31,441724,440709]
[155,108,12514,13750]
[156,251,632314,632154]
[157,179,622930,622231]
[158,85,588736,588411]
[159,66,554969,555052]
[160,140,582831,584165]
[161,158,40664,41008]
[162,114,149827,149953]
[163,75,375596,374933]
[164,82,194144,194831]
[165,1,55936,55802]
[166,160,670323,670395]
[167,104,499095,499466]
[168,20,658034,659235]
[169,232,491898,492748]
[170,171,650435,649874]
[171,161,272219,272123]
[172,260,660149,660780]
[173,220,79367,80692]
[174,188,573117,574557]
[175,259,700620,699373]
[176,192,89648,90753]
[177,182,598172,599313]
[178,109,394739,393392]
[179,183,491007,490578]
[180,108,551656,552418]
[181,251,718320,717341]
[182,129,63965,62903]
[183,242,467530,468303]
[184,65,392386,391357]
[185,176,227594,228126]
[186,1,677150,675703]
[187,125,602438,601984]
[188,118,478522,479042]
[189,213,81723,81574]
[190,235,256683,255665]
[191,71,652498,651789]
[192,248,405585,406813]
[193,97,646359,645678]
[194,54,204203,205063]
[195,95,486110,485877]
[196,47,310072,309682]
[197,117,431183,430455]
[198,68,636692,637210]
[199,179,690541,689337]
[200,135,104967,104897]
[201,188,355271,356491]
[202,230,310460,311809]
[203,72,333419,334094]
[204,118,60096,60475]
[205,59,648892,648220]
[206,83,111484,110338]
[207,197,134300,133063]
[208,10,170121,170370]
[209,50,561547,561862]
[210,8,680358,681336]
[211,253,227308,226836]
[212,182,110524,110735]
[213,224,353169,354481]
[214,79,168552,168121]
[215,200,700947,701213]
[216,139,149443,148413]
[217,82,172760,173111]
[218,149,13012,12155]
[219,86,428829,429478]
[220,55,291434,291262]
[221,155,619299,619143]
[222,126,498169,499104]
[223,195,109608,109557]
[224,182,221451,221635]
[225,110,318516,319214]
[226,34,686055,686841]
[227,193,336171,335680]
[228,40,443221,443924]
[229,232,18373,19235]
[230,113,566120,564809]
[231,40,65554,66497]
[232,215,425105,423710]
[233,0,452424,453352]
[234,221,562181,561712]
[235,47,25773,24604]
[236,247,465939,464839]
[237,270,260144,260839]
[238,243,175659,175388]
[239,0,194824,195760]
[240,70,197186,197507]
[241,60,155762,157231]
[242,114,115499,116395]
[243,66,342876,344273]
[244,234,293572,294035]
[245,211,341860,341561]
[246,57,333980,333100]
[247,197,148338,147254]
[248,133,353748,352433]
[249,14,412597,412918]
[250,253,647396,646197]
[251,204,328891,329304]
[252,166,143612,144425]
[253,268,340744,342233]
[254,80,430365,430435]
[255,206,660971,661463]
[256,257,55989,54958]
[257,146,56209,57406]
[258,278,498091,498214]
[259,223,449826,448883]
[260,264,341382,341975]
[261,183,482343,481964]
[262,136,148034,148930]
[263,232,451006,452339]
[264,227,248355,247949]
[265,67,439179,438473]
[266,206,73118,73761]
[267,172,312391,312767]
[268,278,295815,296455]
[269,243,500342,500085]
[270,83,24113,23479]
[271,230,343175,343927]
[272,157,332880,332684]
[273,236,169662,169914]
[274,159,238453,237615]
[275,68,301296,301428]
[276,73,670933,670109]
[277,27,120552,119074]
[278,62,664764,665721]
[279,35,458075,457093]
[280,145,395100,394925]
[281,66,545957,547238]
[282,44,724019,724166]
[283,165,13872,13036]
[284,117,458250,456871]
[285,214,233011,233143]
[286,15,166220,166107]
[287,33,436248,436190]
[288,56,418579,419852]
[289,225,150277,148960]
[290,243,58097,56733]
[291,118,166380,166467]
[292,162,449983,451392]
[293,27,122057,121046]
[294,235,362785,362129]
[295,163,348076,346985]
[296,186,603505,604879]
[297,76,687463,688608]
[298,155,540784,539846]
[299,228,553546,554963]
[300,104,154943,155758]
[301,171,404241,403056]
[302,204,662727,663732]
[303,127,417209,415990]
[304,59,259811,259066]
[305,106,497957,499231]
[306,230,391369,391796]
[307,21,730410,729816]
[308,22,395121,396183]
[309,41,364082,362780]
[310,259,288491,287281]
[311,51,148666,148248]
[312,25,610914,610846]
[313,160,259456,259828]
[314,225,178019,177519]
[315,159,454968,453712]
[316,98,645574,646294]
[317,14,652101,653042]
[318,145,699001,698550]
[319,58,410400,410615]
[320,89,162397,161807]
[321,153,608343,607023]
[322,60,100818,102223]
[323,182,668815,669114]
[324,158,688436,689698]
[325,154,506964,507800]
[326,179,548337,547545]
[327,253,227342,226334]
[328,32,643653,643691]
[329,121,713582,712391]
[330,271,593456,592953]
[331,63,601298,601144]
[332,9,17701,16646]
[333,246,613315,614407]
[334,38,1261,2043]
[335,151,411479,410738]
[336,14,522581,523191]
[337,48,145695,146663]
[338,263,339267,338384]
[339,272,15189,15550]
[340,227,366845,366420]
[341,181,504819,503940]
[342,248,299132,300422]
[343,145,54324,53420]
[344,41,298978,298057]
[345,233,316845,315619]
[346,8,372949,373591]
[347,99,306345,305044]
[348,1,441825,440484]
[349,160,499225,500357]
[350,251,445203,444345]
[351,251,622578,622340]
[352,195,254064,253458]
[353,26,91921,93055]
[354,224,470458,471007]
[355,45,268374,267950]
[356,87,694246,692812]
[357,174,320663,321876]
[358,64,284815,286207]
[359,81,288979,288439]
[360,258,472243,473090]
[361,214,114038,114714]
[362,51,46718,46555]
[363,194,479063,480559]
[364,160,15434,16189]
[365,40,272652,273459]
[366,170,678589,679439]
[367,234,614697,614894]
[368,24,9029,9458]
[369,140,396923,397751]
[370,98,315076,315617]
[371,273,682120,681612]
[372,22,278950,279212]
[373,44,81716,82724]
[374,230,167939,167974]
[375,97,633883,632473]
[376,83,242893,241528]
[377,123,359750,358902]
[378,207,11809,11438]
[379,221,626521,625605]
[380,196,110118,110357]
[381,50,279849,280257]
[382,221,57722,56390]
[383,63,113878,112547]
[384,131,232549,231082]
[385,220,691226,691745]
[386,175,313181,312833]
[387,89,270720,270363]
[388,30,226851,227904]
[389,216,325919,326480]
[390,253,434411,433188]
[391,86,501191,502234]
[392,97,426818,426766]
[393,61,567148,565958]
[394,218,6862,8338]
[395,215,461600,460200]
[396,86,238931,240404]
[397,225,624549,623866]
[398,132,84917,85425]
[399,147,368587,367356]
[400,15,681454,680175]
[401,260,387013,387169]
[402,159,361870,361572]
[403,237,723548,722328]
[404,53,699428,698869]
[405,219,459035,458984]
[406,96,70518,70642]
[407,150,355527,356083]
[408,250,375415,375457]
[409,47,512144,511238]
[410,228,293096,294526]
[411,220,624504,625505]
[412,10,506220,507387]
[413,119,310762,310001]
[414,127,620701,620310]
[415,45,24181,23251]
[416,113,667387,666842]
[417,55,301610,300606]
[418,185,97248,95936]
[419,5,142442,141402]
[420,19,525613,525260]
[421,33,388771,387680]
[422,92,319311,319967]
[423,242,216117,216751]
[424,248,560845,562089]
[425,7,647149,646394]
[426,193,167451,165969]
[427,162,601658,602556]
[428,185,435152,434251]
[429,185,652040,651555]
[430,274,653015,653241]
[431,185,455870,454575]
[432,239,522365,522087]
[433,47,322876,322252]
[434,117,273114,271874]
[435,38,343355,343885]
[436,253,480435,479517]
[437,223,513526,513396]
[438,151,677415,677015]
[439,264,648949,649647]
[440,37,93645,93541]
[441,85,331467,330178]
[442,7,681840,681427]
[443,177,701221,700515]
[444,179,285062,284079]
[445,122,604465,604758]
[446,199,183035,182183]
[447,132,667287,667637]
[448,212,374488,374730]
[449,137,724530,724500]
[450,193,164153,162674]
[451,56,659206,660407]
[452,247,495807,495242]
[453,133,259843,259217]
[454,20,125524,125789]
[455,94,123865,124132]
[456,83,589729,589064]
[457,214,663654,664714]
[458,55,681969,680757]
[459,118,388557,389404]
[460,197,619385,618823]
[461,52,701285,702128]
[462,249,214948,213520]
[463,195,7833,6461]
[464,107,346241,345280]
[465,33,330640,329492]
[466,221,407700,406644]
[467,165,514672,514107]
[468,37,487740,487584]
[469,244,459917,460330]
[470,216,588493,589096]
[471,83,311594,311146]
[472,218,341091,341783]
[473,137,78264,78104]
[474,20,322086,322940]
[475,232,34555,35610]
[476,148,1567,1914]
[477,32,29910,31189]
[478,35,583999,582611]
[479,169,43133,42208]
[480,134,95176,95279]
[481,177,344255,343572]
[482,16,127289,127387]
[483,102,404407,404568]
[484,132,480917,481092]
[485,219,60257,59055]
[486,255,85322,84420]
[487,207,354340,353434]
[488,274,259239,260687]
[489,147,382150,381080]
[490,225,607950,607563]
[491,242,281329,281991]
[492,69,152700,152077]
[493,62,183926,185257]
[494,199,74347,73002]
[495,210,6891,6978]
[496,176,678802,679666]
[497,88,443568,444895]
[498,106,570990,571422]
[499,240,249606,250520]
[500,168,154161,154643]
[501,151,335203,334902]
[502,229,531792,530297]
[503,163,229419,228659]
[504,68,134860,134953]
[505,249,649777,648793]
[506,83,180009,178512]
[507,250,213217,213504]
[508,143,438594,437473]
[509,245,510467,510371]
[510,6,355807,356858]
[511,266,330982,331362]
[512,61,324965,323655]
[513,38,230758,231674]
[514,194,657000,657095]
[515,181,723763,722468]
[516,133,437087,436219]
[517,173,79876,78701]
[518,10,571145,572546]
[519,37,328591,328048]
[520,234,635936,636334]
[521,137,219924,219241]
[522,222,673476,674829]
[523,4,615478,616003]
[524,15,172855,171655]
[525,134,630903,632047]
[526,144,215543,215627]
[527,176,722854,723557]
[528,161,169764,168817]
[529,157,650825,650114]
[530,8,256104,256873]
[531,229,510498,509693]
[532,184,529978,531029]
[533,235,267184,266578]
[534,122,634003,635205]
[535,89,197626,197185]
[536,70,559086,560534]
[537,258,600240,600421]
[538,239,101051,100337]
[539,184,102877,102908]
[540,10,426594,427593]
[541,240,82132,83319]
[542,206,650230,650938]
[543,55,364919,364688]
[544,166,263889,264548]
[545,190,576359,577522]
[546,142,492898,493687]
[547,22,591175,592512]
[548,143,607232,606090]
[549,7,722722,721678]
[550,38,149158,149368]
[551,57,242912,242316]
[552,22,68251,68865]
[553,156,45089,46174]
[554,127,349802,348874]
[555,196,721699,723127]
[556,105,191651,191412]
[557,175,706464,705732]
[558,179,287631,286890]
[559,13,608785,607400]
[560,151,197446,197232]
[561,213,339038,338992]
[562,182,363824,363922]
[563,258,339010,339277]
[564,239,154170,153425]
[565,11,653964,653389]
[566,24,692188,692427]
[567,110,579341,580558]
[568,42,158443,159814]
[569,236,413528,414413]
[570,180,220599,220953]
[571,136,607898,609054]
[572,221,540246,539372]
[573,122,17588,17855]
[574,235,663316,662023]
[575,85,311622,311275]
[576,127,259131,258066]
[577,113,123990,123552]
[578,99,429403,429196]
[579,2,386985,387027]
[580,123,526838,525909]
[581,145,652558,651818]
[582,232,18296,19381]
[583,193,440705,440053]
[584,79,134391,133264]
[585,142,58352,59839]
[586,147,50676,50479]
[587,8,549847,551252]
[588,274,581515,581706]
[589,163,93125,92886]
[590,11,275258,274605]
[591,219,529701,529135]
[592,203,82575,81160]
[593,178,412246,413599]
[594,61,361141,360344]
[595,224,375562,376357]
[596,56,300853,301085]
[597,86,229883,230616]
[598,183,644641,644483]
[599,239,254175,253825]
[600,229,278729,277712]
