["head":"wrap","lpos","status"]
[117,106871,1]
["io count"]
[605]
["io":"id","wrap","startLpos","endLpos"]
[1,251,205998,204812]
[2,246,640268,640612]
[3,100,231573,233058]
[4,5,99089,98595]
[5,172,48773,48892]
[6,2,136189,136681]
[7,55,64220,63541]
[8,24,647827,648517]
[9,58,200250,201114]
[10,148,193127,193952]
[11,8,724765,725537]
[12,48,620625,621981]
[13,250,454636,454905]
[14,32,403432,404564]
[15,109,20304,19343]
[16,107,636861,636285]
[17,153,282051,280982]
[18,172,371583,371908]
[19,23,30147,29826]
[20,38,458656,459901]
[21,31,701523,700753]
[22,208,610241,610905]
[23,88,340113,341445]
[24,92,625813,627055]
[25,14,73919,75125]
[26,35,188515,187386]
[27,30,689837,689982]
[28,20,144982,146325]
[29,189,76490,75019]
[30,84,80570,80786]
[31,191,523201,523111]
[32,82,74791,74855]
[33,6,341692,342573]
[34,166,623596,624759]
[35,270,711034,711424]
[36,12,500275,501067]
[37,216,296517,297836]
[38,201,207118,205894]
[39,0,369092,369716]
[40,200,511154,512451]
[41,200,367207,367540]
[42,255,708481,707851]
[43,233,117839,116596]
[44,8,486907,487774]
[45,111,483722,483471]
[46,213,558078,556883]
[47,270,352859,354093]
[48,153,369326,367953]
[49,3,571006,570505]
[50,22,219987,220987]
[51,217,416788,416657]
[52,228,590491,590849]
[53,228,443724,444892]
[54,123,716379,716252]
[55,234,269240,269374]
[56,177,630425,630149]
[57,45,583167,582103]
[58,82,184982,185952]
[59,139,166261,165648]
[60,245,610247,609615]
[61,21,488988,488442]
[62,94,104712,104770]
[63,197,75764,75457]
[64,25,402592,402371]
[65,6,29200,29233]
[66,59,301201,301012]
[67,54,700614,700850]
[68,158,641066,641216]
[69,235,302117,300878]
[70,123,290218,290037]
[71,151,489692,488426]
[72,240,553171,554532]
[73,39,166767,165272]
[74,173,259202,258591]
[75,206,211194,212120]
[76,54,130395,131838]
[77,75,648972,648771]
[78,227,506035,504775]
[79,68,63609,64832]
[80,238,413711,414642]
[81,155,576167,576040]
[82,71,492322,492058]
[83,191,573581,573527]
[84,164,351693,352876]
[85,125,624252,623357]
[86,230,227494,227831]
[87,78,176959,177416]
[88,196,96804,97173]
[89,198,298461,298840]
[90,139,32383,32288]
[91,257,229992,229314]
[92,122,690032,690711]
[93,16,175745,176486]
[94,77,518927,517674]
[95,100,602340,602559]
[96,100,101424,102410]
[97,176,576514,577109]
[98,97,586532,585883]
[99,170,519781,520851]
[100,208,359355,359875]
[101,10,491247,492446]
[102,95,338545,338037]
[103,12,151562,151701]
[104,197,473244,473148]
[105,45,252598,251456]
[106,87,199799,199418]
[107,225,430083,428840]
[108,17,653861,653048]
[109,103,198455,197111]
[110,6,455922,457414]
[111,223,511342,510718]
[112,210,399141,400117]
[113,128,34608,35521]
[114,265,76217,74835]
[115,250,13774,15039]
[116,70,305572,306155]
[117,245,659318,659044]
[118,150,119068,119660]
[119,141,33636,33315]
[120,253,436821,435505]
[121,3,333695,333663]
[122,186,339577,340501]
[123,201,729216,728675]
[124,89,333436,333029]
[125,169,25597,25020]
[126,81,429048,427627]
[127,49,120265,120001]
[128,14,510844,511549]
[129,190,473638,474336]
[130,187,554766,554217]
[131,127,81402,80529]
[132,204,501437,501865]
[133,118,186564,187070]
[134,28,109929,111260]
[135,13,710110,709688]
[136,276,341597,342094]
[137,75,50918,49624]
[138,81,571470,570768]
[139,185,226609,225449]
[140,99,313293,312846]
[141,18,107897,109358]
[142,86,418896,420229]
[143,185,6583,5847]
[144,115,314426,313118]
[145,204,465348,466418]
[146,138,662671,663445]
[147,76,101222,102465]
[148,163,717428,716015]
[149,127,457805,457330]
[150,154,134734,134794]
[151,96,569711,570067]
[152,168,565597,566207]
[153,49,24693,23822]
[154,136,627729,628316]
[155,187,268480,267845]
[156,191,457704,456530]
[157,176,681172,681228]
[158,270,142167,143658]
[159,65,510561,510482]
[160,270,365253,365993]
[161,260,387507,388775]
[162,31,571581,571250]
[163,226,569764,571178]
[164,222,583495,584544]
[165,3,68221,67187]
[166,150,571149,572532]
[167,192,677183,677685]
[168,155,153057,152536]
[169,18,321797,322963]
[170,62,188058,188381]
[171,167,193310,191912]
[172,103,575647,574954]
[173,193,197630,196278]
[174,25,344017,343407]
[175,26,300068,300872]
[176,39,721407,720385]
[177,257,521440,521364]
[178,76,336222,336704]
[179,90,114639,114782]
[180,98,329096,329987]
[181,121,136818,136025]
[182,183,651606,651503]
[183,264,474590,474950]
[184,25,551822,550897]
[185,262,551591,552919]
[186,223,23474,22448]
[187,260,724890,725982]
[188,273,3286,2984]
[189,260,354621,355850]
[190,117,121294,120497]
[191,206,204405,204517]
[192,121,575998,575173]
[193,80,456800,457948]
[194,263,102171,102084]
[195,108,369185,370684]
[196,3,124123,123492]
[197,142,101948,102004]
[198,29,427369,425977]
[199,144,152579,153513]
[200,146,541106,541722]
[201,127,165234,164320]
[202,208,291882,293108]
[203,107,403606,402399]
[204,253,370590,369801]
[205,167,708561,708146]
[206,143,209897,209130]
[207,140,426148,426680]
[208,49,322930,322567]
[209,55,577451,576549]
[210,99,697886,697687]
[211,194,376113,377492]
[212,33,648394,647085]
[213,223,230762,229527]
[214,60,160113,161096]
[215,118,316023,316060]
[216,49,410525,409533]
[217,109,353722,353664]
[218,97,446920,446800]
[219,159,482791,481580]
[220,268,90475,90539]
[221,63,522433,522071]
[222,110,558213,558567]
[223,56,396561,397956]
[224,31,173434,172511]
[225,43,312557,312441]
[226,89,6965,6304]
[227,198,384495,384618]
[228,40,374059,374491]
[229,273,77591,76888]
[230,211,360346,359155]
[231,173,18059,17898]
[232,92,729070,729575]
[233,10,429592,430576]
[234,48,278635,278721]
[235,118,459725,460715]
[236,98,621450,622153]
[237,257,401441,400134]
[238,76,197113,197491]
[239,107,726098,724720]
[240,75,431994,430573]
[241,80,629008,630378]
[242,279,347286,345873]
[243,276,331627,332192]
[244,109,18253,17143]
[245,41,154888,153930]
[246,181,399932,398563]
[247,276,422976,424030]
[248,208,71278,71727]
[249,192,205377,206028]
[250,214,335787,336310]
[251,100,231137,231930]
[252,193,563478,562845]
[253,221,691605,690553]
[254,39,145485,144534]
[255,165,309514,308309]
[256,27,420647,419581]
[257,85,129888,129575]
[258,216,428840,429884]
[259,233,630910,630866]
[260,188,128629,128715]
[261,221,256550,256395]
[262,171,443092,441887]
[263,262,387870,388541]
[264,264,129983,131440]
[265,278,94443,95620]
[266,218,198074,199250]
[267,203,290588,290353]
[268,14,388059,389532]
[269,70,179782,180040]
[270,244,498070,498725]
[271,133,144286,143042]
[272,123,396974,395581]
[273,152,150882,150959]
[274,240,399801,400612]
[275,93,522623,522065]
[276,188,220996,221783]
[277,123,457396,456875]
[278,10,109824,110170]
[279,178,335479,336487]
[280,195,49703,48567]
[281,135,339518,338586]
[282,85,502738,502039]
[283,220,426121,427478]
[284,8,454050,454959]
[285,138,48802,48942]
[286,212,616457,617626]
[287,73,279666,278381]
[288,30,350357,351130]
[289,136,169780,170025]
[290,16,98762,99441]
[291,202,22149,22292]
[292,47,270023,269529]
[293,115,658684,658381]
[294,44,82085,82254]
[295,36,353675,353813]
[296,59,280670,280434]
[297,233,647996,647643]
[298,217,52476,52381]
[299,43,280584,279816]
[300,110,245859,245907]
[301,111,66232,64736]
[302,52,47304,47592]
[303,163,259030,257928]
[304,267,374255,373572]
[305,245,61134,60598]
[306,113,153861,153175]
[307,40,715752,716821]
[308,277,390215,389595]
[309,240,693311,694591]
[310,113,79195,79112]
[311,11,557304,556860]
[312,46,689288,690367]
[313,66,384763,385451]
[314,120,569472,569868]
[315,26,422241,423006]
[316,189,373249,372978]
[317,97,18330,18207]
[318,233,496752,495367]
[319,14,720394,721267]
[320,163,607298,607062]
[321,229,285282,283908]
[322,60,388608,389965]
[323,186,154869,156211]
[324,257,57727,57080]
[325,251,445744,445581]
[326,89,536801,536216]
[327,184,421056,421771]
[328,221,284782,283965]
[329,226,496281,496892]
[330,27,488449,487523]
[331,201,209215,208320]
[332,144,19598,20260]
[333,155,67311,67200]
[334,224,359751,361022]
[335,267,228886,228429]
[336,184,219202,220228]
[337,171,264979,264542]
[338,110,288445,288939]
[339,70,178184,179552]
[340,179,550017,549865]
[341,72,400555,400913]
[342,11,417081,416372]
[343,235,241307,240215]
[344,55,573947,573318]
[345,76,456015,456181]
[346,205,512417,511426]
[347,92,685207,686179]
[348,141,417431,416118]
[349,193,144261,143627]
[350,48,317561,317723]
[351,195,608917,608374]
[352,272,219193,219466]
[353,82,468137,469459]
[354,2,585056,586269]
[355,258,103613,103675]
[356,191,155231,155181]
[357,226,482015,483368]
[358,110,392429,393224]
[359,27,669678,669504]
[360,63,212909,211508]
[361,221,114952,114868]
[362,142,642137,643628]
[363,142,536054,537118]
[364,171,337459,336222]
[365,169,181272,181102]
[366,74,490827,492062]
[367,74,234989,236298]
[368,146,535641,535787]
[369,122,529621,530411]
[370,93,635501,634800]
[371,133,408520,408229]
[372,47,717563,716672]
[373,228,511673,512889]
[374,37,707669,706999]
[375,129,358025,356783]
[376,252,311926,313038]
[377,243,353784,352931]
[378,245,328681,327630]
[379,132,396603,397595]
[380,158,601220,601813]
[381,139,313807,312645]
[382,50,185904,187209]
[383,145,196598,195834]
[384,233,508883,507848]
[385,196,345123,345603]
[386,263,296607,295718]
[387,84,599160,600481]
[388,249,432946,432131]
[389,87,226998,225885]
[390,148,456175,457289]
[391,237,698147,697479]
[392,184,159820,160256]
[393,220,11181,12293]
[394,259,248530,248042]
[395,102,154355,155770]
[396,134,597151,598495]
[397,221,216655,216520]
[398,103,428092,427906]
[399,215,239588,239403]
[400,266,206495,206770]
[401,34,618414,618835]
[402,0,363596,363842]
[403,89,697753,696706]
[404,80,705060,705575]
[405,24,283516,284640]
[406,80,555207,555326]
[407,167,474272,473241]
[408,108,581536,582970]
[409,120,126387,127744]
[410,196,185324,186611]
[411,145,367381,367314]
[412,216,613566,614450]
[413,253,386495,386006]
[414,3,585537,584830]
[415,188,272714,273427]
[416,181,438843,437708]
[417,172,456060,457248]
[418,91,213345,212797]
[419,42,265698,266562]
[420,151,90059,88655]
[421,234,84710,85504]
[422,41,399708,399121]
[423,238,556823,558163]
[424,270,48562,49638]
[425,272,287905,289326]
[426,225,452917,451644]
[427,65,413219,411947]
[428,145,662130,661734]
[429,258,480472,481606]
[430,169,533240,532822]
[431,96,228566,229269]
[432,70,679513,680703]
[433,163,517807,517410]
[434,58,153900,154867]
[435,64,51829,52676]
[436,87,466960,466576]
[437,199,599484,598076]
[438,165,293186,292569]
[439,80,703574,704033]
[440,18,111514,112192]
[441,183,508319,508120]
[442,235,134620,133697]
[443,164,224483,225216]
[444,154,717105,717586]
[445,23,332673,332049]
[446,181,661181,661003]
[447,266,364442,364758]
[448,66,160034,161376]
[449,35,141462,140252]
[450,108,618817,618928]
[451,100,128826,129104]
[452,23,390600,389565]
[453,83,261004,260723]
[454,81,309175,308331]
[455,154,457062,457976]
[456,122,476653,478091]
[457,277,514554,514389]
[458,214,318023,318245]
[459,104,569067,569291]
[460,173,205465,204379]
[461,251,695223,694871]
[462,121,103123,102914]
[463,160,234090,235114]
[464,214,683323,684140]
[465,29,323443,322510]
[466,250,110441,110529]
[467,84,162410,163833]
[468,67,351030,350335]
[469,270,679094,679295]
[470,99,53770,52690]
[471,18,477986,478016]
[472,6,505580,506000]
[473,17,221334,220925]
[474,218,401910,402858]
[475,239,728860,727626]
[476,184,393163,394153]
[477,145,587788,586726]
[478,169,364675,364347]
[479,133,609150,607772]
[480,26,405126,406314]
[481,245,664822,664287]
[482,276,586073,586755]
[483,193,158299,158006]
[484,158,704589,705716]
[485,20,575901,576794]
[486,149,235513,234802]
[487,158,335050,335701]
[488,186,178566,179041]
[489,7,106828,106003]
[490,78,80445,81025]
[491,73,627709,626345]
[492,155,55227,55062]
[493,133,297329,296651]
[494,201,207419,206504]
[495,149,664225,663870]
[496,272,611119,611340]
[497,76,161027,161953]
[498,53,256258,255526]
[499,189,293243,292011]
[500,238,577623,578562]
[501,73,259886,259457]
[502,183,397403,396878]
[503,62,400474,400719]
[504,50,230452,231553]
[505,45,493197,493145]
[506,49,628646,628314]
[507,235,73229,71887]
[508,174,576386,577590]
[509,213,112350,110958]
[510,218,455969,456593]
[511,187,110907,110735]
[512,71,725886,725256]
[513,185,128010,127254]
[514,69,244355,242864]
[515,30,455041,456056]
[516,29,257654,256563]
[517,101,693591,692957]
[518,175,130887,129785]
[519,43,339485,338085]
[520,221,19655,19467]
[521,250,580830,581242]
[522,225,94712,93727]
[523,147,462524,461070]
[524,239,595607,594884]
[525,220,294234,294848]
[526,234,722963,723348]
[527,77,691345,690304]
[528,154,473472,473679]
[529,36,269782,270967]
[530,102,21006,21678]
[531,213,559792,559674]
[532,277,8356,7515]
[533,162,278752,279473]
[534,99,141456,140597]
[535,261,21960,20941]
[536,251,688543,687074]
[537,189,860,531]
[538,173,307242,306304]
[539,23,79856,78988]
[540,222,692293,692325]
[541,146,380573,380634]
[542,49,156524,155868]
[543,229,328029,327784]
[544,125,461608,461226]
[545,156,316804,318304]
[546,184,263339,263706]
[547,265,243251,243181]
[548,276,261179,261502]
[549,89,253764,253182]
[550,14,150617,152026]
[551,180,275223,275419]
[552,76,167360,167771]
[553,104,170818,171444]
[554,172,81878,83301]
[555,206,647915,648287]
[556,81,307245,306767]
[557,106,477847,478359]
[558,115,545381,544717]
[559,225,631475,630680]
[560,247,447710,447269]
[561,101,725394,724453]
[562,16,619888,621189]
[563,255,73812,72653]
[564,258,462021,462967]
[565,135,560510,560478]
[566,95,16536,15560]
[567,209,334979,334619]
[568,6,351644,352841]
[569,243,549172,548967]
[570,64,312467,313102]
[571,95,422469,421762]
[572,50,279691,280647]
[573,126,373289,374701]
[574,133,298162,297396]
[575,87,689285,688860]
[576,276,190454,191047]
[577,46,480411,481397]
[578,43,261481,261297]
[579,23,537483,536185]
[580,26,377093,377719]
[581,115,347739,347272]
[582,121,154091,153500]
[583,265,673664,673278]
[584,5,242140,241624]
[585,156,188243,189557]
[586,103,18241,18076]
[587,48,48623,49949]
[588,43,584360,582959]
[589,73,545749,544995]
[590,139,299110,298599]
[591,39,195325,194267]
[592,142,92526,93553]
[593,203,236299,235220]
[594,192,28619,28657]
[595,237,640129,639895]
[596,244,431500,431902]
[597,51,695639,695605]
[598,117,659427,658099]
[599,183,687280,687049]
[600,151,636853,635501]
[601,263,533026,531527]
[602,10,208073,209510]
[603,262,646591,647849]
[604,98,476203,476917]
[605,266,236269,237371]
