["head":"wrap","lpos","status"]
[149,252574,0]
["io count"]
[610]
["io":"id","wrap","startLpos","endLpos"]
[1,194,300070,301298]
[2,29,284908,284310]
[3,39,42362,42211]
[4,207,262260,260818]
[5,222,408712,409224]
[6,129,277390,276638]
[7,134,2133,2428]
[8,147,197544,196961]
[9,47,614064,613800]
[10,84,414962,415336]
[11,269,639664,639537]
[12,268,683305,684233]
[13,8,619768,620499]
[14,59,662480,661147]
[15,2,188861,189664]
[16,236,541169,541382]
[17,152,163087,164367]
[18,35,531881,531034]
[19,231,327859,327562]
[20,194,7339,8592]
[21,255,217960,217167]
[22,268,384029,385232]
[23,177,718109,716735]
[24,272,238683,239648]
[25,212,281457,281994]
[26,199,335607,335574]
[27,103,647554,646866]
[28,3,138260,138029]
[29,258,468850,470303]
[30,239,39419,38980]
[31,50,27478,28914]
[32,222,292156,292286]
[33,62,441234,442210]
[34,90,461905,461951]
[35,275,676185,675031]
[36,184,130733,132173]
[37,182,19442,19756]
[38,253,346061,344671]
[39,23,297340,296387]
[40,212,335609,336972]
[41,184,618301,619180]
[42,139,164270,163723]
[43,126,248985,249305]
[44,278,233381,234125]
[45,27,66917,65487]
[46,139,705790,705218]
[47,94,574179,574592]
[48,154,675101,675646]
[49,236,675096,676152]
[50,47,294951,293955]
[51,190,599700,600716]
[52,69,254432,253419]
[53,173,527413,526902]
[54,152,104511,104695]
[55,127,274933,273836]
[56,186,480981,481361]
[57,47,661940,661356]
[58,267,435326,434343]
[59,252,477657,477806]
[60,132,540191,540427]
[61,165,106834,106154]
[62,16,551566,551772]
[63,154,95031,96505]
[64,236,599686,599853]
[65,176,375254,375973]
[66,122,724607,724811]
[67,159,643910,642574]
[68,147,185264,184693]
[69,268,184849,185479]
[70,112,402731,402773]
[71,205,676885,675773]
[72,84,48642,48879]
[73,164,194232,194960]
[74,155,222026,220857]
[75,165,591436,590228]
[76,43,369621,368299]
[77,49,104441,103460]
[78,60,646327,647565]
[79,193,570963,569521]
[80,118,137137,138428]
[81,126,691552,692025]
[82,44,3930,5309]
[83,195,613948,612630]
[84,31,125994,125880]
[85,199,653026,652176]
[86,113,67407,66115]
[87,32,712217,712685]
[88,175,250932,250902]
[89,37,166802,166674]
[90,124,126324,126934]
[91,159,633574,633485]
[92,152,646824,648124]
[93,131,72398,71925]
[94,100,442540,443870]
[95,35,608942,607836]
[96,107,371498,371101]
[97,28,576485,577620]
[98,269,242025,241369]
[99,169,623229,622978]
[100,218,168179,169002]
[101,121,91402,91186]
[102,89,339936,338982]
[103,223,638419,637114]
[104,124,367591,368196]
[105,24,310885,311692]
[106,246,689249,690394]
[107,81,641669,640948]
[108,259,670392,670346]
[109,8,312553,313990]
[110,32,284573,285332]
[111,62,406842,407704]
[112,30,541284,542366]
[113,81,302774,302210]
[114,124,683157,684203]
[115,119,172852,171374]
[116,177,313485,312076]
[117,71,286810,285694]
[118,156,619293,619935]
[119,206,349826,350435]
[120,217,534845,533352]
[121,159,380821,379565]
[122,251,544442,543724]
[123,56,435785,437236]
[124,183,287911,286866]
[125,222,507082,507164]
[126,159,614161,613634]
[127,122,350524,351002]
[128,158,243058,244121]
[129,141,198160,197328]
[130,24,546243,546906]
[131,237,34952,34520]
[132,115,434709,434422]
[133,5,170564,169564]
[134,228,250191,250936]
[135,278,90249,91009]
[136,206,671122,672497]
[137,184,460021,460713]
[138,257,277498,277175]
[139,202,40914,40986]
[140,205,643028,642532]
[141,157,643506,642769]
[142,70,721059,722141]
[143,3,657619,656280]
[144,153,628804,627532]
[145,6,3461,3772]
[146,64,401932,402771]
[147,78,164541,165382]
[148,190,248312,248629]
[149,14,43152,44258]
[150,207,104655,103264]
[151,22,115812,116630]
[152,46,667593,668920]
[153,28,660943,661784]
[154,156,681155,682154]
[155,155,508716,507584]
[156,273,145891,145552]
[157,83,351291,350712]
[158,278,413350,414581]
[159,241,143735,143015]
[160,135,406529,406398]
[161,99,544055,543166]
[162,92,133551,135001]
[163,232,307739,308595]
[164,50,562997,563254]
[165,199,385048,384280]
[166,22,411524,412466]
[167,192,422185,423008]
[168,239,176011,175269]
[169,19,695488,694235]
[170,109,525501,524253]
[171,76,563758,564076]
[172,121,243659,242756]
[173,162,362424,363739]
[174,199,270633,270007]
[175,6,689724,690868]
[176,84,457593,457882]
[177,174,535144,536496]
[178,166,175950,176342]
[179,195,18292,17261]
[180,56,371562,372758]
[181,172,302942,304325]
[182,10,514560,516011]
[183,111,109795,108617]
[184,279,689796,689196]
[185,235,175877,174649]
[186,80,258597,259086]
[187,9,309404,308905]
[188,106,596505,596708]
[189,194,224190,224574]
[190,71,332117,332012]
[191,83,81302,81144]
[192,48,134343,135103]
[193,39,136056,135810]
[194,99,483387,481983]
[195,251,28626,28135]
[196,153,236063,235954]
[197,86,698769,699776]
[198,198,530643,531187]
[199,115,683053,683020]
[200,125,20800,19668]
[201,76,359668,359878]
[202,36,494621,495489]
[203,241,553373,552488]
[204,274,548126,548826]
[205,278,389857,390921]
[206,183,181934,180525]
[207,99,347891,346671]
[208,129,339987,338635]
[209,62,82353,82551]
[210,140,325535,326262]
[211,250,237938,238682]
[212,256,443872,443975]
[213,123,658139,657404]
[214,47,327610,326817]
[215,180,384647,385208]
[216,186,653008,653462]
[217,77,573162,571809]
[218,232,718932,719236]
[219,60,421344,422038]
[220,162,149615,150233]
[221,184,353959,354233]
[222,264,280672,280984]
[223,171,165136,164357]
[224,115,9351,8947]
[225,237,200023,199036]
[226,125,499515,498867]
[227,173,203048,202526]
[228,175,278028,277165]
[229,72,398200,399232]
[230,11,719863,719340]
[231,88,429665,430339]
[232,100,700026,701011]
[233,65,400945,400860]
[234,131,95097,94834]
[235,45,112473,111131]
[236,77,599554,598344]
[237,269,390944,390205]
[238,68,82005,82959]
[239,24,41252,42465]
[240,50,493538,494853]
[241,131,112986,112445]
[242,133,48992,48842]
[243,249,529791,529231]
[244,106,313475,314729]
[245,95,28656,27460]
[246,16,481252,482169]
[247,105,269671,269219]
[248,22,571726,572573]
[249,227,412376,411280]
[250,212,193588,193652]
[251,31,171744,171199]
[252,87,15415,14123]
[253,238,386548,387976]
[254,260,16486,17981]
[255,102,287032,288049]
[256,260,159987,160946]
[257,67,468963,467954]
[258,9,450420,449689]
[259,105,60054,59837]
[260,243,149895,149479]
[261,67,128779,127379]
[262,247,306712,305559]
[263,131,329135,328978]
[264,21,209592,208806]
[265,64,5023,5280]
[266,143,626684,625928]
[267,166,148010,148424]
[268,186,446069,446362]
[269,144,45960,46122]
[270,157,311889,310999]
[271,160,684626,685275]
[272,86,295488,296888]
[273,190,302810,302930]
[274,67,602071,600689]
[275,211,470706,469944]
[276,97,376910,376428]
[277,56,70098,70759]
[278,79,520840,519473]
[279,180,694530,694595]
[280,29,578070,577907]
[281,265,584976,584876]
[282,220,56763,58118]
[283,278,238020,238883]
[284,252,231107,231459]
[285,55,520382,520238]
[286,80,156474,157703]
[287,254,151687,151720]
[288,55,296547,295547]
[289,123,94169,93271]
[290,210,451203,451309]
[291,213,210821,209541]
[292,153,215694,215273]
[293,13,24483,23739]
[294,173,45425,44829]
[295,205,453544,452599]
[296,267,477719,477516]
[297,181,607452,606594]
[298,224,500435,501914]
[299,69,288055,287658]
[300,68,519418,520057]
[301,248,59901,61394]
[302,256,478016,478646]
[303,244,187723,188742]
[304,199,593644,592486]
[305,28,346188,347188]
[306,72,307847,309161]
[307,166,290572,291690]
[308,263,335888,335175]
[309,261,545760,545617]
[310,175,563700,563342]
[311,36,178258,179751]
[312,173,699333,698983]
[313,221,425379,425036]
[314,143,145723,145089]
[315,200,451835,452397]
[316,215,464284,463240]
[317,104,516687,517948]
[318,90,302436,303261]
[319,29,211841,211147]
[320,41,495025,493717]
[321,139,509480,509008]
[322,134,290543,291917]
[323,201,398770,397352]
[324,81,282425,281955]
[325,134,190768,191536]
[326,244,5811,6120]
[327,214,72081,72866]
[328,15,443448,442386]
[329,165,390547,390199]
[330,268,196913,197253]
[331,44,166440,167285]
[332,235,652307,652264]
[333,48,698473,699658]
[334,123,726289,726013]
[335,132,295596,295759]
[336,75,570572,569421]
[337,210,296736,297401]
[338,10,27587,28457]
[339,261,113858,112908]
[340,253,402626,402088]
[341,205,468274,467257]
[342,165,223028,222117]
[343,106,319940,321160]
[344,123,629225,627767]
[345,193,482783,482379]
[346,273,469424,468583]
[347,137,721795,721737]
[348,51,97100,96743]
[349,98,609945,611050]
[350,155,288668,287473]
[351,278,315,721]
[352,1,78228,77409]
[353,195,513382,512481]
[354,93,297878,297443]
[355,9,449074,448271]
[356,24,295931,296599]
[357,168,586273,586878]
[358,110,556274,557294]
[359,89,688633,688492]
[360,31,445059,444606]
[361,206,59304,59418]
[362,255,442908,441659]
[363,206,325066,325336]
[364,1,151959,151916]
[365,132,615907,617029]
[366,194,428261,428856]
[367,88,645439,646011]
[368,39,183187,182674]
[369,263,230277,228909]
[370,115,257829,256768]
[371,60,579329,580528]
[372,156,541952,542752]
[373,269,286094,286058]
[374,229,195397,194498]
[375,270,142511,143942]
[376,249,386394,385484]
[377,165,44389,44344]
[378,196,383389,384512]
[379,248,9686,10024]
[380,180,436266,436822]
[381,113,186880,186617]
[382,189,26990,25843]
[383,265,310095,308718]
[384,56,271067,271572]
[385,71,490487,489348]
[386,71,486974,486413]
[387,5,455578,454437]
[388,257,449715,448762]
[389,0,314850,315825]
[390,266,104346,105191]
[391,68,700095,700195]
[392,83,169090,168918]
[393,55,383452,382267]
[394,168,499603,500116]
[395,102,632665,633959]
[396,174,290572,291745]
[397,134,569401,569683]
[398,116,439961,441418]
[399,223,554227,553970]
[400,215,439312,438759]
[401,201,645471,643978]
[402,18,11185,11560]
[403,147,177271,176282]
[404,134,413065,413227]
[405,3,382837,381555]
[406,16,570132,571471]
[407,248,7808,8927]
[408,137,443408,442055]
[409,202,209441,210381]
[410,97,666013,665924]
[411,185,602798,601403]
[412,232,347013,347358]
[413,251,442344,442101]
[414,246,222186,222700]
[415,44,367302,368116]
[416,144,225799,226314]
[417,79,725129,724501]
[418,218,276314,277601]
[419,213,560369,560330]
[420,235,627291,627218]
[421,129,107801,107753]
[422,190,49416,50071]
[423,231,19739,19614]
[424,18,107223,108303]
[425,50,387240,388645]
[426,101,526808,526190]
[427,258,107924,108574]
[428,191,227186,227037]
[429,172,574763,576071]
[430,193,144112,143354]
[431,54,665962,667462]
[432,222,15440,16149]
[433,160,42406,43559]
[434,159,449267,448879]
[435,38,310243,310302]
[436,227,503637,503503]
[437,253,132152,131340]
[438,14,443905,444001]
[439,182,619629,620512]
[440,27,273322,273103]
[441,135,129078,128849]
[442,67,391323,390011]
[443,109,253323,252733]
[444,159,198426,198148]
[445,177,123712,123613]
[446,36,181380,182748]
[447,197,131814,131701]
[448,205,298399,298277]
[449,29,449331,448643]
[450,89,715648,714797]
[451,221,442130,441498]
[452,278,518316,519535]
[453,240,157813,159231]
[454,59,350440,349101]
[455,265,166693,165552]
[456,19,531802,530610]
[457,214,84605,85521]
[458,4,485308,485736]
[459,263,453575,452552]
[460,48,362581,363251]
[461,25,18418,18222]
[462,102,132157,132969]
[463,245,701975,700542]
[464,40,655347,656524]
[465,28,690438,690913]
[466,158,669058,669398]
[467,193,209685,209639]
[468,220,286568,287859]
[469,2,369896,370173]
[470,38,400559,401726]
[471,196,619825,620429]
[472,260,99309,99610]
[473,190,461947,461998]
[474,191,494762,494144]
[475,242,422966,424210]
[476,228,557958,558360]
[477,60,317145,318230]
[478,54,36133,36741]
[479,254,436954,437136]
[480,96,17878,18389]
[481,117,677320,676415]
[482,184,233400,234868]
[483,87,712857,712593]
[484,167,450269,449114]
[485,88,125256,126223]
[486,123,37456,36158]
[487,244,393125,394521]
[488,72,648662,649750]
[489,212,207205,207334]
[490,157,503456,503143]
[491,152,274580,275444]
[492,97,512485,511931]
[493,264,184490,185521]
[494,163,527577,526735]
[495,200,68514,68668]
[496,145,663397,662442]
[497,252,369563,369632]
[498,265,194316,192915]
[499,48,465383,465554]
[500,66,522317,523349]
[501,146,375520,376761]
[502,153,459231,459141]
[503,38,265824,266586]
[504,264,616824,618123]
[505,20,423038,424468]
[506,127,42377,42028]
[507,249,98037,96938]
[508,92,579133,579548]
[509,42,644566,644694]
[510,126,540122,541119]
[511,238,52939,53861]
[512,212,207923,209106]
[513,203,549833,549718]
[514,203,575589,574210]
[515,52,119405,120787]
[516,15,270722,269403]
[517,205,588925,587541]
[518,227,433730,432821]
[519,279,47784,47726]
[520,16,244214,245713]
[521,268,565557,566477]
[522,42,590889,591292]
[523,5,598478,598264]
[524,175,230225,229499]
[525,135,321617,320214]
[526,270,208818,210137]
[527,17,716572,715559]
[528,37,298157,297425]
[529,41,249704,248999]
[530,112,511127,512106]
[531,6,569022,570220]
[532,91,292828,292349]
[533,185,291891,290487]
[534,224,561735,562801]
[535,166,397770,398104]
[536,246,276604,276793]
[537,186,533114,533383]
[538,79,89786,89432]
[539,279,51571,51062]
[540,268,320714,322139]
[541,201,204816,203316]
[542,136,58707,59908]
[543,277,718076,717559]
[544,149,157649,157349]
[545,234,79039,79221]
[546,169,357458,356440]
[547,109,101813,101123]
[548,222,473196,473480]
[549,137,47518,46364]
[550,270,26238,27251]
[551,1,250965,249786]
[552,46,551778,552611]
[553,93,583919,582997]
[554,127,179448,178272]
[555,107,670655,670597]
[556,134,348316,349529]
[557,254,718211,718454]
[558,196,338366,338576]
[559,237,453102,452326]
[560,195,88499,87258]
[561,254,466066,466165]
[562,150,661864,662903]
[563,79,658131,656792]
[564,109,38100,36874]
[565,199,643148,641676]
[566,19,84361,84121]
[567,169,611870,611147]
[568,93,153483,152398]
[569,64,444499,445592]
[570,252,93608,94677]
[571,167,368541,367975]
[572,208,690135,691193]
[573,0,368350,369194]
[574,208,183353,184283]
[575,229,441048,439891]
[576,77,454991,454242]
[577,187,56996,56669]
[578,112,145272,145546]
[579,76,318947,320033]
[580,89,5760,5594]
[581,273,111976,111162]
[582,252,421382,421815]
[583,59,582121,580899]
[584,95,457117,456766]
[585,9,612166,610876]
[586,37,340221,339132]
[587,216,155661,156219]
[588,181,1530,837]
[589,154,282255,283674]
[590,186,394340,395573]
[591,114,151068,152381]
[592,48,605742,606993]
[593,105,426544,426327]
[594,275,419940,419137]
[595,163,631547,631050]
[596,162,436933,438232]
[597,104,362791,362939]
[598,126,308835,310035]
[599,228,583995,584603]
[600,211,329289,328257]
[601,14,572316,573480]
[602,214,542021,542574]
[603,190,164262,165309]
[604,42,18130,18698]
[605,85,161505,160897]
[606,91,427433,426586]
[607,254,600551,600627]
[608,65,677617,677172]
[609,96,62139,63207]
[610,148,130600,130869]
