["head":"wrap","lpos","status"]
[253,85684,1]
["io count"]
[615]
["io":"id","wrap","startLpos","endLpos"]
[1,68,531098,532027]
[2,140,580183,581549]
[3,35,396080,395411]
[4,256,161698,162316]
[5,35,464087,463091]
[6,244,200471,201298]
[7,277,219189,218427]
[8,38,394441,394770]
[9,222,588795,589416]
[10,164,409097,409979]
[11,128,211299,211509]
[12,172,619535,620473]
[13,66,43216,43574]
[14,107,105633,104628]
[15,50,408873,409561]
[16,195,403530,402629]
[17,13,115828,115541]
[18,272,97665,98328]
[19,161,26892,25565]
[20,230,186024,186831]
[21,146,336698,337702]
[22,184,419190,420536]
[23,62,427208,427914]
[24,105,342835,342232]
[25,82,616567,616998]
[26,155,25566,24509]
[27,120,351948,352489]
[28,75,689377,689072]
[29,1,552936,552900]
[30,138,122988,123880]
[31,194,674206,675619]
[32,34,400536,400801]
[33,105,288864,287777]
[34,169,604320,603493]
[35,21,405522,405150]
[36,142,271565,272982]
[37,265,125473,124980]
[38,172,162016,162150]
[39,18,677752,678066]
[40,73,332937,331767]
[41,202,236352,237373]
[42,128,575737,576407]
[43,101,394865,393446]
[44,130,697841,698758]
[45,117,80609,79738]
[46,176,433260,433445]
[47,45,93040,92335]
[48,52,183044,183618]
[49,83,76689,76424]
[50,54,662505,663519]
[51,164,258342,258444]
[52,113,94122,92753]
[53,212,190065,191467]
[54,7,522059,521973]
[55,84,378184,378751]
[56,177,487893,486437]
[57,65,17544,17316]
[58,253,724833,724299]
[59,146,292213,292515]
[60,36,289436,290177]
[61,6,381667,382770]
[62,47,163399,163073]
[63,7,458504,457984]
[64,32,604710,605473]
[65,106,442521,443505]
[66,48,486816,487712]
[67,147,112282,112076]
[68,110,364793,365050]
[69,150,312835,314168]
[70,227,68350,68271]
[71,42,700386,701134]
[72,15,377615,376273]
[73,116,568598,569605]
[74,273,120135,119962]
[75,170,187386,187466]
[76,275,134664,133853]
[77,128,638405,639760]
[78,244,167676,168390]
[79,59,170661,169721]
[80,180,8811,10002]
[81,214,713749,714742]
[82,244,282171,282419]
[83,58,169344,170831]
[84,257,273540,273414]
[85,146,496359,497592]
[86,166,233466,234485]
[87,71,308866,308187]
[88,33,432387,431699]
[89,125,265689,264516]
[90,14,464259,465086]
[91,205,84804,83972]
[92,97,105841,105656]
[93,152,195185,195216]
[94,244,481288,481334]
[95,247,219258,218023]
[96,64,249611,250138]
[97,261,135989,134904]
[98,138,196478,196663]
[99,158,655878,656862]
[100,275,408847,407523]
[101,195,689179,688637]
[102,83,619146,618724]
[103,34,346894,348082]
[104,201,677673,676575]
[105,26,320328,321566]
[106,84,218701,219562]
[107,243,255977,255461]
[108,123,219824,219254]
[109,6,392106,393178]
[110,110,175831,176131]
[111,5,729937,728916]
[112,90,457385,457648]
[113,104,716429,717096]
[114,223,246274,245764]
[115,219,321668,321507]
[116,90,702231,702265]
[117,45,457807,456711]
[118,175,642658,642129]
[119,181,340775,339365]
[120,88,157182,158607]
[121,145,630271,629310]
[122,44,232429,233929]
[123,53,607340,606474]
[124,75,568559,568210]
[125,132,291899,292370]
[126,210,532396,532481]
[127,69,683259,683067]
[128,1,534159,533469]
[129,44,518509,519867]
[130,198,716640,717873]
[131,164,222333,223472]
[132,68,573482,573633]
[133,76,410261,410436]
[134,77,559806,558369]
[135,180,253464,254794]
[136,142,263213,264026]
[137,114,660124,661583]
[138,184,720631,721250]
[139,131,410544,410022]
[140,12,531151,532290]
[141,18,652969,653458]
[142,93,642646,642067]
[143,135,373576,372341]
[144,29,241443,240622]
[145,127,339271,338559]
[146,231,472818,471843]
[147,200,625234,625305]
[148,250,688778,689877]
[149,242,355262,355844]
[150,36,149907,150786]
[151,50,355900,356593]
[152,199,618022,617854]
[153,205,246685,245962]
[154,272,203717,204498]
[155,237,395468,394633]
[156,230,252602,253614]
[157,164,75907,77308]
[158,126,590293,591660]
[159,60,473964,475185]
[160,105,458202,457971]
[161,97,482402,481294]
[162,64,611610,612720]
[163,50,119203,120403]
[164,140,220218,220981]
[165,118,252787,253245]
[166,10,561597,561927]
[167,154,243253,244293]
[168,260,314365,315325]
[169,71,229298,227884]
[170,164,670916,671176]
[171,215,318462,317285]
[172,50,103160,103353]
[173,2,521889,523286]
[174,154,443951,444149]
[175,170,470096,470902]
[176,112,35581,35875]
[177,105,166715,165912]
[178,154,631026,631196]
[179,249,613114,612286]
[180,49,682923,682685]
[181,274,483763,484409]
[182,78,429816,431183]
[183,27,451306,450272]
[184,258,504610,505198]
[185,54,478983,480069]
[186,69,623837,622750]
[187,45,462837,462665]
[188,49,122535,122456]
[189,59,223872,223096]
[190,14,343745,344148]
[191,247,262131,261027]
[192,95,654591,654556]
[193,182,474297,475127]
[194,213,138118,136970]
[195,261,498256,496901]
[196,86,271726,272606]
[197,274,413190,413878]
[198,196,250858,251536]
[199,175,207325,206626]
[200,275,137092,136430]
[201,97,95918,94904]
[202,0,727036,727626]
[203,262,67169,68584]
[204,48,618045,619289]
[205,163,679437,679340]
[206,54,407476,408924]
[207,190,519914,521094]
[208,70,212299,212967]
[209,223,45936,45365]
[210,178,38862,38912]
[211,199,366362,365472]
[212,277,90165,88777]
[213,95,221287,220863]
[214,138,164363,164448]
[215,19,688498,687285]
[216,238,666271,667592]
[217,162,94515,94959]
[218,17,681034,679721]
[219,186,276233,276608]
[220,243,552263,550858]
[221,11,355745,355356]
[222,130,243108,243823]
[223,200,306624,307834]
[224,96,285419,286054]
[225,233,44476,43626]
[226,24,648854,650231]
[227,33,310553,309768]
[228,192,104436,105752]
[229,279,215713,215128]
[230,127,611079,610049]
[231,229,243539,243043]
[232,236,24176,25001]
[233,43,596069,595109]
[234,163,89360,88737]
[235,112,569569,570259]
[236,89,141946,140965]
[237,126,495950,496081]
[238,202,584044,584737]
[239,273,647805,647751]
[240,161,261727,260574]
[241,183,84252,83124]
[242,75,343716,342232]
[243,92,85756,86693]
[244,224,291598,293092]
[245,175,626315,625386]
[246,261,608128,607607]
[247,138,654818,656096]
[248,134,447017,447123]
[249,273,676256,675011]
[250,52,609168,610636]
[251,23,413216,412017]
[252,195,613002,612115]
[253,1,75226,73977]
[254,17,512145,511997]
[255,21,397167,396847]
[256,265,124737,123266]
[257,277,252175,252034]
[258,101,137770,136550]
[259,30,719672,720557]
[260,51,230255,229038]
[261,43,452414,451803]
[262,119,187575,186908]
[263,33,170394,169613]
[264,57,681470,680109]
[265,189,257260,256721]
[266,218,24441,25767]
[267,181,143363,143051]
[268,272,80432,81750]
[269,208,393111,394308]
[270,221,527896,526469]
[271,75,336246,336040]
[272,70,682195,682748]
[273,236,287442,288877]
[274,137,650367,650230]
[275,145,529781,528664]
[276,84,237594,238370]
[277,143,447935,447513]
[278,102,223825,224786]
[279,236,267328,268535]
[280,44,594265,595093]
[281,251,140894,140013]
[282,101,76933,76492]
[283,155,199501,198799]
[284,93,297842,297751]
[285,23,90854,90357]
[286,102,510337,510729]
[287,46,178552,179316]
[288,128,450722,451043]
[289,120,613278,613832]
[290,16,377538,377874]
[291,203,601584,600358]
[292,260,279963,280049]
[293,32,446666,448018]
[294,203,667832,666662]
[295,169,629213,628523]
[296,10,429898,430763]
[297,108,213235,214228]
[298,113,698068,697023]
[299,111,454891,454269]
[300,232,599292,599488]
[301,247,612753,611371]
[302,86,531596,532559]
[303,91,343079,342346]
[304,119,183456,183062]
[305,195,453745,453196]
[306,26,133369,134709]
[307,92,383726,385036]
[308,223,117398,116644]
[309,242,403367,403478]
[310,256,250860,251765]
[311,98,309661,309817]
[312,215,727440,726633]
[313,279,406295,405403]
[314,195,530863,529431]
[315,104,457118,457847]
[316,144,714777,715122]
[317,209,329033,328762]
[318,240,705202,705702]
[319,3,425533,424589]
[320,205,26708,25885]
[321,107,685073,683701]
[322,132,278695,279994]
[323,12,722621,722760]
[324,74,104554,104762]
[325,203,503853,502733]
[326,35,668567,668199]
[327,267,258868,257545]
[328,50,83741,85120]
[329,124,12330,13649]
[330,101,402029,401612]
[331,42,182350,183827]
[332,265,353264,352031]
[333,24,328704,329792]
[334,44,335157,335923]
[335,190,615392,615855]
[336,149,115733,115474]
[337,18,118165,119654]
[338,23,240012,238867]
[339,270,97477,97983]
[340,55,404427,403301]
[341,158,243566,244569]
[342,106,297198,297884]
[343,43,233898,232849]
[344,264,71552,71655]
[345,4,401943,402459]
[346,37,319978,319774]
[347,106,63753,64775]
[348,83,646431,645214]
[349,151,703784,702664]
[350,108,103588,104143]
[351,146,28618,28757]
[352,202,114736,115091]
[353,168,187571,187832]
[354,159,12379,11562]
[355,20,293422,294772]
[356,79,271776,270613]
[357,258,121932,123277]
[358,29,483831,483715]
[359,262,195095,195630]
[360,154,249687,250488]
[361,111,474203,473150]
[362,183,38508,37181]
[363,103,717784,716780]
[364,107,609860,609273]
[365,64,128046,128533]
[366,75,543756,543516]
[367,128,176632,177156]
[368,160,457634,457898]
[369,246,190172,191218]
[370,136,557567,558581]
[371,189,287957,286872]
[372,140,31145,31191]
[373,33,380978,379954]
[374,25,97952,97802]
[375,168,704531,704816]
[376,2,694131,695422]
[377,90,645549,646701]
[378,263,163337,163213]
[379,138,537942,538112]
[380,75,111939,110534]
[381,230,591600,592345]
[382,42,627602,627882]
[383,21,321243,319890]
[384,100,183829,184049]
[385,2,146254,146474]
[386,261,240146,239461]
[387,14,631318,632748]
[388,114,21153,22433]
[389,168,593768,595204]
[390,128,570630,570804]
[391,82,382273,382454]
[392,82,331587,331686]
[393,229,148918,147499]
[394,198,556491,557379]
[395,117,8736,7886]
[396,191,553048,551997]
[397,71,152049,150819]
[398,106,75840,76977]
[399,1,133209,132789]
[400,45,665037,664660]
[401,193,387213,385758]
[402,237,9701,8324]
[403,229,46404,45243]
[404,248,508259,508833]
[405,128,588522,588876]
[406,9,361858,360636]
[407,167,663503,662105]
[408,207,653494,652650]
[409,16,150848,151143]
[410,259,652322,650935]
[411,28,559057,559275]
[412,30,343257,343962]
[413,266,220579,221818]
[414,261,479530,478661]
[415,157,421776,420386]
[416,278,664065,664729]
[417,142,694549,694949]
[418,150,154330,155617]
[419,40,344659,346106]
[420,63,149186,149071]
[421,79,116542,116358]
[422,122,675407,675929]
[423,10,37371,38052]
[424,75,692744,691322]
[425,65,250350,249276]
[426,163,459102,458049]
[427,161,621173,621063]
[428,123,716507,715153]
[429,45,605475,605337]
[430,236,556673,557092]
[431,22,381028,381210]
[432,103,410098,409758]
[433,36,43682,44888]
[434,157,687920,686713]
[435,140,206879,207868]
[436,7,155940,155659]
[437,184,137679,139032]
[438,16,681149,681451]
[439,158,444585,445657]
[440,263,426575,426430]
[441,208,53252,54351]
[442,196,212719,212998]
[443,77,397870,396504]
[444,55,269833,269302]
[445,142,455420,455869]
[446,266,73640,74804]
[447,95,134112,132950]
[448,44,366253,367457]
[449,260,10701,11426]
[450,123,721665,720700]
[451,267,642662,641414]
[452,122,696499,696766]
[453,202,129986,130836]
[454,206,7452,7659]
[455,157,633197,632558]
[456,95,191838,190735]
[457,106,376103,376837]
[458,188,382290,382885]
[459,183,388203,387282]
[460,107,170215,169285]
[461,188,363594,365026]
[462,164,631098,632578]
[463,259,551940,551209]
[464,52,55675,56371]
[465,204,171985,173412]
[466,268,658007,659433]
[467,37,296544,296105]
[468,229,267929,267248]
[469,94,298862,299943]
[470,66,615111,615452]
[471,265,254772,253643]
[472,123,429352,428145]
[473,219,287553,286287]
[474,38,206407,206473]
[475,17,245216,244926]
[476,178,722934,723096]
[477,274,176263,177654]
[478,102,542782,543203]
[479,15,240725,239953]
[480,81,527080,526401]
[481,1,254753,253636]
[482,116,156098,157572]
[483,58,490123,491007]
[484,131,286968,286071]
[485,9,714467,713181]
[486,156,260474,260587]
[487,174,370897,371745]
[488,268,3463,4264]
[489,260,63233,63923]
[490,27,714976,713910]
[491,193,279082,277899]
[492,69,2098,654]
[493,243,219138,217810]
[494,39,547170,545704]
[495,257,557530,556083]
[496,95,23933,22433]
[497,198,51507,51858]
[498,269,623651,623030]
[499,186,224185,225383]
[500,253,291699,291552]
[501,16,588654,589316]
[502,212,479945,480088]
[503,39,683842,682818]
[504,227,42312,41529]
[505,213,27789,26840]
[506,259,96121,95616]
[507,143,320746,320465]
[508,131,300468,299731]
[509,165,379745,378906]
[510,42,557739,558913]
[511,82,366224,366659]
[512,66,389615,390337]
[513,169,202577,202242]
[514,108,335428,336189]
[515,279,229012,227945]
[516,56,103734,103843]
[517,51,230772,230714]
[518,177,16671,16425]
[519,189,445017,444291]
[520,18,503366,503637]
[521,168,115138,116312]
[522,94,615726,616979]
[523,51,684611,683158]
[524,54,377396,377432]
[525,76,696092,697405]
[526,272,604481,605629]
[527,21,694255,694007]
[528,142,183354,183394]
[529,203,179844,179054]
[530,166,117018,118342]
[531,88,183593,184655]
[532,205,479599,478188]
[533,217,229827,228802]
[534,40,297883,298883]
[535,101,316082,315144]
[536,239,645962,645129]
[537,167,508284,507552]
[538,184,460998,462109]
[539,172,65011,65345]
[540,217,718260,717232]
[541,136,572152,573103]
[542,261,501731,500531]
[543,50,663779,664773]
[544,228,28411,28881]
[545,265,368159,367806]
[546,152,39409,40251]
[547,158,450497,451084]
[548,257,245108,243673]
[549,260,540961,541905]
[550,103,14564,13299]
[551,156,639927,640041]
[552,183,197687,196873]
[553,68,627001,627046]
[554,135,324730,324431]
[555,219,239368,238298]
[556,7,273184,272550]
[557,245,558597,558485]
[558,271,312179,311521]
[559,155,315391,314256]
[560,236,439881,441302]
[561,137,210143,208963]
[562,158,233055,233348]
[563,56,71532,72525]
[564,93,416169,414885]
[565,96,185537,185586]
[566,77,679956,678680]
[567,206,709057,709385]
[568,177,89280,88579]
[569,271,319826,319686]
[570,50,38963,39641]
[571,52,651234,652377]
[572,220,722422,722629]
[573,218,454524,454809]
[574,259,347618,347387]
[575,100,377051,377119]
[576,233,461362,460956]
[577,265,632625,632582]
[578,278,75351,75899]
[579,161,151713,150506]
[580,129,218668,218071]
[581,16,698053,698084]
[582,128,334785,335847]
[583,116,265845,266819]
[584,255,435987,434990]
[585,179,385050,384620]
[586,172,423837,424533]
[587,172,600630,601008]
[588,197,480127,479521]
[589,279,724553,724377]
[590,163,178870,178333]
[591,165,518239,516829]
[592,81,312941,311938]
[593,166,415948,416503]
[594,104,441514,442783]
[595,29,66143,65146]
[596,8,69632,70884]
[597,62,511936,512856]
[598,274,120013,120189]
[599,256,582557,583947]
[600,24,609184,609691]
[601,11,33274,32973]
[602,51,264754,264085]
[603,122,337754,338360]
[604,33,696548,696423]
[605,58,209259,209706]
[606,24,282110,283466]
[607,73,323906,322899]
[608,237,647846,646505]
[609,1,181433,181200]
[610,232,16697,16950]
[611,16,89689,90309]
[612,245,371955,371325]
[613,109,446019,445594]
[614,62,548136,548366]
[615,255,461963,461407]
