["head":"wrap","lpos","status"]
[272,640247,0]
["io count"]
[620]
["io":"id","wrap","startLpos","endLpos"]
[1,104,57885,59213]
[2,243,261761,260628]
[3,72,270876,271824]
[4,156,636541,637645]
[5,61,158185,157637]
[6,130,179302,179939]
[7,75,62356,62082]
[8,279,703616,702315]
[9,73,360966,360002]
[10,104,566595,566901]
[11,122,649798,649906]
[12,43,470302,469197]
[13,91,52211,51794]
[14,24,463801,464509]
[15,168,587942,588923]
[16,180,565843,567070]
[17,262,665501,666395]
[18,249,595337,594417]
[19,120,83981,84138]
[20,265,28473,28063]
[21,277,452992,451655]
[22,204,41354,42284]
[23,119,623923,622498]
[24,149,287406,286920]
[25,103,109072,108485]
[26,81,477207,476121]
[27,149,106213,106119]
[28,101,363208,362346]
[29,191,486557,486503]
[30,24,650333,650942]
[31,205,174226,173552]
[32,28,627305,627473]
[33,2,534086,534975]
[34,53,726182,725751]
[35,155,101231,100638]
[36,48,623065,623631]
[37,138,340896,341235]
[38,230,390666,391231]
[39,279,139847,138801]
[40,15,204006,203226]
[41,38,82780,82904]
[42,201,432531,431369]
[43,173,318482,317708]
[44,183,172501,171582]
[45,170,450394,451613]
[46,169,361317,360746]
[47,108,391139,391638]
[48,265,364365,362991]
[49,238,517414,517901]
[50,229,195596,194121]
[51,10,552815,552944]
[52,227,118915,118430]
[53,90,68717,68825]
[54,30,236305,236888]
[55,252,54356,55310]
[56,144,561910,562331]
[57,51,9554,8401]
[58,249,413928,413536]
[59,125,597131,596716]
[60,240,602049,602804]
[61,58,94297,95311]
[62,125,706356,705956]
[63,163,552079,551057]
[64,157,516118,515702]
[65,101,129535,128651]
[66,116,104578,106030]
[67,21,275948,275002]
[68,278,216243,217064]
[69,108,317173,318501]
[70,5,608406,607741]
[71,93,68163,67351]
[72,31,222512,221137]
[73,256,616731,617757]
[74,59,690790,689776]
[75,41,474897,474600]
[76,172,375418,375909]
[77,116,158075,158599]
[78,57,73971,72952]
[79,211,546770,546080]
[80,37,468127,466726]
[81,31,7580,6951]
[82,108,296055,297387]
[83,111,528068,527293]
[84,2,483366,483740]
[85,99,398088,397753]
[86,252,56300,57214]
[87,17,118509,117370]
[88,266,531225,531347]
[89,279,531088,530422]
[90,218,337628,338555]
[91,77,181021,180308]
[92,83,279501,278102]
[93,213,678029,677902]
[94,273,415329,414698]
[95,145,644874,643488]
[96,226,129906,131124]
[97,180,668780,669768]
[98,184,461223,462068]
[99,71,685596,684618]
[100,278,409925,410978]
[101,184,11815,13119]
[102,1,222769,221551]
[103,188,488794,490158]
[104,102,72526,73017]
[105,62,644550,644983]
[106,104,624428,624570]
[107,25,2615,1237]
[108,110,320511,320805]
[109,197,259297,257969]
[110,123,425508,424834]
[111,106,193656,194142]
[112,171,78230,77131]
[113,209,331181,330829]
[114,113,415564,414585]
[115,88,52634,53293]
[116,87,546817,546013]
[117,278,59460,59786]
[118,164,100826,100919]
[119,109,54277,54078]
[120,70,693853,693962]
[121,219,131292,130482]
[122,254,190148,191602]
[123,131,162018,160659]
[124,274,475855,476048]
[125,246,4660,5959]
[126,249,55512,54772]
[127,95,460548,459928]
[128,54,123245,123866]
[129,267,433547,432994]
[130,245,498094,497121]
[131,261,137312,135819]
[132,4,7743,7788]
[133,212,164475,165792]
[134,239,379365,379281]
[135,71,21893,21382]
[136,187,2618,1206]
[137,246,667748,667832]
[138,218,531437,532890]
[139,266,103197,103286]
[140,82,404707,406133]
[141,146,627721,628374]
[142,32,387188,388545]
[143,164,227672,228245]
[144,33,685136,684343]
[145,161,320705,319776]
[146,69,70738,70277]
[147,83,164852,164773]
[148,193,120129,120018]
[149,134,196648,197381]
[150,231,429423,427998]
[151,225,53953,53865]
[152,146,495422,495641]
[153,155,31791,31615]
[154,186,373134,373992]
[155,136,297729,298601]
[156,153,693569,692283]
[157,204,138469,139205]
[158,79,162278,161588]
[159,156,52068,53361]
[160,21,370820,369549]
[161,212,611390,611744]
[162,51,368141,367782]
[163,14,305060,305842]
[164,192,450931,451526]
[165,206,307495,308459]
[166,13,694267,693099]
[167,51,262381,262243]
[168,224,329793,330492]
[169,122,2204,2689]
[170,180,324498,325927]
[171,195,243427,242793]
[172,170,717131,718000]
[173,240,698844,700151]
[174,103,296208,294996]
[175,271,630743,630072]
[176,8,496832,498036]
[177,185,643741,643512]
[178,136,91480,91571]
[179,122,645067,646410]
[180,63,438235,437023]
[181,256,577713,578220]
[182,234,48867,48931]
[183,131,715072,714014]
[184,169,603423,603022]
[185,173,223824,223128]
[186,174,345161,345374]
[187,162,497828,498845]
[188,3,139239,137957]
[189,29,480425,479394]
[190,92,388509,388678]
[191,80,444108,445374]
[192,123,8130,6652]
[193,20,26110,26555]
[194,148,184759,185211]
[195,126,357632,358148]
[196,234,697567,697623]
[197,248,526640,528077]
[198,279,77763,76304]
[199,192,426792,427286]
[200,45,217552,216112]
[201,123,359513,358246]
[202,136,474738,476135]
[203,159,155028,154007]
[204,171,340740,340192]
[205,41,723037,722150]
[206,78,94606,95101]
[207,232,594389,595112]
[208,60,68548,69195]
[209,67,305959,304614]
[210,189,388505,388326]
[211,34,521698,522492]
[212,31,89365,88222]
[213,151,557111,555832]
[214,38,335895,336645]
[215,184,224849,225111]
[216,88,296982,297109]
[217,136,243533,244965]
[218,235,665738,664429]
[219,8,586660,587953]
[220,132,677214,678039]
[221,174,534649,535581]
[222,219,533922,532566]
[223,187,395740,395701]
[224,94,300138,300417]
[225,256,334491,335022]
[226,110,302854,304186]
[227,75,551316,550050]
[228,221,402438,401343]
[229,252,39882,40184]
[230,253,341584,341110]
[231,193,483977,482751]
[232,233,246566,245218]
[233,177,312019,310843]
[234,210,713472,714720]
[235,187,496915,495537]
[236,275,90111,90080]
[237,266,540958,541645]
[238,65,664994,664144]
[239,143,263759,263662]
[240,247,558130,556832]
[241,101,124870,123523]
[242,122,39462,40853]
[243,164,332995,333669]
[244,154,498569,500063]
[245,125,369668,369015]
[246,211,188820,187385]
[247,107,729511,729425]
[248,109,131753,130395]
[249,24,64203,64984]
[250,212,179681,179867]
[251,139,576680,576577]
[252,253,446010,445346]
[253,264,545156,545214]
[254,212,20977,22119]
[255,234,227688,228086]
[256,196,397036,398330]
[257,194,656705,656910]
[258,54,432219,433215]
[259,77,571618,571061]
[260,201,448799,448226]
[261,268,172471,173371]
[262,229,471522,470183]
[263,224,532473,533071]
[264,246,350800,351008]
[265,116,15384,16311]
[266,64,502661,503607]
[267,42,372658,373041]
[268,166,564160,564925]
[269,259,71492,70843]
[270,153,45309,44526]
[271,222,391014,391797]
[272,224,141549,142647]
[273,10,119137,119259]
[274,6,718331,719161]
[275,91,643612,642192]
[276,63,580631,579619]
[277,203,252096,251647]
[278,9,174912,174326]
[279,261,104401,103352]
[280,5,154309,153954]
[281,276,388411,389135]
[282,95,295592,294339]
[283,210,209393,210398]
[284,158,549590,550869]
[285,241,621160,619769]
[286,125,702785,702235]
[287,13,564008,563095]
[288,220,549579,550247]
[289,103,252110,250774]
[290,46,566027,566473]
[291,156,113608,114252]
[292,80,543667,544944]
[293,62,129200,129434]
[294,216,61884,61987]
[295,131,101166,100259]
[296,223,544476,544099]
[297,209,9993,9465]
[298,93,460324,460126]
[299,50,326780,328226]
[300,277,199547,198329]
[301,23,114807,114677]
[302,194,415017,415795]
[303,36,113842,114736]
[304,197,632383,631317]
[305,23,229360,228414]
[306,85,651670,651100]
[307,155,612413,611804]
[308,66,264873,264912]
[309,101,670400,669608]
[310,112,706175,706974]
[311,198,28966,29073]
[312,153,276318,275624]
[313,244,464137,464644]
[314,103,79210,78747]
[315,252,563486,563998]
[316,2,26999,27150]
[317,156,537006,537607]
[318,244,152280,152939]
[319,6,136983,137018]
[320,229,115245,113830]
[321,246,548201,548897]
[322,193,425052,424235]
[323,166,648767,648804]
[324,86,222286,222403]
[325,131,713803,713452]
[326,23,89564,88376]
[327,56,153477,154534]
[328,151,265234,263940]
[329,198,549360,550056]
[330,254,357834,358478]
[331,227,530551,530085]
[332,53,212180,212039]
[333,270,672655,673441]
[334,10,495042,495309]
[335,222,236053,237094]
[336,253,522763,521858]
[337,209,665101,664738]
[338,146,168748,169071]
[339,269,149391,148866]
[340,216,135812,136020]
[341,185,156787,156231]
[342,100,244180,244224]
[343,85,681929,681148]
[344,103,40351,39366]
[345,178,360107,360518]
[346,156,255074,255347]
[347,111,724087,723601]
[348,151,173301,172584]
[349,204,293373,293532]
[350,247,84880,84430]
[351,165,307136,306738]
[352,204,627508,628151]
[353,97,620844,620319]
[354,237,686016,684983]
[355,49,399647,398590]
[356,260,633341,634485]
[357,210,488303,488536]
[358,11,675056,674684]
[359,248,451215,451940]
[360,175,118784,117603]
[361,230,128673,129671]
[362,67,253833,252769]
[363,192,617658,617985]
[364,112,97820,98609]
[365,247,639044,638175]
[366,163,120272,119995]
[367,187,512731,512452]
[368,196,578328,578757]
[369,108,350550,350948]
[370,80,675391,676129]
[371,231,517133,516176]
[372,169,283431,283295]
[373,16,7256,7509]
[374,12,466819,467727]
[375,67,553437,551985]
[376,122,518890,520196]
[377,183,686614,685769]
[378,250,338871,339885]
[379,45,707076,706707]
[380,31,351913,350813]
[381,208,407983,408617]
[382,53,551152,550737]
[383,49,633152,633103]
[384,177,250642,250554]
[385,57,437398,437140]
[386,127,436179,435666]
[387,209,228149,227202]
[388,128,133131,133960]
[389,93,9699,8343]
[390,156,300476,301366]
[391,92,30530,30765]
[392,23,37126,36148]
[393,71,267078,266846]
[394,156,280022,280333]
[395,66,608623,609518]
[396,186,426420,426710]
[397,218,1195,1790]
[398,181,158456,158129]
[399,68,381398,381461]
[400,12,126399,127083]
[401,107,482267,481332]
[402,197,475595,475281]
[403,119,664243,663561]
[404,227,532034,531981]
[405,130,251428,251977]
[406,16,641869,642367]
[407,217,131013,130856]
[408,89,550518,550061]
[409,40,722415,722473]
[410,207,649377,649134]
[411,70,8670,9977]
[412,7,602454,601736]
[413,278,702608,703003]
[414,241,712084,711342]
[415,178,608590,609071]
[416,95,477157,476231]
[417,255,480939,480339]
[418,186,135869,137236]
[419,107,493802,493686]
[420,75,504414,503990]
[421,46,143943,144650]
[422,122,516811,517651]
[423,57,303255,303095]
[424,175,440350,439777]
[425,171,74877,73967]
[426,254,429430,430785]
[427,256,249611,251088]
[428,230,596235,597035]
[429,86,332782,333735]
[430,109,671746,670776]
[431,79,289772,288287]
[432,93,283878,282778]
[433,123,390032,389600]
[434,230,478396,478456]
[435,116,211320,211879]
[436,204,117865,118451]
[437,63,480410,479339]
[438,8,68537,69561]
[439,105,603310,602573]
[440,55,487617,487030]
[441,14,722134,722167]
[442,158,38454,38857]
[443,265,605054,603840]
[444,63,441359,441037]
[445,111,59486,58840]
[446,48,407374,407663]
[447,222,113878,114015]
[448,173,487321,486683]
[449,132,368191,369156]
[450,115,270479,269148]
[451,178,253587,254410]
[452,4,42429,43643]
[453,147,366226,365152]
[454,174,172883,173589]
[455,143,343788,343258]
[456,55,184619,183306]
[457,12,513932,515150]
[458,14,533675,534263]
[459,229,658199,657896]
[460,35,728730,728441]
[461,66,64848,65719]
[462,246,462439,462481]
[463,213,619740,618720]
[464,102,104330,104867]
[465,166,280564,280846]
[466,49,535384,535015]
[467,124,535201,535991]
[468,13,158374,157882]
[469,66,331105,331315]
[470,191,15556,14608]
[471,16,37101,37927]
[472,216,127416,128621]
[473,175,473342,473122]
[474,133,353758,353210]
[475,271,715716,715632]
[476,70,359639,360019]
[477,119,437261,436225]
[478,258,616105,616619]
[479,73,727471,726555]
[480,88,249428,250493]
[481,64,28764,29356]
[482,238,267455,268261]
[483,155,557036,556827]
[484,5,596734,596568]
[485,53,39937,39021]
[486,162,211553,212211]
[487,39,138963,138180]
[488,78,121505,122768]
[489,169,46041,45387]
[490,200,126309,127170]
[491,92,553129,554550]
[492,43,7785,6740]
[493,20,337711,337814]
[494,140,450364,451003]
[495,201,296065,295197]
[496,17,202184,201949]
[497,138,278708,278937]
[498,188,678398,678691]
[499,129,539689,539019]
[500,136,349183,350405]
[501,25,547075,546730]
[502,228,552346,553665]
[503,20,457360,458784]
[504,8,339104,340086]
[505,33,214437,214301]
[506,241,116625,116372]
[507,181,548507,548065]
[508,266,406833,407743]
[509,42,435787,436616]
[510,68,451028,451153]
[511,3,617978,617295]
[512,242,286081,287525]
[513,48,223277,224197]
[514,151,400730,399739]
[515,96,704179,704286]
[516,91,408310,407192]
[517,267,164461,163828]
[518,115,301462,301122]
[519,180,30674,31936]
[520,42,274522,275353]
[521,261,317321,316554]
[522,170,134355,135151]
[523,273,710937,709795]
[524,12,658097,659393]
[525,113,172648,172045]
[526,102,317012,317179]
[527,75,171873,171422]
[528,84,364809,365693]
[529,210,218434,219886]
[530,248,539385,540554]
[531,267,422224,420894]
[532,262,34213,35207]
[533,127,216746,215340]
[534,116,658194,659239]
[535,209,481563,481201]
[536,276,144694,145515]
[537,61,391021,390579]
[538,96,21751,21853]
[539,109,590771,590302]
[540,30,233288,234400]
[541,89,156222,155645]
[542,100,500986,501667]
[543,203,191137,190488]
[544,177,26866,25656]
[545,100,535517,536413]
[546,60,414623,415332]
[547,81,486759,486220]
[548,268,163813,164402]
[549,138,552620,554005]
[550,235,352586,351756]
[551,56,629699,630834]
[552,69,54769,54410]
[553,92,21643,21956]
[554,3,354680,353413]
[555,230,497253,498016]
[556,170,268503,268694]
[557,87,122408,121811]
[558,141,261932,260640]
[559,272,337595,338154]
[560,224,564167,564902]
[561,87,505049,504291]
[562,212,15301,16033]
[563,17,478209,477376]
[564,198,302427,303445]
[565,257,466347,465380]
[566,152,549752,550021]
[567,263,578127,577297]
[568,121,268694,267696]
[569,29,644301,644109]
[570,19,337155,336489]
[571,188,215877,216922]
[572,17,327850,326766]
[573,136,682713,683590]
[574,23,192597,191278]
[575,92,366490,367564]
[576,94,92036,93003]
[577,71,184691,184154]
[578,39,568322,567831]
[579,158,605686,606591]
[580,4,617893,618408]
[581,173,492510,491398]
[582,52,357417,358312]
[583,53,460907,460411]
[584,254,724094,725162]
[585,235,234751,233645]
[586,32,554725,555780]
[587,58,161880,163099]
[588,197,129768,129098]
[589,273,424248,423964]
[590,60,592215,592852]
[591,227,175990,174536]
[592,227,403338,402226]
[593,141,654373,653174]
[594,71,425511,424923]
[595,213,612975,612785]
[596,152,483978,484507]
[597,209,337623,336327]
[598,146,518480,518580]
[599,2,381170,382134]
[600,8,27454,27808]
[601,244,519343,520493]
[602,88,583737,584889]
[603,240,327937,328698]
[604,211,710704,710066]
[605,196,585709,585882]
[606,11,687213,686723]
[607,8,497743,497828]
[608,46,316801,316987]
[609,28,316301,317215]
[610,217,715232,714866]
[611,36,241093,241840]
[612,41,620789,620721]
[613,53,155198,153809]
[614,158,312622,313326]
[615,186,13591,13657]
[616,64,8232,9424]
[617,159,15358,14457]
[618,175,636785,636285]
[619,149,52815,52504]
[620,84,369803,370549]
