["head":"wrap","lpos","status"]
[97,23465,1]
["io count"]
[625]
["io":"id","wrap","startLpos","endLpos"]
[1,264,134554,136051]
[2,41,597779,597068]
[3,63,244069,242710]
[4,10,109426,109996]
[5,264,7846,8396]
[6,67,72942,72874]
[7,70,614810,615961]
[8,159,535857,535783]
[9,236,612847,614225]
[10,151,388372,388052]
[11,79,358859,358487]
[12,193,605498,604894]
[13,144,46602,47633]
[14,22,454314,455508]
[15,238,292834,293071]
[16,150,313597,314814]
[17,178,537026,538481]
[18,153,85335,84597]
[19,15,641690,640718]
[20,118,342011,342258]
[21,149,96522,96261]
[22,193,52402,52199]
[23,253,650859,650017]
[24,220,277389,278613]
[25,104,464596,465362]
[26,120,563705,564256]
[27,274,622052,622412]
[28,109,82608,82024]
[29,22,439177,440316]
[30,167,472894,471864]
[31,9,369376,368774]
[32,31,413954,413480]
[33,245,21300,20218]
[34,168,640514,640589]
[35,204,725780,725870]
[36,265,11134,10389]
[37,23,149168,148787]
[38,118,149841,150894]
[39,142,173252,174360]
[40,148,342157,343389]
[41,102,247640,247939]
[42,71,154025,153032]
[43,45,319591,318725]
[44,199,129429,128939]
[45,158,422921,423897]
[46,15,448097,447143]
[47,265,644116,642740]
[48,50,392348,393210]
[49,197,206662,206410]
[50,178,338970,339894]
[51,271,717150,715825]
[52,94,57414,58664]
[53,137,438693,438557]
[54,165,588322,587582]
[55,54,418271,418757]
[56,229,611616,610893]
[57,210,157518,158715]
[58,26,13260,13509]
[59,91,676694,676652]
[60,119,396069,395025]
[61,139,11484,10118]
[62,207,412771,412373]
[63,118,338712,339326]
[64,26,337556,339051]
[65,255,212512,211601]
[66,136,530206,531638]
[67,200,689891,691149]
[68,219,456181,456007]
[69,209,397712,396992]
[70,216,415401,415910]
[71,239,133388,133071]
[72,238,651140,652372]
[73,42,406166,406474]
[74,175,648444,647887]
[75,80,444324,445437]
[76,40,303415,303778]
[77,64,674929,675092]
[78,13,682733,682676]
[79,39,587990,587396]
[80,242,223641,223977]
[81,122,168592,168767]
[82,123,346217,346062]
[83,1,703243,702839]
[84,44,717211,717720]
[85,272,632943,634291]
[86,38,618632,619253]
[87,39,218214,216873]
[88,223,231223,230720]
[89,98,316119,316189]
[90,47,308394,307271]
[91,106,365996,366710]
[92,53,330214,330168]
[93,16,370544,371247]
[94,216,259499,259591]
[95,20,557120,558605]
[96,141,335318,335030]
[97,259,203948,202510]
[98,147,449586,448183]
[99,98,648688,649374]
[100,52,61234,61403]
[101,136,27430,28863]
[102,238,164038,165061]
[103,154,451689,452720]
[104,20,397592,398844]
[105,274,478338,479480]
[106,111,451924,450954]
[107,15,588384,588241]
[108,173,572611,571835]
[109,160,636874,637818]
[110,173,389380,388340]
[111,21,576696,575905]
[112,225,290467,289115]
[113,204,334574,335643]
[114,152,22270,23515]
[115,55,332526,331743]
[116,84,394719,395822]
[117,259,484514,483175]
[118,123,683516,682079]
[119,178,448339,449177]
[120,241,135945,135279]
[121,195,568085,567486]
[122,127,230946,230592]
[123,23,630693,630149]
[124,170,442442,443732]
[125,127,340174,338890]
[126,43,660235,659784]
[127,255,581279,580350]
[128,216,723767,724839]
[129,270,168240,169258]
[130,195,701470,701138]
[131,273,677608,677053]
[132,5,673031,672246]
[133,66,578982,579889]
[134,61,272475,270991]
[135,89,639020,638205]
[136,180,4534,5010]
[137,72,700647,701671]
[138,92,513343,513404]
[139,94,501446,501632]
[140,201,320952,319905]
[141,5,286114,285944]
[142,235,616621,616090]
[143,244,578096,578533]
[144,85,624926,624232]
[145,176,8581,8915]
[146,183,647338,647023]
[147,24,42111,42347]
[148,7,611708,610320]
[149,75,526123,525141]
[150,151,170537,169667]
[151,264,38803,38877]
[152,267,560999,560256]
[153,213,243766,243351]
[154,96,489255,489922]
[155,43,129221,128624]
[156,169,124880,124698]
[157,257,497618,496410]
[158,152,697223,698682]
[159,19,651074,650464]
[160,29,363315,361955]
[161,68,699162,700506]
[162,38,449635,450582]
[163,218,325879,326744]
[164,94,612734,613171]
[165,169,46657,45881]
[166,81,594318,593161]
[167,51,607266,607021]
[168,139,643736,642597]
[169,110,94091,95446]
[170,2,199945,200495]
[171,2,488310,489184]
[172,43,664440,663422]
[173,148,93033,93660]
[174,172,30847,31540]
[175,58,527207,527432]
[176,188,610191,610927]
[177,79,18406,17834]
[178,95,608974,608463]
[179,232,720187,720382]
[180,71,430726,429785]
[181,257,687709,686758]
[182,234,31795,32977]
[183,83,71150,70221]
[184,44,118430,119222]
[185,171,585109,584306]
[186,222,725208,725452]
[187,214,443708,444838]
[188,259,189515,188703]
[189,86,228959,229931]
[190,191,361308,360006]
[191,83,112619,111818]
[192,272,253768,254165]
[193,207,618796,617463]
[194,96,24391,25713]
[195,223,79034,78345]
[196,111,45691,45226]
[197,46,602756,603687]
[198,273,591619,590284]
[199,275,25022,24514]
[200,51,314388,313631]
[201,61,319075,317766]
[202,53,531570,530964]
[203,218,168178,169321]
[204,225,168118,167578]
[205,195,713403,713232]
[206,134,230780,231924]
[207,160,424055,424857]
[208,60,240625,241469]
[209,243,320002,318530]
[210,216,578445,579249]
[211,58,556711,557109]
[212,88,223966,225105]
[213,242,373710,374171]
[214,187,318455,317244]
[215,241,526076,525513]
[216,7,352532,351226]
[217,116,619034,619978]
[218,152,449823,450381]
[219,279,9164,8073]
[220,217,617571,616322]
[221,13,412924,411691]
[222,23,196823,196619]
[223,116,662310,662932]
[224,12,393811,394991]
[225,227,106411,105623]
[226,266,67257,67552]
[227,75,139793,138922]
[228,209,45300,44626]
[229,142,403285,403902]
[230,133,698709,698615]
[231,65,372224,372114]
[232,65,190568,190484]
[233,96,537403,537485]
[234,228,177841,178581]
[235,223,326350,325394]
[236,2,161923,162922]
[237,21,624080,623638]
[238,241,234613,234484]
[239,5,649520,649059]
[240,149,147549,146769]
[241,200,154282,155192]
[242,98,424815,425380]
[243,28,79729,79976]
[244,166,664230,664593]
[245,36,453988,454879]
[246,186,226553,227945]
[247,74,390028,390397]
[248,150,79122,79182]
[249,146,566327,567391]
[250,206,697948,698768]
[251,28,484807,485034]
[252,95,535264,534975]
[253,36,255549,256117]
[254,208,545402,545848]
[255,84,485231,485718]
[256,274,217726,217808]
[257,155,421180,420426]
[258,87,100891,99887]
[259,226,590097,590866]
[260,244,655532,655961]
[261,246,108480,109498]
[262,45,321245,321020]
[263,46,669676,670125]
[264,236,571117,572068]
[265,265,66496,65432]
[266,24,21008,21498]
[267,276,604611,605946]
[268,83,542752,541267]
[269,179,473280,473106]
[270,114,236583,237962]
[271,135,366796,366663]
[272,54,536338,537460]
[273,98,437996,438279]
[274,73,413502,412133]
[275,186,244977,246409]
[276,265,512455,511435]
[277,232,459125,459737]
[278,13,570683,570514]
[279,135,427797,426627]
[280,17,371933,371102]
[281,157,682919,681749]
[282,51,211088,210624]
[283,124,216560,217504]
[284,232,606031,607044]
[285,171,329744,328342]
[286,12,207486,208523]
[287,81,461120,461007]
[288,269,100243,98891]
[289,34,460572,460706]
[290,149,535785,535272]
[291,239,355095,354857]
[292,10,609617,609648]
[293,221,174663,173674]
[294,263,401891,401424]
[295,87,667190,666904]
[296,27,266236,265800]
[297,85,202479,201944]
[298,130,261358,262324]
[299,56,393816,394308]
[300,109,170935,170680]
[301,0,288246,289121]
[302,130,29246,30121]
[303,171,694327,693603]
[304,63,656534,655422]
[305,165,198031,197582]
[306,63,205161,205040]
[307,258,174533,175187]
[308,229,231619,231030]
[309,52,463970,464892]
[310,207,60828,59796]
[311,72,711515,712394]
[312,250,281516,281678]
[313,86,337987,338819]
[314,60,509209,509800]
[315,166,294331,294371]
[316,271,452383,451689]
[317,75,43264,42008]
[318,80,82333,82534]
[319,255,401874,401367]
[320,105,542781,542691]
[321,246,50738,51911]
[322,56,332089,333290]
[323,43,717611,716704]
[324,231,16649,16329]
[325,8,389151,389355]
[326,204,725551,726463]
[327,154,127312,127736]
[328,220,134915,135997]
[329,53,380048,380012]
[330,95,455496,454476]
[331,169,478900,477976]
[332,204,680233,680386]
[333,172,257810,258685]
[334,205,670391,670260]
[335,66,192868,194340]
[336,195,291209,290773]
[337,56,512066,513367]
[338,43,246587,246174]
[339,244,496868,498122]
[340,50,592830,594297]
[341,105,269031,267907]
[342,30,247279,247816]
[343,1,98646,98138]
[344,48,729452,730235]
[345,68,90563,91051]
[346,138,578476,579519]
[347,231,200567,199495]
[348,123,269191,267844]
[349,56,559538,560611]
[350,137,145735,144819]
[351,152,520249,521111]
[352,140,222395,223161]
[353,168,186594,186823]
[354,86,502413,503776]
[355,88,688133,689258]
[356,228,278626,278938]
[357,123,108046,107392]
[358,147,150068,149958]
[359,32,72744,74161]
[360,145,179029,178758]
[361,115,426856,426004]
[362,199,556389,555035]
[363,154,579606,579959]
[364,144,36189,37458]
[365,34,517418,518367]
[366,141,17501,16399]
[367,249,534290,534233]
[368,227,395919,394588]
[369,66,413742,415203]
[370,179,493190,491991]
[371,208,419050,420083]
[372,212,467132,467650]
[373,78,339646,340040]
[374,120,154358,154689]
[375,183,285987,285190]
[376,23,651669,650236]
[377,233,493722,493289]
[378,258,353093,354282]
[379,92,44800,46120]
[380,79,338152,337173]
[381,83,336079,335525]
[382,204,472336,472557]
[383,193,186150,185474]
[384,69,686277,685290]
[385,226,565331,566522]
[386,105,511172,510175]
[387,66,718468,719498]
[388,23,219459,218785]
[389,211,480710,479251]
[390,97,86849,86552]
[391,108,482282,483601]
[392,84,21006,22404]
[393,160,172498,173745]
[394,244,695113,695876]
[395,34,456665,457888]
[396,251,286182,285619]
[397,47,25397,23939]
[398,84,660253,661599]
[399,148,366365,366968]
[400,203,675228,674819]
[401,76,561736,562192]
[402,53,339218,339101]
[403,276,357784,358556]
[404,240,119860,121036]
[405,245,435703,434456]
[406,124,239826,240573]
[407,209,556476,555582]
[408,152,446737,446971]
[409,61,3356,2056]
[410,66,58826,59258]
[411,238,123420,123677]
[412,244,499578,499918]
[413,228,43492,43805]
[414,29,197214,196409]
[415,181,644153,643280]
[416,47,452331,451277]
[417,276,360923,360956]
[418,208,612924,613303]
[419,205,519108,518542]
[420,213,195081,194117]
[421,51,20112,19290]
[422,133,636445,635122]
[423,209,134965,133601]
[424,200,174868,175260]
[425,77,675232,675125]
[426,74,714325,715505]
[427,20,294067,295558]
[428,37,319611,319299]
[429,164,67439,68794]
[430,252,207460,207937]
[431,268,448595,449828]
[432,47,71166,70129]
[433,44,37516,38814]
[434,14,377811,377879]
[435,114,541475,541580]
[436,23,533817,532703]
[437,173,320628,320214]
[438,23,580878,580170]
[439,213,315971,314823]
[440,92,607775,609167]
[441,128,133060,133487]
[442,122,561329,561564]
[443,102,135,537]
[444,4,399820,400856]
[445,233,644940,643486]
[446,157,310153,309099]
[447,44,410648,411722]
[448,160,250489,251563]
[449,120,468844,468910]
[450,36,565995,566621]
[451,39,534510,533092]
[452,19,694545,693548]
[453,45,293817,293490]
[454,180,174420,175578]
[455,132,723812,724804]
[456,37,641548,640649]
[457,229,52016,50545]
[458,143,207147,206388]
[459,122,277941,279425]
[460,176,82309,83533]
[461,190,586961,588103]
[462,130,32555,33590]
[463,115,446790,445905]
[464,3,687900,687476]
[465,149,71276,70175]
[466,101,428450,427613]
[467,46,601162,602229]
[468,231,320231,319206]
[469,27,68834,68439]
[470,51,287031,285957]
[471,217,35749,34402]
[472,34,370788,371430]
[473,82,58684,59065]
[474,93,643158,642559]
[475,112,130605,131520]
[476,77,249467,248418]
[477,113,642809,642525]
[478,6,2063,2094]
[479,28,718625,719036]
[480,144,713010,714437]
[481,237,99933,99866]
[482,29,201355,201005]
[483,255,428350,427803]
[484,64,418354,418634]
[485,275,450440,450408]
[486,215,112793,112377]
[487,174,121141,121494]
[488,225,106900,105717]
[489,66,301342,302661]
[490,94,406534,406790]
[491,174,403738,404703]
[492,174,462777,463975]
[493,61,638478,637118]
[494,273,183651,183221]
[495,224,590702,590823]
[496,44,308457,309019]
[497,107,713130,712254]
[498,24,48379,49205]
[499,89,477971,477052]
[500,63,612972,612636]
[501,129,718330,717315]
[502,194,131965,132785]
[503,17,32418,31297]
[504,165,428008,427355]
[505,52,570765,571712]
[506,118,602925,603300]
[507,253,240808,239354]
[508,225,481906,481676]
[509,20,172183,172490]
[510,116,222724,223682]
[511,38,369119,370370]
[512,107,454363,453340]
[513,111,271409,271237]
[514,30,688159,689621]
[515,135,593903,593118]
[516,269,73373,72535]
[517,225,638039,636572]
[518,247,284377,282902]
[519,243,72508,71609]
[520,14,705956,706907]
[521,21,674985,674185]
[522,70,190913,191602]
[523,168,280198,281269]
[524,110,228973,229836]
[525,172,526068,527177]
[526,99,182941,181824]
[527,5,28528,27832]
[528,134,187118,187897]
[529,55,697959,696512]
[530,60,335546,336883]
[531,273,247004,245639]
[532,20,598329,599148]
[533,56,123674,123931]
[534,128,236311,237790]
[535,47,537560,536920]
[536,77,92320,91053]
[537,161,442985,442005]
[538,79,455147,454104]
[539,187,681963,680723]
[540,231,526347,526137]
[541,225,539650,539437]
[542,237,301384,301206]
[543,100,97047,97671]
[544,69,285061,284315]
[545,53,525572,525500]
[546,153,137411,136221]
[547,25,288218,287268]
[548,87,650983,649964]
[549,70,129382,129794]
[550,152,333108,334305]
[551,40,114934,116173]
[552,134,716779,717019]
[553,232,292009,292110]
[554,68,643692,644791]
[555,182,75144,75601]
[556,172,87562,88073]
[557,206,54018,54218]
[558,212,672064,672658]
[559,39,1086,407]
[560,97,305314,305092]
[561,202,531181,531903]
[562,214,338892,340037]
[563,41,552730,552354]
[564,114,15426,16829]
[565,275,358570,357807]
[566,4,418594,419961]
[567,246,160722,161701]
[568,10,587343,588145]
[569,125,115190,114434]
[570,136,107609,108660]
[571,46,299458,300401]
[572,9,65145,64512]
[573,40,114159,114477]
[574,2,465525,466543]
[575,139,190213,189269]
[576,62,547882,548628]
[577,186,97156,98522]
[578,133,593071,592963]
[579,232,75415,76719]
[580,272,65279,66200]
[581,94,433534,434685]
[582,41,306498,306271]
[583,261,243422,242850]
[584,249,571056,570627]
[585,202,604569,605665]
[586,82,311333,311675]
[587,240,502008,502649]
[588,63,568725,567227]
[589,100,645205,645728]
[590,118,597037,598345]
[591,275,373744,373072]
[592,208,2354,3367]
[593,83,587914,586446]
[594,152,108003,108435]
[595,245,30932,30211]
[596,219,389330,388790]
[597,61,141767,141278]
[598,245,485967,484691]
[599,68,360019,360990]
[600,73,112425,111704]
[601,42,573028,573691]
[602,184,300994,301214]
[603,193,132369,131769]
[604,36,168755,169704]
[605,1,211872,210466]
[606,0,103733,103907]
[607,33,544457,544321]
[608,134,220639,221427]
[609,193,545099,544046]
[610,23,484208,483676]
[611,91,102746,101381]
[612,123,138738,137325]
[613,195,582954,582767]
[614,160,540925,541071]
[615,232,11822,12662]
[616,130,16412,16858]
[617,271,383412,382530]
[618,271,471326,470324]
[619,102,222412,222570]
[620,79,617141,616604]
[621,101,223754,223472]
[622,39,146257,145879]
[623,122,532920,533258]
[624,87,181716,181363]
[625,261,540739,540162]
