["head":"wrap","lpos","status"]
[29,317638,1]
["io count"]
[630]
["io":"id","wrap","startLpos","endLpos"]
[1,6,83612,84151]
[2,30,226294,226826]
[3,239,442224,441752]
[4,93,226844,226316]
[5,252,8320,9454]
[6,53,352505,351607]
[7,241,425897,425298]
[8,124,699227,699512]
[9,80,648135,648304]
[10,261,241976,241663]
[11,44,529241,530675]
[12,72,662654,662887]
[13,172,448870,450212]
[14,109,47279,46232]
[15,92,578859,578935]
[16,175,693872,693025]
[17,104,79392,80723]
[18,62,314320,315326]
[19,131,358896,357539]
[20,279,45713,44579]
[21,127,417599,416193]
[22,227,86873,86065]
[23,114,327219,328669]
[24,71,377175,376903]
[25,152,319792,320305]
[26,246,545814,547131]
[27,57,471136,470476]
[28,101,337383,336209]
[29,258,336332,336398]
[30,170,579343,579973]
[31,226,191751,192855]
[32,223,591132,590583]
[33,165,339728,338719]
[34,169,404674,404287]
[35,230,553770,555213]
[36,33,348223,347311]
[37,44,536751,536849]
[38,177,527774,527539]
[39,66,289246,290171]
[40,228,249565,251008]
[41,141,495906,495667]
[42,86,604307,605428]
[43,0,725145,725669]
[44,230,4135,5605]
[45,197,549851,549633]
[46,253,448032,447126]
[47,53,526894,526797]
[48,266,531616,531761]
[49,206,373204,374674]
[50,90,324858,325329]
[51,103,30489,30214]
[52,101,326373,326291]
[53,235,651107,649805]
[54,165,143680,142279]
[55,55,407820,406553]
[56,138,306410,307886]
[57,213,97200,96090]
[58,203,167595,167054]
[59,148,623286,624259]
[60,219,8453,6957]
[61,30,480473,480512]
[62,221,390868,389864]
[63,71,532154,531693]
[64,144,677296,678390]
[65,262,704681,705259]
[66,106,56220,57168]
[67,144,692162,693098]
[68,9,104752,104184]
[69,127,331529,330491]
[70,12,481071,481328]
[71,17,506105,505909]
[72,191,396732,396536]
[73,22,624693,625688]
[74,52,440834,441774]
[75,151,668014,667012]
[76,37,492231,490996]
[77,130,267912,269293]
[78,8,627396,628750]
[79,176,626133,627588]
[80,123,672763,671404]
[81,198,703787,704330]
[82,213,590705,589254]
[83,181,518351,517563]
[84,269,664085,663531]
[85,229,147269,146129]
[86,114,203363,203561]
[87,88,331669,331979]
[88,108,67991,68178]
[89,62,265397,266367]
[90,180,567700,569086]
[91,162,707008,707557]
[92,240,16041,16137]
[93,48,254854,256343]
[94,90,118702,119341]
[95,275,160916,160680]
[96,159,77756,76449]
[97,181,380957,380645]
[98,30,628572,628854]
[99,247,548392,547453]
[100,167,400578,400532]
[101,32,315936,316666]
[102,50,164187,164740]
[103,169,458774,457592]
[104,53,353519,352599]
[105,167,96397,94975]
[106,48,558024,558201]
[107,199,232660,231181]
[108,259,269647,268651]
[109,65,217481,217069]
[110,36,526538,526799]
[111,97,230159,229077]
[112,262,488359,489011]
[113,128,408026,408469]
[114,265,38690,37668]
[115,199,426538,425907]
[116,226,356159,357111]
[117,164,627189,628544]
[118,170,223505,224502]
[119,209,147542,146339]
[120,91,266754,266687]
[121,176,378248,379139]
[122,16,487231,488397]
[123,265,507728,507058]
[124,115,48790,48287]
[125,227,259746,259641]
[126,205,485539,484635]
[127,215,548664,547362]
[128,65,244504,244162]
[129,275,666163,665022]
[130,179,680543,679261]
[131,135,84164,82974]
[132,198,598791,599235]
[133,121,601887,601451]
[134,83,239303,238126]
[135,190,220941,221004]
[136,250,254209,255068]
[137,151,697028,696510]
[138,77,705046,704348]
[139,240,561915,562921]
[140,169,533860,532532]
[141,85,223169,223106]
[142,166,530721,531974]
[143,148,100581,101800]
[144,47,80826,80414]
[145,142,336305,336881]
[146,104,308999,310136]
[147,230,217155,217370]
[148,111,638614,638322]
[149,276,457961,458333]
[150,122,301783,302588]
[151,75,434677,434015]
[152,40,567203,567703]
[153,59,548996,548191]
[154,137,290328,290237]
[155,82,331064,331429]
[156,123,385724,385049]
[157,42,572981,574257]
[158,86,236088,236270]
[159,82,498075,499104]
[160,49,574962,574254]
[161,88,513248,513360]
[162,261,640026,639201]
[163,104,583211,583353]
[164,266,444350,444960]
[165,122,263115,264353]
[166,261,219721,219215]
[167,128,67763,68546]
[168,270,109693,109957]
[169,190,176398,176864]
[170,132,190738,191408]
[171,234,697842,698801]
[172,272,631210,632059]
[173,179,219415,218892]
[174,237,536587,535633]
[175,222,471202,471318]
[176,204,55376,56158]
[177,45,436581,435502]
[178,184,705757,706262]
[179,262,497805,497989]
[180,47,581712,580576]
[181,191,172222,171474]
[182,126,633358,634027]
[183,69,318061,317080]
[184,198,714913,715627]
[185,99,607572,606242]
[186,83,241094,239845]
[187,109,289868,289159]
[188,29,371151,370537]
[189,252,468674,469849]
[190,219,666613,666019]
[191,271,47197,47107]
[192,201,474082,473647]
[193,101,427556,427221]
[194,197,284810,284011]
[195,123,188593,188032]
[196,28,299178,300143]
[197,30,254443,254485]
[198,277,182663,181576]
[199,95,259492,258340]
[200,77,691278,690020]
[201,250,330443,331076]
[202,95,255897,255562]
[203,94,610985,612351]
[204,132,543102,543695]
[205,34,435908,436329]
[206,180,170415,171685]
[207,89,462137,461460]
[208,145,220783,220574]
[209,38,310383,310490]
[210,70,627649,628949]
[211,107,82285,81310]
[212,32,704448,704769]
[213,261,393726,392248]
[214,237,715290,715136]
[215,151,650890,650524]
[216,127,23704,22899]
[217,53,489943,489868]
[218,147,18601,17827]
[219,20,196968,198094]
[220,259,497753,497554]
[221,131,725834,725346]
[222,159,209224,208893]
[223,125,587734,586408]
[224,161,661096,660582]
[225,153,304129,303616]
[226,43,382959,382672]
[227,249,668163,666870]
[228,154,674081,674447]
[229,154,195511,195811]
[230,85,343082,341977]
[231,142,191516,192267]
[232,23,625325,623882]
[233,24,566879,567263]
[234,259,157838,157456]
[235,16,479856,481063]
[236,93,90137,89387]
[237,227,502815,502315]
[238,188,364419,365337]
[239,214,456977,458335]
[240,10,385262,386420]
[241,276,10807,10968]
[242,252,136746,137896]
[243,161,722721,722558]
[244,48,212487,212830]
[245,269,606339,605898]
[246,13,500706,499997]
[247,271,328240,326901]
[248,23,612569,612004]
[249,235,225387,224362]
[250,269,481038,480075]
[251,236,665778,666837]
[252,126,522511,523290]
[253,8,40399,41688]
[254,167,563289,562052]
[255,150,235560,236953]
[256,229,358120,357956]
[257,180,226740,226980]
[258,222,308147,309536]
[259,124,585309,586100]
[260,83,352196,351426]
[261,242,205379,206285]
[262,27,480775,479546]
[263,54,61166,61663]
[264,162,539136,540407]
[265,123,52832,52146]
[266,203,629439,629231]
[267,162,382747,383245]
[268,97,201168,200052]
[269,183,576097,574962]
[270,132,47,501]
[271,32,190833,191790]
[272,181,425622,424745]
[273,148,155520,156525]
[274,159,237023,235805]
[275,220,304378,304989]
[276,76,380084,380978]
[277,111,666092,665537]
[278,139,590692,589391]
[279,129,4665,4563]
[280,127,320566,320047]
[281,151,351511,350086]
[282,279,102380,101624]
[283,194,680484,680691]
[284,181,523679,522977]
[285,5,696057,695966]
[286,139,458330,458281]
[287,10,122903,123672]
[288,28,157260,158202]
[289,230,639149,639299]
[290,178,545227,545462]
[291,30,162244,163348]
[292,187,362187,361368]
[293,241,497850,497207]
[294,126,6132,6604]
[295,40,714427,714603]
[296,213,415818,415278]
[297,51,600021,599225]
[298,27,191432,190612]
[299,231,319837,318359]
[300,197,9690,9464]
[301,109,198656,198502]
[302,149,342759,341566]
[303,149,456609,455188]
[304,146,715212,715954]
[305,226,423820,424046]
[306,200,366551,366656]
[307,273,165576,164676]
[308,91,250012,248968]
[309,93,705128,704002]
[310,123,271260,270458]
[311,113,574178,573556]
[312,209,664369,664245]
[313,11,670970,670892]
[314,174,121525,122263]
[315,73,250783,250667]
[316,276,246636,247322]
[317,133,93347,91868]
[318,237,246322,245886]
[319,273,207763,206596]
[320,87,148312,147735]
[321,138,85362,86687]
[322,45,694321,694192]
[323,105,227445,226055]
[324,110,334493,334749]
[325,82,330523,330976]
[326,208,426304,427411]
[327,10,138448,138707]
[328,45,697135,696559]
[329,167,14373,13704]
[330,122,460251,460311]
[331,178,638517,639657]
[332,114,283694,284795]
[333,81,117304,116647]
[334,97,391654,390933]
[335,260,7506,7575]
[336,46,619657,621035]
[337,82,569274,570524]
[338,127,64553,63524]
[339,212,605139,605767]
[340,30,156697,157960]
[341,142,494767,495008]
[342,229,520410,519669]
[343,139,17049,16466]
[344,84,569881,570984]
[345,202,537981,538299]
[346,84,164114,165075]
[347,211,154815,154313]
[348,178,393937,394584]
[349,71,531290,530396]
[350,218,148252,148988]
[351,19,633194,631991]
[352,107,534367,533201]
[353,3,144708,143611]
[354,65,594775,593875]
[355,31,647444,646059]
[356,270,689735,691234]
[357,97,510895,509844]
[358,56,142076,142674]
[359,33,635654,635555]
[360,229,450650,449735]
[361,57,79412,78543]
[362,68,605569,606232]
[363,133,8281,7649]
[364,250,167464,168041]
[365,197,194468,193040]
[366,15,297759,296945]
[367,128,432872,433490]
[368,37,259794,259670]
[369,172,62676,63615]
[370,26,128903,130145]
[371,266,723875,724488]
[372,57,401476,400908]
[373,58,587055,588021]
[374,2,557428,557773]
[375,249,629674,629424]
[376,15,478534,477169]
[377,74,531446,532352]
[378,238,199292,199524]
[379,113,53205,52241]
[380,252,217746,218170]
[381,201,321739,321573]
[382,219,442860,442617]
[383,25,642112,640670]
[384,268,656969,658083]
[385,30,227834,228039]
[386,16,482655,483493]
[387,130,85883,86313]
[388,228,556679,558018]
[389,69,114098,113025]
[390,174,45084,46432]
[391,42,583008,584215]
[392,268,251203,252525]
[393,67,143398,143129]
[394,238,351629,352482]
[395,215,217776,216751]
[396,113,228413,227341]
[397,163,618525,617098]
[398,70,243394,244520]
[399,106,226313,226621]
[400,25,662785,662118]
[401,39,542177,541843]
[402,116,291899,292160]
[403,141,97959,97456]
[404,215,374981,374611]
[405,137,643040,641553]
[406,72,297158,298387]
[407,164,141061,142455]
[408,108,473520,474676]
[409,94,213864,215111]
[410,186,508044,509071]
[411,219,495355,495227]
[412,176,571661,572628]
[413,61,528566,528306]
[414,91,514488,514117]
[415,79,213683,213509]
[416,132,658622,659263]
[417,43,94034,93553]
[418,250,213612,213797]
[419,152,253667,254859]
[420,246,505174,506569]
[421,221,228057,227171]
[422,222,499724,499782]
[423,73,620998,620765]
[424,118,482825,484247]
[425,47,561258,560455]
[426,12,361467,362002]
[427,190,475394,476146]
[428,117,82263,81093]
[429,180,402087,402621]
[430,30,551637,552040]
[431,218,170717,171975]
[432,41,588600,587455]
[433,264,467424,467474]
[434,23,254337,254193]
[435,221,314726,313862]
[436,55,716601,715121]
[437,24,360431,360834]
[438,248,404658,405524]
[439,212,419100,419694]
[440,151,197516,197357]
[441,1,377257,377028]
[442,136,362990,363703]
[443,95,78031,76620]
[444,138,595290,596640]
[445,36,240444,241347]
[446,82,249863,249937]
[447,71,351984,351542]
[448,72,110670,111043]
[449,173,424070,422806]
[450,159,233448,232773]
[451,94,593850,594269]
[452,189,584636,583846]
[453,54,429377,430039]
[454,168,577490,577753]
[455,61,87840,86627]
[456,74,603595,604191]
[457,51,186458,185289]
[458,168,370875,372205]
[459,262,1792,2275]
[460,118,530569,530861]
[461,6,711214,711477]
[462,92,360035,360135]
[463,184,177969,179133]
[464,215,138204,137892]
[465,278,265091,266053]
[466,273,472611,471701]
[467,205,387336,386532]
[468,261,306833,306220]
[469,278,45789,45981]
[470,23,593875,592878]
[471,101,679058,677830]
[472,40,140959,141843]
[473,236,216569,217052]
[474,158,597495,598593]
[475,171,646084,645207]
[476,279,456426,455018]
[477,10,372342,373727]
[478,247,714116,712866]
[479,22,384707,386079]
[480,153,395238,394793]
[481,79,654063,653427]
[482,255,402407,401502]
[483,133,67557,66703]
[484,69,279452,278324]
[485,142,525569,526797]
[486,237,430822,430253]
[487,0,585774,586055]
[488,129,425486,425295]
[489,144,561755,562414]
[490,152,122972,123369]
[491,190,110432,110599]
[492,105,694910,693848]
[493,79,551906,551030]
[494,15,528861,527601]
[495,167,457782,456787]
[496,214,89607,90958]
[497,187,561917,560452]
[498,19,431093,429961]
[499,181,311885,311682]
[500,191,217709,217440]
[501,164,703423,704119]
[502,218,271875,272957]
[503,187,313590,312713]
[504,10,180572,180962]
[505,237,228910,227610]
[506,249,418153,417049]
[507,237,718835,718208]
[508,164,496716,497739]
[509,152,542009,543207]
[510,109,436392,436043]
[511,59,702970,701888]
[512,70,388046,388539]
[513,222,594216,595633]
[514,141,311134,310374]
[515,1,703897,703313]
[516,20,472368,472647]
[517,147,358330,358276]
[518,267,300490,299811]
[519,132,547311,548479]
[520,270,266739,268128]
[521,137,130281,129835]
[522,6,646734,647285]
[523,219,181007,180690]
[524,30,418803,420213]
[525,258,559064,559254]
[526,42,164501,165465]
[527,232,10435,10602]
[528,204,651924,653289]
[529,210,704406,704509]
[530,193,700595,700045]
[531,95,404559,404130]
[532,124,558215,559408]
[533,221,65463,64961]
[534,182,352589,353377]
[535,208,662314,663237]
[536,51,663923,662593]
[537,195,14747,13767]
[538,49,713978,713248]
[539,145,477151,477090]
[540,90,675251,676709]
[541,106,39396,39508]
[542,265,424584,423085]
[543,186,432576,433872]
[544,126,501737,502536]
[545,182,50414,50658]
[546,276,475373,476785]
[547,131,433146,431893]
[548,194,447922,448440]
[549,119,8833,8114]
[550,158,263242,264361]
[551,243,74640,74470]
[552,60,493320,493748]
[553,162,367141,367691]
[554,52,659471,660937]
[555,181,220718,219869]
[556,229,563887,563103]
[557,186,75307,76587]
[558,212,171721,173036]
[559,30,405158,405732]
[560,243,588378,587413]
[561,274,98778,100082]
[562,3,302413,301050]
[563,92,38176,38452]
[564,205,390802,390247]
[565,121,76745,76527]
[566,68,179811,180286]
[567,196,365256,366634]
[568,38,239791,240254]
[569,160,442969,443694]
[570,39,351640,350761]
[571,82,43827,44813]
[572,207,547746,546735]
[573,228,95496,95643]
[574,119,684821,683917]
[575,221,618386,617464]
[576,71,669618,669273]
[577,230,190454,190540]
[578,194,286098,286899]
[579,260,573770,574103]
[580,143,12316,11752]
[581,128,593516,594124]
[582,53,162865,161934]
[583,165,47938,46622]
[584,73,285906,285364]
[585,94,243095,244022]
[586,15,65675,64223]
[587,248,316498,317141]
[588,18,730715,730898]
[589,237,147171,145963]
[590,130,633355,633750]
[591,239,16639,15417]
[592,94,724027,724629]
[593,143,393730,392854]
[594,199,19223,18764]
[595,90,373474,374237]
[596,70,721440,722098]
[597,245,625210,624968]
[598,188,476195,476495]
[599,151,464670,463740]
[600,151,380476,379959]
[601,5,645989,644511]
[602,24,593489,594896]
[603,31,496061,494796]
[604,50,463858,465165]
[605,166,643533,644466]
[606,134,34844,35799]
[607,168,531490,532737]
[608,181,502113,501101]
[609,271,523766,523297]
[610,8,367855,368356]
[611,70,64896,65256]
[612,143,44287,43478]
[613,155,428233,427761]
[614,43,277665,276184]
[615,64,260212,261423]
[616,121,394858,393601]
[617,174,427868,428097]
[618,224,139098,139147]
[619,54,548054,548283]
[620,179,209633,208199]
[621,263,573459,572347]
[622,270,376724,376944]
[623,45,661416,659920]
[624,87,431807,431404]
[625,83,650946,650875]
[626,156,636245,636481]
[627,263,520424,518987]
[628,154,243167,243820]
[629,256,375937,377201]
[630,144,184995,185442]
