["head":"wrap","lpos","status"]
[183,711235,1]
["io count"]
[635]
["io":"id","wrap","startLpos","endLpos"]
[1,66,108092,109304]
[2,244,44119,45399]
[3,121,657824,657351]
[4,48,505493,506473]
[5,109,500757,500297]
[6,111,144565,144251]
[7,132,645664,646378]
[8,66,351878,353011]
[9,118,73340,73644]
[10,151,697862,697006]
[11,221,1416,607]
[12,189,703478,703393]
[13,4,608429,609604]
[14,175,374437,374171]
[15,135,54482,54288]
[16,218,284721,285308]
[17,12,246229,246531]
[18,155,123513,122275]
[19,91,265357,264323]
[20,36,497379,498811]
[21,90,103548,103703]
[22,41,670247,670168]
[23,66,302204,303599]
[24,48,703945,704068]
[25,123,698881,698348]
[26,225,326306,325292]
[27,136,42951,44094]
[28,153,377515,376980]
[29,215,718973,718634]
[30,56,559404,559531]
[31,243,273896,273448]
[32,202,452621,453513]
[33,59,366576,366317]
[34,233,450764,450647]
[35,150,446039,446857]
[36,182,117441,118641]
[37,250,258871,259650]
[38,201,45733,44535]
[39,216,395071,396115]
[40,256,500693,501382]
[41,237,235201,234431]
[42,239,5973,4686]
[43,63,37055,36640]
[44,151,702555,701430]
[45,117,432316,431718]
[46,73,618871,618371]
[47,136,595858,596448]
[48,97,89381,88450]
[49,168,636237,637200]
[50,278,131940,132568]
[51,264,453026,454388]
[52,60,266938,267651]
[53,92,257429,258432]
[54,202,565348,566635]
[55,147,171926,170877]
[56,156,285266,285886]
[57,126,496782,497973]
[58,53,633265,632882]
[59,113,377319,377067]
[60,89,63874,62894]
[61,208,342684,342864]
[62,277,373403,373361]
[63,26,450108,450417]
[64,117,650824,649943]
[65,170,412191,412430]
[66,143,666337,665571]
[67,2,226640,227550]
[68,190,440468,441538]
[69,130,281855,282035]
[70,20,612438,612898]
[71,207,56714,55523]
[72,36,157431,158732]
[73,21,447700,446278]
[74,207,347602,347031]
[75,92,640306,640672]
[76,89,254936,254557]
[77,148,103739,104533]
[78,28,466167,467297]
[79,58,369698,371111]
[80,1,105953,104936]
[81,257,654431,653844]
[82,159,31776,31118]
[83,96,265572,266301]
[84,45,615036,614002]
[85,30,683719,684526]
[86,131,526562,525436]
[87,119,11404,9975]
[88,202,505880,506475]
[89,70,458836,460241]
[90,216,28526,29390]
[91,154,558372,559369]
[92,77,537434,536579]
[93,14,590150,591560]
[94,137,724747,723751]
[95,16,276097,276998]
[96,47,529244,528234]
[97,129,631192,630137]
[98,49,279225,279146]
[99,161,475243,474036]
[100,163,603017,602751]
[101,159,395814,395112]
[102,176,384484,384950]
[103,143,222727,222636]
[104,200,304184,305069]
[105,102,498154,498517]
[106,148,411445,412540]
[107,215,488437,488236]
[108,231,158718,158459]
[109,110,163459,164785]
[110,4,582874,583007]
[111,265,72711,71421]
[112,24,483879,485066]
[113,231,114659,113806]
[114,237,595814,594965]
[115,154,372901,373947]
[116,28,188219,189632]
[117,91,481197,480720]
[118,28,591980,592208]
[119,274,145593,146561]
[120,270,480187,480564]
[121,68,367182,368659]
[122,185,337635,337099]
[123,40,334078,335231]
[124,20,447137,447953]
[125,23,501600,500114]
[126,181,123455,122261]
[127,58,598318,599722]
[128,259,529504,529283]
[129,209,436319,435356]
[130,162,35843,37061]
[131,197,428065,426962]
[132,162,310449,311623]
[133,77,438703,437971]
[134,15,390740,389595]
[135,3,307236,306453]
[136,145,363250,362136]
[137,147,106107,105768]
[138,237,463850,462992]
[139,94,553655,554570]
[140,109,562889,561450]
[141,35,675983,675591]
[142,252,113039,113247]
[143,247,597822,596784]
[144,161,626650,625235]
[145,145,548030,547095]
[146,66,77845,78193]
[147,3,675896,674600]
[148,239,215390,214849]
[149,28,463122,463916]
[150,195,457024,455873]
[151,57,165513,164670]
[152,260,368745,369720]
[153,37,565896,565072]
[154,258,110444,111895]
[155,264,91515,92067]
[156,176,124401,125315]
[157,64,600854,601397]
[158,243,261426,260429]
[159,72,237276,238414]
[160,168,541187,542027]
[161,100,688111,688534]
[162,46,528935,529659]
[163,53,570269,570184]
[164,6,74623,75920]
[165,99,90184,88744]
[166,55,645701,644551]
[167,131,208843,207514]
[168,173,70463,69613]
[169,77,258424,257560]
[170,163,305618,305201]
[171,5,700496,699778]
[172,43,299806,298355]
[173,165,164052,163980]
[174,117,461672,461013]
[175,168,618646,619010]
[176,163,706895,705981]
[177,194,28632,29158]
[178,260,236589,237295]
[179,206,33846,34135]
[180,61,208339,206927]
[181,233,5666,5365]
[182,220,36736,37420]
[183,162,722583,722630]
[184,58,445891,446943]
[185,243,122179,121992]
[186,63,595135,594180]
[187,269,654481,654362]
[188,167,315571,315160]
[189,238,167197,167639]
[190,179,725256,724515]
[191,21,337438,336262]
[192,82,280697,281384]
[193,144,297956,299000]
[194,219,318378,318004]
[195,8,712498,713014]
[196,46,296090,296562]
[197,245,405624,404612]
[198,158,128400,129249]
[199,210,546768,547103]
[200,107,498141,497218]
[201,108,326983,328093]
[202,218,701354,702845]
[203,210,599279,600602]
[204,252,614574,615797]
[205,75,467630,466154]
[206,255,25602,25129]
[207,110,641579,641763]
[208,216,349512,350598]
[209,81,729816,729753]
[210,177,558849,557855]
[211,92,677612,678058]
[212,233,156001,155001]
[213,102,659291,659499]
[214,175,692097,691256]
[215,187,534886,534716]
[216,203,499657,498549]
[217,121,486721,486041]
[218,85,97433,96811]
[219,127,685671,685420]
[220,200,542701,544133]
[221,178,448764,449924]
[222,201,628475,627170]
[223,173,655110,654550]
[224,202,320157,321064]
[225,239,489204,489060]
[226,90,354124,354248]
[227,75,716011,715386]
[228,149,431838,430523]
[229,205,173895,173198]
[230,16,10623,11133]
[231,103,386164,384929]
[232,180,17106,17552]
[233,150,99240,99658]
[234,222,365621,366280]
[235,28,617285,617665]
[236,95,65411,64474]
[237,2,385255,385308]
[238,128,496161,496490]
[239,77,659567,658193]
[240,147,394758,394434]
[241,134,110839,112332]
[242,62,467938,468961]
[243,274,623987,624684]
[244,37,11586,11326]
[245,186,156328,157567]
[246,189,692172,690754]
[247,29,455648,455040]
[248,205,236863,236616]
[249,126,239541,239924]
[250,271,120080,119729]
[251,274,458010,458906]
[252,214,492686,494184]
[253,12,555199,555472]
[254,215,433603,433152]
[255,34,596438,597501]
[256,139,713535,712470]
[257,43,342565,342070]
[258,209,631874,630388]
[259,194,184523,184765]
[260,120,676082,677197]
[261,245,382268,380871]
[262,219,688042,687005]
[263,157,391690,390309]
[264,15,5357,3987]
[265,114,361675,363013]
[266,219,600475,599456]
[267,20,312409,312949]
[268,54,704767,704992]
[269,244,543320,543820]
[270,88,514992,515208]
[271,222,388314,388703]
[272,80,529643,529936]
[273,254,606857,608324]
[274,95,145105,144771]
[275,52,515067,515554]
[276,95,510975,510647]
[277,124,250845,252340]
[278,53,624654,624604]
[279,259,332629,332004]
[280,114,421861,422614]
[281,82,652976,654219]
[282,186,145133,145313]
[283,56,559113,560060]
[284,179,279851,278943]
[285,25,519408,519350]
[286,211,511939,511204]
[287,245,236273,236105]
[288,117,577882,577273]
[289,81,677549,676736]
[290,72,296509,296886]
[291,143,279909,279651]
[292,51,413258,412335]
[293,115,198827,197938]
[294,270,496876,497788]
[295,163,725653,725457]
[296,219,524523,523535]
[297,22,442751,443807]
[298,275,438024,436595]
[299,170,50060,51345]
[300,114,442474,443836]
[301,149,284060,283833]
[302,221,697692,696961]
[303,266,632312,633334]
[304,104,312795,313241]
[305,278,214455,214784]
[306,204,705344,706756]
[307,113,646720,646326]
[308,57,240927,240437]
[309,150,71522,71789]
[310,248,213694,213872]
[311,21,147297,146896]
[312,159,46106,46056]
[313,23,654162,653620]
[314,170,135081,136343]
[315,135,65894,65685]
[316,166,445731,446588]
[317,75,489527,488604]
[318,12,378601,379847]
[319,214,669549,669624]
[320,264,44727,45335]
[321,156,538502,539972]
[322,64,581645,582088]
[323,54,395987,396520]
[324,197,549152,548885]
[325,178,706959,707711]
[326,257,284496,284210]
[327,191,462325,461958]
[328,277,529658,528835]
[329,246,437426,438606]
[330,238,229863,230132]
[331,28,305841,306496]
[332,31,347632,347228]
[333,44,132120,132483]
[334,126,259853,261267]
[335,16,195898,196077]
[336,138,563453,563774]
[337,11,649380,648424]
[338,172,211386,211989]
[339,26,724826,725280]
[340,185,103690,102546]
[341,125,169885,169424]
[342,99,277752,276281]
[343,222,227767,228896]
[344,192,73828,74562]
[345,275,678647,677909]
[346,76,193133,194222]
[347,224,709169,709258]
[348,140,458562,459113]
[349,113,197082,196315]
[350,224,678442,679203]
[351,192,408792,409441]
[352,171,728358,727381]
[353,52,205816,206263]
[354,260,663246,664685]
[355,55,364667,364467]
[356,48,684330,685062]
[357,76,356485,357513]
[358,129,626143,624673]
[359,22,709350,710148]
[360,96,448586,450024]
[361,11,480391,479188]
[362,269,711672,711625]
[363,27,7865,6495]
[364,61,238977,238151]
[365,97,13213,13151]
[366,58,604708,604815]
[367,59,585738,584397]
[368,91,487943,487563]
[369,99,655927,654559]
[370,200,63292,63650]
[371,37,183031,181858]
[372,54,472703,473611]
[373,209,669569,668485]
[374,92,188453,189394]
[375,13,87142,85695]
[376,215,675313,674897]
[377,110,581171,582549]
[378,45,8545,7844]
[379,256,14568,15546]
[380,247,665613,664385]
[381,47,316371,316211]
[382,199,386914,386164]
[383,131,708448,708132]
[384,77,499826,499089]
[385,132,693063,694405]
[386,187,113748,112586]
[387,165,551968,550680]
[388,94,22070,22492]
[389,10,344724,345472]
[390,218,718252,719028]
[391,24,57378,58316]
[392,85,580359,578991]
[393,116,95658,96902]
[394,272,703552,704414]
[395,163,620114,619880]
[396,15,113671,112324]
[397,210,379549,380714]
[398,254,142327,143127]
[399,98,248748,249799]
[400,210,385431,385716]
[401,207,39009,37797]
[402,28,252464,253519]
[403,256,685248,685908]
[404,232,250189,250432]
[405,203,466877,466255]
[406,195,520397,519409]
[407,48,560680,561774]
[408,217,717960,717915]
[409,45,259586,258889]
[410,109,318810,317341]
[411,147,276086,275439]
[412,13,396578,395812]
[413,133,710812,710698]
[414,9,363753,363455]
[415,119,514671,513398]
[416,97,368951,368263]
[417,36,475923,476516]
[418,211,433522,433302]
[419,260,689418,690799]
[420,106,698699,699906]
[421,59,324947,323660]
[422,255,506233,505777]
[423,95,448545,447551]
[424,23,532887,531551]
[425,264,577441,577918]
[426,7,559870,559297]
[427,160,156087,156268]
[428,30,404844,405562]
[429,138,168477,169097]
[430,146,116820,118094]
[431,50,369089,369973]
[432,32,386450,387367]
[433,75,102926,101779]
[434,93,202632,201538]
[435,134,641200,641439]
[436,228,291643,292589]
[437,114,201115,202511]
[438,113,75105,74961]
[439,119,664383,664097]
[440,251,450673,449774]
[441,42,197851,198952]
[442,165,301349,301106]
[443,211,203241,202688]
[444,25,663110,662581]
[445,250,242436,243000]
[446,47,77432,76284]
[447,228,258633,258782]
[448,163,596331,595315]
[449,39,648442,648195]
[450,195,210531,209754]
[451,145,237894,236938]
[452,217,646942,645829]
[453,41,638107,636879]
[454,93,283990,283318]
[455,159,609617,608569]
[456,21,494728,493563]
[457,59,650787,649386]
[458,268,20053,20223]
[459,212,89527,90714]
[460,163,340108,339033]
[461,13,346571,345965]
[462,64,40801,41912]
[463,19,207250,206091]
[464,156,453924,453955]
[465,14,11815,13048]
[466,195,444130,443079]
[467,106,537563,538384]
[468,128,469136,469297]
[469,182,218905,220318]
[470,101,564324,564070]
[471,129,449447,448701]
[472,199,99083,98720]
[473,212,137615,138108]
[474,215,454186,452935]
[475,75,474804,473365]
[476,253,604938,603463]
[477,268,598252,599284]
[478,234,437221,437847]
[479,100,24918,26147]
[480,174,584325,585358]
[481,237,455738,455676]
[482,190,715674,716132]
[483,137,520105,518734]
[484,35,64380,63754]
[485,154,506055,507306]
[486,272,257646,258547]
[487,75,341911,341278]
[488,239,39224,37979]
[489,88,485745,486762]
[490,221,683366,682293]
[491,3,318669,318370]
[492,11,328816,328176]
[493,86,189868,190470]
[494,266,611390,611748]
[495,157,329761,329167]
[496,210,361038,361951]
[497,234,249662,250351]
[498,199,108360,107670]
[499,66,468714,469242]
[500,86,371166,372114]
[501,113,396829,396537]
[502,60,479228,479758]
[503,157,496705,495461]
[504,28,119741,120027]
[505,132,728769,730123]
[506,7,212967,212034]
[507,96,585309,585676]
[508,68,680739,680962]
[509,115,336835,336610]
[510,232,543551,543930]
[511,176,211056,212384]
[512,166,224808,225844]
[513,104,511999,512797]
[514,232,106188,106902]
[515,146,346832,347202]
[516,137,457687,456498]
[517,137,293360,292348]
[518,164,438472,439057]
[519,12,652085,652520]
[520,65,591665,590386]
[521,97,118837,118371]
[522,118,628668,629917]
[523,115,480416,479341]
[524,86,266844,267353]
[525,144,116932,117374]
[526,235,126272,125628]
[527,50,698292,698640]
[528,102,158135,158648]
[529,38,30601,31267]
[530,240,403892,405010]
[531,149,490882,489542]
[532,103,581493,580601]
[533,200,512903,513341]
[534,40,408251,408348]
[535,46,69116,70215]
[536,93,195497,194970]
[537,128,280427,281660]
[538,244,385110,386343]
[539,202,74622,75812]
[540,4,170858,171140]
[541,137,437313,436787]
[542,212,133918,134528]
[543,275,602325,602152]
[544,121,618691,618140]
[545,121,431969,430762]
[546,79,401879,401776]
[547,23,394957,393526]
[548,45,537361,537040]
[549,186,717763,717891]
[550,163,373039,372546]
[551,194,40085,41485]
[552,262,79517,79560]
[553,40,535649,535851]
[554,252,378013,378940]
[555,67,395131,393696]
[556,204,615342,616061]
[557,229,333658,333206]
[558,208,663809,664311]
[559,59,690256,690030]
[560,165,217168,217130]
[561,149,202711,201665]
[562,73,316585,315301]
[563,25,585971,584690]
[564,153,196539,196281]
[565,122,274654,275039]
[566,238,577759,578643]
[567,176,214640,215257]
[568,260,534401,534575]
[569,121,276566,275853]
[570,62,633919,634374]
[571,10,314354,315234]
[572,161,387997,387099]
[573,35,714327,714043]
[574,95,666261,666113]
[575,85,337708,336710]
[576,104,285776,286290]
[577,62,219534,220056]
[578,23,449876,449626]
[579,17,241866,241384]
[580,266,133343,133796]
[581,23,211934,210803]
[582,274,676102,677165]
[583,211,619506,618288]
[584,214,19501,20891]
[585,2,66591,66977]
[586,253,459783,458678]
[587,89,305413,304485]
[588,229,693993,692640]
[589,109,577564,577306]
[590,259,681484,680833]
[591,169,402035,400557]
[592,99,46466,45556]
[593,167,682258,681096]
[594,156,718808,720088]
[595,65,568407,567002]
[596,6,38835,39068]
[597,125,22065,21069]
[598,277,53323,51940]
[599,204,138540,139685]
[600,240,465435,466288]
[601,216,157600,158628]
[602,277,499115,498000]
[603,0,134814,135989]
[604,223,692016,691391]
[605,59,479042,478833]
[606,236,556756,556838]
[607,256,29375,30799]
[608,110,353304,353342]
[609,74,643706,644565]
[610,230,399589,400519]
[611,30,300375,300756]
[612,72,635002,635298]
[613,258,265588,266029]
[614,75,619120,618688]
[615,180,687710,688189]
[616,219,351434,351222]
[617,96,711502,711580]
[618,125,339350,337899]
[619,200,565116,566372]
[620,192,252640,252964]
[621,90,645030,645626]
[622,121,384869,384082]
[623,252,222991,224412]
[624,187,374418,374200]
[625,73,705578,704518]
[626,255,287694,286778]
[627,165,294092,293485]
[628,21,10944,10037]
[629,225,326823,326414]
[630,188,620411,621448]
[631,123,560992,560554]
[632,240,245157,245265]
[633,219,713854,712852]
[634,71,274694,274283]
[635,16,409198,410394]
