["head":"wrap","lpos","status"]
[13,398666,0]
["io count"]
[640]
["io":"id","wrap","startLpos","endLpos"]
[1,154,368532,369405]
[2,165,103804,102893]
[3,182,413494,414352]
[4,88,190861,192300]
[5,20,54165,55376]
[6,118,298251,299530]
[7,170,45417,46808]
[8,262,439733,439811]
[9,136,250876,252189]
[10,16,4440,4944]
[11,45,568413,567142]
[12,265,223932,223154]
[13,176,250680,251848]
[14,19,715193,714095]
[15,10,36145,37314]
[16,195,68332,68213]
[17,135,454835,454584]
[18,220,696203,697220]
[19,35,565470,564065]
[20,218,506585,507175]
[21,237,390128,389979]
[22,254,391716,392750]
[23,279,158565,157742]
[24,275,176877,175418]
[25,183,681952,680572]
[26,135,27637,27491]
[27,198,535909,536806]
[28,99,112409,111014]
[29,216,551272,551562]
[30,3,217091,216371]
[31,165,685483,684866]
[32,226,497233,497288]
[33,199,719458,719270]
[34,141,71841,70542]
[35,17,140602,139836]
[36,57,463818,463744]
[37,81,585944,584447]
[38,83,41418,40117]
[39,217,677712,677124]
[40,135,316435,316053]
[41,123,184611,184069]
[42,50,451746,452006]
[43,31,124560,123422]
[44,219,423390,422308]
[45,78,376797,377321]
[46,0,303337,303481]
[47,168,556581,557461]
[48,23,309008,308374]
[49,113,433264,432050]
[50,225,237274,236449]
[51,232,408488,409505]
[52,74,197820,198951]
[53,119,259675,259573]
[54,55,242956,241549]
[55,265,64736,64216]
[56,33,595759,594508]
[57,119,472785,471852]
[58,55,14482,13256]
[59,231,14313,13775]
[60,181,128746,127789]
[61,71,718151,717419]
[62,90,383293,384687]
[63,231,628096,627541]
[64,53,67321,66869]
[65,127,486082,484814]
[66,120,455102,455675]
[67,177,350876,349384]
[68,209,553479,553122]
[69,91,107959,106662]
[70,226,164045,165130]
[71,261,307402,305998]
[72,132,512526,513900]
[73,227,720758,719293]
[74,160,721874,721929]
[75,204,711919,712743]
[76,168,642032,642949]
[77,249,383495,383043]
[78,129,460926,459856]
[79,206,253119,253454]
[80,136,119933,120737]
[81,85,535820,535556]
[82,174,422184,423498]
[83,106,402548,403988]
[84,119,403939,403776]
[85,149,67069,65703]
[86,236,522196,523091]
[87,81,144263,142930]
[88,268,74066,74376]
[89,183,183121,182180]
[90,157,542581,542304]
[91,3,506993,505581]
[92,203,119255,118902]
[93,66,392711,393481]
[94,77,39757,39404]
[95,110,631401,632033]
[96,24,108007,108481]
[97,215,163123,161736]
[98,192,430048,431083]
[99,269,34399,33985]
[100,123,647293,645984]
[101,109,378298,377268]
[102,277,715571,714381]
[103,165,220369,219586]
[104,238,282107,283239]
[105,64,80759,82044]
[106,252,406020,406918]
[107,228,186343,187044]
[108,215,497052,495960]
[109,104,599612,600910]
[110,89,146972,145559]
[111,130,140,321]
[112,85,498371,497086]
[113,210,240380,241572]
[114,197,155207,155114]
[115,65,699896,699189]
[116,132,594399,595310]
[117,76,398626,399357]
[118,119,354909,353416]
[119,77,412950,411894]
[120,140,121360,121773]
[121,89,572046,571370]
[122,32,631161,631717]
[123,6,359929,360301]
[124,101,348193,346705]
[125,227,421630,421557]
[126,175,224343,222896]
[127,204,653880,654458]
[128,55,298313,297732]
[129,43,232775,232066]
[130,269,674346,673490]
[131,251,426974,426178]
[132,210,171674,172826]
[133,30,635081,635893]
[134,268,596407,597870]
[135,47,127376,126110]
[136,253,478276,477014]
[137,6,74800,75689]
[138,7,389115,388334]
[139,241,181651,181412]
[140,92,224962,225110]
[141,185,240973,240043]
[142,210,114059,114698]
[143,56,561772,562068]
[144,84,490708,492033]
[145,71,36984,36261]
[146,229,440128,439335]
[147,189,303018,302196]
[148,110,554705,555597]
[149,51,381592,380685]
[150,166,642467,643301]
[151,50,82540,82621]
[152,142,372711,374040]
[153,211,380530,379216]
[154,133,72708,71898]
[155,278,147020,147458]
[156,50,290039,291527]
[157,207,430231,429219]
[158,141,224954,223668]
[159,199,60706,60447]
[160,92,333048,333394]
[161,81,230523,230289]
[162,251,231588,230184]
[163,74,68062,68256]
[164,125,250065,248730]
[165,91,318956,317604]
[166,150,253222,254341]
[167,237,181173,180122]
[168,117,368130,366637]
[169,162,139289,140183]
[170,230,640796,641405]
[171,131,306350,305255]
[172,219,277497,276597]
[173,2,444432,444726]
[174,235,421300,420490]
[175,220,209349,209646]
[176,149,576360,575393]
[177,2,644553,645284]
[178,117,295838,294627]
[179,177,290368,290323]
[180,212,581127,581899]
[181,28,237361,237769]
[182,277,457791,456768]
[183,192,432682,433321]
[184,48,324480,325720]
[185,68,342810,343162]
[186,199,524391,523614]
[187,136,74236,74572]
[188,57,727255,725930]
[189,219,555385,554168]
[190,209,468925,468519]
[191,44,460856,461914]
[192,12,162749,163377]
[193,225,401625,400686]
[194,259,355679,354912]
[195,29,627297,625857]
[196,98,303649,304040]
[197,227,607866,607478]
[198,171,37205,36736]
[199,216,548318,548849]
[200,13,714638,714138]
[201,0,427303,428084]
[202,191,284604,284409]
[203,12,358548,358849]
[204,234,613350,613427]
[205,34,223617,224018]
[206,5,193058,192281]
[207,156,434217,435632]
[208,124,165992,167074]
[209,278,165802,166187]
[210,44,583296,584107]
[211,241,370946,369533]
[212,36,194782,196121]
[213,82,175310,175747]
[214,114,548257,549138]
[215,200,520295,520727]
[216,248,638400,639545]
[217,38,688992,690303]
[218,234,426306,426992]
[219,74,443314,443476]
[220,155,174023,173802]
[221,246,386715,387978]
[222,264,301037,301477]
[223,77,113649,112391]
[224,99,347115,346256]
[225,179,559033,558226]
[226,141,198483,198282]
[227,117,669297,668033]
[228,205,604367,603216]
[229,225,46273,45669]
[230,5,670943,669718]
[231,154,628420,629476]
[232,270,715020,716356]
[233,40,500783,501349]
[234,201,19799,19369]
[235,259,204549,203136]
[236,174,273197,273446]
[237,178,12222,12482]
[238,247,391951,390955]
[239,174,354005,355234]
[240,70,629467,630113]
[241,211,466070,465208]
[242,150,140327,141621]
[243,246,437014,438428]
[244,83,142837,142174]
[245,125,28853,28572]
[246,74,514159,515497]
[247,218,356508,357527]
[248,110,592575,593346]
[249,88,328864,329475]
[250,161,37987,36627]
[251,59,696820,696776]
[252,18,707067,708549]
[253,67,105727,105105]
[254,275,697747,697297]
[255,234,564181,565557]
[256,45,236161,234894]
[257,199,492992,492532]
[258,268,131587,132857]
[259,123,700845,700811]
[260,118,679028,679858]
[261,24,682582,683565]
[262,59,537557,537143]
[263,22,217809,218939]
[264,149,323967,323449]
[265,187,412238,411586]
[266,139,32388,31710]
[267,109,196026,195544]
[268,5,372458,371285]
[269,135,608511,607632]
[270,24,704347,705331]
[271,132,34811,35034]
[272,148,240516,241305]
[273,102,604420,604941]
[274,266,679392,680821]
[275,28,464852,465270]
[276,1,706728,705818]
[277,36,633428,634086]
[278,52,97418,98286]
[279,68,396177,397649]
[280,83,61492,61103]
[281,85,294709,294394]
[282,217,256845,256730]
[283,107,443883,442590]
[284,54,26097,26910]
[285,55,640606,640168]
[286,137,689057,687599]
[287,81,131242,130907]
[288,17,5445,5098]
[289,148,507098,507481]
[290,170,512997,513807]
[291,165,506565,506399]
[292,65,527989,527602]
[293,12,647621,648709]
[294,60,722184,723308]
[295,25,539009,538971]
[296,70,704678,705476]
[297,165,712294,710998]
[298,237,669703,669054]
[299,32,567373,567790]
[300,259,43315,43217]
[301,241,476253,476090]
[302,167,547478,547050]
[303,35,498622,497561]
[304,192,18292,18761]
[305,27,502652,502042]
[306,50,51495,52463]
[307,59,69604,68766]
[308,96,290619,291846]
[309,204,440462,440532]
[310,189,727084,726606]
[311,256,367376,368218]
[312,238,12581,12879]
[313,114,347963,349132]
[314,122,183022,183329]
[315,65,94633,94284]
[316,23,541594,540906]
[317,219,635597,634816]
[318,72,531353,532765]
[319,20,216578,217705]
[320,224,297361,298149]
[321,256,533500,534590]
[322,262,729691,730414]
[323,133,520791,519967]
[324,52,289707,290388]
[325,159,299510,299197]
[326,168,706449,706942]
[327,175,361355,361283]
[328,211,301132,300563]
[329,150,378381,379219]
[330,41,556390,555810]
[331,18,530538,530876]
[332,228,727901,728331]
[333,157,340659,339799]
[334,279,573182,572857]
[335,51,53133,51691]
[336,106,602822,603921]
[337,216,723139,724316]
[338,95,4262,3992]
[339,143,316647,315619]
[340,264,586595,587646]
[341,137,45583,44534]
[342,196,233708,235034]
[343,268,459682,460535]
[344,25,35611,35266]
[345,185,21563,20561]
[346,2,214771,215121]
[347,122,407920,408732]
[348,151,601044,600342]
[349,238,488967,489562]
[350,79,269258,267998]
[351,156,61408,62365]
[352,225,522338,521232]
[353,107,292360,292236]
[354,180,234031,234385]
[355,269,329020,328512]
[356,33,524201,523746]
[357,147,102783,102236]
[358,8,99881,100803]
[359,138,704321,704513]
[360,3,70179,69833]
[361,246,603957,605432]
[362,128,300917,301825]
[363,218,193882,195178]
[364,145,259479,258573]
[365,53,630085,629391]
[366,135,718332,718293]
[367,236,227819,228274]
[368,1,532182,531016]
[369,112,41820,41907]
[370,28,185987,186109]
[371,83,24787,23388]
[372,24,259462,260341]
[373,36,167071,167329]
[374,54,362529,363414]
[375,37,211968,210737]
[376,275,552381,552245]
[377,264,615775,616468]
[378,33,344451,344331]
[379,101,365954,365038]
[380,103,277074,275986]
[381,184,144885,144922]
[382,182,550300,551747]
[383,251,299693,299189]
[384,234,193512,194970]
[385,73,225676,224507]
[386,179,691076,690804]
[387,196,393627,394485]
[388,247,289198,288400]
[389,13,544315,542886]
[390,72,153554,153749]
[391,150,68545,69404]
[392,154,62290,63204]
[393,73,81163,80733]
[394,119,200014,198872]
[395,32,149000,150223]
[396,123,122429,121125]
[397,10,550149,551144]
[398,266,620664,622120]
[399,189,718455,718374]
[400,19,181535,181195]
[401,171,342051,341598]
[402,119,313290,312047]
[403,58,95023,95501]
[404,272,417592,418718]
[405,228,221440,221738]
[406,90,183530,184223]
[407,256,513847,515123]
[408,225,662082,661637]
[409,194,311054,311952]
[410,240,560565,561667]
[411,180,677794,679058]
[412,55,593001,591561]
[413,83,266176,265733]
[414,245,332199,331200]
[415,42,619159,620247]
[416,119,499614,498881]
[417,1,470401,470000]
[418,172,212739,213808]
[419,161,323384,322420]
[420,11,89153,88292]
[421,118,52608,53448]
[422,263,369291,368444]
[423,275,631543,630464]
[424,149,679709,678562]
[425,108,59385,60194]
[426,5,68682,68297]
[427,279,440255,439410]
[428,111,32100,30731]
[429,222,188182,188883]
[430,152,705446,706476]
[431,53,269874,269264]
[432,139,48751,47270]
[433,131,319044,318460]
[434,269,205954,205617]
[435,70,314575,315094]
[436,135,456326,455093]
[437,187,250632,250214]
[438,174,2071,3184]
[439,40,622159,623224]
[440,63,632510,631812]
[441,31,341457,341223]
[442,33,402393,401519]
[443,210,54366,55354]
[444,125,469831,468630]
[445,198,407735,408192]
[446,163,690068,690032]
[447,25,607695,607190]
[448,271,229188,229090]
[449,212,559757,560247]
[450,69,164785,164590]
[451,185,274950,274832]
[452,219,462999,462513]
[453,247,561764,560780]
[454,98,614745,615367]
[455,159,342212,340875]
[456,103,715889,715704]
[457,40,123506,124721]
[458,224,408878,408926]
[459,38,650480,650687]
[460,75,466659,465372]
[461,168,359512,359707]
[462,10,634997,635083]
[463,256,106344,106727]
[464,120,701049,701601]
[465,170,467539,468285]
[466,225,119295,117930]
[467,193,100795,100123]
[468,263,159000,157780]
[469,216,658543,659818]
[470,123,11759,10935]
[471,180,317096,317863]
[472,30,710038,711410]
[473,231,424731,424134]
[474,4,80450,81133]
[475,19,319810,319637]
[476,240,429616,430059]
[477,4,500928,501682]
[478,136,3307,4080]
[479,18,600090,600762]
[480,112,518857,520303]
[481,22,686205,687309]
[482,190,344979,346163]
[483,71,440345,439964]
[484,114,472911,474122]
[485,234,614745,614906]
[486,279,723990,722664]
[487,153,689181,688423]
[488,180,209454,209561]
[489,202,575853,576486]
[490,43,391640,390885]
[491,256,380519,380905]
[492,271,478323,477266]
[493,277,353067,351987]
[494,179,319312,318684]
[495,0,286006,286669]
[496,138,230720,230948]
[497,101,78541,77235]
[498,241,542779,541313]
[499,99,97794,96454]
[500,247,165890,164860]
[501,37,683911,682727]
[502,200,231141,231971]
[503,188,164804,164922]
[504,197,172732,171655]
[505,23,637243,636707]
[506,21,660833,659936]
[507,203,60610,59693]
[508,258,97571,97692]
[509,113,241024,239543]
[510,247,394128,393601]
[511,62,112795,113746]
[512,63,479292,478270]
[513,225,404222,403178]
[514,210,710821,711453]
[515,124,661848,663132]
[516,144,187201,188106]
[517,19,200291,199754]
[518,64,428169,428699]
[519,106,715687,716716]
[520,197,599734,598851]
[521,20,324513,326001]
[522,80,530077,530196]
[523,25,277451,276383]
[524,28,396658,397936]
[525,222,134661,134946]
[526,88,476656,477267]
[527,215,713185,712583]
[528,85,16236,15925]
[529,264,152924,153636]
[530,200,478484,479612]
[531,278,223106,223788]
[532,241,103102,102350]
[533,92,178866,180130]
[534,135,619371,618208]
[535,106,512636,512782]
[536,269,402261,401819]
[537,214,308444,308956]
[538,45,645268,644458]
[539,194,641298,642240]
[540,197,384687,384324]
[541,170,270414,271875]
[542,122,50554,50617]
[543,132,643050,643835]
[544,35,78760,78520]
[545,92,117956,118900]
[546,92,502590,503740]
[547,12,619997,620149]
[548,165,500364,499344]
[549,254,122099,122766]
[550,158,133053,133242]
[551,76,127540,128462]
[552,47,49079,48629]
[553,111,43971,43151]
[554,196,498915,500053]
[555,272,308477,309350]
[556,58,619653,619866]
[557,127,404490,403550]
[558,111,623346,622429]
[559,272,76850,78112]
[560,105,178675,177812]
[561,259,362853,362019]
[562,193,14234,13151]
[563,169,134560,134043]
[564,170,301672,302599]
[565,241,322725,321944]
[566,18,693590,694560]
[567,167,531720,531307]
[568,214,196903,197774]
[569,236,344025,344406]
[570,194,211098,212149]
[571,38,283311,283911]
[572,168,292884,293023]
[573,136,456144,457628]
[574,159,259535,259032]
[575,147,687656,686765]
[576,162,498856,499636]
[577,7,568723,567745]
[578,197,555860,555442]
[579,203,625347,623890]
[580,182,197441,197484]
[581,109,613123,612150]
[582,9,593833,593269]
[583,23,217868,217060]
[584,145,304992,304335]
[585,30,637189,637450]
[586,165,173354,173077]
[587,7,215023,214866]
[588,65,398294,397457]
[589,222,361456,362394]
[590,265,470306,468908]
[591,251,438383,438124]
[592,45,147525,146066]
[593,7,53346,51914]
[594,234,225880,226635]
[595,94,290855,291553]
[596,89,356491,355530]
[597,39,454347,453293]
[598,264,649614,650120]
[599,223,22032,21704]
[600,106,623748,624532]
[601,159,557654,556164]
[602,49,722346,721083]
[603,123,718599,717771]
[604,196,371196,372622]
[605,116,263492,263782]
[606,193,369125,368924]
[607,260,261268,261554]
[608,199,495095,494362]
[609,18,407,490]
[610,258,30268,31726]
[611,0,66079,67425]
[612,227,478251,477540]
[613,102,40002,41215]
[614,258,140131,141515]
[615,261,461267,460051]
[616,118,327629,329030]
[617,79,487112,486197]
[618,114,124952,126088]
[619,215,40091,38831]
[620,33,575034,574855]
[621,33,397387,395960]
[622,54,247668,248980]
[623,16,515060,516122]
[624,13,366779,366714]
[625,216,568354,569736]
[626,38,513469,514787]
[627,29,231818,230908]
[628,12,268973,269949]
[629,263,71177,71041]
[630,241,711487,711373]
[631,77,25121,25065]
[632,159,253559,253471]
[633,162,190306,191051]
[634,52,575233,575380]
[635,203,108978,107643]
[636,75,420659,420171]
[637,82,112616,113229]
[638,53,387129,386056]
[639,96,715113,715717]
[640,100,156571,156927]
