["head":"wrap","lpos","status"]
[207,122668,0]
["io count"]
[645]
["io":"id","wrap","startLpos","endLpos"]
[1,254,314764,315794]
[2,21,150456,149895]
[3,108,607202,608031]
[4,228,351822,352773]
[5,200,89334,89676]
[6,123,362352,362319]
[7,191,414086,413242]
[8,192,180934,181173]
[9,139,211325,210498]
[10,152,503531,504536]
[11,238,339994,341331]
[12,61,232062,231736]
[13,265,136394,135205]
[14,262,322986,323546]
[15,215,53294,52361]
[16,173,308979,308011]
[17,61,703641,703023]
[18,83,184676,183653]
[19,82,706944,707470]
[20,232,198954,199139]
[21,46,197514,198532]
[22,228,5816,6311]
[23,132,353586,354297]
[24,120,250360,251794]
[25,83,30105,29135]
[26,119,210697,210527]
[27,125,323701,322361]
[28,211,674491,673542]
[29,205,226868,226367]
[30,23,262491,261686]
[31,119,365628,365567]
[32,129,382061,380809]
[33,198,518193,518564]
[34,129,141809,140565]
[35,132,42974,43490]
[36,187,519504,518198]
[37,227,707337,706756]
[38,102,187674,189172]
[39,261,217036,215736]
[40,6,462851,463856]
[41,180,206308,206378]
[42,189,629702,629404]
[43,35,252165,250665]
[44,127,528365,527856]
[45,270,48311,48651]
[46,222,610768,611415]
[47,135,372413,371893]
[48,133,483953,483054]
[49,79,585423,584017]
[50,11,613903,613613]
[51,113,342546,342484]
[52,76,588257,589610]
[53,148,169120,170090]
[54,172,316081,316865]
[55,157,429812,429657]
[56,206,181004,181685]
[57,49,182499,182218]
[58,104,197198,198191]
[59,77,628451,628107]
[60,67,413475,413329]
[61,182,86466,87257]
[62,138,677807,678412]
[63,236,151905,152814]
[64,85,401755,400879]
[65,2,292075,292587]
[66,131,510871,509764]
[67,231,264969,264501]
[68,98,208907,209736]
[69,125,634568,634177]
[70,205,237057,235975]
[71,11,394294,393526]
[72,153,454743,454145]
[73,221,463812,463308]
[74,257,686621,685405]
[75,190,580798,581309]
[76,151,510652,510508]
[77,212,312802,314105]
[78,119,91896,91014]
[79,117,539030,538923]
[80,24,345667,346144]
[81,247,673730,672817]
[82,166,114365,115765]
[83,207,198348,196873]
[84,131,11410,9934]
[85,184,388548,389336]
[86,169,358921,357939]
[87,97,368150,366876]
[88,8,281172,281591]
[89,211,17361,17200]
[90,121,706096,705903]
[91,75,179294,178272]
[92,256,599512,599905]
[93,37,536931,535976]
[94,55,167593,167322]
[95,276,5419,6411]
[96,161,638887,638760]
[97,45,356595,355282]
[98,40,162969,164407]
[99,49,128990,128393]
[100,153,639375,638992]
[101,90,698347,699809]
[102,75,119998,119418]
[103,112,402878,404003]
[104,128,245235,246007]
[105,206,514402,515642]
[106,26,367317,368154]
[107,195,413797,412377]
[108,70,162992,163627]
[109,139,235461,234257]
[110,97,385260,384215]
[111,34,27154,27859]
[112,57,562247,561361]
[113,192,214656,215984]
[114,123,350830,349657]
[115,51,74870,74600]
[116,155,414638,413579]
[117,214,672538,673585]
[118,188,65754,66652]
[119,78,640555,641015]
[120,255,343036,342919]
[121,169,403254,402420]
[122,6,245111,245605]
[123,136,148100,148333]
[124,98,554239,554652]
[125,218,347782,348526]
[126,170,603492,604026]
[127,69,63357,62531]
[128,131,558457,557530]
[129,241,168966,168100]
[130,169,304005,302626]
[131,164,3762,4054]
[132,138,4335,5609]
[133,196,526091,526242]
[134,58,344359,345801]
[135,276,575986,576626]
[136,255,4074,3938]
[137,254,60677,61040]
[138,28,81365,81695]
[139,56,627239,627464]
[140,4,454570,455764]
[141,278,23231,24216]
[142,244,593846,594542]
[143,230,447789,448488]
[144,54,206024,207061]
[145,276,163024,163446]
[146,231,469076,468378]
[147,83,67345,67094]
[148,140,237746,238430]
[149,248,370516,371151]
[150,23,4804,4730]
[151,52,459818,461117]
[152,271,156025,154818]
[153,257,164116,163312]
[154,12,20713,21456]
[155,54,127249,128467]
[156,252,702513,702990]
[157,117,118569,117817]
[158,150,27191,28253]
[159,233,431047,429801]
[160,193,227661,227470]
[161,170,361289,361726]
[162,174,38340,39072]
[163,275,440690,439598]
[164,192,319863,321115]
[165,181,523759,522778]
[166,91,73189,72761]
[167,88,728320,729096]
[168,109,138769,138251]
[169,241,670564,669505]
[170,140,430809,431746]
[171,210,19325,19833]
[172,122,593607,594578]
[173,184,512290,512650]
[174,228,154259,154413]
[175,61,373388,372515]
[176,211,371825,370983]
[177,74,244871,244918]
[178,166,580925,581775]
[179,249,113666,113460]
[180,218,274237,275447]
[181,56,366611,367671]
[182,109,558348,557230]
[183,233,266550,266426]
[184,55,659021,658616]
[185,73,250905,250449]
[186,101,5931,4444]
[187,157,412837,411765]
[188,176,559588,559643]
[189,4,320824,322213]
[190,169,230537,230112]
[191,91,446284,445696]
[192,124,416631,417820]
[193,13,148842,148490]
[194,260,512512,513913]
[195,127,693825,693193]
[196,129,312030,310957]
[197,50,271802,272552]
[198,150,310358,311037]
[199,90,550246,550638]
[200,142,334898,335313]
[201,152,614133,614342]
[202,83,561804,560318]
[203,105,348659,347186]
[204,97,477879,476389]
[205,268,249006,249334]
[206,24,593222,593437]
[207,56,352236,352876]
[208,66,242138,242586]
[209,254,323074,323684]
[210,93,463258,463029]
[211,127,576750,575387]
[212,194,313538,314501]
[213,190,593667,594774]
[214,37,412677,411757]
[215,172,537394,537582]
[216,207,283279,282031]
[217,98,724522,724566]
[218,260,64802,64885]
[219,1,186380,186181]
[220,158,14522,15149]
[221,189,203631,202822]
[222,29,11017,10673]
[223,221,578557,577606]
[224,211,85439,84253]
[225,218,638344,639005]
[226,111,142537,141181]
[227,258,680302,680901]
[228,193,633065,632541]
[229,49,141308,141235]
[230,226,418802,420154]
[231,39,599715,598706]
[232,160,157155,158233]
[233,129,680158,679326]
[234,5,595684,594700]
[235,146,619418,620523]
[236,262,590103,591064]
[237,117,408018,406879]
[238,246,694460,695661]
[239,34,375072,376445]
[240,22,565080,565262]
[241,10,639311,639859]
[242,208,607194,607354]
[243,163,174951,173878]
[244,180,156070,157060]
[245,98,467715,467895]
[246,279,442117,441653]
[247,114,73047,73702]
[248,116,188747,189738]
[249,19,291697,290489]
[250,135,604012,603969]
[251,273,267876,267467]
[252,234,198264,198693]
[253,224,498257,498646]
[254,183,329743,329486]
[255,148,513532,514423]
[256,253,263875,263701]
[257,77,298707,298002]
[258,153,20332,19779]
[259,31,205588,204740]
[260,227,297868,297531]
[261,43,95206,94566]
[262,163,375200,374977]
[263,194,84155,85001]
[264,195,433737,432974]
[265,149,598137,597490]
[266,84,156586,157246]
[267,228,298918,300138]
[268,202,256133,256226]
[269,55,192694,191403]
[270,22,365235,365621]
[271,162,25497,26546]
[272,277,240383,240229]
[273,234,332216,333709]
[274,237,171945,171878]
[275,77,477389,475897]
[276,243,391037,390440]
[277,246,140179,140386]
[278,61,161725,160484]
[279,143,110478,109250]
[280,129,357535,356481]
[281,230,602931,603616]
[282,123,573290,573225]
[283,4,470217,470494]
[284,54,336166,336812]
[285,261,564328,563936]
[286,249,724202,723643]
[287,66,438865,439170]
[288,189,730141,728642]
[289,159,163498,163068]
[290,113,549891,549252]
[291,109,730770,730012]
[292,31,365298,364045]
[293,199,211666,210630]
[294,278,170847,171388]
[295,232,561074,561167]
[296,141,348365,348145]
[297,73,683575,683354]
[298,159,152764,151886]
[299,218,422527,423569]
[300,67,723752,723232]
[301,213,13603,12862]
[302,114,571346,571810]
[303,190,442236,443449]
[304,97,231849,231738]
[305,99,360137,358643]
[306,172,30218,30305]
[307,85,493470,492557]
[308,123,553592,553487]
[309,118,83876,84699]
[310,174,19795,19888]
[311,82,415651,415926]
[312,54,513039,513273]
[313,194,77164,78633]
[314,198,150168,151336]
[315,177,481972,480928]
[316,199,269258,268507]
[317,174,711709,712255]
[318,249,704768,703761]
[319,134,49841,50278]
[320,255,482627,481922]
[321,125,495155,494544]
[322,142,640781,640994]
[323,90,611699,612239]
[324,249,363214,362525]
[325,127,673449,673107]
[326,184,442388,443830]
[327,263,281031,280923]
[328,58,255817,256854]
[329,241,101755,100764]
[330,61,295285,295116]
[331,155,148228,147493]
[332,110,406699,407632]
[333,80,674615,675445]
[334,122,293165,293202]
[335,16,530161,530919]
[336,134,279533,279927]
[337,114,544889,545662]
[338,276,434068,434826]
[339,100,201455,202089]
[340,110,573532,573878]
[341,206,22157,22530]
[342,51,388141,387466]
[343,278,126072,126309]
[344,112,636864,637701]
[345,130,382944,383207]
[346,52,346191,346541]
[347,156,264430,264677]
[348,198,351206,352287]
[349,96,487495,487808]
[350,249,490856,490582]
[351,125,403431,402165]
[352,16,34737,35531]
[353,127,527589,526754]
[354,198,623641,624401]
[355,34,43746,44117]
[356,180,634619,635176]
[357,234,627857,628446]
[358,36,361744,362780]
[359,90,484671,485324]
[360,40,230954,231762]
[361,179,558803,557726]
[362,159,445108,444721]
[363,71,473537,473069]
[364,42,47848,49258]
[365,11,197259,197180]
[366,167,536607,535732]
[367,31,405890,405769]
[368,83,510979,510613]
[369,107,43481,42105]
[370,264,376351,376578]
[371,159,31641,30615]
[372,65,592518,591893]
[373,178,371731,373107]
[374,65,369335,368736]
[375,133,95893,94416]
[376,42,85582,86633]
[377,59,290573,290154]
[378,183,285903,285171]
[379,111,221432,221125]
[380,37,612075,611304]
[381,72,433579,434675]
[382,255,350196,349154]
[383,124,179487,180645]
[384,55,458702,457252]
[385,125,641136,639940]
[386,145,72863,71437]
[387,193,60002,59916]
[388,260,531676,532050]
[389,126,385873,387131]
[390,98,200949,201317]
[391,160,666620,667775]
[392,275,628250,628176]
[393,30,323678,324798]
[394,136,639697,640599]
[395,205,628971,628837]
[396,100,149119,149216]
[397,44,408639,409899]
[398,223,142115,141111]
[399,272,290435,291400]
[400,89,515824,514887]
[401,146,515620,516759]
[402,176,452506,452925]
[403,172,470156,471031]
[404,64,67406,68745]
[405,148,73913,75200]
[406,56,51157,52311]
[407,254,62851,64089]
[408,164,107372,107595]
[409,135,42957,42402]
[410,262,7132,8162]
[411,39,578189,578037]
[412,104,119448,120019]
[413,157,246255,246202]
[414,256,31438,32265]
[415,39,598204,598058]
[416,276,126407,126925]
[417,63,679435,678172]
[418,221,594593,593964]
[419,104,607082,607155]
[420,82,24714,25429]
[421,6,608831,610056]
[422,279,109413,108780]
[423,84,560368,561567]
[424,132,242599,243665]
[425,195,127629,126464]
[426,194,449081,450340]
[427,54,401782,402420]
[428,159,378774,377792]
[429,269,512683,511510]
[430,276,24178,24722]
[431,104,21600,22918]
[432,215,55655,55254]
[433,131,196224,194901]
[434,5,143330,142595]
[435,37,707077,706058]
[436,24,231994,232914]
[437,173,629191,628373]
[438,231,669520,669388]
[439,58,63814,64436]
[440,35,686776,686366]
[441,206,497476,498353]
[442,102,115834,116760]
[443,172,125886,127103]
[444,38,261429,262767]
[445,175,495835,494771]
[446,259,592423,590925]
[447,160,630875,631297]
[448,251,709966,709344]
[449,158,322903,324280]
[450,245,457541,457499]
[451,113,108259,106980]
[452,174,262627,263889]
[453,202,353264,353559]
[454,56,634349,634726]
[455,7,230863,229925]
[456,6,5242,6521]
[457,7,293902,293108]
[458,119,602827,602352]
[459,61,425730,424487]
[460,120,53300,54216]
[461,239,410399,409888]
[462,129,305785,304503]
[463,169,432603,431821]
[464,74,168876,169231]
[465,271,464524,464398]
[466,108,217169,218592]
[467,219,402096,400703]
[468,221,662151,660740]
[469,235,340542,339493]
[470,64,34772,36116]
[471,231,460109,459737]
[472,225,160027,158919]
[473,125,170649,169399]
[474,48,602845,602992]
[475,97,247517,247317]
[476,14,158051,159035]
[477,259,623476,622110]
[478,78,159294,160275]
[479,206,310887,310988]
[480,40,671616,672827]
[481,203,330992,329983]
[482,154,323145,324198]
[483,32,578009,579458]
[484,143,321231,320562]
[485,258,606442,607320]
[486,167,16101,15246]
[487,75,82757,82509]
[488,105,377734,377521]
[489,50,446657,447969]
[490,61,391128,389785]
[491,89,250914,250202]
[492,16,254957,256102]
[493,127,156156,155771]
[494,235,77043,75678]
[495,237,201350,200422]
[496,185,457631,456358]
[497,196,325861,326723]
[498,165,485463,484724]
[499,162,624462,625938]
[500,119,264352,263626]
[501,44,139104,140351]
[502,278,448323,448694]
[503,276,283622,283840]
[504,96,80753,81839]
[505,70,625343,626683]
[506,121,157497,157203]
[507,165,250725,249609]
[508,152,165667,166268]
[509,238,635899,636566]
[510,67,367451,366007]
[511,168,417659,418900]
[512,126,99985,100900]
[513,102,93233,93866]
[514,137,446106,446041]
[515,33,478060,476677]
[516,217,328396,328250]
[517,251,209126,208992]
[518,224,301624,302363]
[519,199,514151,513653]
[520,239,156762,155710]
[521,140,315118,315385]
[522,180,209864,211126]
[523,151,258647,257246]
[524,204,552441,552594]
[525,170,279751,281245]
[526,62,269524,269576]
[527,104,106161,106328]
[528,203,363439,362286]
[529,119,489531,488205]
[530,170,542529,542726]
[531,212,401677,402197]
[532,64,557476,558545]
[533,17,218077,217193]
[534,29,538502,537479]
[535,192,419745,420799]
[536,118,704584,705835]
[537,148,711205,712341]
[538,68,244543,245682]
[539,41,575996,575547]
[540,230,100726,101039]
[541,141,594764,594288]
[542,227,171034,170529]
[543,120,516872,516987]
[544,100,364391,365492]
[545,132,640560,640682]
[546,111,268065,266867]
[547,238,54542,54839]
[548,127,725579,724665]
[549,16,120358,121211]
[550,266,585104,585847]
[551,187,352857,351774]
[552,44,206369,207322]
[553,208,51648,52006]
[554,56,35769,36550]
[555,123,705129,704088]
[556,39,293352,292376]
[557,19,15486,15172]
[558,163,471971,471386]
[559,59,188677,188166]
[560,183,706525,705628]
[561,77,616471,616073]
[562,182,607417,608248]
[563,263,294490,293438]
[564,47,374518,373121]
[565,4,244117,245115]
[566,127,474947,474809]
[567,219,166923,166339]
[568,85,311451,310411]
[569,274,221884,222598]
[570,201,549551,549141]
[571,186,631235,632050]
[572,190,50834,51943]
[573,151,685961,684704]
[574,91,280756,280536]
[575,72,84375,85089]
[576,112,486219,487049]
[577,203,719146,718666]
[578,129,629860,629444]
[579,262,457177,457382]
[580,175,589600,589191]
[581,222,27343,27818]
[582,73,256046,255418]
[583,217,620870,620602]
[584,6,663917,664433]
[585,13,149258,148485]
[586,150,220337,221686]
[587,187,592004,591319]
[588,164,485064,486012]
[589,8,580922,581750]
[590,68,643047,643107]
[591,173,334365,333884]
[592,238,608551,609103]
[593,40,664886,665307]
[594,159,411049,410653]
[595,269,426251,425787]
[596,264,68835,70274]
[597,78,469834,470683]
[598,77,191425,190284]
[599,249,288274,287013]
[600,40,515128,516484]
[601,105,518538,517860]
[602,58,367835,368152]
[603,22,236977,237236]
[604,179,51403,51170]
[605,62,273487,274971]
[606,13,482478,482172]
[607,176,470949,471319]
[608,230,309616,310054]
[609,55,114878,114668]
[610,92,554284,555768]
[611,23,711526,710604]
[612,119,590450,589630]
[613,192,569248,570166]
[614,184,570484,571856]
[615,56,568166,569207]
[616,118,81378,82545]
[617,10,277111,278204]
[618,49,179283,178102]
[619,68,723684,724175]
[620,177,277147,276907]
[621,83,685228,684916]
[622,151,577850,577032]
[623,17,416726,416062]
[624,59,695369,694065]
[625,9,142475,141146]
[626,17,652560,651705]
[627,56,317305,317629]
[628,46,183353,184518]
[629,159,288516,287719]
[630,45,452054,451079]
[631,226,498097,499400]
[632,126,447351,447476]
[633,42,507891,508325]
[634,101,672921,672541]
[635,151,246933,245698]
[636,120,553484,554618]
[637,160,688867,689497]
[638,211,723344,722738]
[639,108,148379,148785]
[640,238,625956,627135]
[641,246,81830,82864]
[642,122,603263,603736]
[643,264,146679,146905]
[644,28,348740,349972]
[645,208,640796,640855]
