["head":"wrap","lpos","status"]
[54,61867,1]
["io count"]
[65]
["io":"id","wrap","startLpos","endLpos"]
[1,84,588301,589171]
[2,7,45371,44706]
[3,156,309127,309952]
[4,159,678753,677275]
[5,238,129129,130537]
[6,28,571469,572800]
[7,133,224640,224250]
[8,38,495178,495429]
[9,201,407753,407486]
[10,197,194806,194069]
[11,73,695970,695373]
[12,277,293591,292884]
[13,184,364304,364372]
[14,201,532700,531470]
[15,131,239810,239720]
[16,6,519610,519978]
[17,141,284254,284134]
[18,207,7996,7170]
[19,28,461453,461555]
[20,160,561850,562955]
[21,86,40935,41959]
[22,77,11525,10588]
[23,214,251546,251967]
[24,224,603246,603306]
[25,83,257162,256913]
[26,177,435261,433881]
[27,64,659405,660358]
[28,124,341939,342472]
[29,128,659276,660076]
[30,232,448213,449409]
[31,187,24593,24033]
[32,150,225640,225938]
[33,259,543484,542980]
[34,219,661001,660464]
[35,198,488979,490361]
[36,238,204815,205577]
[37,227,277214,276354]
[38,137,382566,382410]
[39,106,191716,192855]
[40,90,322955,324021]
[41,211,526157,525108]
[42,69,267324,266096]
[43,154,76944,78011]
[44,152,305592,306678]
[45,43,578661,578168]
[46,181,421132,420894]
[47,4,101533,102981]
[48,49,47142,46304]
[49,149,584210,583876]
[50,182,171743,172611]
[51,94,128562,128832]
[52,115,128400,127525]
[53,210,444953,445316]
[54,130,106297,107028]
[55,4,719169,719641]
[56,262,108275,108733]
[57,204,17886,18927]
[58,2,231327,231800]
[59,88,693730,693975]
[60,222,713640,713731]
[61,111,327438,326521]
[62,62,635506,636957]
[63,161,581179,580483]
[64,48,658397,659729]
[65,184,55682,56678]
