["head":"wrap","lpos","status"]
[96,36077,1]
["io count"]
[650]
["io":"id","wrap","startLpos","endLpos"]
[1,55,180640,179589]
[2,202,474503,475928]
[3,30,101504,101583]
[4,244,468208,468704]
[5,77,134369,133947]
[6,193,502537,502005]
[7,244,396262,396776]
[8,14,102252,103570]
[9,66,188608,189766]
[10,164,91366,92841]
[11,2,391403,392399]
[12,165,306508,305821]
[13,250,252053,252960]
[14,184,640019,640913]
[15,225,550751,550523]
[16,26,142316,142788]
[17,18,435284,436718]
[18,147,368858,368455]
[19,122,335666,337011]
[20,3,274200,273338]
[21,100,94328,94642]
[22,98,368729,369394]
[23,170,598818,599989]
[24,218,328212,329080]
[25,205,73229,71987]
[26,43,34568,33542]
[27,8,272259,273725]
[28,201,567055,566762]
[29,40,11244,11412]
[30,267,444772,443774]
[31,121,724221,723147]
[32,259,305668,304875]
[33,176,4324,4392]
[34,152,361073,362562]
[35,192,108242,109487]
[36,24,339771,340797]
[37,8,196035,196405]
[38,29,408180,407737]
[39,42,173658,173979]
[40,215,52816,51877]
[41,84,721826,722530]
[42,110,242066,243533]
[43,127,410846,410657]
[44,74,202322,202979]
[45,215,232814,231571]
[46,229,359110,357806]
[47,126,360240,360274]
[48,12,337912,338335]
[49,131,174945,174689]
[50,117,121073,119718]
[51,36,408270,409569]
[52,126,484706,485037]
[53,25,485641,485480]
[54,142,624754,625822]
[55,193,240831,240099]
[56,129,429145,428986]
[57,210,267411,267498]
[58,205,501163,500317]
[59,91,489114,487663]
[60,122,226160,227199]
[61,263,27731,26526]
[62,103,220901,219757]
[63,184,599830,600681]
[64,98,410884,411715]
[65,58,76230,77254]
[66,174,665154,665349]
[67,221,10988,10132]
[68,166,590586,591894]
[69,142,339490,340274]
[70,76,623552,624159]
[71,33,400262,399535]
[72,88,558783,559619]
[73,179,561568,560700]
[74,275,567456,566840]
[75,93,425728,424866]
[76,39,509615,509417]
[77,33,540276,540024]
[78,133,450476,449677]
[79,219,541776,541543]
[80,62,277597,278130]
[81,234,550828,551766]
[82,113,241791,241534]
[83,41,248725,248543]
[84,131,382038,381018]
[85,216,122422,123829]
[86,22,463305,463581]
[87,79,472549,471884]
[88,245,366961,365585]
[89,130,268218,269439]
[90,147,717417,717301]
[91,115,518827,517904]
[92,265,119541,118700]
[93,27,660536,659698]
[94,221,239396,238637]
[95,197,426331,424927]
[96,226,69596,70744]
[97,84,712954,713114]
[98,64,529645,529988]
[99,122,620529,621831]
[100,263,190897,189706]
[101,107,613171,612805]
[102,40,421817,422609]
[103,64,166829,167505]
[104,8,249267,250463]
[105,71,226150,225458]
[106,63,475116,474825]
[107,238,137983,138393]
[108,256,200348,200540]
[109,268,381270,381831]
[110,170,278397,278921]
[111,173,355419,354807]
[112,157,256078,255948]
[113,16,244670,245403]
[114,30,581844,583073]
[115,154,217484,217783]
[116,271,198657,197296]
[117,81,690340,690196]
[118,37,666835,665471]
[119,38,495177,495428]
[120,7,488748,488465]
[121,135,52951,52909]
[122,85,463123,462854]
[123,268,440240,441145]
[124,173,589698,588811]
[125,38,719320,720089]
[126,143,438691,438485]
[127,178,412556,413356]
[128,11,706563,705856]
[129,225,223926,222431]
[130,223,395656,394970]
[131,271,443882,442409]
[132,82,356953,357441]
[133,224,383292,384773]
[134,235,448766,447674]
[135,232,148696,149576]
[136,184,126686,128008]
[137,72,113050,114187]
[138,259,159263,158649]
[139,275,38988,37949]
[140,37,582712,581767]
[141,200,91837,92799]
[142,122,482788,483033]
[143,84,351383,352841]
[144,199,428777,427654]
[145,204,267996,268436]
[146,208,654694,655989]
[147,58,571914,572852]
[148,160,441322,442685]
[149,60,178034,179067]
[150,236,684517,684635]
[151,32,191244,192153]
[152,98,460867,460940]
[153,51,689250,687993]
[154,30,393888,394928]
[155,256,292204,293131]
[156,119,551258,550163]
[157,127,251649,250569]
[158,76,123472,124870]
[159,88,367314,367364]
[160,16,687541,688072]
[161,81,661930,661819]
[162,222,367392,368508]
[163,139,180565,179955]
[164,143,709611,708622]
[165,218,692055,692544]
[166,244,364736,364991]
[167,193,494951,494859]
[168,213,502254,500795]
[169,212,387260,387384]
[170,56,716241,717157]
[171,140,473743,475055]
[172,272,180398,180807]
[173,105,720501,720336]
[174,71,270535,269739]
[175,22,76841,78229]
[176,252,238771,239649]
[177,194,168119,168628]
[178,36,108712,108941]
[179,227,387741,386431]
[180,84,150943,151896]
[181,71,246708,245332]
[182,36,334694,335061]
[183,182,254658,254899]
[184,14,527863,527922]
[185,260,649756,650657]
[186,197,49637,49541]
[187,26,426604,427545]
[188,30,674061,674621]
[189,154,433056,433583]
[190,95,627950,626657]
[191,113,278610,278193]
[192,65,648521,648343]
[193,240,579340,579877]
[194,50,417610,418621]
[195,227,676922,676330]
[196,15,393135,392223]
[197,39,593632,593515]
[198,91,407643,407337]
[199,211,662068,661489]
[200,174,718851,719503]
[201,56,556384,557562]
[202,208,115245,115897]
[203,45,567025,566035]
[204,124,558891,559399]
[205,73,271488,270995]
[206,136,284906,285550]
[207,136,404465,405107]
[208,174,648440,649164]
[209,96,580135,580264]
[210,105,252252,252017]
[211,197,44345,43946]
[212,49,255555,254632]
[213,171,698628,698368]
[214,258,387457,388112]
[215,101,637123,636740]
[216,184,241110,242564]
[217,154,295460,296721]
[218,263,36767,35385]
[219,242,655745,656327]
[220,166,180792,181724]
[221,122,595406,596331]
[222,102,667141,667768]
[223,179,614962,613864]
[224,61,505371,504978]
[225,275,82450,81266]
[226,103,133329,132602]
[227,248,238729,239574]
[228,64,456999,457140]
[229,115,506902,505434]
[230,246,271554,272633]
[231,168,707240,707809]
[232,142,297193,297775]
[233,55,357053,356031]
[234,114,27515,28308]
[235,255,325820,325077]
[236,230,92669,92995]
[237,88,694526,695398]
[238,37,211588,210917]
[239,185,184450,183951]
[240,151,497567,497250]
[241,19,186882,185624]
[242,140,392125,392882]
[243,275,476486,475662]
[244,258,711663,712710]
[245,68,626668,627592]
[246,178,310381,310969]
[247,266,522007,523306]
[248,245,152680,151965]
[249,253,706390,706270]
[250,109,467824,467696]
[251,2,432280,433489]
[252,37,78738,77799]
[253,228,417857,418968]
[254,196,135782,136853]
[255,271,611022,610036]
[256,187,294298,292897]
[257,122,77351,77384]
[258,211,663564,663211]
[259,245,445710,445610]
[260,108,693810,694994]
[261,252,330732,331813]
[262,119,220743,220587]
[263,93,676303,675680]
[264,100,165839,166152]
[265,30,375809,376568]
[266,228,486791,488006]
[267,97,298355,297300]
[268,55,627986,626765]
[269,158,561541,562995]
[270,242,514243,514486]
[271,178,220779,220987]
[272,266,268902,270098]
[273,214,583932,585400]
[274,267,409770,408323]
[275,190,431936,432114]
[276,163,269529,268243]
[277,201,337496,336874]
[278,193,499053,497954]
[279,85,676394,676363]
[280,46,54319,54621]
[281,239,563440,562227]
[282,262,718941,719749]
[283,150,584528,585237]
[284,24,382154,383040]
[285,117,65604,65487]
[286,189,232103,231197]
[287,136,152404,152457]
[288,229,500879,499530]
[289,260,207619,208326]
[290,123,223992,223369]
[291,237,200733,199832]
[292,190,401357,402774]
[293,193,593110,591754]
[294,62,347051,347804]
[295,165,492733,491978]
[296,76,341573,341702]
[297,55,526880,525817]
[298,74,252942,253222]
[299,7,125787,124432]
[300,257,297332,296529]
[301,197,271634,270155]
[302,23,390634,390588]
[303,263,325840,325364]
[304,45,20396,19782]
[305,50,568285,568801]
[306,105,115308,114109]
[307,176,194596,195220]
[308,147,610597,609250]
[309,174,219752,221124]
[310,81,524197,522716]
[311,142,456117,456903]
[312,141,92696,91541]
[313,2,695546,696320]
[314,247,5417,5008]
[315,164,120071,120175]
[316,211,61439,61005]
[317,39,172267,171181]
[318,9,303252,302090]
[319,181,379174,378023]
[320,28,285141,286391]
[321,31,345463,345022]
[322,77,207986,206945]
[323,209,78552,77751]
[324,155,555927,554951]
[325,268,440093,440842]
[326,84,129887,130850]
[327,222,483432,483786]
[328,189,130079,129360]
[329,232,458862,460353]
[330,189,424766,423944]
[331,145,341662,340438]
[332,29,353930,353495]
[333,21,302849,301720]
[334,218,189382,189536]
[335,170,499771,499959]
[336,179,381680,380372]
[337,121,105242,104277]
[338,203,387983,387769]
[339,257,77433,76830]
[340,216,590332,590627]
[341,138,361741,362879]
[342,14,301076,302420]
[343,139,645224,643963]
[344,187,264943,263672]
[345,31,133595,132660]
[346,135,652968,651500]
[347,19,652654,652523]
[348,234,159666,160537]
[349,219,674459,673948]
[350,223,580348,579368]
[351,213,178171,177788]
[352,237,298885,298371]
[353,137,146284,146099]
[354,7,8005,7951]
[355,140,505208,506010]
[356,126,547992,548661]
[357,164,184718,185879]
[358,183,138755,137462]
[359,144,230199,230342]
[360,259,279862,279580]
[361,70,664105,665356]
[362,279,192326,191404]
[363,138,512678,514167]
[364,46,519106,520246]
[365,177,149114,147932]
[366,256,284286,284333]
[367,156,294173,295607]
[368,190,469749,470049]
[369,143,727026,726711]
[370,191,634547,633116]
[371,255,76135,75828]
[372,188,652892,653126]
[373,237,257866,256418]
[374,78,484002,485101]
[375,156,260708,261554]
[376,77,421364,420948]
[377,166,140809,141707]
[378,148,697926,698951]
[379,109,630389,629271]
[380,187,3363,1891]
[381,53,587389,587109]
[382,109,489506,489150]
[383,74,328632,329925]
[384,203,715485,714155]
[385,93,630022,628761]
[386,262,117776,118752]
[387,97,697127,696275]
[388,191,685144,684419]
[389,198,201154,201381]
[390,110,154655,155276]
[391,261,318736,317574]
[392,85,693172,692953]
[393,153,469441,468132]
[394,61,548777,548584]
[395,171,181099,179745]
[396,124,213685,214509]
[397,83,438747,438355]
[398,257,502631,502261]
[399,242,260793,262167]
[400,128,343070,343317]
[401,30,209456,210489]
[402,2,501783,502774]
[403,159,338700,337668]
[404,136,352202,353582]
[405,7,480410,478911]
[406,252,593576,594632]
[407,237,324500,323847]
[408,237,81029,80291]
[409,209,49262,48790]
[410,181,157440,157116]
[411,5,634166,633778]
[412,50,634043,634361]
[413,90,465261,465657]
[414,65,302720,302374]
[415,114,640992,641321]
[416,180,371654,372784]
[417,237,427318,425975]
[418,275,149118,148323]
[419,153,347004,345681]
[420,116,425029,425494]
[421,238,566210,566645]
[422,19,639083,638923]
[423,219,25172,25141]
[424,191,438808,438405]
[425,14,400212,400657]
[426,167,4038,3850]
[427,32,428725,429136]
[428,266,73400,74336]
[429,129,375343,374852]
[430,32,345251,345864]
[431,68,168628,169528]
[432,42,44366,45828]
[433,40,531019,531989]
[434,176,543739,544545]
[435,127,169575,168387]
[436,182,155737,157011]
[437,31,505279,505010]
[438,63,703442,702579]
[439,120,391497,392716]
[440,96,113253,113632]
[441,66,697533,697991]
[442,21,103251,102676]
[443,91,125008,124176]
[444,65,317198,316624]
[445,136,326557,326743]
[446,82,7030,7565]
[447,254,201211,201260]
[448,191,552131,550970]
[449,165,43322,42429]
[450,107,225562,224261]
[451,89,688329,687704]
[452,81,32828,32235]
[453,187,75774,74953]
[454,136,582213,583016]
[455,199,290902,290664]
[456,199,525103,524459]
[457,107,249796,248943]
[458,178,660708,661282]
[459,16,30389,30819]
[460,125,137721,137601]
[461,154,507186,508055]
[462,112,23177,23935]
[463,241,470131,468984]
[464,176,206698,206847]
[465,218,594463,595275]
[466,78,273787,275080]
[467,77,623707,623037]
[468,29,584102,583399]
[469,48,525716,526799]
[470,272,610687,612000]
[471,234,388450,389409]
[472,4,689652,690528]
[473,90,156396,156494]
[474,89,707945,707837]
[475,259,718407,717416]
[476,276,669897,671285]
[477,223,188110,187560]
[478,25,269666,269310]
[479,116,450652,451234]
[480,242,51575,51743]
[481,222,698736,699258]
[482,18,31420,31484]
[483,87,155027,153986]
[484,242,55883,57244]
[485,32,528202,528268]
[486,223,36924,35534]
[487,22,391588,392859]
[488,246,167425,168537]
[489,53,91662,91523]
[490,140,158914,159426]
[491,227,662590,661292]
[492,8,498615,499599]
[493,102,308877,309080]
[494,88,179322,179986]
[495,83,664250,663706]
[496,10,82275,83526]
[497,79,505736,505620]
[498,186,652672,654070]
[499,99,33669,33166]
[500,203,344567,344268]
[501,175,320789,320205]
[502,187,271875,270706]
[503,95,616982,615942]
[504,39,300820,300180]
[505,173,681572,681160]
[506,14,409495,409781]
[507,28,280012,280903]
[508,252,327615,328469]
[509,130,276094,277201]
[510,133,681122,679941]
[511,220,452918,454292]
[512,268,597503,597844]
[513,36,101832,102455]
[514,184,130278,131022]
[515,108,663124,664118]
[516,149,49207,48726]
[517,48,167027,168051]
[518,224,101955,102661]
[519,106,56330,56609]
[520,276,241322,242743]
[521,228,231733,232054]
[522,36,50959,52414]
[523,19,579810,579589]
[524,128,33802,35021]
[525,80,336954,337181]
[526,62,204118,204888]
[527,248,367278,367844]
[528,64,312012,312429]
[529,30,196624,197956]
[530,20,358599,359606]
[531,7,125096,124732]
[532,278,384217,384469]
[533,54,415238,416052]
[534,174,654588,655251]
[535,177,487741,486408]
[536,58,702761,703238]
[537,185,716575,716401]
[538,217,365199,363987]
[539,221,357410,357183]
[540,15,238592,237471]
[541,164,618380,619532]
[542,86,94206,95043]
[543,253,142475,141432]
[544,185,554612,554198]
[545,5,408058,407414]
[546,230,501432,502006]
[547,56,46759,48178]
[548,146,81181,81508]
[549,111,620771,619994]
[550,222,335529,336055]
[551,240,75577,76933]
[552,6,608718,609018]
[553,58,625704,626419]
[554,50,215013,215117]
[555,104,372509,373873]
[556,25,34525,33377]
[557,5,593903,593051]
[558,42,582024,582400]
[559,41,196754,196313]
[560,255,681123,679990]
[561,23,106115,105288]
[562,17,712220,711981]
[563,199,148039,147342]
[564,84,651809,653001]
[565,195,150640,150178]
[566,275,506920,506217]
[567,216,578489,579876]
[568,226,237330,237879]
[569,22,214771,216040]
[570,251,550305,549321]
[571,162,619972,620666]
[572,13,442402,441414]
[573,83,729746,728948]
[574,137,451010,449912]
[575,54,267623,268420]
[576,91,139503,138751]
[577,265,7756,7218]
[578,63,30197,29219]
[579,231,421606,420727]
[580,155,605417,604519]
[581,170,102995,104062]
[582,168,200548,201079]
[583,199,329140,329058]
[584,158,441082,442152]
[585,33,517901,516450]
[586,4,370589,370744]
[587,220,596663,597032]
[588,227,568810,568229]
[589,32,110093,110735]
[590,95,297532,296682]
[591,9,579398,578039]
[592,148,388381,389127]
[593,152,89460,90680]
[594,226,368787,370250]
[595,270,23791,24899]
[596,96,328031,328914]
[597,121,531226,530645]
[598,196,110580,111159]
[599,245,676850,676553]
[600,162,422107,422280]
[601,144,173784,175017]
[602,277,364621,363390]
[603,55,218825,218000]
[604,33,529020,528258]
[605,78,584006,585149]
[606,239,233421,232555]
[607,139,337816,337490]
[608,135,204605,203758]
[609,26,72827,73521]
[610,153,107905,107609]
[611,58,620452,621777]
[612,249,162883,161533]
[613,3,112758,112692]
[614,87,5246,4451]
[615,133,532465,531638]
[616,119,388264,387007]
[617,197,513694,513400]
[618,247,221339,220123]
[619,271,73216,71772]
[620,260,505940,506357]
[621,9,529579,528954]
[622,129,268481,268020]
[623,4,473382,473900]
[624,214,127454,128328]
[625,155,588515,587480]
[626,65,634897,633977]
[627,90,615648,616772]
[628,134,263556,263907]
[629,90,710904,711703]
[630,84,672416,672924]
[631,128,341835,342751]
[632,135,303175,302271]
[633,207,37116,36611]
[634,172,685629,685913]
[635,260,124727,124837]
[636,100,642274,643467]
[637,122,246575,247854]
[638,134,619031,619378]
[639,174,171369,172700]
[640,145,391899,391084]
[641,220,602774,604226]
[642,48,104157,105009]
[643,259,90024,89174]
[644,99,119740,118567]
[645,194,611158,611943]
[646,37,694399,693187]
[647,179,1077,796]
[648,258,120993,121866]
[649,146,110250,110731]
[650,209,324102,323444]
