["head":"wrap","lpos","status"]
[49,350131,0]
["io count"]
[655]
["io":"id","wrap","startLpos","endLpos"]
[1,31,12995,12132]
[2,235,452855,452164]
[3,257,517789,517319]
[4,6,329211,329817]
[5,99,554661,553317]
[6,182,104034,104079]
[7,112,497323,497720]
[8,118,427481,427655]
[9,81,524886,524521]
[10,5,383531,383132]
[11,72,36752,37944]
[12,58,183188,184223]
[13,267,522419,522211]
[14,193,27024,26029]
[15,32,704773,705537]
[16,69,84757,84525]
[17,100,671143,671783]
[18,6,656237,656514]
[19,60,592721,593460]
[20,180,444169,445569]
[21,97,399663,398460]
[22,244,593536,594076]
[23,68,14288,14973]
[24,163,569059,567600]
[25,214,419870,421241]
[26,76,423172,423759]
[27,241,493148,492202]
[28,144,420785,421562]
[29,264,619582,620732]
[30,60,29466,30717]
[31,85,670707,670472]
[32,206,119664,119844]
[33,47,426716,425244]
[34,185,326674,326420]
[35,225,591470,590995]
[36,70,676519,677129]
[37,240,273439,274750]
[38,154,158034,159046]
[39,82,276631,277347]
[40,34,545740,546327]
[41,137,474855,474722]
[42,206,22761,23401]
[43,205,202545,202167]
[44,203,581761,581477]
[45,255,432784,431830]
[46,253,108829,108769]
[47,170,205110,206420]
[48,205,432115,431611]
[49,246,33416,33513]
[50,238,275034,275571]
[51,56,182981,184323]
[52,180,52052,52085]
[53,192,395639,396921]
[54,224,663154,663585]
[55,167,77152,76418]
[56,113,480597,480417]
[57,67,719881,718424]
[58,229,342326,341852]
[59,270,455983,456774]
[60,100,625373,626286]
[61,149,408779,407369]
[62,79,227145,225947]
[63,142,558066,558996]
[64,53,612822,612261]
[65,241,72899,71448]
[66,239,622845,622256]
[67,95,320516,319164]
[68,142,346487,346552]
[69,0,85841,85936]
[70,152,29211,29426]
[71,59,69093,68575]
[72,50,634003,635213]
[73,128,512024,512355]
[74,274,380725,381193]
[75,90,531662,531785]
[76,123,725849,724384]
[77,12,579624,580688]
[78,4,483702,484232]
[79,13,287082,287000]
[80,140,99455,100315]
[81,166,256661,257798]
[82,138,682549,683079]
[83,13,624982,623922]
[84,160,228120,228171]
[85,265,575855,574928]
[86,134,274615,275890]
[87,33,260701,260037]
[88,231,269517,269127]
[89,83,479865,479574]
[90,3,225934,225821]
[91,270,150973,151743]
[92,259,352904,351843]
[93,251,505745,505060]
[94,239,354359,354064]
[95,143,650872,650467]
[96,146,543004,543816]
[97,104,717041,717251]
[98,201,553843,553714]
[99,117,618236,616876]
[100,171,346008,344972]
[101,4,570099,571119]
[102,124,395520,396803]
[103,126,251989,252134]
[104,245,387439,387320]
[105,218,477307,477550]
[106,159,217608,216434]
[107,260,415302,415677]
[108,86,343785,345128]
[109,176,475104,475376]
[110,158,435971,436562]
[111,65,207616,206671]
[112,150,576081,576333]
[113,157,405827,405193]
[114,51,242067,240671]
[115,214,496606,497463]
[116,104,461049,461980]
[117,88,529119,529390]
[118,153,717244,716595]
[119,78,336,739]
[120,207,394873,394700]
[121,209,72498,71386]
[122,22,568198,568799]
[123,240,90463,91515]
[124,104,672014,672590]
[125,279,260507,260224]
[126,219,636515,636243]
[127,229,393002,392180]
[128,263,263243,262523]
[129,115,104809,104033]
[130,80,262597,263116]
[131,161,542794,541637]
[132,173,526656,526301]
[133,190,533899,534206]
[134,257,645297,644541]
[135,111,51610,50721]
[136,7,162302,161476]
[137,177,551047,550218]
[138,151,255051,254668]
[139,16,318870,319723]
[140,272,673775,675103]
[141,219,379478,379286]
[142,22,183389,183487]
[143,41,2951,1885]
[144,99,81966,81112]
[145,242,207664,208404]
[146,260,38772,39357]
[147,53,63423,62584]
[148,147,710539,709533]
[149,152,715335,715754]
[150,37,451129,450763]
[151,35,615217,614864]
[152,133,83035,81697]
[153,33,665264,664635]
[154,103,638349,637724]
[155,64,483548,483791]
[156,207,570642,569786]
[157,53,729795,728408]
[158,6,85048,85602]
[159,4,728953,730009]
[160,252,323432,324476]
[161,127,184816,184357]
[162,261,144873,143802]
[163,127,241013,240654]
[164,114,503352,504156]
[165,182,123324,124255]
[166,231,104932,104164]
[167,16,354881,355569]
[168,5,253993,253038]
[169,113,697805,697683]
[170,140,157641,158163]
[171,238,18642,19092]
[172,160,146092,146507]
[173,268,199170,199983]
[174,0,230205,230772]
[175,150,105598,106222]
[176,81,87821,86963]
[177,243,4544,4063]
[178,155,245706,244849]
[179,68,427666,428093]
[180,60,509736,510971]
[181,98,569362,569616]
[182,237,195245,194557]
[183,172,445202,445903]
[184,82,650466,651359]
[185,33,698231,696975]
[186,130,265355,265966]
[187,226,225201,225233]
[188,37,447974,446751]
[189,74,24193,24672]
[190,120,8643,9037]
[191,57,81471,80710]
[192,199,404386,404083]
[193,54,188392,189437]
[194,218,109000,110428]
[195,128,12736,12967]
[196,198,268618,269307]
[197,278,172630,172865]
[198,54,520396,521279]
[199,126,92522,93281]
[200,236,681357,682428]
[201,22,506859,507610]
[202,253,325451,324308]
[203,98,134587,134627]
[204,238,82622,83835]
[205,217,619777,618309]
[206,160,393983,395408]
[207,121,616852,616724]
[208,181,103272,102992]
[209,42,431106,431508]
[210,260,67191,67264]
[211,11,352497,351017]
[212,117,98866,97945]
[213,90,683749,684625]
[214,17,729124,728732]
[215,233,320939,319965]
[216,194,600504,600679]
[217,170,10824,10917]
[218,24,186614,187502]
[219,236,456944,458202]
[220,231,704591,704265]
[221,215,273330,272509]
[222,96,450555,450999]
[223,60,462559,463130]
[224,178,119857,120974]
[225,123,323251,321967]
[226,160,714679,715659]
[227,122,722106,722614]
[228,133,578069,577167]
[229,240,526870,527303]
[230,41,390232,390077]
[231,178,266170,267341]
[232,130,85661,86646]
[233,274,211546,212382]
[234,238,553773,554166]
[235,157,585030,583772]
[236,65,79563,78517]
[237,99,514321,512828]
[238,223,86892,86002]
[239,239,11730,11588]
[240,200,638976,639898]
[241,209,478048,477165]
[242,35,706498,705780]
[243,151,522062,521163]
[244,19,503752,503614]
[245,145,681636,680557]
[246,201,290583,290361]
[247,265,644293,643771]
[248,184,27361,27546]
[249,1,65004,64527]
[250,225,471998,470945]
[251,186,466032,466195]
[252,131,600054,599076]
[253,215,118012,117639]
[254,17,203216,203172]
[255,230,654907,655740]
[256,81,294341,293400]
[257,53,299400,298442]
[258,21,81657,81493]
[259,255,198433,196953]
[260,255,680030,679745]
[261,132,238783,239179]
[262,248,301414,301899]
[263,275,156713,155334]
[264,191,59111,58441]
[265,78,596776,597858]
[266,209,20718,19426]
[267,116,127950,128768]
[268,104,578636,578753]
[269,101,29499,29392]
[270,198,556846,557785]
[271,30,678352,678800]
[272,98,442826,443189]
[273,143,557320,556644]
[274,30,317796,319033]
[275,191,98632,97552]
[276,100,574854,575624]
[277,153,177213,176391]
[278,43,451334,450395]
[279,242,336670,336867]
[280,198,513892,514267]
[281,204,463965,465465]
[282,120,349872,350185]
[283,209,76075,74949]
[284,259,74591,73266]
[285,93,342954,341648]
[286,239,475794,475330]
[287,143,210865,209908]
[288,230,422783,423186]
[289,10,289128,289885]
[290,91,696718,695435]
[291,272,589592,590786]
[292,90,435450,436037]
[293,199,621725,620310]
[294,224,398783,399996]
[295,94,604143,604459]
[296,22,104442,105670]
[297,61,15071,13612]
[298,83,427227,426457]
[299,248,496678,497364]
[300,219,226100,224929]
[301,250,546628,547001]
[302,118,712294,713251]
[303,62,656720,657099]
[304,275,627960,627517]
[305,30,460089,460396]
[306,166,269269,269749]
[307,234,254739,256008]
[308,247,34786,33349]
[309,20,495788,496851]
[310,234,324580,325571]
[311,131,269094,267693]
[312,77,273642,272608]
[313,204,345027,345701]
[314,86,306353,307363]
[315,66,445393,446720]
[316,238,301013,302268]
[317,9,221671,220871]
[318,278,230401,230608]
[319,118,493941,495434]
[320,74,680461,681463]
[321,31,137238,135919]
[322,137,6428,5052]
[323,169,434159,433630]
[324,233,124177,123652]
[325,230,231535,231955]
[326,44,33862,34157]
[327,231,100388,99371]
[328,40,678610,678691]
[329,18,109395,109744]
[330,120,326673,327994]
[331,66,38804,39636]
[332,30,585256,585514]
[333,239,263973,263688]
[334,41,590845,590797]
[335,174,170841,170890]
[336,120,464828,465541]
[337,268,128835,130220]
[338,188,190926,192067]
[339,30,453612,453954]
[340,174,607082,607863]
[341,262,582634,583913]
[342,263,179954,178596]
[343,220,286560,286792]
[344,184,98711,99182]
[345,21,592015,591573]
[346,155,630099,628803]
[347,16,1568,1867]
[348,123,707360,706319]
[349,235,225270,224355]
[350,9,561907,561020]
[351,26,459464,460335]
[352,90,535214,535695]
[353,197,644835,643746]
[354,69,436093,435392]
[355,230,103875,104151]
[356,195,408630,407488]
[357,55,572754,571450]
[358,85,331103,330080]
[359,81,310517,309948]
[360,155,380908,380507]
[361,211,358936,358187]
[362,266,251639,251960]
[363,102,561382,562056]
[364,127,18329,16897]
[365,14,325169,326149]
[366,41,372764,371507]
[367,206,240963,241708]
[368,9,150814,150136]
[369,79,537872,536866]
[370,94,630,1117]
[371,244,62577,63128]
[372,64,307262,307970]
[373,127,209325,208564]
[374,215,681792,680757]
[375,85,65973,64524]
[376,223,28218,27795]
[377,250,445089,446527]
[378,265,187179,186175]
[379,122,519812,519922]
[380,175,504105,503191]
[381,16,589479,590155]
[382,158,248169,249475]
[383,186,504850,505172]
[384,0,252284,252451]
[385,13,165961,165880]
[386,138,708126,709096]
[387,47,481512,480018]
[388,72,224698,225305]
[389,214,40560,40958]
[390,84,578638,579309]
[391,173,57034,56745]
[392,151,536525,536013]
[393,245,143992,143661]
[394,104,711359,711546]
[395,262,131423,132609]
[396,147,43303,42541]
[397,64,178215,178320]
[398,115,132886,132187]
[399,152,486859,488221]
[400,275,647518,646190]
[401,276,41502,42093]
[402,113,81041,80256]
[403,58,494353,494828]
[404,207,600770,599501]
[405,17,642269,640838]
[406,47,253975,253345]
[407,231,49564,48367]
[408,131,137335,135910]
[409,142,274810,276265]
[410,23,328402,327413]
[411,278,226325,226908]
[412,75,95600,94974]
[413,191,503216,502639]
[414,151,539754,538638]
[415,49,299732,299567]
[416,177,146606,146555]
[417,1,698944,698585]
[418,182,445021,445581]
[419,73,592470,592066]
[420,227,51324,50813]
[421,256,649909,651359]
[422,41,33023,31992]
[423,211,197905,196974]
[424,135,588176,587417]
[425,203,29678,29533]
[426,70,673793,674429]
[427,189,689869,689823]
[428,45,154463,153123]
[429,198,404019,404315]
[430,260,334010,334174]
[431,230,677820,678877]
[432,239,330959,330775]
[433,207,322177,321234]
[434,85,523220,522326]
[435,267,395940,394665]
[436,58,109597,109693]
[437,20,620662,621526]
[438,167,330447,329407]
[439,219,343310,342183]
[440,175,282761,282490]
[441,252,271135,272234]
[442,277,710434,710041]
[443,75,115393,114935]
[444,254,199069,199339]
[445,61,339774,339507]
[446,272,12716,12790]
[447,115,579590,578803]
[448,180,720340,720889]
[449,17,185693,185429]
[450,27,635003,633971]
[451,234,96277,96824]
[452,200,101250,102335]
[453,4,295834,297021]
[454,16,410176,410368]
[455,25,427834,427765]
[456,74,491728,492359]
[457,71,638923,637799]
[458,255,190751,189397]
[459,82,212949,214414]
[460,132,225614,227065]
[461,58,190170,191062]
[462,129,623040,621868]
[463,106,122229,123388]
[464,173,26731,26525]
[465,62,645907,646849]
[466,200,418617,419959]
[467,115,472243,471948]
[468,26,28558,29199]
[469,180,132327,132504]
[470,168,649865,649930]
[471,201,198626,198434]
[472,59,703080,702219]
[473,9,583605,582534]
[474,160,269493,270874]
[475,233,80061,79515]
[476,173,565902,565838]
[477,268,82016,83503]
[478,224,681980,682808]
[479,58,295771,296292]
[480,137,174356,173647]
[481,237,567341,566005]
[482,146,402726,404117]
[483,13,35567,35009]
[484,195,434696,434419]
[485,42,691070,692422]
[486,268,312783,314031]
[487,96,315090,316579]
[488,203,110049,109275]
[489,215,601570,600913]
[490,70,427539,428947]
[491,96,582849,584171]
[492,269,95781,95214]
[493,55,70641,69863]
[494,188,509977,510923]
[495,39,384736,384345]
[496,22,218501,218995]
[497,174,154674,155355]
[498,136,363958,365137]
[499,246,571147,572187]
[500,28,701646,702835]
[501,45,555492,554152]
[502,215,534530,534261]
[503,241,479901,479634]
[504,37,515441,514329]
[505,24,99155,100404]
[506,75,292137,292023]
[507,75,147199,146081]
[508,150,628429,629514]
[509,124,94570,95860]
[510,168,359514,360109]
[511,136,555633,556238]
[512,230,5705,7031]
[513,0,655207,656001]
[514,210,519221,520543]
[515,11,392627,391331]
[516,33,5382,5231]
[517,40,397026,397085]
[518,211,420837,420130]
[519,112,608084,609191]
[520,29,403471,402352]
[521,242,582886,583837]
[522,183,570723,569432]
[523,35,716400,715954]
[524,148,136716,136748]
[525,41,57045,56521]
[526,227,549170,548458]
[527,157,656229,655850]
[528,180,584212,585245]
[529,118,90943,91849]
[530,58,41393,41637]
[531,205,237936,236491]
[532,258,12543,13658]
[533,204,337762,338525]
[534,38,549527,550001]
[535,2,519707,521107]
[536,54,523063,523156]
[537,235,3153,1994]
[538,215,521186,520585]
[539,58,65412,66160]
[540,111,206428,205792]
[541,190,314186,315236]
[542,212,218737,219803]
[543,255,11637,11221]
[544,226,543012,543916]
[545,271,307234,306306]
[546,108,666588,667571]
[547,228,604122,605186]
[548,109,521998,521638]
[549,116,534356,535544]
[550,166,100421,100555]
[551,4,641032,642269]
[552,131,617853,616439]
[553,76,297451,297720]
[554,153,384652,384583]
[555,155,29083,29012]
[556,143,288375,287845]
[557,56,726791,727754]
[558,70,309436,310888]
[559,11,260351,260226]
[560,213,609324,609026]
[561,208,583750,584547]
[562,251,256094,255852]
[563,33,729872,729587]
[564,54,252208,252321]
[565,74,408419,408574]
[566,263,100111,99542]
[567,41,536894,536026]
[568,169,300998,300705]
[569,9,17311,17021]
[570,263,596026,595213]
[571,54,225349,226123]
[572,212,66172,67282]
[573,142,31575,31706]
[574,153,22959,21577]
[575,174,395563,396724]
[576,125,184376,184164]
[577,238,617002,617301]
[578,19,21610,21268]
[579,156,594911,595606]
[580,157,167833,167466]
[581,145,53322,53017]
[582,86,484324,484575]
[583,206,61817,62290]
[584,250,650756,651666]
[585,75,301600,301026]
[586,32,527464,528717]
[587,18,404799,405645]
[588,197,607912,607856]
[589,37,119646,119090]
[590,31,561737,560823]
[591,196,257649,258217]
[592,260,627723,628351]
[593,270,601396,602685]
[594,131,137952,136703]
[595,18,554461,554506]
[596,217,492141,491518]
[597,232,593963,594216]
[598,80,604825,606189]
[599,197,115391,114826]
[600,68,149820,150336]
[601,228,380836,382285]
[602,156,472247,472785]
[603,159,149782,149591]
[604,262,395080,396446]
[605,44,117784,119091]
[606,80,670208,671323]
[607,151,627739,627006]
[608,193,525827,524680]
[609,199,668680,668351]
[610,170,239756,240183]
[611,241,68691,68275]
[612,221,591972,591825]
[613,210,482892,484049]
[614,114,624444,624557]
[615,44,172580,172751]
[616,21,538311,537563]
[617,136,664005,664627]
[618,243,307664,307623]
[619,100,188045,188673]
[620,237,17038,16491]
[621,93,139404,138286]
[622,63,696349,695421]
[623,200,716224,716400]
[624,76,387019,387710]
[625,178,398413,398887]
[626,143,138109,137389]
[627,124,475187,475751]
[628,202,469506,470552]
[629,119,730973,729969]
[630,260,587669,588394]
[631,47,546144,545135]
[632,231,237867,236678]
[633,276,496626,498042]
[634,81,479654,479190]
[635,206,153827,154655]
[636,159,613669,612971]
[637,171,420445,420284]
[638,13,505545,505321]
[639,264,56479,57640]
[640,15,187428,186477]
[641,38,281854,283211]
[642,67,242036,241840]
[643,264,532502,533195]
[644,262,436263,437354]
[645,58,409630,410429]
[646,54,718545,719946]
[647,178,350615,350684]
[648,232,562425,563459]
[649,238,556783,558173]
[650,87,104686,103528]
[651,21,549652,549242]
[652,17,500512,499912]
[653,86,524543,525980]
[654,32,18545,18706]
[655,28,579962,580179]
