["head":"wrap","lpos","status"]
[110,102283,0]
["io count"]
[660]
["io":"id","wrap","startLpos","endLpos"]
[1,42,499043,500426]
[2,229,237058,236860]
[3,180,533945,534105]
[4,103,463574,463369]
[5,160,507527,508249]
[6,271,98068,97394]
[7,64,137730,138631]
[8,186,334532,336026]
[9,79,528263,528205]
[10,130,97927,98957]
[11,203,112640,111658]
[12,67,326934,326713]
[13,190,11233,11573]
[14,134,137555,138640]
[15,165,367759,367489]
[16,51,227497,226923]
[17,4,158252,158389]
[18,57,345519,344358]
[19,269,727577,726334]
[20,258,414445,415088]
[21,84,39682,41181]
[22,89,278136,277785]
[23,31,472625,472186]
[24,213,37345,36048]
[25,227,106950,106323]
[26,51,549486,548940]
[27,258,54095,54292]
[28,14,161008,161938]
[29,131,554871,554460]
[30,118,629434,630919]
[31,237,475898,474795]
[32,21,278819,278415]
[33,177,677992,677316]
[34,131,677700,676664]
[35,74,296386,297016]
[36,263,347100,346224]
[37,95,585523,584108]
[38,270,464361,464922]
[39,171,199497,198368]
[40,138,720523,720803]
[41,13,386635,385237]
[42,210,106802,107037]
[43,186,251212,251299]
[44,98,95215,96692]
[45,86,608325,609216]
[46,275,506598,505818]
[47,234,26283,26354]
[48,97,533397,532378]
[49,139,703302,702885]
[50,172,727249,727443]
[51,157,320479,320313]
[52,120,255047,256389]
[53,79,71266,70233]
[54,246,114269,114771]
[55,152,1463,1772]
[56,126,638055,639198]
[57,252,317969,318156]
[58,111,4446,4021]
[59,109,40997,40756]
[60,45,593303,593163]
[61,133,56935,56774]
[62,71,394944,393456]
[63,51,394371,393202]
[64,145,587797,587705]
[65,254,494979,495768]
[66,136,101499,102987]
[67,155,722986,722098]
[68,72,486902,488317]
[69,168,627907,628804]
[70,53,362918,362439]
[71,30,466043,466822]
[72,219,711298,710675]
[73,223,293499,292858]
[74,267,246614,245738]
[75,227,27516,26902]
[76,51,379393,377998]
[77,101,176234,174830]
[78,76,77939,78639]
[79,191,323647,323598]
[80,198,615844,617029]
[81,277,683239,682043]
[82,20,490835,491629]
[83,99,656047,655792]
[84,198,535724,536337]
[85,11,69205,69074]
[86,163,658890,657831]
[87,100,11493,11876]
[88,158,575291,575899]
[89,87,304864,303414]
[90,223,364065,362692]
[91,7,49790,49151]
[92,120,270908,272265]
[93,12,89739,91156]
[94,155,221053,219771]
[95,226,383990,384156]
[96,62,224356,224485]
[97,192,334234,335134]
[98,266,627724,628221]
[99,72,419721,419893]
[100,144,44087,45466]
[101,161,173422,173109]
[102,218,180613,181892]
[103,120,209320,209733]
[104,237,47542,46907]
[105,250,237370,238123]
[106,132,237234,237985]
[107,3,65074,65024]
[108,122,653961,655315]
[109,263,273098,272469]
[110,57,553270,552542]
[111,176,215894,216333]
[112,76,155248,156190]
[113,187,385519,384237]
[114,153,144775,143629]
[115,97,325671,325136]
[116,191,243546,242699]
[117,251,145443,144045]
[118,132,272171,272378]
[119,172,538483,538543]
[120,253,148836,147883]
[121,218,238195,238465]
[122,121,254454,254059]
[123,123,508946,508365]
[124,155,415486,414262]
[125,67,49590,49270]
[126,250,540006,540611]
[127,112,392138,392981]
[128,136,461285,462184]
[129,42,645567,645720]
[130,6,183648,183860]
[131,127,516081,515820]
[132,138,626216,626833]
[133,93,720319,720211]
[134,159,157749,157387]
[135,199,232861,232650]
[136,278,571750,573193]
[137,7,193094,192073]
[138,101,83643,83099]
[139,97,443120,442821]
[140,219,375454,374779]
[141,214,371623,372772]
[142,95,29312,27901]
[143,98,442648,442793]
[144,251,369745,368366]
[145,240,476827,478116]
[146,263,697961,697277]
[147,102,653473,654861]
[148,64,725190,726264]
[149,212,110593,110674]
[150,247,204130,203012]
[151,206,150660,152040]
[152,91,697734,697255]
[153,140,425033,426022]
[154,145,334227,332744]
[155,9,193143,191761]
[156,29,475602,475425]
[157,97,528935,527823]
[158,72,75673,76830]
[159,93,258071,257631]
[160,174,269006,270248]
[161,3,250797,250551]
[162,16,491177,491420]
[163,260,488569,488678]
[164,33,290088,289652]
[165,14,113663,114153]
[166,117,97108,96047]
[167,134,426886,428367]
[168,91,357329,356626]
[169,261,508133,506840]
[170,163,669871,668976]
[171,121,30074,29483]
[172,163,707989,706920]
[173,75,623275,622197]
[174,15,257268,256459]
[175,256,517607,517874]
[176,170,402103,403154]
[177,169,120918,120049]
[178,53,595211,594790]
[179,159,557630,556426]
[180,158,341024,342150]
[181,52,642232,642726]
[182,125,513976,513238]
[183,138,549883,551143]
[184,199,434855,433961]
[185,194,464893,465061]
[186,24,278427,279861]
[187,45,92104,91062]
[188,260,532250,533224]
[189,161,248670,248079]
[190,58,730260,730692]
[191,202,642785,644043]
[192,26,13117,13750]
[193,103,139308,139047]
[194,247,5919,4983]
[195,163,261177,259927]
[196,240,463435,464434]
[197,210,723683,725165]
[198,14,198355,199642]
[199,245,247999,247627]
[200,112,446828,447814]
[201,260,642691,642898]
[202,79,578253,577821]
[203,101,633885,633089]
[204,3,293640,293061]
[205,233,538738,538004]
[206,263,54514,53099]
[207,193,233881,232421]
[208,23,264545,263403]
[209,198,526802,527146]
[210,242,238415,238592]
[211,152,218681,220120]
[212,207,311062,310060]
[213,199,544883,544040]
[214,227,569930,568498]
[215,237,270214,269333]
[216,12,619786,621051]
[217,43,669923,668840]
[218,233,182739,181252]
[219,1,623550,623251]
[220,81,434718,433238]
[221,82,188633,188956]
[222,174,403772,403970]
[223,144,449307,450413]
[224,129,189979,188769]
[225,117,551955,551529]
[226,20,172006,173181]
[227,260,321105,321607]
[228,132,506919,508063]
[229,99,328617,327118]
[230,116,698522,699943]
[231,172,536660,538147]
[232,247,502304,501936]
[233,229,382739,382435]
[234,91,454661,453645]
[235,132,462391,463597]
[236,232,186340,187149]
[237,38,80392,81155]
[238,197,277218,276509]
[239,133,411827,411430]
[240,112,527261,528291]
[241,178,54573,55893]
[242,258,565629,565902]
[243,277,565767,564431]
[244,249,708848,708017]
[245,116,462876,464121]
[246,98,165454,166479]
[247,17,683732,683169]
[248,80,202626,202702]
[249,82,316826,318228]
[250,212,113818,114720]
[251,112,147486,148918]
[252,144,319516,320960]
[253,110,234,1389]
[254,272,2657,3750]
[255,214,226739,226933]
[256,274,192143,192638]
[257,177,122712,121930]
[258,111,469424,468482]
[259,30,631991,633022]
[260,69,687496,686682]
[261,97,389607,388621]
[262,168,369765,370820]
[263,264,322878,324333]
[264,182,434255,435715]
[265,67,578466,577395]
[266,228,418229,418757]
[267,235,618361,617685]
[268,51,207002,205763]
[269,94,369386,370643]
[270,219,90137,89914]
[271,114,554013,554942]
[272,130,122255,123500]
[273,55,485986,485354]
[274,224,653991,654823]
[275,238,6159,6559]
[276,249,586785,586583]
[277,152,266542,266653]
[278,101,566241,565121]
[279,25,354474,354323]
[280,237,250897,250420]
[281,167,521738,520335]
[282,207,195864,194825]
[283,235,342683,341498]
[284,41,590190,588864]
[285,8,690049,690960]
[286,66,702105,702604]
[287,257,315881,315298]
[288,202,192660,193085]
[289,233,465078,464574]
[290,90,40913,41495]
[291,110,562087,562822]
[292,186,186768,187537]
[293,176,650650,651361]
[294,204,326294,327125]
[295,80,698334,698444]
[296,200,322665,323345]
[297,20,689812,690297]
[298,260,404670,405313]
[299,92,498873,500095]
[300,262,56852,57173]
[301,172,95959,96235]
[302,272,181372,182768]
[303,118,593965,594023]
[304,98,275573,275963]
[305,272,685205,685519]
[306,253,725436,724503]
[307,263,218409,217487]
[308,17,2190,1325]
[309,161,370626,370395]
[310,205,429791,428917]
[311,234,168555,169593]
[312,57,551696,551215]
[313,255,711830,710757]
[314,16,205220,206322]
[315,254,391855,392917]
[316,77,635228,635124]
[317,95,673894,673281]
[318,254,270435,271816]
[319,129,416024,414679]
[320,138,124559,125107]
[321,235,33097,32221]
[322,232,222421,223397]
[323,190,721268,722363]
[324,87,343179,342969]
[325,273,265889,264820]
[326,253,658274,657858]
[327,136,12260,13002]
[328,58,167045,168216]
[329,275,484804,483990]
[330,132,655263,655863]
[331,269,448461,447045]
[332,275,362587,361791]
[333,81,273331,272351]
[334,212,212868,213698]
[335,54,521907,522959]
[336,194,721663,723107]
[337,232,423557,425022]
[338,31,501719,500819]
[339,40,525741,526189]
[340,10,270707,270923]
[341,33,613972,612954]
[342,23,304264,303860]
[343,172,446998,447138]
[344,148,240813,241111]
[345,239,203871,203114]
[346,101,688073,687308]
[347,21,393878,392483]
[348,144,340480,341630]
[349,172,719108,719687]
[350,219,236844,235871]
[351,106,264465,265516]
[352,253,508993,508859]
[353,81,48161,46944]
[354,21,341153,340398]
[355,19,427588,426912]
[356,2,325802,326233]
[357,64,151668,152610]
[358,187,49741,49406]
[359,78,16698,17246]
[360,150,246247,246973]
[361,208,719944,720753]
[362,199,692169,690990]
[363,113,39842,39239]
[364,45,591593,590576]
[365,5,5560,4537]
[366,229,318075,317098]
[367,33,149447,148165]
[368,230,219024,220328]
[369,72,434222,434608]
[370,89,262279,261025]
[371,238,347756,348428]
[372,23,509543,508840]
[373,138,695906,696641]
[374,63,657830,657640]
[375,3,354964,354052]
[376,277,675182,674133]
[377,170,682769,683221]
[378,264,668372,668430]
[379,200,509545,510057]
[380,130,360846,361898]
[381,134,245200,246119]
[382,89,15004,13653]
[383,198,492717,493890]
[384,68,232685,232931]
[385,172,254709,255423]
[386,178,434190,434730]
[387,222,100144,101464]
[388,204,149464,149700]
[389,87,532291,530959]
[390,1,201988,201025]
[391,182,369595,370871]
[392,149,403620,403492]
[393,197,522078,520605]
[394,195,212429,210998]
[395,174,15835,16475]
[396,2,508250,508594]
[397,161,534652,533543]
[398,161,95184,94965]
[399,95,577502,576083]
[400,144,48499,49664]
[401,63,471497,470265]
[402,87,489085,488421]
[403,236,685028,685584]
[404,209,99080,98874]
[405,214,643440,644512]
[406,161,549659,548343]
[407,150,607344,608045]
[408,74,531360,531408]
[409,188,422409,423000]
[410,128,262064,262550]
[411,198,117373,118724]
[412,185,29538,28571]
[413,66,656169,656763]
[414,25,120181,118854]
[415,2,564985,565811]
[416,260,457826,459157]
[417,193,248348,246894]
[418,178,517698,518139]
[419,269,182726,181847]
[420,56,338709,338943]
[421,73,292966,291845]
[422,147,279119,278531]
[423,76,539020,539985]
[424,95,649200,649023]
[425,273,351375,351145]
[426,263,54220,53804]
[427,269,277292,276283]
[428,238,209547,210530]
[429,194,11741,13224]
[430,222,394323,395787]
[431,238,257474,258236]
[432,173,146991,145764]
[433,67,162731,162056]
[434,92,564564,565545]
[435,121,712591,712325]
[436,264,570730,571864]
[437,49,233932,232802]
[438,40,529273,530075]
[439,139,520620,519234]
[440,18,433211,433933]
[441,243,110694,110369]
[442,206,374054,374350]
[443,248,700637,701218]
[444,221,265225,264576]
[445,25,134077,133034]
[446,262,288681,289036]
[447,123,534241,533755]
[448,228,522657,523642]
[449,5,61936,60531]
[450,239,686659,685375]
[451,30,231928,233228]
[452,240,287324,288364]
[453,145,722355,721901]
[454,206,406848,407429]
[455,137,603990,603882]
[456,128,399836,400975]
[457,236,325607,325794]
[458,61,62353,62190]
[459,229,711900,711703]
[460,262,65337,66126]
[461,250,239321,239459]
[462,27,615155,614760]
[463,138,445797,446434]
[464,276,482948,483281]
[465,85,447002,446705]
[466,117,14208,13638]
[467,149,377439,376951]
[468,86,427846,427882]
[469,209,244482,243148]
[470,266,547341,548309]
[471,42,289317,290087]
[472,91,599346,598303]
[473,83,634039,633318]
[474,8,404831,405956]
[475,175,513353,512621]
[476,162,219857,219923]
[477,97,307293,306636]
[478,217,303894,303434]
[479,121,63868,63524]
[480,99,324057,323519]
[481,265,379199,377754]
[482,41,18939,18015]
[483,73,644703,643253]
[484,81,728094,727743]
[485,89,652929,651959]
[486,26,451857,452705]
[487,166,103769,103942]
[488,205,409713,408701]
[489,4,624744,625180]
[490,93,664718,663306]
[491,168,116381,116789]
[492,201,573398,572646]
[493,179,511600,510507]
[494,229,304569,303274]
[495,83,134601,134519]
[496,2,710582,711687]
[497,17,192892,192287]
[498,61,506681,505782]
[499,75,360964,360258]
[500,216,11900,12669]
[501,157,629603,628465]
[502,11,214920,214343]
[503,183,662905,662803]
[504,145,273170,272215]
[505,75,702039,700907]
[506,251,44649,43844]
[507,233,519758,518975]
[508,269,372078,372032]
[509,121,173351,172116]
[510,3,34479,33179]
[511,265,478056,477319]
[512,200,134548,134762]
[513,272,143064,143201]
[514,212,258591,259267]
[515,246,440477,441090]
[516,172,387371,388620]
[517,57,131415,130685]
[518,278,37367,37562]
[519,169,627467,626165]
[520,35,552436,551691]
[521,106,17536,18149]
[522,160,248280,249268]
[523,228,40354,41710]
[524,133,585405,584339]
[525,269,4404,3858]
[526,15,275403,274525]
[527,175,698018,697265]
[528,159,581508,580377]
[529,192,724625,725417]
[530,103,447622,446361]
[531,94,233119,233881]
[532,33,193068,192967]
[533,51,365048,364157]
[534,170,380717,381871]
[535,10,51384,52258]
[536,84,465998,466848]
[537,274,365272,365395]
[538,203,193709,193527]
[539,265,92616,92097]
[540,145,358299,357748]
[541,106,505764,507232]
[542,198,560513,561508]
[543,33,615066,614170]
[544,15,586385,584979]
[545,250,219532,220919]
[546,185,332522,331826]
[547,123,480675,479509]
[548,59,355981,355534]
[549,124,168996,169387]
[550,212,690182,690855]
[551,146,726888,727753]
[552,197,208014,207581]
[553,12,114618,114978]
[554,130,461443,462625]
[555,107,117936,117537]
[556,12,31311,32093]
[557,76,458431,458900]
[558,68,107145,108225]
[559,172,686799,686991]
[560,88,176962,177027]
[561,272,237482,238007]
[562,106,666973,668403]
[563,29,28117,26656]
[564,129,22244,21113]
[565,244,572411,573682]
[566,64,292600,293059]
[567,10,288290,289564]
[568,13,119313,118445]
[569,149,335215,335027]
[570,125,263114,263061]
[571,146,518210,519007]
[572,278,535698,536074]
[573,249,518742,517547]
[574,68,370124,371374]
[575,235,15831,15247]
[576,77,269268,268350]
[577,136,211656,212920]
[578,35,573214,573029]
[579,125,599833,599332]
[580,90,161343,162240]
[581,147,118046,117932]
[582,127,593397,592508]
[583,215,615207,613780]
[584,259,492159,491148]
[585,7,290640,289770]
[586,56,273029,274233]
[587,69,268053,267188]
[588,271,605410,604598]
[589,101,693826,692796]
[590,106,503461,504920]
[591,269,506601,506040]
[592,239,631556,630612]
[593,73,621534,621437]
[594,207,175930,174593]
[595,238,11783,12321]
[596,70,352977,354185]
[597,261,90918,90058]
[598,255,365494,365033]
[599,41,300374,299919]
[600,47,599733,599080]
[601,173,115593,114748]
[602,61,479241,479055]
[603,55,415260,414090]
[604,238,379302,380477]
[605,203,237489,237320]
[606,182,350,1732]
[607,122,219944,220289]
[608,214,300753,300838]
[609,49,448174,448035]
[610,166,533383,534441]
[611,166,86116,86600]
[612,257,416230,415557]
[613,95,488733,487556]
[614,147,617296,615983]
[615,98,463502,464233]
[616,89,371943,370641]
[617,33,187696,187388]
[618,261,48561,47294]
[619,95,237459,236295]
[620,105,282798,282016]
[621,209,665651,664709]
[622,197,654442,654277]
[623,65,17628,16753]
[624,171,295196,294263]
[625,62,8744,9938]
[626,44,535353,536299]
[627,45,124515,123381]
[628,188,488975,489664]
[629,14,382245,383715]
[630,8,336669,336858]
[631,3,310343,309921]
[632,160,662231,662864]
[633,0,619893,621009]
[634,154,461741,463002]
[635,217,638142,637902]
[636,179,724082,723080]
[637,33,163826,162615]
[638,68,125096,125526]
[639,112,331881,332339]
[640,60,588246,589565]
[641,180,413713,415009]
[642,59,633303,632736]
[643,176,643200,644209]
[644,252,81516,82384]
[645,3,253984,253814]
[646,33,438582,437778]
[647,201,89217,88578]
[648,234,276467,276744]
[649,193,209752,209067]
[650,12,475726,475880]
[651,141,29848,29619]
[652,142,453763,454928]
[653,239,382033,381215]
[654,269,345996,344967]
[655,233,320759,319613]
[656,27,232638,231662]
[657,136,84205,84384]
[658,63,89810,88749]
[659,88,570045,570952]
[660,188,647079,648470]
