["head":"wrap","lpos","status"]
[267,287606,0]
["io count"]
[665]
["io":"id","wrap","startLpos","endLpos"]
[1,242,41206,41326]
[2,40,411531,412139]
[3,139,570325,569969]
[4,125,103916,103596]
[5,188,11571,12563]
[6,157,68430,67579]
[7,158,491589,493051]
[8,134,344346,345353]
[9,202,110664,111948]
[10,8,512196,512319]
[11,30,431824,432131]
[12,121,77987,77548]
[13,237,171865,170985]
[14,169,724026,723083]
[15,37,364409,363050]
[16,219,298022,297020]
[17,82,434503,435335]
[18,1,377732,377469]
[19,186,565703,566418]
[20,138,121661,122843]
[21,137,2235,862]
[22,244,722295,722349]
[23,186,331327,332418]
[24,228,195240,195797]
[25,196,189936,191130]
[26,170,702494,702604]
[27,252,350400,350954]
[28,99,286506,285136]
[29,200,441027,441605]
[30,200,260609,261555]
[31,150,190131,191347]
[32,271,371719,370482]
[33,226,150964,151126]
[34,239,27970,26905]
[35,207,466099,465210]
[36,76,699202,699388]
[37,106,263329,264765]
[38,261,591376,589911]
[39,238,310169,310458]
[40,58,312256,313288]
[41,104,233440,234904]
[42,127,724938,723500]
[43,152,120079,120461]
[44,272,237625,238045]
[45,105,550842,550095]
[46,50,286675,287879]
[47,171,718693,717722]
[48,203,216293,215471]
[49,162,403772,404090]
[50,139,45590,44625]
[51,176,518184,519582]
[52,55,516033,514960]
[53,99,126366,126035]
[54,143,73352,72525]
[55,107,677660,677426]
[56,228,340758,341845]
[57,125,523795,522998]
[58,40,548549,548700]
[59,194,115911,116478]
[60,114,83356,84179]
[61,274,191004,191367]
[62,92,283154,283822]
[63,131,173934,173254]
[64,85,716600,715819]
[65,234,708533,709782]
[66,184,651586,651876]
[67,34,163031,163268]
[68,233,201897,201109]
[69,13,432481,432118]
[70,126,628323,628917]
[71,229,103027,102034]
[72,90,53844,54804]
[73,14,21319,22475]
[74,170,251755,252757]
[75,88,365228,366455]
[76,225,312844,312144]
[77,70,111843,112656]
[78,275,482965,482244]
[79,254,634647,635146]
[80,176,422041,423208]
[81,26,431119,431807]
[82,101,171360,171290]
[83,69,179919,179139]
[84,38,203827,203968]
[85,75,552786,551861]
[86,223,63515,62360]
[87,74,716158,716765]
[88,174,379067,379444]
[89,32,626083,626513]
[90,214,439345,440225]
[91,167,546955,545536]
[92,95,539170,538696]
[93,11,17800,16835]
[94,202,681494,682237]
[95,195,232026,231353]
[96,169,368826,367919]
[97,5,277330,276705]
[98,161,510052,509536]
[99,205,713120,712842]
[100,125,453876,453569]
[101,108,239148,239705]
[102,56,471995,472736]
[103,226,524519,525269]
[104,4,49302,49990]
[105,116,597664,598871]
[106,125,245650,244832]
[107,222,2169,2411]
[108,120,217567,218629]
[109,85,220628,219530]
[110,115,596555,595109]
[111,134,497116,498520]
[112,175,295345,295241]
[113,231,109470,109234]
[114,48,421881,422536]
[115,263,329186,328224]
[116,164,284374,285679]
[117,233,435887,435455]
[118,268,709616,710735]
[119,254,652011,652390]
[120,116,192805,193016]
[121,51,445572,444158]
[122,221,593721,593014]
[123,158,702063,703070]
[124,149,355562,355494]
[125,40,663994,665234]
[126,197,681562,681518]
[127,59,97142,97097]
[128,212,23215,23897]
[129,108,55770,56790]
[130,186,497424,497692]
[131,125,728559,728141]
[132,233,675899,675196]
[133,133,712409,712205]
[134,5,440660,439475]
[135,263,276612,275560]
[136,103,211565,211447]
[137,148,435869,437180]
[138,197,134063,133313]
[139,6,421661,422831]
[140,58,62833,64243]
[141,145,144082,142682]
[142,251,75374,74245]
[143,132,506762,507270]
[144,69,280471,280142]
[145,149,550528,549669]
[146,18,165421,166030]
[147,227,352657,352280]
[148,216,668750,670013]
[149,64,702355,702837]
[150,113,616666,615590]
[151,116,690574,691522]
[152,103,375529,374571]
[153,245,642450,642396]
[154,90,258100,258902]
[155,3,101457,100831]
[156,119,253037,252812]
[157,218,355491,356567]
[158,265,188242,188013]
[159,166,606168,606271]
[160,136,611817,612743]
[161,151,490538,490050]
[162,133,617683,616530]
[163,214,447731,448215]
[164,112,17865,18174]
[165,146,88165,89445]
[166,184,447964,448482]
[167,197,109013,108440]
[168,190,350599,351345]
[169,223,125116,124789]
[170,139,662234,660792]
[171,171,255325,254535]
[172,90,592468,593353]
[173,245,144330,144258]
[174,12,352597,353686]
[175,79,375121,373796]
[176,220,713600,714538]
[177,196,446613,446884]
[178,218,112481,113007]
[179,218,668849,669259]
[180,265,254214,253053]
[181,97,6819,6221]
[182,226,607206,607504]
[183,237,670641,669696]
[184,69,497410,497033]
[185,212,449350,450499]
[186,253,175793,174676]
[187,172,80089,80235]
[188,54,609122,609564]
[189,86,16366,17044]
[190,180,402356,402800]
[191,7,567874,567479]
[192,122,313062,313475]
[193,96,633439,634383]
[194,122,453547,454823]
[195,138,182619,183523]
[196,46,283721,284509]
[197,181,247298,246340]
[198,218,625707,625897]
[199,98,254421,255329]
[200,65,96342,96141]
[201,123,538890,538271]
[202,51,583393,582358]
[203,141,406488,406108]
[204,276,649118,650364]
[205,132,89738,90610]
[206,27,613574,613465]
[207,54,702983,703522]
[208,229,693990,692951]
[209,270,180669,181261]
[210,177,687532,687255]
[211,169,36973,36745]
[212,276,191821,192942]
[213,88,687256,688298]
[214,31,168060,167441]
[215,131,534633,533630]
[216,223,685709,684664]
[217,151,581374,580759]
[218,24,673361,673477]
[219,53,13359,13221]
[220,213,568829,568222]
[221,93,331910,330591]
[222,75,244186,244137]
[223,244,13016,13771]
[224,25,318501,317488]
[225,260,202721,203596]
[226,196,657332,658115]
[227,57,572263,571074]
[228,253,370708,369504]
[229,40,313837,314879]
[230,64,379095,379391]
[231,114,720144,721638]
[232,182,252821,254294]
[233,269,606586,606048]
[234,255,356681,356050]
[235,119,398100,397528]
[236,164,255044,255825]
[237,192,541260,542227]
[238,116,540891,541612]
[239,104,459203,460224]
[240,53,686075,684984]
[241,3,570618,569285]
[242,146,432577,432686]
[243,247,154000,153102]
[244,277,276393,274921]
[245,229,286632,285563]
[246,168,393927,395282]
[247,37,282580,281454]
[248,103,290675,289181]
[249,99,539358,538248]
[250,10,633658,633842]
[251,240,339002,339904]
[252,10,358365,358802]
[253,22,416538,417033]
[254,241,90065,89442]
[255,109,605502,605467]
[256,26,438969,439763]
[257,217,68132,67104]
[258,261,166338,165514]
[259,59,326439,326315]
[260,208,351752,351869]
[261,214,498518,499329]
[262,79,189065,188964]
[263,185,143688,143356]
[264,145,86042,85261]
[265,134,14389,15046]
[266,136,303821,304184]
[267,131,590223,589500]
[268,171,268879,267664]
[269,106,435912,436190]
[270,193,532211,531430]
[271,33,264733,264542]
[272,205,44669,44013]
[273,52,217960,219367]
[274,114,255020,255992]
[275,274,207451,207495]
[276,77,290319,289520]
[277,151,707522,706468]
[278,8,573432,574686]
[279,66,548,583]
[280,113,558467,557263]
[281,106,426825,427238]
[282,34,49669,50791]
[283,224,375369,375513]
[284,224,714840,716042]
[285,46,495106,495150]
[286,221,419239,417995]
[287,101,508638,507290]
[288,190,592561,592851]
[289,178,268032,268244]
[290,22,646608,647472]
[291,62,703911,705409]
[292,2,622375,623052]
[293,149,167241,165855]
[294,9,443482,442532]
[295,155,682792,681884]
[296,187,567010,566685]
[297,233,603807,603326]
[298,166,323972,324307]
[299,50,464270,465465]
[300,255,588366,587615]
[301,276,436329,437128]
[302,96,593342,593791]
[303,273,58723,58034]
[304,176,551345,552250]
[305,105,38779,37700]
[306,6,300368,301121]
[307,211,338836,337717]
[308,241,257077,256435]
[309,71,213555,212531]
[310,28,639487,640140]
[311,226,299497,300951]
[312,12,569393,569850]
[313,40,344404,344891]
[314,156,682467,683641]
[315,29,589718,589560]
[316,34,385554,386316]
[317,136,395569,395770]
[318,82,252056,252802]
[319,196,200041,200912]
[320,264,278279,278680]
[321,61,30044,28673]
[322,238,542176,542320]
[323,91,129900,128579]
[324,184,163639,164457]
[325,27,26024,25637]
[326,17,261647,260478]
[327,87,683040,681783]
[328,49,369797,368848]
[329,56,80730,82213]
[330,257,526021,525505]
[331,222,170402,170581]
[332,91,158913,157455]
[333,48,364990,365350]
[334,140,107389,108334]
[335,235,587864,587037]
[336,156,265764,266096]
[337,175,535502,534264]
[338,148,342811,344088]
[339,249,147182,146497]
[340,185,389496,389275]
[341,31,562815,562761]
[342,142,148394,149280]
[343,100,285837,286770]
[344,134,156594,157652]
[345,40,528462,528825]
[346,76,641951,642772]
[347,113,640949,640859]
[348,253,479301,479188]
[349,129,505676,505080]
[350,147,291667,291096]
[351,227,297172,296463]
[352,279,314802,314139]
[353,203,73597,73354]
[354,56,438414,438996]
[355,157,384830,383394]
[356,106,233853,233885]
[357,163,599022,598862]
[358,185,519734,519522]
[359,228,472521,472825]
[360,243,225186,224879]
[361,48,70785,71115]
[362,135,237108,235792]
[363,47,323360,323257]
[364,58,629432,630159]
[365,207,474600,473156]
[366,86,630989,631553]
[367,175,544640,544378]
[368,139,36236,35862]
[369,73,571402,570155]
[370,214,114640,115953]
[371,229,486611,486473]
[372,7,476092,474763]
[373,168,281775,282056]
[374,219,559783,558552]
[375,46,510800,510892]
[376,124,224871,225814]
[377,273,283700,283444]
[378,158,604802,605068]
[379,25,557637,557047]
[380,72,510205,510625]
[381,246,389815,390361]
[382,220,113527,113851]
[383,238,321551,322698]
[384,128,589957,590180]
[385,78,32275,33064]
[386,225,641267,640347]
[387,33,56506,55890]
[388,93,217452,216949]
[389,73,361871,360637]
[390,138,158847,158985]
[391,163,611982,611354]
[392,110,200572,200954]
[393,242,7677,8680]
[394,154,154437,155472]
[395,46,518231,518822]
[396,252,574516,575295]
[397,19,370679,370056]
[398,198,465170,466611]
[399,133,348259,348103]
[400,243,536201,536098]
[401,236,502434,503162]
[402,132,516975,517545]
[403,96,54607,55930]
[404,143,345885,345331]
[405,122,209343,210816]
[406,40,14185,14734]
[407,205,12774,11829]
[408,109,556583,555166]
[409,40,162144,162714]
[410,263,564154,563114]
[411,10,635201,636049]
[412,10,487703,488391]
[413,149,538829,537821]
[414,76,302742,303568]
[415,70,458702,458801]
[416,187,629596,629028]
[417,182,116396,117842]
[418,65,327212,326186]
[419,5,355718,354383]
[420,229,350358,349802]
[421,133,32525,31844]
[422,221,344511,343276]
[423,233,313508,312190]
[424,90,626498,626971]
[425,23,597796,597282]
[426,90,647514,649013]
[427,49,146982,146063]
[428,70,35164,35241]
[429,219,275340,274318]
[430,265,70508,69720]
[431,113,391829,390792]
[432,268,428813,429392]
[433,37,568785,568612]
[434,121,354302,353922]
[435,101,683449,682174]
[436,39,401009,399977]
[437,38,371935,372495]
[438,137,471795,471662]
[439,203,166944,165976]
[440,182,643053,643334]
[441,130,568412,569439]
[442,67,268507,267207]
[443,17,610032,609456]
[444,146,587415,587453]
[445,253,423547,422629]
[446,119,369481,369382]
[447,18,76481,77843]
[448,126,427390,428054]
[449,29,526842,525939]
[450,131,620489,619212]
[451,76,169745,170621]
[452,196,531881,532539]
[453,212,329510,330408]
[454,265,383922,383791]
[455,113,163069,161837]
[456,163,233008,231586]
[457,228,345767,347059]
[458,158,323722,323985]
[459,59,486237,485879]
[460,14,422535,423612]
[461,185,358709,357496]
[462,87,11797,11677]
[463,46,356942,358138]
[464,206,443302,444482]
[465,260,377911,378098]
[466,181,277701,277192]
[467,154,323452,324514]
[468,99,217663,216956]
[469,71,40000,39793]
[470,255,640586,639438]
[471,246,468811,468954]
[472,22,410985,412117]
[473,20,115355,116288]
[474,151,432170,431878]
[475,266,60453,61912]
[476,57,63255,62662]
[477,192,471782,472651]
[478,193,106139,105363]
[479,191,615191,614258]
[480,25,171046,169559]
[481,97,77824,76827]
[482,198,592514,593871]
[483,218,524367,525095]
[484,30,289658,290799]
[485,52,57726,58029]
[486,195,643691,642695]
[487,3,213171,213067]
[488,120,726347,727098]
[489,228,468521,469654]
[490,216,415443,415491]
[491,142,344838,346214]
[492,3,184688,183820]
[493,177,144634,143900]
[494,42,179198,179837]
[495,110,704265,705731]
[496,161,425565,424092]
[497,140,290474,291474]
[498,205,554166,553445]
[499,168,448787,448847]
[500,121,97593,97562]
[501,129,265166,263723]
[502,103,372973,371804]
[503,230,131949,132773]
[504,74,311058,311524]
[505,232,153269,153413]
[506,274,75737,76332]
[507,71,299021,298294]
[508,115,619031,617690]
[509,13,48312,47980]
[510,92,514522,515000]
[511,197,400226,400021]
[512,65,318289,317090]
[513,56,105810,106774]
[514,74,632847,633498]
[515,183,80608,80040]
[516,85,434486,434321]
[517,125,87770,86428]
[518,228,192032,193115]
[519,177,207751,206582]
[520,222,411808,412968]
[521,18,324069,324412]
[522,272,157910,158781]
[523,110,179880,181276]
[524,241,538721,537506]
[525,177,345353,344073]
[526,214,177778,179114]
[527,30,474007,474229]
[528,182,389702,390879]
[529,183,271096,270302]
[530,219,326454,326014]
[531,85,85688,84305]
[532,236,511108,512462]
[533,151,178637,177506]
[534,172,45302,46182]
[535,94,38898,39290]
[536,195,291944,291531]
[537,94,324658,325264]
[538,153,603531,602516]
[539,103,617567,616657]
[540,30,540361,540983]
[541,112,173865,174874]
[542,270,79197,79356]
[543,31,317819,316895]
[544,47,470770,469840]
[545,17,547988,546527]
[546,177,42500,41768]
[547,113,300945,300109]
[548,228,465534,466493]
[549,271,221252,219935]
[550,231,618420,618104]
[551,24,289487,289545]
[552,43,230060,229191]
[553,62,557642,558189]
[554,186,168915,169042]
[555,16,647461,648498]
[556,10,550985,552061]
[557,203,295513,295392]
[558,229,376598,375845]
[559,226,612949,613614]
[560,35,9522,8260]
[561,83,611941,611040]
[562,221,302257,301994]
[563,218,721703,722731]
[564,104,80149,80569]
[565,38,148765,148893]
[566,211,635941,634493]
[567,6,307327,308799]
[568,227,186234,185658]
[569,25,141839,140688]
[570,78,37289,37471]
[571,171,622707,622453]
[572,155,254502,254286]
[573,72,445503,446278]
[574,264,174711,175514]
[575,82,326289,326683]
[576,101,266688,265498]
[577,77,369943,369841]
[578,200,655126,655952]
[579,78,132287,133012]
[580,119,267272,266609]
[581,55,599029,598411]
[582,67,556312,555850]
[583,138,332541,333974]
[584,52,257410,257701]
[585,70,487786,489049]
[586,129,363908,363071]
[587,184,593543,594845]
[588,240,441172,442649]
[589,2,648748,649477]
[590,171,103601,102297]
[591,14,633342,634396]
[592,205,611791,610998]
[593,123,425264,424985]
[594,260,96589,97124]
[595,42,181819,182857]
[596,91,214443,214257]
[597,202,508790,509759]
[598,273,601836,600852]
[599,30,203246,203901]
[600,118,400191,400577]
[601,88,227743,227895]
[602,223,723065,721682]
[603,2,490002,490695]
[604,30,178723,179728]
[605,248,714031,715270]
[606,176,413210,414691]
[607,176,510363,510778]
[608,155,445275,444087]
[609,9,497793,496827]
[610,156,456672,458080]
[611,247,120019,119557]
[612,30,365108,365635]
[613,235,488423,488346]
[614,172,716914,718357]
[615,51,563157,562529]
[616,28,266178,266575]
[617,67,249964,249911]
[618,109,194352,193046]
[619,111,114233,113168]
[620,252,190940,191490]
[621,83,93683,93333]
[622,15,119636,118496]
[623,272,288276,288867]
[624,90,231886,232561]
[625,145,688270,687601]
[626,26,356412,357627]
[627,12,217679,218864]
[628,216,569542,570009]
[629,116,401903,403196]
[630,277,27791,27300]
[631,86,272702,273680]
[632,122,68452,69158]
[633,218,517677,518277]
[634,197,120113,119436]
[635,19,347068,346243]
[636,130,482227,483182]
[637,9,240321,239191]
[638,222,5818,7288]
[639,208,681995,683393]
[640,237,53832,52513]
[641,172,170323,170838]
[642,172,63386,64351]
[643,148,641341,641606]
[644,125,70089,69172]
[645,61,558763,558329]
[646,188,627373,627487]
[647,31,603123,601722]
[648,127,727414,726252]
[649,47,222877,222244]
[650,264,601388,601820]
[651,73,131427,130359]
[652,57,194411,193445]
[653,173,179243,178414]
[654,203,317053,316587]
[655,67,440956,440294]
[656,272,370910,372082]
[657,95,585578,585526]
[658,125,652659,651895]
[659,230,388982,389264]
[660,142,502294,503504]
[661,233,509224,508264]
[662,95,536336,536142]
[663,172,634117,635472]
[664,204,2658,3501]
[665,124,212815,213970]
