["head":"wrap","lpos","status"]
[239,332604,0]
["io count"]
[670]
["io":"id","wrap","startLpos","endLpos"]
[1,21,304825,304354]
[2,18,75307,76006]
[3,162,345296,346188]
[4,145,33612,33141]
[5,199,251047,250927]
[6,19,699233,697996]
[7,88,104975,105847]
[8,268,501325,501659]
[9,231,320619,320163]
[10,153,330094,329273]
[11,261,104684,104024]
[12,236,385198,385922]
[13,256,57426,58626]
[14,63,128119,127327]
[15,183,98358,97763]
[16,16,233920,234902]
[17,103,625658,624637]
[18,204,230596,231644]
[19,257,379280,378724]
[20,7,65997,65918]
[21,108,204939,206434]
[22,272,414004,414450]
[23,253,245935,244521]
[24,33,401793,401496]
[25,83,353036,352784]
[26,244,206364,207189]
[27,253,444531,443515]
[28,127,236051,234877]
[29,78,237520,238004]
[30,195,198560,197211]
[31,19,377018,376965]
[32,105,515433,514558]
[33,245,129892,129333]
[34,57,561770,561068]
[35,260,142722,143115]
[36,160,342899,343839]
[37,39,632339,631706]
[38,93,127066,125986]
[39,211,477161,475685]
[40,250,254278,255099]
[41,117,511611,511563]
[42,271,96455,96146]
[43,230,129047,130173]
[44,160,186379,187565]
[45,3,554900,554594]
[46,69,548631,547697]
[47,30,382188,382554]
[48,0,490067,490456]
[49,228,293911,295089]
[50,196,397041,397233]
[51,12,383546,384450]
[52,190,378632,379401]
[53,3,344571,343465]
[54,187,376225,375587]
[55,10,203220,204098]
[56,262,357680,359042]
[57,87,296453,296052]
[58,260,345606,346321]
[59,13,672559,671774]
[60,180,335595,335860]
[61,276,39802,40658]
[62,177,453719,453112]
[63,89,165599,164682]
[64,220,554922,555901]
[65,88,137181,137667]
[66,100,495422,495695]
[67,2,501439,502904]
[68,137,235155,234603]
[69,34,165811,166571]
[70,133,540843,540719]
[71,254,658702,660028]
[72,191,156174,155436]
[73,192,469064,469350]
[74,250,287936,288414]
[75,166,646352,647133]
[76,277,215790,215740]
[77,76,726345,726489]
[78,4,728532,728716]
[79,119,322741,322462]
[80,24,248111,249155]
[81,228,179667,179794]
[82,26,499190,499348]
[83,140,267230,268380]
[84,264,718929,719520]
[85,136,174886,175784]
[86,26,47503,47687]
[87,167,501391,500863]
[88,173,17365,15925]
[89,168,274328,274744]
[90,261,239575,238884]
[91,221,26104,24754]
[92,99,650287,650081]
[93,127,100463,99092]
[94,220,668513,668662]
[95,26,2585,3564]
[96,168,149336,150593]
[97,171,121443,120246]
[98,108,507577,507668]
[99,77,215841,214695]
[100,180,167418,168915]
[101,156,477158,477207]
[102,190,311114,311306]
[103,162,11776,12417]
[104,253,51646,51350]
[105,143,442732,442276]
[106,52,501176,501236]
[107,28,321690,321806]
[108,53,164135,163947]
[109,56,511210,512657]
[110,131,380797,380237]
[111,253,566652,566496]
[112,219,2994,2364]
[113,16,413886,415002]
[114,41,250185,249784]
[115,174,274255,275207]
[116,34,268263,269351]
[117,28,581184,581749]
[118,36,291498,292693]
[119,120,37782,39168]
[120,189,368988,368517]
[121,124,138070,139059]
[122,30,679270,679728]
[123,48,112751,113228]
[124,278,543270,544565]
[125,25,259943,259658]
[126,192,545804,546516]
[127,175,339544,338486]
[128,233,73365,72419]
[129,200,440273,440908]
[130,260,454668,456164]
[131,19,587554,586101]
[132,273,50027,49766]
[133,126,404398,404726]
[134,130,475594,476164]
[135,222,525785,526945]
[136,72,277026,278181]
[137,230,48261,49452]
[138,135,286301,284814]
[139,201,591812,591029]
[140,261,582433,582060]
[141,84,120353,121515]
[142,144,299686,299910]
[143,140,142817,143240]
[144,88,130519,131484]
[145,158,251819,252591]
[146,242,282608,283116]
[147,15,598086,597514]
[148,203,345832,345453]
[149,256,501144,502558]
[150,202,261714,262758]
[151,222,486865,488038]
[152,144,428821,429126]
[153,0,534669,534727]
[154,93,548198,547593]
[155,177,509687,508265]
[156,30,597555,597665]
[157,42,326086,327048]
[158,65,193682,193430]
[159,225,666390,665682]
[160,167,260301,259617]
[161,219,533837,533024]
[162,175,223758,222417]
[163,270,491596,492143]
[164,185,405084,403787]
[165,30,346610,347464]
[166,166,294903,296192]
[167,166,522173,523434]
[168,35,132795,132038]
[169,194,198520,198880]
[170,275,428435,427692]
[171,201,327688,326558]
[172,18,416774,417837]
[173,272,411189,412579]
[174,83,571027,569696]
[175,3,448276,447772]
[176,54,37838,38877]
[177,113,151664,150196]
[178,179,487569,487374]
[179,155,184502,183173]
[180,279,52309,51622]
[181,12,507612,508513]
[182,65,141510,140660]
[183,27,75598,75507]
[184,198,666267,666864]
[185,74,18235,19425]
[186,153,117718,117024]
[187,24,23431,24137]
[188,241,36210,35912]
[189,51,111542,111154]
[190,232,156550,157500]
[191,229,667623,666199]
[192,217,146379,145694]
[193,16,408806,409097]
[194,262,162600,163004]
[195,193,471574,470097]
[196,277,337239,336130]
[197,171,390492,389020]
[198,103,628205,627973]
[199,207,215797,214354]
[200,139,593204,592693]
[201,271,685990,685636]
[202,266,446404,446881]
[203,114,691823,692352]
[204,89,510612,509704]
[205,46,372112,373466]
[206,116,652486,652863]
[207,107,700279,699331]
[208,147,188761,188332]
[209,147,631788,631188]
[210,154,1506,1683]
[211,17,327793,326438]
[212,272,417908,418183]
[213,257,467636,466348]
[214,271,23212,22523]
[215,272,413319,413499]
[216,166,281393,282554]
[217,250,576721,577256]
[218,90,312546,313003]
[219,206,224494,225988]
[220,58,609759,611245]
[221,172,83945,84084]
[222,224,305691,306709]
[223,19,388472,387376]
[224,96,283268,283354]
[225,89,678343,677191]
[226,187,518640,517765]
[227,35,685282,684051]
[228,56,615441,616832]
[229,249,719199,718370]
[230,40,728041,728780]
[231,5,443640,442615]
[232,151,214321,214030]
[233,64,714664,715687]
[234,162,12178,12668]
[235,224,344444,345186]
[236,60,693290,693510]
[237,219,484010,482667]
[238,176,333700,334123]
[239,245,621822,620388]
[240,132,219342,219574]
[241,14,153846,153909]
[242,165,564291,562869]
[243,268,504043,504251]
[244,269,395069,393768]
[245,52,686787,687423]
[246,52,550546,551133]
[247,28,657357,658433]
[248,178,529930,530092]
[249,29,80251,79406]
[250,8,20240,20273]
[251,259,578603,577581]
[252,46,287767,288004]
[253,210,317923,318035]
[254,169,499134,497665]
[255,271,656658,656207]
[256,114,390728,391964]
[257,156,364252,364330]
[258,195,329804,329078]
[259,42,132816,133569]
[260,129,628934,627718]
[261,4,696156,696360]
[262,147,714804,714206]
[263,58,296932,297566]
[264,246,468185,468659]
[265,250,428076,428829]
[266,11,112680,111295]
[267,164,185599,186173]
[268,200,647215,647334]
[269,255,45338,45219]
[270,172,252331,253315]
[271,169,415253,414347]
[272,21,52104,50911]
[273,25,481150,481028]
[274,84,597437,598459]
[275,54,644722,644857]
[276,228,361712,362108]
[277,176,534379,535453]
[278,155,225673,225011]
[279,269,541503,541030]
[280,12,565405,565591]
[281,264,601916,602579]
[282,160,674742,675577]
[283,155,538432,536944]
[284,217,396077,395152]
[285,267,13812,12726]
[286,26,110223,110818]
[287,262,361739,362311]
[288,215,248733,247352]
[289,85,314217,314090]
[290,203,332252,331339]
[291,185,168074,166841]
[292,19,226482,225348]
[293,241,228081,226994]
[294,188,116366,116453]
[295,195,344315,344214]
[296,147,709235,708177]
[297,165,232186,231180]
[298,121,50672,50033]
[299,264,330559,331746]
[300,31,367675,367507]
[301,58,319936,321243]
[302,270,79393,80600]
[303,22,298397,299800]
[304,131,630014,628764]
[305,173,559153,558487]
[306,49,329134,328879]
[307,40,665266,666540]
[308,271,502009,501953]
[309,59,690823,690413]
[310,92,381129,381450]
[311,170,449527,450434]
[312,203,698510,697075]
[313,274,401176,402504]
[314,46,389788,390139]
[315,174,61947,62971]
[316,212,66089,67546]
[317,39,238205,236941]
[318,7,336190,335559]
[319,173,181514,180541]
[320,132,559936,561436]
[321,102,383761,384120]
[322,229,4771,4325]
[323,25,449296,447922]
[324,177,155549,155347]
[325,71,388924,387701]
[326,104,430755,431246]
[327,210,136496,136720]
[328,69,265514,264471]
[329,249,492606,492074]
[330,129,356606,355560]
[331,166,231608,231727]
[332,205,500499,499577]
[333,31,133735,133493]
[334,128,332158,333372]
[335,10,266310,266894]
[336,53,234625,233423]
[337,226,234823,235348]
[338,26,527867,529044]
[339,211,653482,653437]
[340,148,642661,642966]
[341,77,127913,126810]
[342,0,391049,391237]
[343,179,620337,618960]
[344,213,76389,75010]
[345,78,415392,415484]
[346,68,82487,83852]
[347,19,45283,43968]
[348,74,32386,32469]
[349,2,304897,305717]
[350,32,6435,7307]
[351,33,555814,554390]
[352,228,252556,252599]
[353,18,29345,29790]
[354,36,350280,350374]
[355,275,203439,201996]
[356,58,440256,441631]
[357,56,334725,335230]
[358,147,254394,253564]
[359,144,220548,221230]
[360,231,379977,378754]
[361,199,648185,647096]
[362,200,67007,68406]
[363,75,185552,184847]
[364,214,589820,591020]
[365,248,410349,411124]
[366,91,20683,20181]
[367,198,281979,282891]
[368,237,390254,388831]
[369,149,191011,189799]
[370,86,82286,82903]
[371,5,532998,531505]
[372,49,136239,135042]
[373,230,330933,332057]
[374,205,397944,397245]
[375,181,279393,278320]
[376,197,686901,685890]
[377,106,524589,525652]
[378,49,39883,38880]
[379,102,657819,657979]
[380,123,591901,591332]
[381,29,489060,488473]
[382,194,660210,660706]
[383,117,594239,593100]
[384,143,407536,406783]
[385,2,224693,225589]
[386,269,642168,642087]
[387,248,61861,62526]
[388,246,106053,106862]
[389,10,48283,49101]
[390,50,371898,371990]
[391,78,93794,93904]
[392,8,377350,378246]
[393,82,493514,494115]
[394,169,209663,208290]
[395,246,362377,362840]
[396,53,501409,501168]
[397,92,86572,86920]
[398,69,171545,171338]
[399,67,147645,146708]
[400,19,234066,233722]
[401,188,418151,418650]
[402,14,213914,213973]
[403,91,219467,218939]
[404,163,323454,322363]
[405,191,387468,387020]
[406,120,453148,453696]
[407,70,150069,150629]
[408,224,485873,486730]
[409,164,361,1579]
[410,266,721439,722773]
[411,277,595390,595255]
[412,112,172891,173857]
[413,129,193010,192869]
[414,230,289816,290072]
[415,231,693776,693103]
[416,7,422824,422122]
[417,151,607287,607013]
[418,273,84281,83428]
[419,155,102040,101849]
[420,223,598593,598445]
[421,275,339692,339514]
[422,104,247076,248218]
[423,179,431201,430542]
[424,216,65697,66820]
[425,185,352136,351184]
[426,53,440269,440001]
[427,197,182959,182854]
[428,240,578432,578681]
[429,138,97893,98613]
[430,231,495422,494018]
[431,204,252154,252744]
[432,75,25438,24581]
[433,200,478944,480166]
[434,83,145573,144107]
[435,85,86505,85076]
[436,36,187632,188097]
[437,262,52004,53036]
[438,6,306135,307149]
[439,154,380951,382079]
[440,54,145897,146726]
[441,74,549505,550073]
[442,109,418315,417568]
[443,229,443278,442790]
[444,26,585317,585645]
[445,128,404992,405608]
[446,45,555926,555769]
[447,96,489131,489399]
[448,214,568027,568060]
[449,153,493407,492496]
[450,232,725305,725585]
[451,77,168855,167381]
[452,256,127327,127866]
[453,12,545192,545593]
[454,163,430930,430319]
[455,211,346250,344803]
[456,58,84675,85569]
[457,183,551347,550730]
[458,53,573517,573284]
[459,49,202007,200955]
[460,212,461782,462159]
[461,42,345458,346148]
[462,97,562425,561075]
[463,188,468080,469408]
[464,113,660433,659194]
[465,154,614451,615766]
[466,70,374968,376205]
[467,134,49962,51283]
[468,40,240432,241156]
[469,212,321318,321879]
[470,82,47698,49053]
[471,261,3998,2961]
[472,237,196665,196070]
[473,167,699577,698125]
[474,248,134008,135501]
[475,270,385572,386882]
[476,197,455143,454721]
[477,163,364679,363711]
[478,48,84638,85524]
[479,19,671163,670859]
[480,174,87975,89460]
[481,172,335517,335647]
[482,276,469107,470569]
[483,5,616235,615060]
[484,173,185998,185756]
[485,129,424172,422672]
[486,7,703823,703667]
[487,226,337164,338499]
[488,129,277140,276914]
[489,112,723908,724878]
[490,237,689320,688989]
[491,227,474553,474441]
[492,198,433476,434966]
[493,210,368554,369374]
[494,68,452661,453707]
[495,226,360377,361494]
[496,201,66682,66078]
[497,264,280763,281908]
[498,71,98064,96679]
[499,214,76710,78113]
[500,55,548713,547436]
[501,245,78566,77876]
[502,101,716580,715878]
[503,85,602924,601829]
[504,132,20674,21440]
[505,182,354795,355832]
[506,142,55701,55812]
[507,126,443145,444321]
[508,261,218262,217583]
[509,196,491997,492501]
[510,146,273844,274617]
[511,238,2285,2836]
[512,247,588677,587653]
[513,136,335672,337103]
[514,87,495007,494383]
[515,216,76368,77648]
[516,231,77569,76716]
[517,46,541674,541833]
[518,111,554599,553561]
[519,168,598257,599512]
[520,266,615152,615940]
[521,13,373875,373285]
[522,267,315691,315624]
[523,264,71770,72985]
[524,161,167642,166225]
[525,144,404944,405636]
[526,122,108944,109903]
[527,276,599950,600363]
[528,146,697495,698564]
[529,195,541192,540598]
[530,141,148841,148684]
[531,137,197003,196700]
[532,93,115598,114807]
[533,272,131617,132147]
[534,33,58423,58289]
[535,1,10636,10022]
[536,116,500326,500826]
[537,39,532550,531587]
[538,48,350564,350738]
[539,234,329862,330581]
[540,185,585770,585094]
[541,141,673952,673329]
[542,103,39080,38114]
[543,275,639534,639044]
[544,40,605243,606526]
[545,176,246658,247856]
[546,83,725467,725181]
[547,224,34686,34833]
[548,100,299732,300668]
[549,249,532809,532335]
[550,137,26328,25624]
[551,230,389512,390885]
[552,43,454081,453125]
[553,102,680313,681222]
[554,28,458874,460110]
[555,49,716833,716446]
[556,29,243760,242641]
[557,25,206762,206016]
[558,35,236535,235824]
[559,119,461077,460796]
[560,45,410802,409561]
[561,252,435227,435714]
[562,230,208016,209418]
[563,79,512138,511568]
[564,88,192100,192660]
[565,271,336538,335649]
[566,244,145131,145865]
[567,225,583702,582720]
[568,96,513160,514035]
[569,99,129292,129050]
[570,38,578815,578879]
[571,276,477753,478571]
[572,38,542744,543220]
[573,102,596217,596663]
[574,117,251374,251020]
[575,41,533282,533125]
[576,193,186554,185339]
[577,187,69999,69735]
[578,226,359060,359166]
[579,216,291566,292518]
[580,261,234226,233447]
[581,103,181453,181177]
[582,56,311733,312934]
[583,208,434340,434922]
[584,72,306552,306587]
[585,185,319922,319606]
[586,37,497379,496766]
[587,273,91487,90276]
[588,163,381259,380267]
[589,209,426526,425519]
[590,112,426760,426831]
[591,245,580577,580346]
[592,103,632822,631840]
[593,235,660248,659046]
[594,205,569459,569332]
[595,31,471112,470913]
[596,195,377636,376581]
[597,159,667828,666920]
[598,148,507453,507630]
[599,5,719259,717948]
[600,165,495482,495158]
[601,138,532376,533379]
[602,57,554056,553683]
[603,161,540440,539971]
[604,81,698748,697553]
[605,271,471989,471202]
[606,3,143890,143454]
[607,18,563770,564198]
[608,142,282615,282702]
[609,190,334680,334904]
[610,72,288209,288448]
[611,100,677985,678494]
[612,224,196931,197964]
[613,89,132022,131885]
[614,180,92546,93418]
[615,13,61583,60719]
[616,33,126834,125367]
[617,27,92575,91520]
[618,134,485815,487192]
[619,79,598718,597652]
[620,77,244534,244263]
[621,106,237591,237800]
[622,144,353244,353619]
[623,53,199020,197752]
[624,74,86377,87340]
[625,236,350703,351103]
[626,75,410151,409062]
[627,74,123630,124051]
[628,31,394486,394326]
[629,105,84477,84106]
[630,249,456975,456728]
[631,31,378114,377164]
[632,187,107355,106128]
[633,234,301563,302938]
[634,266,696172,696601]
[635,46,511720,512707]
[636,189,352791,352528]
[637,198,701106,702000]
[638,245,338423,337192]
[639,169,498547,498261]
[640,174,699173,699933]
[641,69,632394,631265]
[642,21,535624,535518]
[643,252,11656,12033]
[644,195,20257,19776]
[645,127,309775,308314]
[646,55,336036,335098]
[647,229,285431,285138]
[648,24,142355,142684]
[649,182,295991,296452]
[650,198,460287,460944]
[651,26,369093,370169]
[652,117,644035,642990]
[653,100,129071,129863]
[654,39,633995,633907]
[655,127,193610,192420]
[656,269,50407,49727]
[657,101,379179,378902]
[658,62,133684,134877]
[659,196,602137,602627]
[660,137,83422,82216]
[661,260,621247,622073]
[662,189,486687,485920]
[663,139,390220,388818]
[664,199,79035,78410]
[665,200,512157,512516]
[666,36,41336,41474]
[667,101,193851,193388]
[668,150,723793,724459]
[669,109,523722,523132]
[670,140,334381,335294]
