["head":"wrap","lpos","status"]
[14,482131,1]
["io count"]
[675]
["io":"id","wrap","startLpos","endLpos"]
[1,126,549347,550098]
[2,157,15392,15317]
[3,55,506943,506720]
[4,22,582566,583465]
[5,29,21766,20861]
[6,162,274808,274971]
[7,268,185089,185766]
[8,32,280833,281862]
[9,23,256144,255808]
[10,163,28604,28147]
[11,79,584338,583405]
[12,187,561491,560435]
[13,73,37788,36982]
[14,10,258101,258346]
[15,59,630230,629292]
[16,130,388832,390135]
[17,113,136635,135537]
[18,199,355257,354239]
[19,27,296402,295879]
[20,140,411810,411952]
[21,266,282606,283145]
[22,56,434291,435772]
[23,166,413560,413812]
[24,6,445635,445780]
[25,3,599188,599009]
[26,31,381750,380250]
[27,275,606229,605318]
[28,216,158487,159696]
[29,175,75817,74825]
[30,88,94461,95499]
[31,81,526492,525420]
[32,117,9006,7692]
[33,47,303916,303292]
[34,163,566635,565181]
[35,261,289083,287658]
[36,99,195806,194444]
[37,241,29356,28142]
[38,45,206278,205490]
[39,211,50369,49619]
[40,77,12714,11510]
[41,224,701274,701715]
[42,276,385175,386638]
[43,167,357761,357154]
[44,47,344349,344132]
[45,17,230051,229233]
[46,176,136094,137238]
[47,113,547395,546587]
[48,118,105798,106658]
[49,54,338491,339217]
[50,16,12936,13932]
[51,104,708527,708951]
[52,37,577389,575936]
[53,154,51554,52692]
[54,42,658072,658508]
[55,23,213434,213327]
[56,110,258274,259196]
[57,255,463231,461847]
[58,126,289591,289841]
[59,136,272884,273831]
[60,64,144016,144984]
[61,214,439570,440417]
[62,216,435359,435624]
[63,15,543726,543656]
[64,215,229183,228743]
[65,254,367559,368206]
[66,28,119714,120502]
[67,186,56387,57048]
[68,277,464514,463342]
[69,223,538403,537636]
[70,87,269669,269293]
[71,258,680461,680716]
[72,179,553465,553092]
[73,145,550808,549468]
[74,243,632621,631173]
[75,55,109169,107734]
[76,230,444401,445316]
[77,177,724178,723336]
[78,97,256164,255472]
[79,16,566682,567259]
[80,205,38984,38852]
[81,259,13520,12091]
[82,268,541453,542028]
[83,107,498685,497758]
[84,71,186598,186098]
[85,115,669667,668870]
[86,123,416482,415776]
[87,225,634708,634043]
[88,8,5345,5992]
[89,62,599348,599602]
[90,118,110696,111312]
[91,14,727259,728012]
[92,130,286592,287020]
[93,132,480957,482349]
[94,244,285223,285855]
[95,165,313460,312575]
[96,205,239603,238824]
[97,191,130498,130082]
[98,92,355312,356148]
[99,74,314858,315850]
[100,241,75542,74694]
[101,260,416455,416673]
[102,142,706087,707534]
[103,123,601528,600719]
[104,149,468379,468184]
[105,228,615293,615976]
[106,203,499572,498312]
[107,0,138905,139609]
[108,179,164938,163783]
[109,106,382537,383383]
[110,147,293645,292852]
[111,97,595437,594581]
[112,113,507795,507429]
[113,115,443609,442238]
[114,22,436321,437336]
[115,130,562048,562832]
[116,117,606972,606109]
[117,241,98649,98077]
[118,17,412426,411968]
[119,90,624821,625683]
[120,123,605742,605321]
[121,254,359201,359265]
[122,132,447878,448905]
[123,157,370484,370215]
[124,60,629658,630543]
[125,87,28318,27796]
[126,248,263053,264457]
[127,219,339496,339289]
[128,197,567456,567361]
[129,17,614400,613749]
[130,123,270596,270131]
[131,4,240945,241588]
[132,105,12294,11478]
[133,244,357239,357804]
[134,277,728428,727782]
[135,239,349302,348886]
[136,21,373401,371946]
[137,268,3829,4232]
[138,0,125566,125937]
[139,234,437585,438670]
[140,100,424806,425792]
[141,89,102536,102129]
[142,176,302290,303567]
[143,126,80388,81224]
[144,62,318921,319011]
[145,194,570782,572166]
[146,21,515579,515075]
[147,94,98172,99036]
[148,216,229787,231058]
[149,77,337070,336204]
[150,262,663540,664798]
[151,188,27554,27596]
[152,240,83570,84273]
[153,120,681825,682326]
[154,122,278154,278487]
[155,65,165152,165073]
[156,7,83663,82599]
[157,150,93045,93282]
[158,16,198395,199572]
[159,132,617589,618627]
[160,98,134511,135340]
[161,4,479128,479357]
[162,253,725007,724504]
[163,257,15138,14867]
[164,207,361163,359698]
[165,23,646483,645806]
[166,104,366829,367567]
[167,110,540366,541746]
[168,266,720950,721586]
[169,125,344060,343904]
[170,166,387106,388390]
[171,92,431514,432536]
[172,256,720614,720816]
[173,205,126246,126018]
[174,267,70464,69428]
[175,275,227190,225991]
[176,109,172180,171735]
[177,218,615794,616383]
[178,137,473922,473422]
[179,88,621047,622250]
[180,208,664731,665397]
[181,100,340741,341209]
[182,8,488387,488871]
[183,64,98025,98324]
[184,210,456642,457721]
[185,89,107740,107194]
[186,3,676549,675287]
[187,18,31412,32539]
[188,25,370029,369187]
[189,124,441818,442696]
[190,25,39418,38969]
[191,152,410092,411116]
[192,248,576374,577832]
[193,137,141282,140193]
[194,149,606693,606043]
[195,42,385590,386130]
[196,272,599297,600599]
[197,59,8512,8299]
[198,244,550104,551443]
[199,51,128337,126924]
[200,135,208571,207149]
[201,45,167473,166876]
[202,149,670378,669644]
[203,77,208872,207408]
[204,156,419075,419807]
[205,234,179557,179641]
[206,186,562287,563465]
[207,236,708040,708748]
[208,134,626493,626933]
[209,41,370099,369408]
[210,256,517508,518578]
[211,82,157028,157780]
[212,39,232134,231593]
[213,273,338843,338081]
[214,161,398838,398545]
[215,278,499274,500254]
[216,216,181922,182019]
[217,105,698621,697835]
[218,217,521743,520768]
[219,139,516976,516132]
[220,19,398800,397343]
[221,271,31771,30604]
[222,115,724856,724098]
[223,53,372777,371993]
[224,122,667751,668993]
[225,124,52704,53656]
[226,94,360724,361971]
[227,60,715611,716939]
[228,279,394484,393090]
[229,66,475565,476992]
[230,263,553731,553036]
[231,101,326745,325859]
[232,50,554753,554972]
[233,164,138340,138861]
[234,176,356703,357042]
[235,209,181925,181122]
[236,0,504484,504849]
[237,88,338569,339969]
[238,272,556191,557052]
[239,135,340374,338991]
[240,159,580002,578640]
[241,4,256117,257433]
[242,239,288386,287243]
[243,91,618413,617557]
[244,24,74002,74072]
[245,126,712574,712624]
[246,68,716589,717731]
[247,113,474459,473627]
[248,28,352402,353015]
[249,174,303206,303680]
[250,128,557175,558518]
[251,159,162988,162133]
[252,229,214241,212930]
[253,214,301096,301273]
[254,76,77045,78240]
[255,41,587507,587137]
[256,26,512208,513270]
[257,133,186249,185079]
[258,10,426741,427233]
[259,262,464146,465388]
[260,126,403369,404803]
[261,130,596323,596894]
[262,186,412471,413014]
[263,204,368792,368952]
[264,278,253399,254382]
[265,199,353197,352080]
[266,50,297996,298414]
[267,71,376912,375777]
[268,142,717979,718823]
[269,73,107633,107185]
[270,10,407946,408355]
[271,210,523629,524013]
[272,125,558458,557622]
[273,214,502631,503900]
[274,19,718997,717559]
[275,67,662000,661839]
[276,20,26789,28035]
[277,140,632846,633159]
[278,181,187791,186528]
[279,17,658347,657460]
[280,244,535342,536374]
[281,20,560023,561152]
[282,127,139975,139431]
[283,254,240689,240845]
[284,31,639800,639139]
[285,126,207272,208262]
[286,114,441357,441527]
[287,21,261084,260449]
[288,153,272322,271130]
[289,260,13132,14352]
[290,18,332433,332969]
[291,56,590874,592367]
[292,56,2296,3720]
[293,231,149736,149429]
[294,149,172944,171895]
[295,274,712108,713150]
[296,20,551514,552701]
[297,213,54651,53487]
[298,27,622153,621015]
[299,109,48537,48234]
[300,196,345439,346847]
[301,59,631343,630133]
[302,170,121029,122389]
[303,269,175677,174350]
[304,46,433813,434498]
[305,233,690632,689926]
[306,46,455779,456120]
[307,171,160567,159194]
[308,11,716959,716037]
[309,274,556492,557261]
[310,119,178522,177059]
[311,215,394574,394287]
[312,33,433198,432000]
[313,146,82098,83592]
[314,169,724012,723036]
[315,91,622374,621831]
[316,199,455522,455313]
[317,80,505200,505865]
[318,105,78286,76947]
[319,199,542414,541040]
[320,243,654111,652686]
[321,232,230914,231179]
[322,171,261243,260897]
[323,151,239579,238499]
[324,172,317264,318275]
[325,240,38437,39354]
[326,198,473240,473550]
[327,0,93237,94139]
[328,268,347008,347604]
[329,62,669468,670436]
[330,132,686549,687516]
[331,92,96879,97225]
[332,135,435392,435310]
[333,128,328352,328779]
[334,64,122119,122272]
[335,174,271275,271384]
[336,82,28575,30039]
[337,246,259995,260252]
[338,93,434861,434298]
[339,18,603409,604262]
[340,208,211488,211709]
[341,120,177020,178270]
[342,232,711049,711288]
[343,128,227243,228176]
[344,57,306443,306396]
[345,273,90156,90052]
[346,85,362818,362283]
[347,48,359877,361364]
[348,169,575542,575277]
[349,231,631217,630993]
[350,86,188451,189314]
[351,268,314861,315976]
[352,84,415948,417092]
[353,225,427447,425953]
[354,149,497747,496496]
[355,203,291676,291334]
[356,8,557826,558913]
[357,206,223777,224490]
[358,180,243267,244283]
[359,203,170910,170660]
[360,59,702650,701930]
[361,146,647540,648299]
[362,140,39038,39206]
[363,180,613011,613950]
[364,169,49048,47606]
[365,222,347680,348103]
[366,11,415174,414015]
[367,70,48287,49028]
[368,139,554861,554646]
[369,141,575363,575312]
[370,105,540812,539332]
[371,276,593914,594901]
[372,228,252806,254281]
[373,91,633717,632504]
[374,56,340928,341298]
[375,89,381393,381120]
[376,38,111934,111986]
[377,121,586795,585783]
[378,191,484693,484036]
[379,251,457102,456952]
[380,161,431713,430346]
[381,264,57111,57276]
[382,180,516851,517794]
[383,106,116538,117180]
[384,83,308248,307992]
[385,204,10506,11259]
[386,161,49326,48844]
[387,98,553987,555003]
[388,164,682726,682761]
[389,76,205748,206313]
[390,276,661137,662076]
[391,35,446586,445980]
[392,205,434282,434073]
[393,246,653639,653761]
[394,70,692434,692612]
[395,24,653500,654857]
[396,72,124546,124660]
[397,60,528500,528775]
[398,260,164903,165650]
[399,212,553859,554959]
[400,52,341811,342162]
[401,187,133333,132212]
[402,126,273596,274179]
[403,278,173092,173890]
[404,111,29348,28141]
[405,261,39339,39115]
[406,131,220131,220053]
[407,62,162931,163535]
[408,161,370633,369885]
[409,186,388940,389787]
[410,77,68552,68082]
[411,25,519479,519223]
[412,199,85128,83921]
[413,254,6333,6643]
[414,72,565699,567082]
[415,255,504394,504151]
[416,194,102539,103562]
[417,203,525559,525419]
[418,21,382932,382854]
[419,169,441008,439544]
[420,21,364778,363686]
[421,13,557309,556087]
[422,169,141609,140965]
[423,221,586289,585639]
[424,109,283376,282145]
[425,258,63116,63561]
[426,37,673159,671946]
[427,275,316283,315841]
[428,227,46972,45803]
[429,125,297177,297089]
[430,272,299018,299992]
[431,135,252560,252441]
[432,3,646922,645585]
[433,86,144778,145728]
[434,69,534603,533464]
[435,214,141437,141820]
[436,60,328102,328807]
[437,98,373624,373843]
[438,226,499052,499515]
[439,13,420376,419595]
[440,174,417169,417596]
[441,33,570597,569833]
[442,177,436950,435567]
[443,215,49139,47776]
[444,167,226432,225935]
[445,131,17054,15595]
[446,170,527694,528473]
[447,153,260481,259520]
[448,190,69484,69838]
[449,229,106839,106029]
[450,247,458036,456868]
[451,219,554357,554167]
[452,51,466326,465756]
[453,93,94576,93435]
[454,215,417708,416998]
[455,59,325595,324781]
[456,133,273566,273357]
[457,211,679324,678887]
[458,47,216990,215886]
[459,129,624310,623223]
[460,202,551457,551873]
[461,126,460508,460760]
[462,136,210616,211129]
[463,107,210945,210789]
[464,198,670446,671497]
[465,227,302673,301502]
[466,2,240621,241916]
[467,190,624342,624485]
[468,272,422848,423239]
[469,56,253122,253371]
[470,62,654746,655569]
[471,36,111417,112888]
[472,106,694170,694514]
[473,167,550794,549924]
[474,0,517740,519048]
[475,61,394347,394300]
[476,265,225396,224262]
[477,56,371457,372106]
[478,25,415329,414429]
[479,257,670860,669813]
[480,204,393111,394363]
[481,56,282179,283396]
[482,248,237000,237981]
[483,66,549411,550008]
[484,223,699775,699373]
[485,59,416327,414868]
[486,200,613854,615109]
[487,68,354746,354822]
[488,86,382190,383612]
[489,263,637535,636741]
[490,5,651588,651510]
[491,142,504562,505085]
[492,10,359503,359906]
[493,201,604074,603821]
[494,265,80714,79697]
[495,52,703866,704109]
[496,278,544863,546063]
[497,58,630361,631395]
[498,69,701565,701007]
[499,56,527524,528904]
[500,69,31547,30834]
[501,69,553759,553458]
[502,274,699893,700929]
[503,232,526422,527259]
[504,188,686196,687280]
[505,111,503677,502325]
[506,117,259498,258203]
[507,171,27638,26394]
[508,278,392080,392621]
[509,196,269387,269858]
[510,218,559905,560085]
[511,241,644135,644038]
[512,80,721833,721945]
[513,231,397297,396805]
[514,88,307323,308797]
[515,50,130359,131679]
[516,216,528177,528314]
[517,140,530486,531592]
[518,246,379549,380693]
[519,92,373979,374844]
[520,96,409490,410928]
[521,267,132501,131978]
[522,99,548327,548254]
[523,198,491578,492916]
[524,184,627633,628710]
[525,144,613572,613997]
[526,71,86153,85198]
[527,173,651796,650581]
[528,200,635232,635552]
[529,31,390605,389903]
[530,271,628993,627892]
[531,233,371058,370092]
[532,254,199831,201074]
[533,15,103067,101981]
[534,158,518671,518922]
[535,42,595687,596071]
[536,67,75307,74968]
[537,69,577742,576412]
[538,220,235202,235299]
[539,15,17953,17613]
[540,37,723886,722498]
[541,253,498523,498068]
[542,225,500427,500248]
[543,211,646174,645868]
[544,215,420810,420425]
[545,149,207190,205854]
[546,51,38202,37826]
[547,190,654279,654439]
[548,129,338622,338591]
[549,6,439795,440980]
[550,234,406452,407813]
[551,244,666301,667789]
[552,198,28599,29719]
[553,246,4209,5680]
[554,155,637091,636233]
[555,216,495520,496053]
[556,77,426957,426605]
[557,271,19618,18541]
[558,215,716315,716081]
[559,47,464250,463804]
[560,136,449007,450199]
[561,33,182885,182035]
[562,248,258401,258653]
[563,203,126651,126142]
[564,84,399331,400007]
[565,191,649027,648099]
[566,202,389177,390272]
[567,89,190139,189827]
[568,194,273814,274448]
[569,104,686939,687025]
[570,144,505189,505960]
[571,37,336141,336022]
[572,152,93383,93675]
[573,75,26192,25405]
[574,141,728555,727062]
[575,7,405174,404593]
[576,274,566162,567619]
[577,134,366388,366445]
[578,260,581358,581493]
[579,234,319827,319995]
[580,161,704218,703959]
[581,0,290837,292217]
[582,188,87514,87649]
[583,159,503115,501725]
[584,249,419819,418871]
[585,156,54325,55342]
[586,200,229737,230296]
[587,191,510830,509779]
[588,229,375761,375550]
[589,147,540365,539716]
[590,102,554298,555250]
[591,165,292468,291342]
[592,20,441391,442314]
[593,194,400943,402113]
[594,160,72149,72676]
[595,231,407252,406980]
[596,90,527774,528229]
[597,193,162714,161614]
[598,126,268145,269499]
[599,79,1671,1347]
[600,142,549994,550956]
[601,110,344460,345923]
[602,98,15901,17278]
[603,0,77350,77667]
[604,223,101365,100681]
[605,6,206909,208402]
[606,34,449530,450455]
[607,192,217708,218390]
[608,131,603304,602013]
[609,165,624267,624110]
[610,78,608430,609015]
[611,6,272458,273189]
[612,68,528151,528645]
[613,227,24589,24032]
[614,163,350116,348913]
[615,71,644304,643227]
[616,78,11020,11234]
[617,255,233586,233208]
[618,175,325357,325279]
[619,124,17974,18980]
[620,137,709564,708396]
[621,133,45203,44349]
[622,124,189203,189743]
[623,230,449065,449687]
[624,11,451611,450843]
[625,228,311897,313168]
[626,133,95214,94748]
[627,205,61863,60708]
[628,72,128838,129642]
[629,266,21754,21935]
[630,262,673371,674048]
[631,231,555788,555036]
[632,253,88030,86715]
[633,217,143326,142741]
[634,225,623526,623454]
[635,17,244871,244127]
[636,143,347061,346232]
[637,103,148325,147700]
[638,138,289762,290953]
[639,192,32744,33272]
[640,17,182746,181728]
[641,260,403487,404640]
[642,77,564931,564866]
[643,61,100697,99683]
[644,175,558687,557607]
[645,224,612966,613084]
[646,14,454714,455488]
[647,92,510087,510437]
[648,92,170760,171543]
[649,239,580264,579735]
[650,17,108901,108592]
[651,118,721767,722151]
[652,172,715692,716001]
[653,190,689100,689137]
[654,229,580497,579068]
[655,267,183352,182707]
[656,234,203370,204401]
[657,206,595247,596112]
[658,250,184398,185791]
[659,210,586919,587024]
[660,249,728132,727864]
[661,173,317544,316317]
[662,215,295052,294217]
[663,269,503411,502842]
[664,191,667642,666562]
[665,244,131977,133092]
[666,241,474314,473987]
[667,171,458736,458030]
[668,272,94875,95669]
[669,263,144089,142884]
[670,279,44921,43883]
[671,156,499814,500727]
[672,10,402687,403312]
[673,57,449716,449338]
[674,52,503738,503902]
[675,207,311679,310530]
