["head":"wrap","lpos","status"]
[88,674515,0]
["io count"]
[680]
["io":"id","wrap","startLpos","endLpos"]
[1,52,73812,74829]
[2,65,268139,267123]
[3,65,69392,68598]
[4,163,662310,661452]
[5,240,314090,314700]
[6,43,496106,494741]
[7,42,619714,620250]
[8,58,297748,298726]
[9,264,614377,614812]
[10,90,182337,183742]
[11,122,275918,276903]
[12,30,527708,528061]
[13,168,14992,15913]
[14,233,664816,663921]
[15,64,567568,568282]
[16,123,253198,252114]
[17,223,232673,232558]
[18,59,463570,462571]
[19,274,604861,605023]
[20,193,572200,571319]
[21,66,106728,108042]
[22,271,633953,633338]
[23,51,466064,465344]
[24,24,75819,76537]
[25,225,361268,361025]
[26,254,650558,651396]
[27,73,285593,284801]
[28,5,158954,158207]
[29,7,21059,19865]
[30,42,59660,59844]
[31,112,151823,152223]
[32,135,112730,111719]
[33,209,377680,376705]
[34,168,319981,320909]
[35,207,54014,53495]
[36,115,228096,227390]
[37,103,359592,358263]
[38,156,484092,485359]
[39,199,291254,290745]
[40,279,564576,564228]
[41,138,77848,79345]
[42,6,10500,11265]
[43,115,585248,584347]
[44,113,266690,266187]
[45,252,185172,186043]
[46,201,208048,207095]
[47,161,141074,139669]
[48,148,547759,548881]
[49,232,173831,175328]
[50,259,195039,194059]
[51,149,37702,37424]
[52,0,401290,401595]
[53,132,202819,202981]
[54,6,623685,624907]
[55,245,677843,676523]
[56,26,384214,384783]
[57,55,632472,631754]
[58,73,657857,657414]
[59,4,578339,579057]
[60,241,134919,134450]
[61,163,637776,636370]
[62,229,339664,338584]
[63,195,67652,66713]
[64,123,228661,228059]
[65,61,4421,3320]
[66,225,503092,502731]
[67,37,403506,403308]
[68,74,125262,126503]
[69,128,539138,539211]
[70,187,65796,64654]
[71,178,386144,386697]
[72,11,523992,522799]
[73,13,484292,482875]
[74,241,534971,534577]
[75,37,174498,173037]
[76,69,72306,72060]
[77,62,258794,260167]
[78,155,728999,728448]
[79,27,208600,207800]
[80,147,456732,455399]
[81,45,223166,222914]
[82,91,439429,437936]
[83,52,542954,544188]
[84,161,233663,233368]
[85,179,604756,604383]
[86,156,622553,623273]
[87,153,370248,369341]
[88,84,347827,347929]
[89,88,385326,386380]
[90,17,531886,531372]
[91,24,340883,342326]
[92,60,504,881]
[93,25,549797,549602]
[94,276,101153,101917]
[95,161,218676,218059]
[96,229,74228,72944]
[97,266,239900,240999]
[98,246,114538,114738]
[99,79,326004,324558]
[100,13,687606,686136]
[101,100,181197,182243]
[102,54,533741,533947]
[103,253,64370,63287]
[104,55,692965,692893]
[105,41,444420,443320]
[106,94,71560,71632]
[107,133,545342,544227]
[108,238,100791,101320]
[109,267,565319,564337]
[110,114,67173,67823]
[111,245,596569,595190]
[112,206,119008,119261]
[113,66,136285,137660]
[114,216,301900,303269]
[115,91,700338,699029]
[116,35,463695,462310]
[117,68,179026,179962]
[118,131,375354,375165]
[119,32,34588,35175]
[120,75,58707,57788]
[121,247,200605,199278]
[122,122,301846,302837]
[123,222,550324,550604]
[124,187,489174,488021]
[125,197,511168,511044]
[126,71,7895,7230]
[127,102,324802,325399]
[128,52,493554,494366]
[129,159,360677,360385]
[130,263,666295,665807]
[131,202,186599,187055]
[132,72,173161,174129]
[133,50,383855,384926]
[134,172,484126,485580]
[135,123,573742,572668]
[136,76,519659,521055]
[137,205,463143,462279]
[138,221,694167,693673]
[139,3,439411,439048]
[140,63,625050,623881]
[141,196,699015,699114]
[142,24,489539,490825]
[143,257,92802,92347]
[144,211,385171,383936]
[145,216,614424,615918]
[146,70,257682,258328]
[147,203,135079,134464]
[148,136,618301,618971]
[149,169,202062,201678]
[150,252,474542,474655]
[151,86,194981,195227]
[152,41,244630,243972]
[153,196,78236,79514]
[154,263,532828,531345]
[155,125,589009,588072]
[156,79,123963,122737]
[157,151,477284,476674]
[158,254,353710,355147]
[159,242,722804,722849]
[160,54,129642,130493]
[161,15,417145,416460]
[162,246,721391,721596]
[163,226,561207,562028]
[164,191,657855,656836]
[165,169,252973,251640]
[166,176,108284,109768]
[167,169,151450,150485]
[168,220,403513,404408]
[169,84,136571,137293]
[170,109,527134,526099]
[171,207,574161,573858]
[172,55,234992,233512]
[173,76,13509,14808]
[174,253,626616,626328]
[175,4,361069,362308]
[176,127,608211,607491]
[177,220,105237,106254]
[178,19,684654,683998]
[179,36,104470,105457]
[180,39,420322,419022]
[181,144,720391,720964]
[182,67,405915,405211]
[183,110,708632,708716]
[184,234,451418,452169]
[185,66,506724,507249]
[186,226,617526,617627]
[187,191,264158,263987]
[188,23,405698,404416]
[189,3,115431,114610]
[190,8,242331,243633]
[191,189,377689,377313]
[192,21,33025,32668]
[193,244,31633,31895]
[194,176,422715,422942]
[195,82,634301,635537]
[196,49,325867,324755]
[197,73,630172,628753]
[198,45,708934,707563]
[199,189,355462,354937]
[200,33,373760,372851]
[201,215,405469,405141]
[202,105,708546,707528]
[203,115,574767,573784]
[204,88,435120,435655]
[205,194,226479,227457]
[206,127,68971,67488]
[207,72,258026,258623]
[208,277,297675,296200]
[209,147,62205,61543]
[210,206,334465,335758]
[211,172,363043,364207]
[212,62,298212,299609]
[213,155,371370,370695]
[214,186,70790,71887]
[215,177,627204,626165]
[216,204,83130,83752]
[217,154,427778,427978]
[218,22,386578,386980]
[219,122,476385,476653]
[220,158,366412,367691]
[221,71,247243,245846]
[222,49,386190,385209]
[223,73,695197,695160]
[224,236,600740,601442]
[225,10,654065,654724]
[226,28,446028,446306]
[227,155,672065,671310]
[228,253,392126,391798]
[229,242,388511,388834]
[230,18,50137,50589]
[231,142,590186,591490]
[232,113,236541,235760]
[233,105,1610,1082]
[234,47,635322,635254]
[235,66,346539,347923]
[236,262,580799,581552]
[237,254,49298,50260]
[238,156,190089,191552]
[239,161,432752,432681]
[240,69,728181,727794]
[241,190,651932,653196]
[242,202,59308,60563]
[243,133,495365,494252]
[244,113,520679,520346]
[245,255,623699,623390]
[246,127,170907,169586]
[247,186,575439,576545]
[248,31,89442,88523]
[249,232,542830,543322]
[250,110,346749,347778]
[251,272,583222,584524]
[252,95,269801,269329]
[253,227,657544,657423]
[254,244,484549,485569]
[255,246,75541,76593]
[256,22,171701,172945]
[257,251,389589,388172]
[258,74,547084,548170]
[259,20,656270,657412]
[260,248,559943,560915]
[261,131,538240,536773]
[262,130,219284,220160]
[263,264,489816,490976]
[264,193,587402,587023]
[265,6,574974,575031]
[266,270,118029,119272]
[267,17,143083,141945]
[268,1,26816,26377]
[269,78,327224,328547]
[270,217,363928,363145]
[271,250,193443,193985]
[272,131,538187,537763]
[273,278,414274,415644]
[274,243,45131,44329]
[275,261,450768,450344]
[276,64,583177,583566]
[277,262,558527,559973]
[278,73,676100,674768]
[279,147,381127,380495]
[280,99,657517,656401]
[281,197,572911,572827]
[282,179,311012,309864]
[283,249,713221,712199]
[284,259,725573,725001]
[285,126,575588,576434]
[286,230,516801,517090]
[287,215,238225,237442]
[288,128,440008,440794]
[289,65,645420,644130]
[290,57,272072,271270]
[291,84,310671,311847]
[292,67,453918,452426]
[293,54,369392,369746]
[294,1,200629,199163]
[295,84,649829,651184]
[296,211,608680,608120]
[297,157,79260,79130]
[298,199,515637,515441]
[299,73,667070,666559]
[300,242,474370,474904]
[301,210,348895,350230]
[302,10,412858,413784]
[303,55,631212,630077]
[304,3,321175,320884]
[305,167,620890,620716]
[306,168,209557,210086]
[307,207,159177,157999]
[308,131,384314,383701]
[309,123,155262,154767]
[310,156,201703,202566]
[311,55,210337,209273]
[312,85,587011,586949]
[313,14,701314,701940]
[314,224,214494,215509]
[315,269,620561,619822]
[316,190,166757,167916]
[317,117,499938,499679]
[318,114,101518,101653]
[319,116,12934,13732]
[320,253,68250,67948]
[321,175,337477,336268]
[322,43,411971,411755]
[323,80,438966,439471]
[324,168,109221,110009]
[325,189,530517,529150]
[326,139,147390,146770]
[327,35,241003,239972]
[328,279,523110,522214]
[329,243,10379,9963]
[330,242,403549,404226]
[331,54,401968,403072]
[332,46,546636,547329]
[333,111,229294,228231]
[334,175,623630,622752]
[335,153,203358,202667]
[336,221,558310,558063]
[337,206,326738,328122]
[338,147,293762,292642]
[339,37,121854,120826]
[340,79,397628,396659]
[341,269,449553,448217]
[342,122,363017,364436]
[343,155,646692,646112]
[344,66,40047,41050]
[345,6,687596,687666]
[346,205,685057,683780]
[347,166,129501,129556]
[348,171,378649,378144]
[349,227,123239,122769]
[350,211,635079,634563]
[351,232,497015,497467]
[352,129,671438,671067]
[353,8,522445,523530]
[354,67,303907,303735]
[355,161,230116,229327]
[356,45,684350,684020]
[357,195,20693,19342]
[358,31,135539,134248]
[359,203,515953,514847]
[360,74,329205,330129]
[361,63,128142,127428]
[362,14,228539,229539]
[363,143,679301,678369]
[364,194,453252,454031]
[365,232,126068,126147]
[366,135,356297,354810]
[367,70,210812,211808]
[368,101,392794,391520]
[369,131,320340,319132]
[370,171,10889,9716]
[371,149,589792,588777]
[372,51,290306,289653]
[373,75,21001,20567]
[374,62,360855,361853]
[375,165,110734,109342]
[376,6,448638,448929]
[377,37,664298,663394]
[378,255,706608,705960]
[379,207,137409,136100]
[380,89,585882,584971]
[381,62,728319,729504]
[382,93,546993,546257]
[383,259,658263,657487]
[384,273,677086,676531]
[385,190,391673,392820]
[386,145,530276,528964]
[387,193,538113,537091]
[388,141,571349,570675]
[389,101,315546,314416]
[390,53,184715,183307]
[391,47,274295,273964]
[392,85,65104,64731]
[393,51,501635,501428]
[394,106,92011,93191]
[395,90,595044,596298]
[396,178,173867,173988]
[397,17,727164,725935]
[398,71,411351,410827]
[399,176,431896,433170]
[400,130,609642,610568]
[401,21,181092,179922]
[402,194,245281,245708]
[403,26,199665,200115]
[404,144,372035,372526]
[405,118,507484,507922]
[406,48,435072,435665]
[407,109,403227,401833]
[408,129,645691,644669]
[409,182,19996,21435]
[410,60,165961,167280]
[411,89,644918,644543]
[412,67,256713,256221]
[413,92,604355,604654]
[414,228,27370,27592]
[415,179,241609,241425]
[416,34,511068,511142]
[417,112,103323,104201]
[418,114,611317,611832]
[419,179,672266,671441]
[420,104,452535,452662]
[421,257,75066,73753]
[422,259,316847,316342]
[423,193,467760,467607]
[424,168,32637,32885]
[425,2,382786,384004]
[426,49,58768,58587]
[427,278,635616,635671]
[428,171,81219,80054]
[429,256,476409,477230]
[430,22,486443,486645]
[431,47,87293,86515]
[432,61,408563,407372]
[433,179,468185,466777]
[434,181,692690,691447]
[435,8,139264,140624]
[436,196,556171,557261]
[437,174,383082,384020]
[438,160,400915,401197]
[439,69,32021,31052]
[440,266,324058,325033]
[441,59,528161,527701]
[442,191,215070,214217]
[443,33,208025,207132]
[444,129,599233,598469]
[445,75,308353,307029]
[446,104,222918,223594]
[447,113,423097,422880]
[448,8,482558,483119]
[449,249,186864,185733]
[450,14,248946,249812]
[451,140,26577,27133]
[452,61,301750,301445]
[453,112,592707,592862]
[454,134,321573,323012]
[455,12,618991,619973]
[456,263,388493,387019]
[457,177,336074,335810]
[458,54,357887,358703]
[459,270,404871,405906]
[460,94,331488,331635]
[461,160,697751,697842]
[462,27,365057,364320]
[463,177,353444,352388]
[464,147,456754,456671]
[465,9,712869,712629]
[466,143,707510,706502]
[467,4,641042,641410]
[468,93,131704,130961]
[469,225,598361,597225]
[470,276,237987,238994]
[471,123,123491,123125]
[472,16,710556,710850]
[473,72,411348,411834]
[474,154,414332,415371]
[475,57,345653,344576]
[476,161,26669,26054]
[477,215,611197,610265]
[478,74,692633,693248]
[479,264,690718,691969]
[480,86,204849,205009]
[481,111,222987,222486]
[482,173,270677,269995]
[483,175,691505,690755]
[484,52,534556,534712]
[485,58,180031,181417]
[486,278,420763,420883]
[487,77,567689,567324]
[488,108,404007,404421]
[489,162,416728,416790]
[490,41,336531,335901]
[491,256,390576,391762]
[492,121,676132,675010]
[493,57,465037,463943]
[494,116,328909,329160]
[495,163,287621,287212]
[496,96,150696,151853]
[497,187,120473,120109]
[498,82,429064,429750]
[499,279,169757,168532]
[500,93,459263,457835]
[501,52,106773,107061]
[502,80,231120,232456]
[503,38,8714,8871]
[504,71,586054,584736]
[505,227,58033,57568]
[506,52,565741,566544]
[507,138,155331,155585]
[508,30,623517,623823]
[509,180,227307,227627]
[510,215,667132,666138]
[511,11,323109,322591]
[512,0,372099,373432]
[513,233,465766,465175]
[514,163,485225,484637]
[515,144,300718,301786]
[516,148,615720,616991]
[517,109,645042,644508]
[518,264,647485,648784]
[519,157,456237,456131]
[520,157,200206,198712]
[521,17,84616,83928]
[522,214,593610,594170]
[523,153,254686,254491]
[524,78,200940,201385]
[525,76,467185,467345]
[526,232,209150,209500]
[527,26,577251,578376]
[528,95,723830,722709]
[529,228,382558,384024]
[530,200,420211,420645]
[531,65,136518,135295]
[532,22,292049,292144]
[533,247,425477,424487]
[534,214,239533,239931]
[535,205,486917,485708]
[536,121,121849,120842]
[537,123,364151,363825]
[538,54,419160,420573]
[539,167,377212,376494]
[540,18,584249,585343]
[541,58,104457,105141]
[542,199,365586,365319]
[543,10,596891,597568]
[544,29,223277,222139]
[545,252,406265,407020]
[546,252,449062,449674]
[547,173,229061,228996]
[548,154,655351,656506]
[549,84,679837,680949]
[550,71,425832,424362]
[551,115,437384,436595]
[552,242,33101,34573]
[553,224,103987,105101]
[554,224,408413,409296]
[555,100,365605,366161]
[556,136,342168,343610]
[557,163,53955,53920]
[558,220,480894,482103]
[559,87,536693,535697]
[560,19,66435,66167]
[561,16,381377,382444]
[562,189,224087,223452]
[563,208,678738,679641]
[564,258,609964,610129]
[565,271,123026,122893]
[566,131,540381,539343]
[567,103,78179,76790]
[568,1,572621,572408]
[569,120,404557,405596]
[570,48,146639,147756]
[571,160,74295,74792]
[572,120,491350,491479]
[573,152,525872,527270]
[574,244,434423,435353]
[575,21,129720,129673]
[576,193,339255,337908]
[577,7,335243,334213]
[578,129,534103,532881]
[579,0,535192,535262]
[580,15,63598,62636]
[581,56,185350,186255]
[582,121,348567,348117]
[583,13,531297,529946]
[584,145,221383,221188]
[585,263,178354,177780]
[586,107,648965,647952]
[587,120,652436,653865]
[588,261,288715,287837]
[589,226,34359,34414]
[590,44,608945,609617]
[591,151,325702,324740]
[592,161,582093,581519]
[593,53,269869,268741]
[594,179,15412,14811]
[595,118,131804,133203]
[596,182,233222,233621]
[597,106,157580,157989]
[598,175,587681,587306]
[599,139,718281,716848]
[600,143,559819,558421]
[601,229,688081,686953]
[602,3,491049,490397]
[603,92,537354,538158]
[604,195,293911,292843]
[605,168,84561,84824]
[606,174,184876,184990]
[607,44,54329,55326]
[608,87,378858,377684]
[609,173,596042,595219]
[610,245,244723,243431]
[611,179,422537,422023]
[612,6,148879,149831]
[613,167,661309,660047]
[614,12,640584,641256]
[615,143,329832,328818]
[616,104,138027,139298]
[617,104,152483,153178]
[618,92,482104,483602]
[619,254,398438,398688]
[620,46,519767,521235]
[621,50,386974,387614]
[622,92,9756,10996]
[623,144,626898,627826]
[624,159,346150,345664]
[625,220,334353,334908]
[626,208,133688,134896]
[627,195,214679,213273]
[628,267,595048,594379]
[629,229,633795,632519]
[630,132,42405,43009]
[631,90,561294,561765]
[632,150,119262,119915]
[633,36,278542,279602]
[634,132,201041,201262]
[635,244,71978,72386]
[636,103,461921,461174]
[637,4,338620,339954]
[638,89,445590,444556]
[639,220,407113,407811]
[640,26,561775,562533]
[641,30,485258,485347]
[642,155,61445,60963]
[643,228,419809,420626]
[644,120,306323,307139]
[645,262,409233,410509]
[646,36,448924,449369]
[647,200,87234,88687]
[648,190,678122,679126]
[649,11,4258,4159]
[650,0,155435,155660]
[651,116,618689,619867]
[652,61,512870,511762]
[653,84,171015,171188]
[654,169,398642,397994]
[655,129,435801,434404]
[656,4,132279,132884]
[657,226,181821,181893]
[658,137,48045,47412]
[659,274,270884,270957]
[660,275,528206,526795]
[661,13,44030,43263]
[662,220,623829,624611]
[663,121,496805,495980]
[664,277,330446,330153]
[665,223,514911,513769]
[666,101,592038,590983]
[667,267,697,81]
[668,151,232337,231403]
[669,272,528729,529057]
[670,100,588217,589688]
[671,7,551071,549581]
[672,243,499589,498629]
[673,72,729383,730406]
[674,22,514541,515095]
[675,97,520932,519976]
[676,247,288800,287903]
[677,156,555258,555540]
[678,157,576803,575401]
[679,115,63798,62717]
[680,87,583506,583165]
