["head":"wrap","lpos","status"]
[225,331330,0]
["io count"]
[685]
["io":"id","wrap","startLpos","endLpos"]
[1,37,394726,394590]
[2,49,473587,473537]
[3,201,272022,270665]
[4,261,698537,697364]
[5,216,585682,586747]
[6,248,577820,579201]
[7,242,171014,171747]
[8,248,475603,476791]
[9,88,386767,386860]
[10,191,365718,364906]
[11,190,327518,328750]
[12,255,5411,3967]
[13,152,68852,69000]
[14,7,400574,400324]
[15,131,668449,667096]
[16,223,729884,728921]
[17,56,447129,448510]
[18,71,704340,703954]
[19,104,563537,563999]
[20,160,452928,454178]
[21,23,441403,441058]
[22,36,121325,121767]
[23,77,288699,287728]
[24,40,485055,486164]
[25,36,67640,68560]
[26,165,713313,713187]
[27,4,10650,11959]
[28,203,184141,182878]
[29,236,531016,531193]
[30,142,266055,266525]
[31,37,333098,332001]
[32,25,601125,600015]
[33,24,686501,688000]
[34,61,239248,239047]
[35,149,589337,588374]
[36,142,518377,519325]
[37,250,477779,478199]
[38,273,710969,709774]
[39,273,681542,680560]
[40,114,485748,486737]
[41,226,396829,398125]
[42,75,436210,434886]
[43,249,721749,720707]
[44,249,604349,604006]
[45,141,49870,48479]
[46,47,706165,705979]
[47,75,587035,586798]
[48,212,216487,217332]
[49,1,678789,678359]
[50,19,604897,603660]
[51,160,356803,357440]
[52,130,581692,582845]
[53,165,190767,190022]
[54,164,172148,173104]
[55,36,195992,197232]
[56,226,6278,6847]
[57,22,506567,507466]
[58,210,570698,571200]
[59,108,618563,618864]
[60,141,671257,670779]
[61,106,112637,113428]
[62,59,272580,271098]
[63,150,21943,23358]
[64,78,372281,372887]
[65,42,106774,108108]
[66,154,484511,485245]
[67,274,163013,163300]
[68,148,89260,89682]
[69,179,52260,51369]
[70,128,224873,225355]
[71,38,346199,347425]
[72,229,703209,701896]
[73,164,567396,568556]
[74,57,322448,322183]
[75,82,590298,591442]
[76,246,22352,22976]
[77,131,182247,180770]
[78,120,195149,195444]
[79,5,710731,709367]
[80,110,413762,414003]
[81,66,201156,202570]
[82,252,254566,255122]
[83,118,537077,537420]
[84,77,122084,120610]
[85,47,64218,63656]
[86,233,28875,28557]
[87,82,234976,236015]
[88,54,669935,670206]
[89,232,652102,652434]
[90,240,467747,467812]
[91,26,314192,314504]
[92,135,13657,12397]
[93,246,670562,670868]
[94,195,138090,137951]
[95,0,55898,56339]
[96,125,434368,434099]
[97,231,184494,183750]
[98,104,620038,620333]
[99,236,335587,335898]
[100,249,676884,676257]
[101,239,328119,327286]
[102,260,220723,221008]
[103,126,558094,559437]
[104,32,603151,604376]
[105,217,300696,299901]
[106,46,525558,527023]
[107,169,178238,177820]
[108,267,599462,598118]
[109,250,401818,402285]
[110,18,403697,404968]
[111,129,226786,225668]
[112,106,302865,303314]
[113,259,365933,365324]
[114,104,261318,262012]
[115,163,178322,177491]
[116,106,722990,723565]
[117,170,492261,492825]
[118,4,474695,475636]
[119,154,62905,64381]
[120,200,722694,723359]
[121,32,4534,5413]
[122,194,57655,58435]
[123,8,166626,167817]
[124,195,672504,671775]
[125,165,381785,380473]
[126,156,669497,669729]
[127,187,538304,537944]
[128,45,323038,322571]
[129,141,509522,508515]
[130,229,604278,603516]
[131,179,398607,397846]
[132,275,66538,66098]
[133,267,333144,331835]
[134,106,512170,512518]
[135,29,95870,94809]
[136,134,259166,259950]
[137,113,714297,713809]
[138,201,279563,278837]
[139,35,290310,289456]
[140,8,717273,718348]
[141,126,490669,491423]
[142,245,114517,113758]
[143,257,640439,640042]
[144,5,185366,184324]
[145,48,87712,88920]
[146,238,44827,45962]
[147,273,571143,569888]
[148,126,585706,587054]
[149,138,305737,307013]
[150,176,58676,60131]
[151,263,136040,134767]
[152,247,336293,335001]
[153,81,516623,515801]
[154,11,428225,427836]
[155,168,569963,570423]
[156,78,431718,433103]
[157,2,76380,77445]
[158,210,615641,617025]
[159,126,122457,122892]
[160,70,207662,209077]
[161,145,171982,170563]
[162,62,31317,32236]
[163,20,26844,27048]
[164,262,677193,677557]
[165,151,376693,375324]
[166,268,324707,325403]
[167,16,288125,289066]
[168,263,209749,209512]
[169,78,707900,708465]
[170,61,214109,212705]
[171,35,392218,391127]
[172,89,158835,158583]
[173,205,648006,647091]
[174,0,196048,197362]
[175,136,309768,310257]
[176,214,497652,499065]
[177,15,630885,630422]
[178,45,404964,404548]
[179,199,285507,285224]
[180,37,258486,257971]
[181,255,592309,591131]
[182,241,264590,263673]
[183,238,143723,144003]
[184,21,129135,127812]
[185,51,632431,631393]
[186,215,389875,389175]
[187,112,473687,474463]
[188,126,578145,579228]
[189,5,401192,399696]
[190,216,243231,243632]
[191,16,131237,131573]
[192,159,450057,448569]
[193,53,8903,7559]
[194,40,696839,697821]
[195,7,317376,316159]
[196,161,662974,661494]
[197,115,506195,505607]
[198,98,441049,442545]
[199,135,513662,512624]
[200,45,492839,491361]
[201,52,48775,49022]
[202,4,21744,21999]
[203,12,379308,380455]
[204,50,710394,710643]
[205,88,443282,443662]
[206,231,591519,591222]
[207,201,34487,34445]
[208,255,452184,451344]
[209,28,694654,695860]
[210,255,505319,504455]
[211,227,476790,476209]
[212,31,527254,527187]
[213,35,510717,509640]
[214,153,604770,604579]
[215,219,515401,514811]
[216,154,560036,560155]
[217,7,423025,421981]
[218,247,247109,246496]
[219,102,118160,119257]
[220,22,636203,637661]
[221,226,636067,636145]
[222,182,473583,473630]
[223,89,532901,532612]
[224,226,302737,303084]
[225,166,715593,716056]
[226,274,61243,61987]
[227,103,125961,124565]
[228,164,328456,328591]
[229,69,36275,35929]
[230,82,561740,561878]
[231,217,725489,725325]
[232,3,536734,535263]
[233,78,693834,694832]
[234,252,387019,387712]
[235,194,380753,380839]
[236,16,107290,108167]
[237,149,5498,5170]
[238,189,23313,22122]
[239,255,241474,240743]
[240,51,516731,516199]
[241,84,372772,372999]
[242,244,141539,142422]
[243,101,288003,286968]
[244,244,30542,31848]
[245,197,558644,558187]
[246,149,616443,615388]
[247,260,437361,438096]
[248,276,38648,39691]
[249,23,565727,565681]
[250,236,448959,450297]
[251,111,187537,186697]
[252,65,583881,583173]
[253,277,393056,392541]
[254,25,700052,698633]
[255,119,612043,612005]
[256,171,183314,182324]
[257,15,287026,285880]
[258,29,205459,204365]
[259,100,218239,218333]
[260,26,220664,220863]
[261,88,571603,572658]
[262,154,236372,236525]
[263,237,334457,333976]
[264,58,51345,51847]
[265,80,57256,58624]
[266,41,496682,495629]
[267,68,88386,88479]
[268,56,125450,125809]
[269,160,681331,681900]
[270,148,136514,137484]
[271,54,591191,592597]
[272,160,11973,12680]
[273,144,712636,713705]
[274,96,314609,315790]
[275,178,112586,113060]
[276,269,433835,432376]
[277,103,120201,119830]
[278,126,41576,42273]
[279,84,223370,223805]
[280,257,315200,313974]
[281,26,389614,389975]
[282,170,265902,267305]
[283,35,498697,498557]
[284,274,176531,176782]
[285,266,501192,502524]
[286,11,585282,583829]
[287,169,153294,152800]
[288,79,611251,610714]
[289,99,505332,505134]
[290,156,195733,197198]
[291,276,574518,574884]
[292,70,433357,434053]
[293,6,575348,576163]
[294,237,87773,86596]
[295,77,220760,219816]
[296,52,533114,533158]
[297,159,176425,175998]
[298,245,517140,516683]
[299,88,361289,361634]
[300,156,242213,243586]
[301,127,271772,270869]
[302,15,295093,294387]
[303,180,22047,23203]
[304,237,183538,183443]
[305,199,175042,174079]
[306,56,45867,47096]
[307,135,456404,456216]
[308,165,247601,247126]
[309,50,292579,293488]
[310,121,351273,350337]
[311,208,136783,137302]
[312,174,37121,37781]
[313,248,554735,555666]
[314,125,539586,538260]
[315,37,254201,253404]
[316,190,228436,229024]
[317,127,250477,250343]
[318,22,88608,89793]
[319,232,312426,313390]
[320,86,243469,243539]
[321,278,521648,522235]
[322,126,250756,251560]
[323,225,699906,699406]
[324,87,82666,81769]
[325,100,250384,251525]
[326,223,182541,181576]
[327,191,674888,674601]
[328,88,526411,527223]
[329,220,664113,664215]
[330,107,563049,561868]
[331,29,409036,408899]
[332,6,115489,115958]
[333,167,618992,617613]
[334,175,537587,537137]
[335,15,199861,198477]
[336,29,729280,729174]
[337,236,276658,276973]
[338,231,588421,588327]
[339,54,287163,287698]
[340,163,492347,491064]
[341,176,292380,293409]
[342,16,178449,178777]
[343,258,687187,688374]
[344,209,182517,181577]
[345,20,379955,380650]
[346,104,76359,77744]
[347,32,187981,188730]
[348,111,590088,589821]
[349,142,347582,348009]
[350,12,209343,210635]
[351,38,162218,163422]
[352,110,458656,459795]
[353,229,249029,248277]
[354,39,639509,638496]
[355,229,352131,351023]
[356,132,559022,559549]
[357,175,179867,179342]
[358,134,485730,486230]
[359,46,358560,359632]
[360,55,386366,386065]
[361,35,701916,701394]
[362,147,541987,541125]
[363,129,83790,83165]
[364,12,612518,612828]
[365,197,261664,261590]
[366,180,711041,711330]
[367,127,486224,485412]
[368,225,24811,24494]
[369,110,679181,679226]
[370,8,20016,20741]
[371,127,29146,27924]
[372,253,387778,387355]
[373,216,602797,602868]
[374,193,349686,348523]
[375,119,721490,720332]
[376,149,626427,625704]
[377,246,700728,702147]
[378,41,724857,723872]
[379,207,366896,365589]
[380,42,360971,361296]
[381,16,729911,730618]
[382,15,678791,677568]
[383,180,498651,498794]
[384,224,619061,619897]
[385,123,52135,51934]
[386,265,214496,214379]
[387,180,511974,512987]
[388,19,628515,627918]
[389,121,380917,380420]
[390,139,381041,380975]
[391,191,612673,611975]
[392,66,30690,31565]
[393,76,555760,557017]
[394,89,723920,723021]
[395,75,485578,484901]
[396,227,579627,578579]
[397,143,213627,213104]
[398,168,580664,580783]
[399,146,260491,261327]
[400,85,525630,525001]
[401,60,321959,322873]
[402,181,677742,676350]
[403,110,140792,141372]
[404,238,107951,109439]
[405,28,441894,442792]
[406,106,228992,229144]
[407,20,364895,366010]
[408,138,298095,298603]
[409,9,221377,220675]
[410,111,119782,118867]
[411,69,95366,94730]
[412,156,446527,447182]
[413,277,37587,37350]
[414,86,598577,599721]
[415,241,720489,719028]
[416,79,160616,160353]
[417,116,242880,244055]
[418,43,100076,98705]
[419,49,636755,636151]
[420,245,267222,266232]
[421,223,216853,215764]
[422,114,655569,656002]
[423,19,614946,613600]
[424,161,283418,283037]
[425,213,333138,333012]
[426,252,278873,279660]
[427,141,626439,625115]
[428,119,231673,230258]
[429,135,616081,615049]
[430,185,381068,380207]
[431,41,185024,184831]
[432,153,419160,418858]
[433,148,290686,291330]
[434,15,1992,1858]
[435,117,417148,416915]
[436,135,161507,160682]
[437,226,233234,234295]
[438,76,678016,678056]
[439,208,354268,354761]
[440,273,19088,18744]
[441,232,342214,342301]
[442,14,643109,644221]
[443,273,727923,726554]
[444,63,487131,486395]
[445,199,27428,26246]
[446,154,496447,497747]
[447,182,568419,569070]
[448,234,690451,691249]
[449,179,160954,159501]
[450,6,230010,230794]
[451,80,295641,296548]
[452,144,336449,337531]
[453,269,472689,471908]
[454,64,219181,219995]
[455,192,66875,68316]
[456,134,579623,580388]
[457,140,585464,585782]
[458,222,567216,568668]
[459,113,206334,205224]
[460,267,62928,62153]
[461,196,86117,86349]
[462,159,717907,716848]
[463,224,367260,367614]
[464,229,168301,167213]
[465,220,135659,135779]
[466,77,699316,698787]
[467,199,641496,640663]
[468,122,207481,208517]
[469,105,564999,564441]
[470,210,169895,170019]
[471,163,267021,265934]
[472,170,156318,156647]
[473,149,547704,546630]
[474,225,173530,173469]
[475,265,89853,89772]
[476,77,557915,557193]
[477,29,530897,529879]
[478,220,617509,618052]
[479,36,387285,387717]
[480,65,301090,299659]
[481,41,438351,437250]
[482,104,42902,43028]
[483,89,529640,529513]
[484,137,514281,512938]
[485,131,645440,645027]
[486,69,673944,673505]
[487,83,451754,450775]
[488,73,148890,148236]
[489,11,338866,337642]
[490,121,79499,79384]
[491,48,401022,402063]
[492,65,629572,628946]
[493,171,3212,2289]
[494,113,164254,164132]
[495,52,413836,414588]
[496,65,388432,388267]
[497,213,522710,522563]
[498,124,46150,47421]
[499,239,89945,89871]
[500,85,613405,613296]
[501,273,166051,165294]
[502,124,95296,96645]
[503,91,295360,294250]
[504,154,709540,710769]
[505,133,656124,655819]
[506,185,229518,228962]
[507,109,598502,597320]
[508,2,166176,166395]
[509,26,495502,495814]
[510,159,387519,386869]
[511,113,676926,676874]
[512,87,418205,417459]
[513,101,671260,670803]
[514,258,268678,269752]
[515,171,399328,398133]
[516,26,16427,16820]
[517,269,371841,371199]
[518,160,636279,636603]
[519,273,378248,377445]
[520,171,368876,367863]
[521,232,515091,516045]
[522,219,393915,393211]
[523,148,120401,120810]
[524,125,84904,84836]
[525,138,473535,474844]
[526,205,559126,558806]
[527,85,544838,544360]
[528,99,464126,462727]
[529,257,134198,133326]
[530,127,434595,434001]
[531,275,585433,584228]
[532,161,175214,173985]
[533,115,432554,431577]
[534,106,707694,707880]
[535,74,56903,58279]
[536,84,53712,54354]
[537,262,232288,233487]
[538,58,311221,312651]
[539,96,344060,344324]
[540,71,511439,510597]
[541,255,672936,671732]
[542,183,431752,430960]
[543,187,584300,583051]
[544,174,115861,116432]
[545,32,627132,627345]
[546,216,524100,524678]
[547,9,247297,246942]
[548,181,82731,81432]
[549,190,7553,8242]
[550,276,18324,19135]
[551,54,238486,239215]
[552,64,338700,338773]
[553,228,636153,637004]
[554,265,319228,319145]
[555,210,84391,84720]
[556,110,112916,113458]
[557,174,532000,532651]
[558,186,565948,566905]
[559,126,493182,494044]
[560,40,245638,246496]
[561,74,653196,654603]
[562,173,401007,399852]
[563,25,61485,60565]
[564,42,2746,3237]
[565,147,299260,298444]
[566,200,285157,285700]
[567,177,301428,301198]
[568,235,204705,203669]
[569,210,349113,349239]
[570,21,313187,312434]
[571,205,638638,637857]
[572,107,632836,632300]
[573,244,359296,360510]
[574,20,288868,289832]
[575,207,387629,386598]
[576,69,620245,619052]
[577,57,714312,713391]
[578,52,478579,479759]
[579,77,656200,655008]
[580,108,143598,145004]
[581,124,589643,590966]
[582,205,677933,677235]
[583,33,494947,493808]
[584,129,35769,34573]
[585,242,591807,592066]
[586,184,173375,174754]
[587,117,62857,61483]
[588,215,718446,717913]
[589,154,134805,135994]
[590,166,246960,248358]
[591,195,225914,224740]
[592,99,623495,623363]
[593,53,678675,677647]
[594,216,486823,487833]
[595,227,420756,420573]
[596,206,228817,229384]
[597,138,642440,643459]
[598,26,647752,648042]
[599,206,283006,284157]
[600,87,434464,433299]
[601,113,344371,342973]
[602,131,653264,651947]
[603,196,253557,254233]
[604,169,337746,337296]
[605,256,479452,480721]
[606,167,539771,538650]
[607,199,691998,691359]
[608,127,47760,47591]
[609,104,655647,656088]
[610,61,396769,395695]
[611,175,667947,667455]
[612,140,264413,265742]
[613,47,274510,273324]
[614,211,290374,289045]
[615,168,224128,224821]
[616,241,469273,467875]
[617,58,415026,415589]
[618,49,719271,718809]
[619,45,285560,285313]
[620,236,332337,333811]
[621,81,453501,452084]
[622,94,209316,209967]
[623,192,267092,267341]
[624,158,556007,557079]
[625,212,646244,647468]
[626,97,640718,639454]
[627,196,564738,565511]
[628,29,345192,345153]
[629,115,267990,266802]
[630,32,489961,491297]
[631,204,206495,207986]
[632,26,311347,312826]
[633,59,468103,467959]
[634,50,312418,313258]
[635,171,238844,238504]
[636,92,508665,510020]
[637,159,64513,63883]
[638,192,446429,447775]
[639,13,170467,170261]
[640,154,146728,146974]
[641,73,461841,460621]
[642,67,134607,133911]
[643,62,605763,605900]
[644,103,463460,462533]
[645,43,392658,391365]
[646,25,474367,474257]
[647,267,620610,619962]
[648,22,139204,139898]
[649,31,669360,668291]
[650,279,111312,110526]
[651,71,292488,292188]
[652,65,602238,600880]
[653,143,688985,688753]
[654,205,422775,422622]
[655,20,472761,474087]
[656,38,24007,25018]
[657,138,720413,720492]
[658,202,628443,628482]
[659,175,521234,520928]
[660,81,160289,160175]
[661,75,220432,219961]
[662,199,6768,5325]
[663,264,157535,157790]
[664,187,292700,291211]
[665,253,72676,71685]
[666,57,590685,589887]
[667,242,598839,599327]
[668,107,484288,484149]
[669,9,23546,22947]
[670,183,555111,554573]
[671,229,266610,265854]
[672,209,599382,599253]
[673,106,358041,358279]
[674,43,193787,192290]
[675,236,536316,536976]
[676,277,104286,103748]
[677,268,94921,95088]
[678,166,479778,479840]
[679,97,391119,390872]
[680,279,456206,456042]
[681,259,652286,652115]
[682,231,221877,220874]
[683,177,15932,15652]
[684,56,5533,6877]
[685,145,197742,197006]
