["head":"wrap","lpos","status"]
[85,51265,0]
["io count"]
[690]
["io":"id","wrap","startLpos","endLpos"]
[1,168,356208,357156]
[2,52,322717,323477]
[3,189,339231,339030]
[4,184,66495,67916]
[5,256,661671,662782]
[6,47,516760,515667]
[7,47,652523,651114]
[8,241,9511,8346]
[9,59,172037,171100]
[10,37,225359,224955]
[11,100,689474,690217]
[12,124,632925,633570]
[13,44,250301,251345]
[14,275,495798,495063]
[15,81,50870,49679]
[16,198,530029,530633]
[17,132,572687,573565]
[18,183,32966,32722]
[19,45,347604,347259]
[20,79,423186,421795]
[21,46,284198,285142]
[22,111,150829,149856]
[23,217,565964,564555]
[24,2,192640,194005]
[25,125,190320,188967]
[26,30,376357,377719]
[27,4,554481,555432]
[28,30,457877,458155]
[29,127,412231,411866]
[30,267,382324,381823]
[31,261,10762,9614]
[32,45,66352,66277]
[33,255,287316,286971]
[34,117,369112,368480]
[35,21,584873,584424]
[36,262,393065,394482]
[37,98,559703,560600]
[38,275,153121,153072]
[39,248,527550,528286]
[40,244,720525,721079]
[41,88,71959,73313]
[42,23,498709,498157]
[43,180,78394,78515]
[44,197,670924,669835]
[45,212,543716,544355]
[46,240,721242,722274]
[47,250,269079,270125]
[48,196,529819,530841]
[49,0,726048,726216]
[50,97,671840,671625]
[51,22,370312,370703]
[52,187,106014,105646]
[53,118,434801,435711]
[54,110,118391,119407]
[55,132,614212,614565]
[56,144,568730,569818]
[57,82,478390,479349]
[58,78,9752,10021]
[59,56,503215,504685]
[60,229,232364,231365]
[61,248,128842,129597]
[62,81,91933,91221]
[63,7,715597,714617]
[64,232,165625,166582]
[65,95,675316,674377]
[66,74,210559,212030]
[67,256,96920,98118]
[68,187,484631,483920]
[69,74,369231,369884]
[70,13,333512,332075]
[71,146,53003,53716]
[72,126,98120,99509]
[73,0,446200,446291]
[74,98,150435,150670]
[75,101,202189,201302]
[76,127,39768,39225]
[77,242,243995,244981]
[78,210,457408,457913]
[79,153,429405,427933]
[80,112,589072,589506]
[81,90,518117,519205]
[82,243,69183,68975]
[83,1,711824,711151]
[84,152,95775,96078]
[85,22,504758,505309]
[86,71,568757,567855]
[87,30,685466,686657]
[88,184,537829,537890]
[89,162,285940,286836]
[90,208,9510,9555]
[91,57,393261,392616]
[92,177,408000,407596]
[93,247,540912,539430]
[94,137,575535,574728]
[95,268,206454,207230]
[96,154,423150,423807]
[97,81,346879,346703]
[98,124,481544,482080]
[99,264,66686,67437]
[100,112,611470,611940]
[101,53,364565,364475]
[102,239,416822,416470]
[103,19,331559,331042]
[104,147,468099,466693]
[105,83,64102,62997]
[106,70,171621,172689]
[107,49,500101,498893]
[108,226,360864,361757]
[109,77,150769,149569]
[110,97,203481,202934]
[111,84,557330,557595]
[112,255,44710,44123]
[113,99,565737,564354]
[114,265,230593,229384]
[115,113,290914,290327]
[116,120,324802,324907]
[117,60,469518,469665]
[118,59,316346,316067]
[119,206,200735,202012]
[120,26,426422,427084]
[121,134,618861,619134]
[122,248,268761,268878]
[123,179,609702,608457]
[124,209,288734,287266]
[125,51,704077,702864]
[126,156,8698,9168]
[127,168,244249,244455]
[128,260,217488,217869]
[129,196,234942,235555]
[130,5,257172,256380]
[131,241,562504,561354]
[132,69,457162,456239]
[133,10,601041,602370]
[134,9,275071,274026]
[135,41,598114,597989]
[136,96,88443,89398]
[137,26,271327,272066]
[138,213,540431,539443]
[139,107,409622,409231]
[140,139,405515,404082]
[141,170,116799,117492]
[142,147,668282,668188]
[143,242,548849,549663]
[144,226,325168,325439]
[145,55,171953,171766]
[146,67,410991,410286]
[147,187,126028,124671]
[148,256,348989,350473]
[149,22,196928,198122]
[150,164,78456,78692]
[151,64,540869,541152]
[152,156,207147,207818]
[153,124,579022,580122]
[154,246,552788,553671]
[155,93,328149,327901]
[156,173,149232,148873]
[157,63,541749,540533]
[158,21,638890,637655]
[159,249,453858,452750]
[160,57,30215,29725]
[161,63,464410,463394]
[162,151,478361,477092]
[163,46,47238,48582]
[164,176,202333,203150]
[165,87,503713,502317]
[166,238,92415,92844]
[167,10,334376,335314]
[168,3,92695,91836]
[169,201,576541,575624]
[170,255,269929,269122]
[171,219,506867,505524]
[172,261,271193,270844]
[173,224,303469,304340]
[174,30,544629,545605]
[175,23,454782,454413]
[176,140,717336,718723]
[177,231,69814,69064]
[178,170,359372,359904]
[179,209,569442,568506]
[180,137,101904,101594]
[181,79,601758,600774]
[182,211,598518,597695]
[183,87,24833,23876]
[184,244,479572,479929]
[185,206,207698,207757]
[186,131,435351,434440]
[187,136,596113,596807]
[188,123,371516,370494]
[189,101,103353,102141]
[190,79,13896,12948]
[191,169,119942,118631]
[192,80,33998,35050]
[193,110,580661,581792]
[194,135,430460,430191]
[195,263,578952,578363]
[196,66,76362,77487]
[197,176,445108,446002]
[198,251,254074,253804]
[199,142,157509,158481]
[200,7,436772,436496]
[201,158,328212,328920]
[202,215,531288,530452]
[203,91,66663,65295]
[204,82,61205,61697]
[205,133,38528,38315]
[206,83,483653,483448]
[207,89,223030,221825]
[208,223,184371,183654]
[209,274,708837,709033]
[210,189,628581,627497]
[211,40,711128,711250]
[212,204,301358,301429]
[213,221,439476,438950]
[214,104,609905,610848]
[215,254,677567,679007]
[216,187,727504,726127]
[217,90,311695,312045]
[218,83,493542,493340]
[219,62,592858,593539]
[220,18,193590,195083]
[221,29,221355,220257]
[222,107,214198,213599]
[223,48,171123,171395]
[224,158,294553,295714]
[225,236,43168,44448]
[226,9,647809,646751]
[227,13,32104,31727]
[228,120,275617,276977]
[229,137,35515,35276]
[230,227,85016,84093]
[231,268,130120,130365]
[232,51,666481,665953]
[233,246,531182,532283]
[234,210,538988,539645]
[235,80,170040,170412]
[236,277,257943,257858]
[237,163,376339,375362]
[238,42,363112,363376]
[239,182,448393,449412]
[240,270,496657,498143]
[241,145,124830,124116]
[242,12,124644,125388]
[243,31,704431,703170]
[244,83,22289,21283]
[245,4,62878,63585]
[246,224,15040,15752]
[247,248,260355,260793]
[248,263,564152,563558]
[249,9,705312,703915]
[250,120,130736,131994]
[251,32,530481,531155]
[252,53,679273,678373]
[253,12,454450,454636]
[254,47,332928,332826]
[255,54,129673,131114]
[256,185,709832,708417]
[257,13,423202,422102]
[258,186,403369,404566]
[259,169,645011,644923]
[260,275,239126,237973]
[261,208,108737,109542]
[262,265,88510,87357]
[263,182,479788,481126]
[264,140,213006,213842]
[265,124,729384,730673]
[266,276,402064,402547]
[267,250,632088,633197]
[268,175,537164,536453]
[269,223,267527,266849]
[270,6,669548,669897]
[271,171,505812,505500]
[272,232,515589,516805]
[273,166,97742,98835]
[274,167,725099,724357]
[275,278,100051,100184]
[276,48,69468,70762]
[277,227,29719,28938]
[278,268,629207,630233]
[279,15,588146,587682]
[280,181,680504,679756]
[281,165,368196,367517]
[282,21,672725,671426]
[283,198,345407,345561]
[284,141,160836,160136]
[285,233,286153,285982]
[286,105,102356,101341]
[287,182,664056,665156]
[288,258,433940,434323]
[289,9,702421,701413]
[290,220,727298,728555]
[291,142,510344,511828]
[292,181,195245,194900]
[293,18,547556,548644]
[294,122,375474,376747]
[295,43,259266,259212]
[296,1,461803,461403]
[297,278,556424,556508]
[298,271,400737,400161]
[299,139,127489,127288]
[300,51,374411,373602]
[301,78,67701,68584]
[302,57,343505,342034]
[303,259,9254,8050]
[304,234,437831,438534]
[305,75,242962,241992]
[306,25,515589,514197]
[307,63,2843,1358]
[308,92,77807,78594]
[309,73,614721,614356]
[310,230,350299,350361]
[311,70,268136,269023]
[312,272,28131,28999]
[313,53,327790,327373]
[314,117,98477,98036]
[315,92,708864,708992]
[316,247,383842,383126]
[317,8,515215,515998]
[318,25,524474,523750]
[319,139,162680,161932]
[320,116,72046,72827]
[321,268,717829,718679]
[322,179,82196,82055]
[323,201,116903,116633]
[324,139,242205,240844]
[325,261,182664,181625]
[326,4,682900,684314]
[327,43,506406,505141]
[328,226,256771,257169]
[329,199,459386,458822]
[330,53,642446,642334]
[331,77,721614,720419]
[332,71,586872,586215]
[333,192,258448,259774]
[334,148,97396,98339]
[335,206,65009,65406]
[336,164,108390,109057]
[337,41,164108,163256]
[338,18,655806,656661]
[339,211,680954,680414]
[340,88,57940,58990]
[341,112,277250,277395]
[342,31,153735,152997]
[343,96,414072,415036]
[344,190,79038,80286]
[345,137,12090,11831]
[346,179,29257,28147]
[347,187,60441,60015]
[348,166,438484,439381]
[349,241,18782,18089]
[350,189,547128,546455]
[351,35,249289,248661]
[352,41,217667,217522]
[353,270,19561,19768]
[354,158,75262,75986]
[355,179,673686,673384]
[356,144,165281,166447]
[357,227,699904,699782]
[358,90,621961,621993]
[359,266,198417,199263]
[360,44,590729,591297]
[361,31,248255,247089]
[362,57,137217,136143]
[363,85,435212,434200]
[364,211,700075,699121]
[365,20,26632,27597]
[366,228,577339,578532]
[367,250,155998,156680]
[368,55,186899,186033]
[369,105,409341,408312]
[370,138,136213,137571]
[371,135,326201,326147]
[372,257,602690,601721]
[373,106,534016,534540]
[374,230,164297,165436]
[375,155,42203,40929]
[376,12,3483,4369]
[377,27,702447,701788]
[378,133,461431,460519]
[379,6,421139,421953]
[380,55,666009,665439]
[381,107,514423,514044]
[382,165,51688,50228]
[383,152,255732,256807]
[384,90,25816,26337]
[385,11,442454,441449]
[386,20,679194,679947]
[387,120,193937,194084]
[388,21,457400,457112]
[389,233,28213,27341]
[390,209,623480,622887]
[391,58,593719,594909]
[392,241,145423,144874]
[393,203,227869,227544]
[394,97,431174,429817]
[395,16,331583,331682]
[396,101,335207,334194]
[397,178,369921,370535]
[398,21,492731,491343]
[399,159,143756,143211]
[400,142,436926,437979]
[401,50,195859,196304]
[402,60,389981,390389]
[403,107,143733,143541]
[404,197,196835,196682]
[405,106,500792,501236]
[406,258,434781,435376]
[407,169,584863,583797]
[408,186,449675,450694]
[409,231,602008,601535]
[410,38,72804,73550]
[411,119,651741,650919]
[412,148,401900,402783]
[413,145,214984,214182]
[414,181,244486,244400]
[415,149,526777,526583]
[416,195,511776,511351]
[417,15,548696,548171]
[418,161,683712,683487]
[419,75,550897,549462]
[420,134,274065,274253]
[421,198,51485,52860]
[422,103,500305,500038]
[423,263,514205,513533]
[424,177,464126,463855]
[425,202,612544,613109]
[426,210,257891,258069]
[427,240,541729,542583]
[428,145,662538,661769]
[429,174,31677,32295]
[430,41,51330,50823]
[431,212,355310,355979]
[432,191,85166,84467]
[433,183,353160,352114]
[434,41,599039,598990]
[435,57,625473,624582]
[436,27,493003,492176]
[437,246,615199,615549]
[438,228,302827,304196]
[439,32,154148,155581]
[440,214,666257,666676]
[441,118,499395,499428]
[442,239,461639,461366]
[443,244,512402,513189]
[444,51,420172,419704]
[445,50,509603,510025]
[446,168,658080,659198]
[447,125,363451,363122]
[448,155,391139,390475]
[449,99,681606,681046]
[450,230,251799,252721]
[451,234,49228,50315]
[452,145,135082,134536]
[453,243,107941,107600]
[454,228,553151,553487]
[455,279,67724,67589]
[456,235,351949,351836]
[457,48,179299,180538]
[458,70,21808,22332]
[459,53,182378,181131]
[460,62,620681,621335]
[461,36,311646,312877]
[462,145,538140,537405]
[463,141,187292,186816]
[464,243,528389,527068]
[465,108,626158,627314]
[466,156,476075,476972]
[467,69,67082,65906]
[468,233,323869,323005]
[469,258,671882,672378]
[470,46,856,1798]
[471,185,461397,460571]
[472,224,156601,156671]
[473,237,528454,527139]
[474,226,377525,378648]
[475,109,684292,683881]
[476,170,526017,527310]
[477,142,184511,185899]
[478,14,209273,209882]
[479,261,234768,234480]
[480,258,410861,411851]
[481,71,422215,421624]
[482,261,211199,210747]
[483,203,221938,220918]
[484,134,249222,249551]
[485,85,404011,403718]
[486,253,534828,534362]
[487,167,83190,82001]
[488,275,376553,375901]
[489,14,362050,362881]
[490,213,166962,165482]
[491,182,536650,537470]
[492,22,640900,642116]
[493,20,572591,572841]
[494,167,262316,261853]
[495,277,408127,407762]
[496,114,547361,547768]
[497,255,168560,167616]
[498,268,190864,191202]
[499,136,466294,467509]
[500,208,438363,439402]
[501,142,7270,8558]
[502,13,414205,413622]
[503,63,707161,706592]
[504,1,204428,203185]
[505,88,70159,70490]
[506,212,244575,245075]
[507,271,318848,318017]
[508,196,51518,52811]
[509,36,534173,534533]
[510,16,290212,291492]
[511,144,600034,601340]
[512,109,45523,45445]
[513,109,89057,88891]
[514,179,621953,621916]
[515,165,530148,529061]
[516,142,198384,198648]
[517,103,685789,684534]
[518,50,421013,421175]
[519,191,198442,198362]
[520,145,248586,247980]
[521,56,284077,285084]
[522,218,219330,219555]
[523,256,133122,134469]
[524,177,604793,604121]
[525,148,539168,540476]
[526,120,666532,666912]
[527,272,89828,91228]
[528,4,702099,702599]
[529,147,404247,403053]
[530,104,111490,112504]
[531,122,254926,255176]
[532,145,208300,206924]
[533,262,282886,283869]
[534,251,13607,13201]
[535,22,46296,47523]
[536,30,453418,454321]
[537,28,473208,473263]
[538,265,621616,620799]
[539,117,165537,164846]
[540,258,195872,196645]
[541,54,4317,4551]
[542,59,374834,373460]
[543,155,25182,24616]
[544,203,307742,307082]
[545,25,658880,658010]
[546,252,519894,520582]
[547,210,230923,231025]
[548,259,485307,484291]
[549,46,83144,84183]
[550,31,443474,443442]
[551,3,517825,516706]
[552,223,630262,629576]
[553,276,101093,101440]
[554,65,368919,367568]
[555,173,39124,39084]
[556,112,453088,453590]
[557,190,604361,604926]
[558,261,598931,598825]
[559,99,423039,421759]
[560,258,49520,50908]
[561,125,403618,402469]
[562,74,493276,494099]
[563,222,325479,325793]
[564,257,679946,679847]
[565,145,542366,541401]
[566,8,532290,532581]
[567,150,317715,318581]
[568,246,374603,374702]
[569,163,442960,441887]
[570,11,358644,357566]
[571,267,472620,471241]
[572,176,310810,311995]
[573,180,583104,584117]
[574,275,1731,1491]
[575,3,488803,488067]
[576,160,49916,50637]
[577,249,532841,531524]
[578,164,281964,283430]
[579,252,710335,710450]
[580,108,99229,99891]
[581,84,137418,137852]
[582,201,142904,142840]
[583,70,270259,271104]
[584,87,361472,360950]
[585,36,183067,183539]
[586,182,455592,456115]
[587,142,116278,117214]
[588,195,76145,74695]
[589,5,292599,291659]
[590,109,141269,139974]
[591,152,199123,200439]
[592,36,670264,671274]
[593,105,474703,474004]
[594,44,428887,430184]
[595,1,684355,684242]
[596,66,478421,478725]
[597,211,662751,662665]
[598,105,527283,527201]
[599,133,598400,597551]
[600,246,524700,525257]
[601,234,121635,121794]
[602,10,51792,52068]
[603,41,630401,629104]
[604,78,196458,197617]
[605,46,5452,6344]
[606,248,444572,445600]
[607,154,409731,410172]
[608,226,312365,312418]
[609,137,426826,426524]
[610,132,363218,364440]
[611,276,587200,587503]
[612,27,65851,64703]
[613,63,169233,167997]
[614,203,598032,597435]
[615,236,329595,330172]
[616,215,605694,604953]
[617,215,512261,511681]
[618,255,560877,559674]
[619,153,605104,604689]
[620,150,143296,144238]
[621,2,164995,166210]
[622,60,417109,417165]
[623,133,374192,373259]
[624,198,266317,267686]
[625,38,268602,269600]
[626,227,610029,608830]
[627,266,467700,469110]
[628,232,358971,360055]
[629,81,679693,679427]
[630,267,107980,106901]
[631,228,567917,568025]
[632,31,473593,472201]
[633,13,466651,466159]
[634,243,473967,473848]
[635,207,711337,711060]
[636,171,49772,48672]
[637,196,138648,139472]
[638,71,227630,227566]
[639,3,241835,240658]
[640,97,495069,494180]
[641,51,440237,438913]
[642,63,358401,357939]
[643,148,474613,474970]
[644,267,358713,358061]
[645,6,541673,541757]
[646,152,727684,727915]
[647,190,19903,20013]
[648,16,108700,110173]
[649,60,117596,118080]
[650,215,629599,629333]
[651,184,379327,380136]
[652,210,95328,95771]
[653,160,514225,515526]
[654,235,277492,277351]
[655,150,49177,49662]
[656,204,550533,550899]
[657,56,723959,724148]
[658,192,652698,652988]
[659,140,252395,253220]
[660,20,60989,62143]
[661,276,420851,421801]
[662,198,246088,246403]
[663,213,156550,155295]
[664,162,311812,312502]
[665,54,707973,709119]
[666,71,716641,716150]
[667,36,357046,358217]
[668,77,196507,196061]
[669,244,72520,73524]
[670,23,289470,288997]
[671,59,533030,532624]
[672,218,81955,82657]
[673,215,649742,649387]
[674,96,662985,664202]
[675,23,695368,695336]
[676,100,98856,99843]
[677,46,583275,583765]
[678,106,235576,236349]
[679,141,340066,339147]
[680,63,29649,29124]
[681,259,287606,287315]
[682,210,642188,642438]
[683,112,109380,110065]
[684,23,375235,373939]
[685,242,140934,141732]
[686,107,60983,59510]
[687,276,247522,248657]
[688,30,524822,525766]
[689,65,305026,304823]
[690,134,515397,516613]
