["head":"wrap","lpos","status"]
[110,463170,0]
["io count"]
[695]
["io":"id","wrap","startLpos","endLpos"]
[1,235,42765,42709]
[2,207,651683,651471]
[3,205,538412,537023]
[4,218,3911,4893]
[5,196,694502,695366]
[6,247,541407,540382]
[7,122,612389,613563]
[8,224,306999,307468]
[9,139,386565,385750]
[10,23,309341,308413]
[11,39,68954,68310]
[12,278,98453,99601]
[13,17,604194,602970]
[14,274,39988,41219]
[15,275,386450,385763]
[16,248,178196,178823]
[17,224,675721,675801]
[18,73,418123,416651]
[19,132,405291,406288]
[20,171,406197,405495]
[21,60,684435,685541]
[22,278,683774,683940]
[23,273,250455,249174]
[24,264,190965,191659]
[25,242,193612,193820]
[26,173,147072,146214]
[27,46,408937,410089]
[28,200,212310,212506]
[29,105,225101,223860]
[30,257,429406,428157]
[31,102,293152,294522]
[32,40,489642,491120]
[33,18,394248,395570]
[34,155,51416,50094]
[35,107,117429,115955]
[36,163,184791,183323]
[37,266,680860,681055]
[38,142,107030,107699]
[39,261,561963,561368]
[40,166,80325,81652]
[41,33,570589,570207]
[42,275,196170,194971]
[43,92,472874,474346]
[44,213,657572,657108]
[45,201,479379,479066]
[46,169,68432,67978]
[47,188,43480,44467]
[48,272,493682,495118]
[49,249,378326,377467]
[50,136,692289,693557]
[51,241,581245,580221]
[52,248,432689,433896]
[53,43,82027,81195]
[54,239,663576,662852]
[55,89,312464,311484]
[56,101,190243,189123]
[57,275,575619,574210]
[58,206,376120,376815]
[59,68,600324,601595]
[60,71,507355,506556]
[61,113,28855,28587]
[62,275,52172,51751]
[63,92,29300,29532]
[64,229,304158,303454]
[65,178,438754,439661]
[66,63,523662,523411]
[67,194,358660,359455]
[68,66,415289,415404]
[69,232,155990,157092]
[70,119,93273,91920]
[71,264,332926,333698]
[72,2,226786,227542]
[73,238,195707,196874]
[74,188,356315,357164]
[75,227,191230,190937]
[76,65,9585,8748]
[77,85,401917,401200]
[78,61,226204,225897]
[79,88,190132,190966]
[80,165,128912,127430]
[81,53,132703,132386]
[82,165,509548,508719]
[83,227,141230,139888]
[84,118,355955,356096]
[85,236,39238,40280]
[86,276,642353,643298]
[87,261,623928,623521]
[88,276,519006,519931]
[89,55,653881,653073]
[90,222,525549,526577]
[91,184,539890,540040]
[92,66,426394,426744]
[93,187,574060,573052]
[94,266,414191,415112]
[95,82,537812,539026]
[96,252,285143,286135]
[97,247,319287,317930]
[98,67,623749,623324]
[99,149,572651,571154]
[100,257,574585,573842]
[101,70,251797,252712]
[102,55,306153,305995]
[103,116,675311,676663]
[104,68,437149,438094]
[105,114,169347,169511]
[106,227,281942,281613]
[107,207,371055,370902]
[108,85,96740,95920]
[109,196,94538,94599]
[110,152,447571,448861]
[111,180,612958,614325]
[112,166,19619,20775]
[113,81,23241,22087]
[114,151,545511,544316]
[115,59,355447,355356]
[116,90,578567,580014]
[117,74,227712,227827]
[118,64,193437,194205]
[119,111,117638,116937]
[120,201,87764,87659]
[121,220,726568,727931]
[122,7,320920,320052]
[123,112,271036,271314]
[124,270,154882,155750]
[125,205,706272,705381]
[126,87,573426,572033]
[127,197,306241,305793]
[128,230,229120,229840]
[129,258,279274,279931]
[130,174,520601,521553]
[131,247,259916,258568]
[132,112,453644,455034]
[133,3,12094,10751]
[134,108,8529,8574]
[135,238,258195,258769]
[136,12,169040,169928]
[137,87,509221,508782]
[138,214,316269,317332]
[139,170,499947,500985]
[140,245,566472,565530]
[141,6,130634,131305]
[142,162,481237,482555]
[143,234,453575,454778]
[144,235,605669,604259]
[145,160,240177,241317]
[146,210,464341,464581]
[147,112,490675,491764]
[148,249,211708,211483]
[149,90,498045,498273]
[150,196,245916,246094]
[151,98,342202,343093]
[152,255,544189,544001]
[153,216,63264,63867]
[154,188,494037,494928]
[155,137,302058,300963]
[156,122,78103,79358]
[157,202,392750,393409]
[158,156,569824,570483]
[159,33,112904,111967]
[160,273,147230,146339]
[161,29,364597,364160]
[162,110,484113,484265]
[163,78,653384,653553]
[164,217,277983,277716]
[165,122,644781,645993]
[166,25,643470,642862]
[167,0,485108,485430]
[168,29,546986,545797]
[169,155,600900,599699]
[170,149,457471,456548]
[171,243,594546,593593]
[172,43,428983,427749]
[173,135,468385,467419]
[174,104,661493,662137]
[175,111,308300,308138]
[176,208,194569,195821]
[177,11,485271,484099]
[178,65,583242,582970]
[179,156,261756,262173]
[180,275,709083,707804]
[181,130,322921,324404]
[182,180,350753,350818]
[183,62,255940,256197]
[184,130,143952,144037]
[185,219,465149,464236]
[186,57,131490,130967]
[187,232,415827,417327]
[188,128,575670,576024]
[189,8,328727,328818]
[190,55,648437,647089]
[191,72,31017,32358]
[192,220,542828,543218]
[193,49,371340,371287]
[194,61,516785,516218]
[195,114,726378,727071]
[196,271,465566,465046]
[197,13,225408,225039]
[198,136,272022,273387]
[199,156,671566,672444]
[200,213,506567,506230]
[201,105,685756,684583]
[202,154,670397,670713]
[203,193,158996,157523]
[204,83,218202,217618]
[205,47,456172,455670]
[206,65,458699,457501]
[207,69,39881,39629]
[208,238,352657,354123]
[209,169,391981,391119]
[210,4,667825,668639]
[211,192,460742,460846]
[212,188,58276,59367]
[213,36,190853,191814]
[214,196,280759,280921]
[215,115,366948,365681]
[216,198,134026,135382]
[217,183,193664,192638]
[218,95,471828,470933]
[219,179,127928,127174]
[220,248,630847,632344]
[221,279,87517,86808]
[222,275,319788,319661]
[223,251,70073,69408]
[224,244,155468,155505]
[225,223,60125,59980]
[226,2,299861,300792]
[227,215,627792,627057]
[228,251,541773,541131]
[229,100,381881,382536]
[230,83,90638,89305]
[231,176,717778,718294]
[232,5,404492,404022]
[233,113,546311,545092]
[234,208,15950,16685]
[235,168,254547,255186]
[236,233,723131,721712]
[237,165,249173,248725]
[238,123,102179,101125]
[239,52,377814,378748]
[240,96,625493,625710]
[241,61,393822,393569]
[242,38,68698,69102]
[243,265,595198,593797]
[244,102,704440,705030]
[245,195,22752,21856]
[246,153,373939,373410]
[247,220,243364,244428]
[248,182,412217,413503]
[249,249,537748,537567]
[250,137,101056,100219]
[251,191,170268,169785]
[252,185,169117,168697]
[253,204,726276,726701]
[254,259,427958,427874]
[255,128,232581,233981]
[256,61,357134,355830]
[257,175,302051,300983]
[258,120,484436,485524]
[259,257,62193,61495]
[260,102,683622,685113]
[261,20,180274,180931]
[262,124,501572,502883]
[263,134,102503,103194]
[264,266,293647,293800]
[265,16,66671,66906]
[266,47,536374,535452]
[267,49,300433,300050]
[268,87,8952,8122]
[269,192,578498,579939]
[270,15,8796,7969]
[271,19,271449,271036]
[272,245,483139,482990]
[273,146,198323,198526]
[274,138,253222,254110]
[275,70,643053,643359]
[276,5,380185,379836]
[277,116,358799,359076]
[278,245,424091,423877]
[279,235,357261,355985]
[280,66,418589,418838]
[281,114,92539,93547]
[282,202,499707,501061]
[283,46,234251,235324]
[284,279,523302,523188]
[285,269,53698,52936]
[286,254,713404,713866]
[287,127,632460,632066]
[288,279,204730,203237]
[289,167,84734,84427]
[290,25,462987,462061]
[291,174,535614,536175]
[292,247,107827,107443]
[293,95,487770,486365]
[294,20,62734,62940]
[295,108,27148,28365]
[296,254,641089,642008]
[297,19,50868,49721]
[298,249,710888,710113]
[299,135,657561,656889]
[300,30,147776,148832]
[301,224,195888,196628]
[302,157,475299,473895]
[303,178,191016,191071]
[304,68,220383,221740]
[305,9,27947,27194]
[306,163,627071,626534]
[307,276,210072,210863]
[308,112,692915,693831]
[309,228,710645,711202]
[310,32,330338,331793]
[311,4,382877,383545]
[312,192,581907,582855]
[313,81,316984,316026]
[314,246,664994,666296]
[315,216,430509,431734]
[316,128,466682,466985]
[317,230,461828,462816]
[318,45,712514,711084]
[319,217,492317,490868]
[320,165,281260,280402]
[321,160,353119,354573]
[322,153,413104,412328]
[323,170,561629,562190]
[324,93,82040,81836]
[325,104,584632,585084]
[326,15,371130,369841]
[327,111,102457,102179]
[328,196,536537,537520]
[329,29,283432,282451]
[330,29,94279,93204]
[331,151,511623,511593]
[332,116,515204,516098]
[333,231,1251,249]
[334,250,717403,717649]
[335,129,398981,398529]
[336,224,725990,726770]
[337,14,345618,345811]
[338,61,646908,645823]
[339,183,408144,407130]
[340,159,275664,274427]
[341,272,601433,602725]
[342,160,511336,512271]
[343,76,537031,537316]
[344,201,7002,5750]
[345,166,405386,405972]
[346,254,420420,420667]
[347,173,204752,203351]
[348,212,163845,164647]
[349,211,272672,272485]
[350,261,374472,374007]
[351,65,99033,98869]
[352,217,389596,388403]
[353,41,505330,504093]
[354,119,491452,490629]
[355,249,201837,201320]
[356,221,705597,705335]
[357,192,340091,340533]
[358,214,230254,230312]
[359,62,272644,274110]
[360,226,45316,46400]
[361,220,727349,728346]
[362,163,307556,306310]
[363,138,524900,526141]
[364,68,699336,700497]
[365,201,134451,134114]
[366,246,50690,51072]
[367,196,354261,355490]
[368,214,100541,101757]
[369,168,520260,521692]
[370,87,198645,197407]
[371,265,108997,108676]
[372,23,232788,232429]
[373,130,470808,472049]
[374,188,41864,42222]
[375,166,135196,135449]
[376,191,399118,398061]
[377,245,608667,607234]
[378,270,68162,68377]
[379,146,365072,365636]
[380,216,630499,631303]
[381,76,409378,410616]
[382,198,269458,270195]
[383,50,164988,165617]
[384,278,268393,269744]
[385,276,614053,614460]
[386,35,284907,284200]
[387,58,128737,130140]
[388,161,685040,683743]
[389,196,323289,323555]
[390,116,599747,601072]
[391,1,451154,450803]
[392,20,411536,412771]
[393,78,261717,262628]
[394,170,279291,280337]
[395,148,658533,659206]
[396,136,159805,161213]
[397,214,400311,401193]
[398,255,228986,228841]
[399,169,536646,535158]
[400,102,69699,70914]
[401,120,477967,478434]
[402,235,198269,196915]
[403,28,113142,113867]
[404,268,261146,261618]
[405,0,514431,515131]
[406,78,505797,507087]
[407,10,480285,481352]
[408,117,342489,341991]
[409,253,259818,259127]
[410,161,155295,154052]
[411,241,450080,448594]
[412,35,441198,441101]
[413,260,693389,693472]
[414,122,661676,662154]
[415,268,460851,461609]
[416,65,4531,3061]
[417,158,466266,466392]
[418,220,497971,498874]
[419,14,58752,58988]
[420,114,595394,595674]
[421,234,689161,690524]
[422,12,57516,58093]
[423,84,9752,10193]
[424,43,29466,28172]
[425,279,424225,422975]
[426,115,10661,9519]
[427,200,729351,729795]
[428,88,562821,564036]
[429,60,646130,647505]
[430,6,350207,350830]
[431,200,628175,629463]
[432,12,642882,642993]
[433,159,704814,704760]
[434,134,697465,698473]
[435,260,633056,634148]
[436,159,422940,421920]
[437,116,548428,549845]
[438,178,602980,603443]
[439,208,48738,49886]
[440,94,416802,417786]
[441,128,293782,293902]
[442,162,645317,645702]
[443,68,556177,556689]
[444,144,128715,130197]
[445,37,607857,607058]
[446,29,647017,645586]
[447,174,570048,571384]
[448,150,181511,182999]
[449,18,218609,219380]
[450,25,516608,515125]
[451,234,40605,40786]
[452,209,207616,206558]
[453,158,643992,644901]
[454,235,246135,245420]
[455,260,296341,297066]
[456,2,146703,147686]
[457,159,249142,247976]
[458,249,86365,85422]
[459,146,472564,473395]
[460,139,271619,270401]
[461,230,261349,262591]
[462,221,695685,694394]
[463,69,361058,359920]
[464,12,540645,542130]
[465,149,62740,62265]
[466,22,211656,212994]
[467,229,447148,446979]
[468,149,361016,360830]
[469,178,38306,39539]
[470,192,331004,331249]
[471,262,505172,505597]
[472,87,450477,449134]
[473,67,206946,205573]
[474,264,271354,272063]
[475,111,415124,414423]
[476,19,675679,674212]
[477,239,86543,85938]
[478,134,328691,329546]
[479,111,422681,422296]
[480,108,75291,76656]
[481,118,513608,514811]
[482,229,688184,686737]
[483,205,330070,329465]
[484,23,632381,631545]
[485,69,359056,357993]
[486,7,570175,569496]
[487,47,213144,212755]
[488,6,190414,190806]
[489,4,99462,100543]
[490,116,241184,242382]
[491,123,102541,101318]
[492,174,126906,128021]
[493,30,387236,388001]
[494,101,703534,703144]
[495,150,314214,314523]
[496,76,141288,141787]
[497,20,191016,191875]
[498,81,573399,572278]
[499,191,377878,376794]
[500,265,250490,249257]
[501,105,77801,77272]
[502,49,558806,557499]
[503,34,391718,392738]
[504,174,671624,673078]
[505,106,220536,221363]
[506,8,281253,281289]
[507,257,442673,441572]
[508,1,449007,448135]
[509,273,390585,389367]
[510,70,701244,701715]
[511,221,299122,298029]
[512,168,711029,711824]
[513,207,240065,239393]
[514,47,611838,611587]
[515,56,136102,136724]
[516,241,584840,584763]
[517,186,359383,360008]
[518,15,406187,405475]
[519,146,531080,531557]
[520,149,694146,692798]
[521,68,675835,675960]
[522,269,719249,718760]
[523,71,415093,414327]
[524,73,9675,9539]
[525,86,197414,198741]
[526,24,71775,72089]
[527,28,289418,289742]
[528,55,617818,616562]
[529,63,511545,510931]
[530,249,289376,288084]
[531,270,95106,96551]
[532,91,496100,494743]
[533,167,308846,308253]
[534,75,364708,364195]
[535,54,269411,270316]
[536,60,195445,196557]
[537,92,21039,21083]
[538,247,210481,210315]
[539,232,561877,562465]
[540,53,687069,685579]
[541,181,160318,159689]
[542,188,231966,232695]
[543,226,133151,133818]
[544,125,578801,577490]
[545,64,524792,525736]
[546,120,243591,244485]
[547,142,53231,53683]
[548,99,136916,135628]
[549,238,240186,241074]
[550,117,274253,272885]
[551,257,65568,64239]
[552,227,335385,335287]
[553,202,471989,473412]
[554,128,436587,437950]
[555,85,51914,51124]
[556,75,305525,304071]
[557,26,562426,563708]
[558,180,629626,630294]
[559,186,34151,35437]
[560,97,224122,222817]
[561,154,550240,551191]
[562,148,293225,293851]
[563,161,398205,397848]
[564,143,694018,693839]
[565,104,476276,477345]
[566,209,688157,687229]
[567,237,648058,647859]
[568,114,705724,706528]
[569,81,111865,111133]
[570,126,207371,208487]
[571,46,519187,519748]
[572,199,143304,142265]
[573,52,124703,126039]
[574,274,357205,357636]
[575,240,244819,245466]
[576,14,562021,563291]
[577,211,103933,102693]
[578,257,26600,25450]
[579,0,229516,230833]
[580,8,260304,260896]
[581,248,700832,702122]
[582,68,557980,559056]
[583,30,251238,251714]
[584,120,649740,650213]
[585,250,712245,713028]
[586,58,488526,489455]
[587,254,178666,179426]
[588,72,456554,457521]
[589,0,677827,678823]
[590,51,421466,420384]
[591,76,126257,127660]
[592,174,472423,473888]
[593,90,645308,646792]
[594,37,425938,424638]
[595,89,554446,553568]
[596,1,253897,252495]
[597,181,360402,359008]
[598,72,400895,401395]
[599,185,60678,59326]
[600,231,203451,202681]
[601,89,170799,169613]
[602,188,121462,122042]
[603,96,691500,691857]
[604,196,692760,693394]
[605,50,683578,684208]
[606,71,125577,124596]
[607,21,294132,293027]
[608,126,199957,200355]
[609,65,407009,405936]
[610,150,542713,543825]
[611,182,379530,379874]
[612,58,212942,214042]
[613,152,561462,562803]
[614,127,617561,616460]
[615,178,725423,725500]
[616,186,313766,314895]
[617,166,64361,64870]
[618,245,22476,21893]
[619,268,168343,169327]
[620,222,128481,128511]
[621,213,2712,1576]
[622,160,317566,318391]
[623,223,146826,145556]
[624,86,167257,168270]
[625,57,709747,709594]
[626,233,436391,435796]
[627,44,510004,510570]
[628,154,492967,494421]
[629,33,437653,437286]
[630,52,430012,430377]
[631,205,75120,74375]
[632,238,664997,666428]
[633,279,580189,579831]
[634,70,358468,359312]
[635,184,352058,352104]
[636,258,420041,420197]
[637,134,127404,127467]
[638,79,704208,703677]
[639,162,256330,257163]
[640,40,229237,230026]
[641,138,667726,668127]
[642,30,292958,294185]
[643,140,18326,19461]
[644,264,193258,194052]
[645,256,551162,552057]
[646,45,401663,400789]
[647,238,718557,719552]
[648,165,236684,235636]
[649,38,624976,625933]
[650,105,90024,89371]
[651,239,3358,2402]
[652,11,440999,440032]
[653,92,706737,707034]
[654,261,411483,410944]
[655,79,129150,128386]
[656,240,131500,132213]
[657,265,14447,14350]
[658,33,53120,52999]
[659,86,125614,127039]
[660,265,699820,699009]
[661,233,423147,421720]
[662,194,421281,422551]
[663,50,417095,418104]
[664,66,388349,388771]
[665,169,216910,215962]
[666,180,38127,38179]
[667,79,284032,282633]
[668,131,548518,547221]
[669,111,112667,111961]
[670,156,728257,729472]
[671,62,68370,69514]
[672,42,562660,563790]
[673,69,87891,86577]
[674,154,681863,682694]
[675,153,437001,436230]
[676,30,275854,275899]
[677,83,674177,672857]
[678,33,121278,119869]
[679,8,44322,44574]
[680,107,266316,265674]
[681,48,415602,416412]
[682,37,578089,576641]
[683,135,252452,251703]
[684,11,417132,415961]
[685,85,225354,224110]
[686,230,488110,489249]
[687,127,63621,63193]
[688,228,435757,437053]
[689,43,493833,492709]
[690,262,178511,179148]
[691,37,452616,451562]
[692,201,369760,369435]
[693,267,590565,590518]
[694,26,450468,451170]
[695,251,422244,421063]
