["head":"wrap","lpos","status"]
[214,534591,1]
["io count"]
[70]
["io":"id","wrap","startLpos","endLpos"]
[1,155,669104,668922]
[2,189,235053,233566]
[3,50,581745,581782]
[4,75,716777,716200]
[5,177,67892,66983]
[6,136,210109,211120]
[7,268,2802,3772]
[8,61,288157,286756]
[9,53,725887,724680]
[10,25,344442,344374]
[11,52,641767,642433]
[12,231,648054,647269]
[13,111,504012,503734]
[14,51,557893,557082]
[15,114,352941,353951]
[16,247,353001,352252]
[17,177,521585,520631]
[18,29,663616,662488]
[19,36,540361,541711]
[20,56,604101,605410]
[21,29,510373,509805]
[22,241,283378,283321]
[23,62,600871,601703]
[24,187,514897,513547]
[25,134,716303,716406]
[26,204,405373,405701]
[27,102,229886,230224]
[28,58,627626,628837]
[29,95,679085,678585]
[30,182,445542,446967]
[31,255,30902,29818]
[32,50,726399,726901]
[33,267,428018,427782]
[34,264,36745,38188]
[35,168,461160,461418]
[36,86,240852,241620]
[37,180,458371,458995]
[38,15,676971,676747]
[39,260,38866,39827]
[40,51,120441,120243]
[41,117,511839,511080]
[42,46,110532,111553]
[43,189,576329,576029]
[44,30,107333,108566]
[45,3,722715,721325]
[46,78,377814,378741]
[47,101,511570,511253]
[48,135,127372,126338]
[49,214,236203,236580]
[50,158,202114,203046]
[51,121,194180,193048]
[52,203,240944,240508]
[53,235,219688,219172]
[54,53,148479,147434]
[55,170,621444,622693]
[56,42,143821,144905]
[57,87,297511,296905]
[58,198,6045,7269]
[59,215,310899,310519]
[60,148,443655,443891]
[61,206,110941,111594]
[62,184,565511,566160]
[63,21,498208,497440]
[64,58,708749,709602]
[65,37,556521,556424]
[66,29,46355,46296]
[67,88,416508,416570]
[68,55,521462,520869]
[69,80,687149,687942]
[70,243,649462,648494]
