["head":"wrap","lpos","status"]
[256,675603,0]
["io count"]
[700]
["io":"id","wrap","startLpos","endLpos"]
[1,94,298674,299452]
[2,242,265022,265650]
[3,134,586960,588171]
[4,93,523765,523188]
[5,241,16118,15134]
[6,41,362951,361615]
[7,151,5817,4863]
[8,224,326807,328046]
[9,173,678533,677949]
[10,165,270596,269360]
[11,146,123701,123991]
[12,189,32902,32760]
[13,98,469399,469552]
[14,217,267790,266968]
[15,97,434386,433743]
[16,14,705398,706399]
[17,270,238106,238502]
[18,161,560054,559711]
[19,166,689258,690380]
[20,256,389220,390636]
[21,45,323318,323209]
[22,28,156676,157374]
[23,77,643023,642705]
[24,267,492705,492362]
[25,11,161991,160811]
[26,76,462094,463123]
[27,66,573388,574860]
[28,76,268698,269561]
[29,149,1813,1126]
[30,120,80563,81033]
[31,1,81223,80490]
[32,9,691415,689962]
[33,143,14883,13760]
[34,83,524473,524078]
[35,24,535178,535302]
[36,160,24687,26005]
[37,223,476168,475687]
[38,176,567114,567555]
[39,41,109644,108472]
[40,14,662986,663283]
[41,39,68661,67968]
[42,257,275191,274250]
[43,60,325334,326481]
[44,67,710987,710332]
[45,214,697722,698274]
[46,37,200110,199707]
[47,27,716803,715843]
[48,32,556931,558285]
[49,37,272691,271669]
[50,25,33924,32657]
[51,19,400856,400305]
[52,211,420075,419503]
[53,268,288306,288867]
[54,127,98544,97755]
[55,123,705667,705110]
[56,135,242110,241593]
[57,151,620403,619687]
[58,247,438924,438630]
[59,87,169131,167821]
[60,126,168172,168321]
[61,215,53621,53239]
[62,203,96366,95480]
[63,38,77564,78004]
[64,188,667521,667972]
[65,111,80010,79783]
[66,267,654210,654087]
[67,239,704079,703445]
[68,49,171315,170590]
[69,3,704172,702909]
[70,223,520743,519507]
[71,251,468792,468388]
[72,143,161975,160834]
[73,148,640588,640831]
[74,244,615144,616553]
[75,224,579106,579294]
[76,274,497511,498188]
[77,46,569458,570557]
[78,170,357676,358127]
[79,74,620961,621915]
[80,75,158969,158720]
[81,78,673970,674298]
[82,225,649829,649346]
[83,36,715333,716271]
[84,59,728255,727982]
[85,242,692026,693066]
[86,206,629896,630599]
[87,5,145989,145196]
[88,10,577342,578537]
[89,262,532738,533924]
[90,173,445757,445646]
[91,17,123013,122118]
[92,118,452078,453258]
[93,116,529508,530018]
[94,186,104848,105238]
[95,212,314747,315648]
[96,15,506100,504692]
[97,150,342298,342596]
[98,102,70238,70810]
[99,140,483021,484013]
[100,93,208552,207147]
[101,173,475455,475004]
[102,19,271668,270927]
[103,38,606885,607215]
[104,183,533215,531766]
[105,92,6256,7280]
[106,6,272563,273699]
[107,155,383217,382872]
[108,240,367448,368294]
[109,217,126114,124793]
[110,217,313643,312160]
[111,104,12004,12909]
[112,101,447362,446999]
[113,212,647544,648104]
[114,85,582569,581724]
[115,256,506291,507513]
[116,109,364565,363122]
[117,66,282776,283597]
[118,71,289299,288642]
[119,110,25261,26412]
[120,186,53135,54514]
[121,204,516235,517612]
[122,101,515628,514245]
[123,183,377315,377212]
[124,139,34774,33899]
[125,151,264738,264665]
[126,214,415856,417038]
[127,141,704073,702793]
[128,153,265105,263836]
[129,115,474359,473433]
[130,193,38967,37750]
[131,92,243970,245231]
[132,125,6491,5275]
[133,227,302179,301478]
[134,52,237474,237651]
[135,9,477509,477475]
[136,196,248614,249285]
[137,256,644304,644515]
[138,274,559115,559494]
[139,9,234946,233824]
[140,74,396212,397112]
[141,278,230190,230758]
[142,207,170416,170185]
[143,118,370100,371022]
[144,189,464136,463647]
[145,221,506190,505747]
[146,147,14461,14278]
[147,65,516395,516070]
[148,53,432011,430896]
[149,150,32765,33170]
[150,21,457281,456541]
[151,250,562901,563805]
[152,185,229578,228107]
[153,6,629507,629956]
[154,167,206868,205463]
[155,166,431907,432082]
[156,206,698433,698894]
[157,152,575989,576381]
[158,30,101542,101576]
[159,3,585015,584413]
[160,205,189436,189063]
[161,106,607723,608269]
[162,20,157121,158008]
[163,275,679032,678228]
[164,146,356018,357011]
[165,172,386240,387201]
[166,186,458693,459681]
[167,77,409155,408343]
[168,34,411508,412490]
[169,16,365243,365868]
[170,131,459065,458181]
[171,218,328606,329031]
[172,46,274550,275791]
[173,174,678236,679635]
[174,130,503099,503749]
[175,20,569107,569173]
[176,160,715478,716086]
[177,260,4267,5002]
[178,183,728558,727382]
[179,99,390413,389449]
[180,263,550759,550458]
[181,7,145776,145570]
[182,273,122789,122521]
[183,227,145848,144633]
[184,57,169804,168398]
[185,38,23493,24374]
[186,208,13601,14034]
[187,200,220315,221477]
[188,151,182448,181429]
[189,166,296639,297189]
[190,266,587069,588043]
[191,194,369993,371233]
[192,242,554706,555090]
[193,109,23758,23145]
[194,98,444723,444827]
[195,169,253969,253407]
[196,229,320610,320228]
[197,47,366363,365939]
[198,104,403399,404075]
[199,183,87928,87448]
[200,119,303516,302880]
[201,91,164846,163875]
[202,253,193098,192739]
[203,63,412907,412261]
[204,235,40672,39214]
[205,235,716062,715658]
[206,129,172128,171345]
[207,104,104464,104697]
[208,132,421476,422770]
[209,39,82268,82193]
[210,275,483932,483612]
[211,271,664907,664338]
[212,217,146670,145850]
[213,11,68511,67760]
[214,25,644198,643916]
[215,257,134697,134321]
[216,111,535053,534034]
[217,7,148029,147401]
[218,147,635203,634877]
[219,250,622046,622699]
[220,209,499573,498560]
[221,227,505422,503963]
[222,260,446054,447538]
[223,198,382150,383408]
[224,246,103038,103365]
[225,262,463810,464538]
[226,11,636829,635401]
[227,255,527717,527330]
[228,121,260536,259841]
[229,57,404436,404002]
[230,150,647399,648381]
[231,81,78992,78901]
[232,175,71301,71053]
[233,6,287124,288176]
[234,180,455639,455833]
[235,230,161271,161313]
[236,144,372913,373821]
[237,88,292683,292864]
[238,65,250475,250153]
[239,199,705275,704247]
[240,194,532873,533188]
[241,206,25292,26445]
[242,221,269888,268815]
[243,214,280956,282219]
[244,208,258077,259299]
[245,187,243306,241951]
[246,223,145574,144992]
[247,62,343977,344008]
[248,86,237276,237894]
[249,73,51537,50694]
[250,102,90617,91939]
[251,136,579505,580029]
[252,47,545712,544929]
[253,238,89668,89888]
[254,50,201977,202503]
[255,264,705203,706300]
[256,10,644881,645602]
[257,250,190262,191504]
[258,234,635619,636378]
[259,266,166396,166651]
[260,32,177522,177563]
[261,272,463844,464435]
[262,85,712839,712099]
[263,208,456107,456729]
[264,28,652420,652839]
[265,156,390626,390902]
[266,88,432724,433155]
[267,74,701301,701681]
[268,32,14435,15434]
[269,57,592802,591577]
[270,16,345051,346497]
[271,255,48004,47797]
[272,179,708862,708817]
[273,87,424891,424745]
[274,254,213435,214498]
[275,79,228160,226826]
[276,155,704799,703430]
[277,273,275351,274550]
[278,190,355393,356548]
[279,168,580082,581312]
[280,54,247810,248069]
[281,182,162637,163611]
[282,259,589522,588962]
[283,159,86204,85148]
[284,50,194076,194708]
[285,230,444784,444958]
[286,85,319796,318999]
[287,40,703169,703869]
[288,82,410066,410175]
[289,191,401756,401509]
[290,233,699012,698969]
[291,270,674504,674736]
[292,172,342833,343267]
[293,199,100271,99821]
[294,227,468253,467194]
[295,277,351475,350884]
[296,29,517477,517288]
[297,201,155156,154726]
[298,86,98985,99235]
[299,188,439542,439712]
[300,139,617283,617090]
[301,105,383732,383625]
[302,76,544362,545234]
[303,107,61771,61659]
[304,196,194255,195660]
[305,43,603221,601793]
[306,239,390102,389961]
[307,54,216603,217732]
[308,124,254708,254931]
[309,261,99041,98976]
[310,15,297940,297406]
[311,176,112784,113605]
[312,84,506791,507363]
[313,7,449633,448843]
[314,9,522262,521890]
[315,50,16084,16508]
[316,222,605258,606585]
[317,128,176627,177999]
[318,216,116134,116568]
[319,69,40598,40431]
[320,161,122292,121134]
[321,147,656499,655094]
[322,97,682489,682245]
[323,85,219095,218971]
[324,31,339417,339345]
[325,246,559274,560559]
[326,246,311087,311886]
[327,274,65154,65189]
[328,250,330572,331080]
[329,183,658108,657667]
[330,93,348051,346946]
[331,159,105525,104125]
[332,124,701397,702010]
[333,4,175597,176797]
[334,47,219990,218810]
[335,64,374048,374502]
[336,199,156823,155845]
[337,122,291851,292264]
[338,69,359159,358497]
[339,200,556644,557454]
[340,136,472458,473838]
[341,85,518602,517732]
[342,145,505034,503864]
[343,114,243494,244195]
[344,75,621263,620076]
[345,162,652985,653114]
[346,276,63393,63428]
[347,244,313382,313861]
[348,17,380300,380229]
[349,123,601603,600807]
[350,27,76510,76206]
[351,34,35704,36135]
[352,80,266788,267138]
[353,244,416538,417878]
[354,125,426019,424859]
[355,189,635958,635589]
[356,194,528288,528349]
[357,218,511519,511940]
[358,52,603185,603568]
[359,150,650924,651862]
[360,66,359981,361091]
[361,66,490955,491281]
[362,192,324854,324995]
[363,240,90794,91634]
[364,86,451814,453293]
[365,41,527180,526381]
[366,59,54160,53771]
[367,89,35648,35153]
[368,247,413167,412737]
[369,251,71413,70965]
[370,46,261049,261925]
[371,188,40070,40812]
[372,190,230629,231489]
[373,221,309733,308568]
[374,10,27410,28186]
[375,33,295346,294886]
[376,22,468764,469297]
[377,267,384062,382947]
[378,72,78783,79952]
[379,66,48547,49118]
[380,96,523716,524686]
[381,195,357467,356396]
[382,279,581306,580166]
[383,264,28644,29504]
[384,124,208644,209788]
[385,75,530176,530034]
[386,232,45358,45421]
[387,18,229711,231015]
[388,61,533775,533688]
[389,214,330199,331033]
[390,123,687464,687006]
[391,135,178220,177911]
[392,77,606474,605601]
[393,199,666335,665801]
[394,145,578815,577674]
[395,43,487789,487622]
[396,65,41499,40613]
[397,186,526496,527512]
[398,198,593746,595109]
[399,206,634425,635217]
[400,269,280187,279230]
[401,54,218771,219052]
[402,243,506293,505727]
[403,251,244635,243863]
[404,70,692037,692156]
[405,259,178541,177136]
[406,145,310093,309991]
[407,24,526784,528040]
[408,258,677575,678837]
[409,253,412027,411759]
[410,171,511158,510447]
[411,215,357694,356204]
[412,24,552876,554220]
[413,214,727250,727960]
[414,182,152700,152756]
[415,31,196962,196001]
[416,259,100051,99904]
[417,40,699359,700400]
[418,4,444805,444931]
[419,142,141070,141748]
[420,48,143018,143852]
[421,21,77132,75979]
[422,70,650528,651327]
[423,82,294588,295049]
[424,250,487353,488652]
[425,218,431730,432236]
[426,275,77947,77261]
[427,81,116394,115551]
[428,190,562504,562829]
[429,99,287196,285905]
[430,70,664335,664678]
[431,266,173911,174910]
[432,31,170969,169513]
[433,161,209062,208936]
[434,69,493651,492838]
[435,44,65404,66002]
[436,17,246539,245793]
[437,208,343377,344534]
[438,207,128817,128388]
[439,162,146629,147208]
[440,269,385183,384441]
[441,135,196155,195567]
[442,160,128312,129448]
[443,210,248888,249610]
[444,268,50927,51328]
[445,137,331420,330916]
[446,73,25708,25620]
[447,270,321936,322203]
[448,143,38053,36592]
[449,167,165500,164222]
[450,50,255354,255990]
[451,96,652163,652316]
[452,42,428097,428477]
[453,77,59288,58369]
[454,80,401293,401336]
[455,134,701049,701647]
[456,16,63993,64182]
[457,10,80084,80777]
[458,156,240571,242062]
[459,12,692681,693413]
[460,267,350701,349810]
[461,262,435407,436666]
[462,48,337651,338479]
[463,254,589331,590115]
[464,150,631223,632522]
[465,242,68169,68766]
[466,214,452234,453188]
[467,153,555951,555166]
[468,198,391383,392167]
[469,173,336691,335700]
[470,13,177749,176787]
[471,20,624186,625387]
[472,138,521112,522057]
[473,230,200067,200483]
[474,122,627807,629176]
[475,17,30272,29644]
[476,106,370703,371895]
[477,23,486936,486554]
[478,139,720434,719097]
[479,273,95202,94697]
[480,152,627752,628771]
[481,174,295562,297042]
[482,146,272817,273285]
[483,10,152532,152965]
[484,12,393283,393576]
[485,47,687162,686611]
[486,64,537712,538245]
[487,9,413099,412774]
[488,2,411918,412831]
[489,64,484466,485284]
[490,16,518588,520023]
[491,68,60046,60920]
[492,186,416678,417325]
[493,235,399611,398282]
[494,2,563336,563367]
[495,29,466233,465238]
[496,162,221963,222781]
[497,106,308615,309963]
[498,82,321698,321906]
[499,43,404883,404699]
[500,15,664550,663520]
[501,194,518632,519435]
[502,132,274794,275592]
[503,258,397827,398828]
[504,252,206149,206338]
[505,239,381549,380826]
[506,179,177178,176367]
[507,57,112071,110875]
[508,251,311774,310344]
[509,51,174473,173147]
[510,268,588849,589316]
[511,184,60699,60965]
[512,161,75158,73996]
[513,122,489911,490500]
[514,215,58511,58410]
[515,177,235105,234910]
[516,244,141860,142804]
[517,80,10684,10908]
[518,160,253289,253551]
[519,90,417499,417996]
[520,208,473429,474597]
[521,225,711868,711662]
[522,137,469287,468593]
[523,13,648491,648383]
[524,99,77928,76504]
[525,107,656540,655506]
[526,19,315327,314052]
[527,233,63467,62227]
[528,153,140668,139327]
[529,57,595086,595000]
[530,97,334017,332585]
[531,23,100642,99652]
[532,227,519073,518544]
[533,177,575826,575314]
[534,197,145795,144861]
[535,187,580767,580314]
[536,223,609602,608783]
[537,79,579438,578511]
[538,221,289720,288925]
[539,138,400779,401299]
[540,29,129247,128666]
[541,210,495851,496786]
[542,68,316606,317401]
[543,268,240212,240435]
[544,166,683535,683867]
[545,22,51262,52077]
[546,278,480553,480785]
[547,161,41081,40553]
[548,110,192427,193276]
[549,120,550897,551078]
[550,25,370106,369228]
[551,86,379965,380833]
[552,113,206042,205312]
[553,133,29598,28142]
[554,2,530138,530455]
[555,121,233943,232611]
[556,238,37171,37204]
[557,77,276758,276142]
[558,49,547697,546892]
[559,122,628086,629218]
[560,54,658718,658899]
[561,164,124185,124423]
[562,235,533033,531881]
[563,116,84084,84451]
[564,110,487198,487685]
[565,228,382301,383198]
[566,49,275274,274325]
[567,229,352970,352832]
[568,254,494042,494603]
[569,149,391629,390517]
[570,267,648062,647045]
[571,51,238016,236746]
[572,36,403591,404291]
[573,79,74444,73544]
[574,220,179125,179768]
[575,91,537979,536506]
[576,100,143737,144944]
[577,125,141314,141019]
[578,18,690202,690638]
[579,42,373256,373503]
[580,12,319024,319862]
[581,153,362472,361895]
[582,50,6306,7199]
[583,127,54509,53885]
[584,133,196511,196141]
[585,220,685740,687120]
[586,65,610174,608944]
[587,229,230555,229111]
[588,212,586649,586690]
[589,112,409974,410470]
[590,247,465400,465076]
[591,81,340446,339200]
[592,160,716714,718041]
[593,216,715180,716222]
[594,157,655993,655874]
[595,166,570769,571553]
[596,151,191716,191463]
[597,133,255963,255422]
[598,28,222621,223539]
[599,224,702884,704037]
[600,145,127643,127071]
[601,235,82558,81069]
[602,96,46141,46377]
[603,71,660333,659147]
[604,26,37672,38688]
[605,258,415408,416793]
[606,265,116007,114766]
[607,114,85279,86464]
[608,174,521497,522308]
[609,93,378850,378132]
[610,37,426327,426001]
[611,19,465050,464623]
[612,174,451867,452754]
[613,78,224090,225331]
[614,59,222619,221339]
[615,224,405788,406278]
[616,256,261115,261800]
[617,92,648372,649406]
[618,199,72157,71714]
[619,112,271701,271849]
[620,112,681486,682641]
[621,151,678260,677309]
[622,225,626380,625702]
[623,50,310936,311960]
[624,30,494640,495839]
[625,56,45591,46670]
[626,74,245705,246772]
[627,55,348435,347269]
[628,112,82887,82926]
[629,197,74192,73982]
[630,15,634206,633083]
[631,138,398644,398774]
[632,272,438811,440196]
[633,188,167827,168256]
[634,257,87115,86709]
[635,243,614642,614609]
[636,213,238138,237251]
[637,233,666351,666041]
[638,3,284889,284463]
[639,61,506666,505721]
[640,215,675323,674894]
[641,11,186801,186675]
[642,243,546222,545134]
[643,227,121519,121319]
[644,16,464905,465833]
[645,214,655427,656032]
[646,108,342309,343617]
[647,189,441719,440999]
[648,183,454649,453788]
[649,126,691206,692592]
[650,82,569905,570469]
[651,59,623118,622096]
[652,150,549677,550959]
[653,193,417926,417230]
[654,52,642671,642759]
[655,139,81277,80055]
[656,48,275574,275747]
[657,128,545284,546340]
[658,60,389539,390196]
[659,197,316599,315564]
[660,105,431977,430828]
[661,108,173426,174720]
[662,113,680743,679616]
[663,256,234304,234719]
[664,238,432468,433088]
[665,67,86396,85026]
[666,253,349167,348892]
[667,214,539811,541148]
[668,69,151452,150766]
[669,231,566491,565333]
[670,238,250540,251315]
[671,96,234990,236478]
[672,100,563904,565391]
[673,180,286649,287547]
[674,17,574957,573706]
[675,9,622493,621495]
[676,24,24736,24803]
[677,1,68062,67012]
[678,156,485983,486936]
[679,35,632591,631779]
[680,156,91560,92682]
[681,23,728112,727984]
[682,62,415193,415654]
[683,45,378933,378280]
[684,145,559887,559710]
[685,21,458411,457893]
[686,275,574174,572977]
[687,63,388120,387339]
[688,208,56331,57494]
[689,52,628998,629944]
[690,155,642024,641132]
[691,86,251017,251319]
[692,125,584623,584060]
[693,115,371820,370403]
[694,178,293493,293936]
[695,154,239944,240205]
[696,10,603642,605052]
[697,114,611753,613159]
[698,44,52548,53385]
[699,206,401022,402309]
[700,85,1875,411]
