["head":"wrap","lpos","status"]
[228,468921,1]
["io count"]
[705]
["io":"id","wrap","startLpos","endLpos"]
[1,231,139979,139159]
[2,207,659232,657806]
[3,36,214332,214546]
[4,69,392022,391327]
[5,154,399244,399557]
[6,279,345272,343832]
[7,214,40695,42169]
[8,42,164600,165617]
[9,8,447045,447907]
[10,43,621255,621063]
[11,200,320783,321801]
[12,134,254176,254279]
[13,2,589243,590718]
[14,1,187226,187173]
[15,227,297884,297245]
[16,121,431047,430485]
[17,247,490094,489468]
[18,195,557017,555681]
[19,81,529027,527955]
[20,58,85269,86043]
[21,42,65943,67367]
[22,15,695351,695023]
[23,272,460192,460670]
[24,129,269351,268278]
[25,211,406649,405176]
[26,163,152369,152083]
[27,168,417879,418272]
[28,139,618130,617022]
[29,27,630083,629557]
[30,249,662615,661163]
[31,25,528985,527881]
[32,161,444952,444242]
[33,2,285105,286359]
[34,176,510926,512049]
[35,152,644906,645928]
[36,29,242034,241859]
[37,254,98756,99810]
[38,17,648934,648266]
[39,177,3634,3268]
[40,10,228943,229510]
[41,195,53910,53868]
[42,112,616281,617294]
[43,23,395234,394535]
[44,237,119583,119039]
[45,268,629075,629778]
[46,180,391753,391910]
[47,90,476410,477589]
[48,131,517912,517179]
[49,164,137281,138577]
[50,217,577676,577073]
[51,126,533839,534903]
[52,76,336789,336822]
[53,79,521890,521652]
[54,17,588405,587427]
[55,191,35467,35017]
[56,166,21727,23094]
[57,15,319403,318759]
[58,166,356907,356941]
[59,269,489065,488170]
[60,197,466516,465913]
[61,226,256155,257051]
[62,92,180601,181354]
[63,223,533804,533304]
[64,87,143721,142679]
[65,137,666153,665869]
[66,157,604173,603039]
[67,45,593331,592311]
[68,56,657104,657493]
[69,83,237453,236984]
[70,142,521755,522599]
[71,140,208539,209320]
[72,63,652093,651010]
[73,60,627451,627678]
[74,179,676224,676050]
[75,145,235366,234356]
[76,60,163097,163934]
[77,155,201411,201085]
[78,79,338717,338383]
[79,114,702212,702710]
[80,53,340628,339894]
[81,137,484938,484102]
[82,71,519180,518914]
[83,48,305800,306088]
[84,263,608,488]
[85,36,674049,675452]
[86,30,675985,677004]
[87,185,164058,164011]
[88,99,579344,579144]
[89,96,545003,545688]
[90,84,296727,297042]
[91,218,716677,717967]
[92,243,2829,2351]
[93,105,622906,621493]
[94,84,455464,455560]
[95,66,290,835]
[96,39,696603,695671]
[97,91,669098,667783]
[98,160,484018,484274]
[99,179,42685,41344]
[100,0,646359,647210]
[101,264,324698,326048]
[102,55,596472,595081]
[103,216,199355,199511]
[104,116,111713,112557]
[105,79,150583,149520]
[106,58,132634,133679]
[107,260,99201,100101]
[108,226,576139,576841]
[109,98,468567,469701]
[110,88,588978,589693]
[111,189,102455,102232]
[112,63,69160,67771]
[113,108,17323,17549]
[114,200,294928,296024]
[115,237,692639,691882]
[116,207,49366,48757]
[117,104,527261,527823]
[118,200,448579,449867]
[119,271,201762,201074]
[120,156,295913,297299]
[121,38,304394,305369]
[122,15,386636,385550]
[123,269,652481,651363]
[124,28,149167,149295]
[125,251,313844,313026]
[126,11,523927,522803]
[127,85,625400,624656]
[128,258,74716,75525]
[129,104,417730,418544]
[130,92,644770,644805]
[131,118,469156,469584]
[132,92,67449,67519]
[133,181,301406,301361]
[134,275,472274,472214]
[135,79,695800,695652]
[136,170,324735,325153]
[137,79,624763,624553]
[138,109,213824,212653]
[139,51,56867,55490]
[140,97,290568,289733]
[141,157,392210,391925]
[142,189,505767,504909]
[143,107,700034,699980]
[144,118,289848,291078]
[145,51,177854,177392]
[146,30,34056,34812]
[147,228,185893,187227]
[148,206,660230,660390]
[149,28,291861,292312]
[150,47,174088,173206]
[151,122,450900,452055]
[152,198,133188,133668]
[153,199,370257,369129]
[154,13,718510,717117]
[155,98,480479,481317]
[156,86,486726,487208]
[157,161,449429,448097]
[158,263,248696,247885]
[159,186,705612,706212]
[160,53,341855,341077]
[161,56,121101,121541]
[162,61,256676,255815]
[163,45,430882,430685]
[164,33,660148,659442]
[165,209,242207,241340]
[166,202,410594,410932]
[167,24,505596,507009]
[168,258,269609,271005]
[169,200,705084,705666]
[170,264,137324,138523]
[171,224,238602,239049]
[172,221,40211,39367]
[173,195,135884,135563]
[174,89,98748,97617]
[175,230,334506,334821]
[176,124,268100,269150]
[177,222,53621,54806]
[178,58,617771,618119]
[179,19,364410,363917]
[180,279,75098,74516]
[181,209,454848,453710]
[182,209,134638,134318]
[183,96,195991,196589]
[184,276,614452,614969]
[185,9,703063,702726]
[186,263,715096,715033]
[187,154,46111,46882]
[188,14,550858,551159]
[189,212,489047,489272]
[190,33,567991,567861]
[191,136,225073,225425]
[192,105,96600,95218]
[193,241,33476,33098]
[194,22,497104,497684]
[195,119,598578,597283]
[196,269,579280,578093]
[197,81,706152,705539]
[198,99,152823,152179]
[199,146,62175,62743]
[200,104,300921,301847]
[201,24,526518,527770]
[202,274,247551,248751]
[203,25,689319,687957]
[204,178,116165,116690]
[205,133,418600,417891]
[206,163,713347,713268]
[207,63,193549,192453]
[208,8,40270,41121]
[209,201,277426,276904]
[210,219,563879,563731]
[211,223,597865,597259]
[212,259,589603,588546]
[213,67,281071,280846]
[214,141,679609,679489]
[215,65,485080,484105]
[216,139,685139,684668]
[217,254,726096,727412]
[218,78,224596,225849]
[219,238,268781,269831]
[220,112,112993,113485]
[221,90,260457,261886]
[222,173,616988,615898]
[223,215,59545,58661]
[224,279,675970,675661]
[225,209,442522,442173]
[226,252,507660,507894]
[227,88,665334,665382]
[228,130,507761,508185]
[229,246,191727,193131]
[230,267,619449,618130]
[231,259,652524,651229]
[232,117,458696,457246]
[233,98,443128,443681]
[234,51,39347,39057]
[235,170,484328,485567]
[236,27,50386,49292]
[237,107,477480,476910]
[238,41,377237,376698]
[239,213,652160,651416]
[240,43,609990,609273]
[241,199,118662,117858]
[242,57,264114,263374]
[243,136,473448,474436]
[244,71,610269,609536]
[245,241,537481,536551]
[246,19,380586,380265]
[247,26,470364,470688]
[248,119,372922,371734]
[249,52,677014,678473]
[250,240,212603,212687]
[251,71,82422,81908]
[252,97,199601,199472]
[253,275,288942,287756]
[254,231,373209,373178]
[255,54,115963,117351]
[256,200,108821,109312]
[257,202,666106,666485]
[258,152,187417,188745]
[259,83,625998,624818]
[260,0,301306,301770]
[261,35,107404,106069]
[262,228,469167,469598]
[263,141,285687,285242]
[264,121,112181,111393]
[265,83,248111,247043]
[266,12,309382,310440]
[267,260,75723,76375]
[268,66,297866,298097]
[269,140,709692,709731]
[270,130,256325,256570]
[271,81,387761,386596]
[272,78,326288,327724]
[273,233,462706,461509]
[274,26,705515,706926]
[275,198,506531,506612]
[276,223,546438,546046]
[277,93,120227,119885]
[278,105,553968,552537]
[279,53,407069,405724]
[280,173,364094,362806]
[281,163,277460,276630]
[282,184,657289,657423]
[283,180,562193,563281]
[284,0,723247,724422]
[285,242,695760,695831]
[286,219,360202,359510]
[287,145,160629,159303]
[288,23,715301,714238]
[289,206,203402,204570]
[290,211,464212,463751]
[291,254,312097,312903]
[292,161,280397,279620]
[293,202,195479,196418]
[294,106,367372,367784]
[295,204,691030,692360]
[296,172,360627,361905]
[297,73,263251,262596]
[298,264,208300,209564]
[299,260,332448,333108]
[300,240,594043,595137]
[301,204,602636,603834]
[302,47,27199,26173]
[303,109,712146,710714]
[304,168,265707,266130]
[305,229,125310,124006]
[306,36,557848,557923]
[307,48,704047,704627]
[308,278,528986,530070]
[309,170,344995,346469]
[310,167,277644,276965]
[311,174,37938,38421]
[312,185,59042,58770]
[313,214,627018,627736]
[314,261,180599,180464]
[315,39,424847,424441]
[316,217,101152,100153]
[317,141,538045,537753]
[318,277,321973,321128]
[319,7,617989,617492]
[320,154,490585,491750]
[321,97,175368,174995]
[322,188,176338,176981]
[323,215,351596,350234]
[324,206,672148,672476]
[325,245,350834,349997]
[326,63,310688,309374]
[327,278,694932,695634]
[328,272,163977,165399]
[329,85,536310,535313]
[330,248,515431,516598]
[331,217,92564,92178]
[332,241,223104,222033]
[333,273,256542,256124]
[334,209,365356,364056]
[335,120,240122,241383]
[336,202,274853,275350]
[337,52,409445,410576]
[338,263,187368,186600]
[339,73,2983,2325]
[340,202,683676,684462]
[341,230,699017,700378]
[342,222,210259,211729]
[343,220,543540,544010]
[344,154,184619,185807]
[345,107,329593,328445]
[346,215,235640,235597]
[347,68,110459,111218]
[348,275,92653,91820]
[349,254,322776,323231]
[350,139,509874,509741]
[351,30,104558,105387]
[352,71,589161,588009]
[353,45,544416,543297]
[354,258,688868,689450]
[355,166,166693,168024]
[356,161,188278,187640]
[357,206,704973,706459]
[358,131,560485,559999]
[359,4,168442,169770]
[360,184,258743,259798]
[361,240,145357,145405]
[362,225,16410,16104]
[363,120,468216,469673]
[364,149,528081,527340]
[365,173,438566,437943]
[366,89,92225,91684]
[367,71,189768,188705]
[368,22,628096,628761]
[369,234,377592,378578]
[370,51,552787,551482]
[371,183,510294,510141]
[372,151,190661,190466]
[373,258,533344,534569]
[374,38,442422,442956]
[375,153,472390,472057]
[376,64,387450,388945]
[377,180,194219,195055]
[378,222,729729,729881]
[379,263,45610,44436]
[380,198,276525,277913]
[381,163,343576,342887]
[382,13,433166,432137]
[383,247,78237,77119]
[384,12,219466,219967]
[385,100,84668,84918]
[386,196,374144,374734]
[387,32,244662,246045]
[388,115,284798,283441]
[389,222,496586,497482]
[390,151,443138,441657]
[391,204,53103,53563]
[392,130,390785,391808]
[393,104,708250,709448]
[394,158,151724,152192]
[395,73,428979,427667]
[396,76,618186,618231]
[397,123,316699,316445]
[398,85,556978,555702]
[399,156,480417,480614]
[400,12,433821,433854]
[401,106,34771,36252]
[402,8,568807,569738]
[403,215,452445,452217]
[404,176,354644,355005]
[405,101,178991,177981]
[406,19,485229,485081]
[407,52,503490,503625]
[408,12,727697,729014]
[409,38,179830,180846]
[410,33,43367,42115]
[411,134,124266,125088]
[412,12,63341,64473]
[413,207,133586,133127]
[414,202,591955,592550]
[415,134,537366,537522]
[416,152,450835,451922]
[417,104,684947,686285]
[418,90,429128,429366]
[419,188,637312,638626]
[420,137,212698,212542]
[421,59,614877,613951]
[422,229,247536,246067]
[423,128,702286,702844]
[424,259,419865,418972]
[425,87,546455,545868]
[426,270,522014,523104]
[427,53,726488,725313]
[428,224,250015,250772]
[429,74,414256,414727]
[430,31,105358,104215]
[431,11,352940,352428]
[432,227,430476,429308]
[433,194,426741,427859]
[434,146,599068,600249]
[435,236,351460,352205]
[436,175,279203,278959]
[437,188,406513,407143]
[438,11,727347,726801]
[439,148,313477,313900]
[440,232,635680,636388]
[441,254,180395,181472]
[442,161,652407,652089]
[443,21,625661,624710]
[444,71,316477,315641]
[445,73,504227,503160]
[446,144,255441,256816]
[447,208,585118,585228]
[448,192,719,2077]
[449,159,230547,230461]
[450,52,460484,460629]
[451,70,389082,389208]
[452,70,213021,213729]
[453,135,86837,86359]
[454,26,124410,125853]
[455,42,610313,610928]
[456,155,102663,101539]
[457,22,243743,243817]
[458,257,593282,592264]
[459,209,583682,582680]
[460,199,101093,99780]
[461,229,695992,694782]
[462,13,226147,224758]
[463,72,536472,537824]
[464,12,579158,580026]
[465,148,509236,509946]
[466,197,445270,444510]
[467,158,17327,17720]
[468,209,401708,401626]
[469,156,48750,49341]
[470,268,365793,366873]
[471,12,344493,344673]
[472,86,24317,25369]
[473,172,25155,26310]
[474,166,193777,194398]
[475,214,524291,524570]
[476,243,552359,551210]
[477,0,532521,533828]
[478,89,645599,644641]
[479,123,275839,274827]
[480,43,282799,281371]
[481,136,253466,253848]
[482,89,642527,642045]
[483,97,594610,593598]
[484,207,580989,580589]
[485,259,361922,361644]
[486,99,481961,481725]
[487,43,634770,634691]
[488,229,18008,16667]
[489,41,475452,474881]
[490,172,632211,633577]
[491,116,295243,296179]
[492,68,229587,230768]
[493,215,44167,43614]
[494,37,282474,281900]
[495,124,29429,29851]
[496,215,266379,265466]
[497,263,730634,729581]
[498,128,596120,596648]
[499,156,198544,199122]
[500,206,702101,703597]
[501,245,652004,650908]
[502,149,608860,607947]
[503,40,534663,535103]
[504,204,337502,337818]
[505,24,699084,700009]
[506,75,326152,325882]
[507,58,297348,298388]
[508,21,722673,722232]
[509,42,482982,484326]
[510,119,418772,418405]
[511,229,645261,644485]
[512,158,319281,320631]
[513,21,413465,412477]
[514,120,174124,175184]
[515,154,180404,181079]
[516,162,76061,76219]
[517,91,18060,16996]
[518,6,694564,695856]
[519,264,121360,122145]
[520,183,169019,168960]
[521,45,627592,626720]
[522,243,148812,147473]
[523,165,32825,32406]
[524,172,20541,20897]
[525,140,397049,397517]
[526,192,546211,546479]
[527,46,156740,157450]
[528,77,498543,498040]
[529,157,315157,314680]
[530,144,268694,270162]
[531,35,524731,524471]
[532,103,728554,727290]
[533,52,627880,628251]
[534,86,94979,95219]
[535,63,561142,560670]
[536,128,420834,422264]
[537,58,345892,346788]
[538,240,222607,223097]
[539,23,199095,198956]
[540,96,13030,14435]
[541,184,570615,572034]
[542,80,689055,689883]
[543,140,329721,330933]
[544,137,543175,543038]
[545,3,728669,728182]
[546,200,545052,546096]
[547,151,163002,162896]
[548,154,32597,33928]
[549,22,48511,48874]
[550,247,569568,569355]
[551,244,429358,430303]
[552,226,564416,565370]
[553,85,563646,563378]
[554,259,141525,140470]
[555,45,213801,213347]
[556,154,378098,378593]
[557,258,559237,560380]
[558,245,634445,633094]
[559,32,110442,111641]
[560,28,165602,166287]
[561,4,304224,305219]
[562,89,713259,712300]
[563,264,239712,239884]
[564,267,173253,172307]
[565,127,577952,577586]
[566,216,544010,544174]
[567,190,380761,381201]
[568,113,313269,311796]
[569,32,177667,179106]
[570,51,61043,60004]
[571,140,226008,227359]
[572,65,137462,137119]
[573,246,254953,256388]
[574,48,451779,453149]
[575,20,485471,486744]
[576,93,506547,505877]
[577,182,266162,266486]
[578,267,190045,189811]
[579,108,449226,450390]
[580,87,517187,516262]
[581,100,67874,68172]
[582,110,479829,480253]
[583,89,384632,383397]
[584,266,295280,296171]
[585,2,165255,165814]
[586,235,637470,637092]
[587,32,455972,457023]
[588,53,666672,665265]
[589,46,19592,19771]
[590,192,206638,207803]
[591,103,261622,260723]
[592,126,446532,446789]
[593,203,410154,409891]
[594,114,402677,402991]
[595,171,604190,603800]
[596,19,80138,78796]
[597,202,396473,397369]
[598,251,68995,68024]
[599,274,719053,720413]
[600,196,160905,162018]
[601,17,327618,327303]
[602,199,166442,165711]
[603,272,607768,608000]
[604,184,111920,113125]
[605,14,347743,347807]
[606,264,668195,669371]
[607,66,306419,306880]
[608,241,387546,386330]
[609,239,601827,601471]
[610,85,181003,180680]
[611,190,612356,613672]
[612,262,679056,680055]
[613,56,421208,421479]
[614,257,25642,25535]
[615,100,498655,499437]
[616,100,706774,707361]
[617,192,714801,715817]
[618,215,165928,164979]
[619,227,111624,111394]
[620,106,266211,267147]
[621,240,565192,566450]
[622,184,203580,204666]
[623,241,684110,682938]
[624,273,646315,645632]
[625,250,341866,343301]
[626,220,104127,105519]
[627,206,18547,19579]
[628,142,466477,467230]
[629,81,54129,54081]
[630,24,224404,224499]
[631,83,138214,137487]
[632,182,301406,302053]
[633,125,310826,309667]
[634,79,189388,188245]
[635,56,86582,87094]
[636,180,381400,381799]
[637,66,113613,115051]
[638,174,270338,271114]
[639,141,203504,203012]
[640,27,238810,238517]
[641,100,458889,459499]
[642,188,2463,3611]
[643,197,500490,499993]
[644,267,361931,360907]
[645,130,261000,261553]
[646,262,433330,434149]
[647,265,122492,122048]
[648,279,664493,663345]
[649,134,532902,533190]
[650,252,354202,355597]
[651,263,439197,438148]
[652,252,439644,440829]
[653,74,442456,442835]
[654,221,295362,295211]
[655,275,500260,498964]
[656,38,465816,466159]
[657,144,61172,62074]
[658,173,62475,62178]
[659,52,217915,218724]
[660,47,672815,671956]
[661,43,379249,378941]
[662,220,698130,699311]
[663,11,95021,94493]
[664,21,176165,175054]
[665,74,694559,694593]
[666,200,374388,375858]
[667,190,329015,329362]
[668,270,146135,146843]
[669,17,107387,105949]
[670,64,503509,504145]
[671,167,704123,703594]
[672,127,257462,256181]
[673,4,464544,465977]
[674,11,451331,450175]
[675,17,669739,669367]
[676,213,298031,297084]
[677,2,158993,159351]
[678,126,393179,394175]
[679,164,157522,158644]
[680,141,274199,273994]
[681,260,252302,252746]
[682,232,321980,322834]
[683,116,327495,328240]
[684,89,104267,103931]
[685,172,681739,683102]
[686,203,3018,1754]
[687,266,378664,379938]
[688,74,120230,120362]
[689,55,511233,510598]
[690,49,471870,471787]
[691,111,505068,503955]
[692,207,679759,678872]
[693,193,316828,316693]
[694,131,43376,41918]
[695,90,400522,401162]
[696,176,679481,679875]
[697,142,27465,27592]
[698,63,527440,526073]
[699,29,291364,291183]
[700,155,282178,280989]
[701,264,407791,408532]
[702,3,421722,420753]
[703,84,226293,227036]
[704,69,611148,609748]
[705,41,622057,620590]
