["head":"wrap","lpos","status"]
[65,681137,0]
["io count"]
[710]
["io":"id","wrap","startLpos","endLpos"]
[1,115,81314,80913]
[2,180,22749,24208]
[3,151,264865,263373]
[4,154,262055,262917]
[5,111,656738,656322]
[6,159,529960,529045]
[7,147,447942,447849]
[8,219,633934,632911]
[9,124,460477,461952]
[10,84,643667,644425]
[11,137,188804,188500]
[12,212,267453,268743]
[13,217,103046,102793]
[14,97,36186,35682]
[15,31,171049,171016]
[16,148,85499,85780]
[17,111,219907,219254]
[18,8,299932,300037]
[19,221,316606,315797]
[20,101,549052,548132]
[21,13,524582,523683]
[22,183,628729,628214]
[23,110,690770,690948]
[24,215,79521,78836]
[25,267,74655,73358]
[26,38,155571,156525]
[27,257,546853,545777]
[28,48,529071,529612]
[29,242,58266,58453]
[30,87,694146,692740]
[31,58,169708,170020]
[32,279,578431,577814]
[33,237,264609,264133]
[34,172,375805,377084]
[35,254,133925,135394]
[36,95,597551,596057]
[37,277,588418,588346]
[38,202,165308,166540]
[39,54,147631,147964]
[40,172,466573,466824]
[41,255,567536,566860]
[42,209,2472,1946]
[43,228,153858,154433]
[44,210,90094,91187]
[45,40,141959,142634]
[46,115,389835,389038]
[47,63,141042,139682]
[48,173,301023,299809]
[49,42,434577,434947]
[50,171,424946,424786]
[51,189,536553,535126]
[52,58,241903,242326]
[53,137,481838,481734]
[54,210,237971,238818]
[55,2,429399,429627]
[56,205,14247,13309]
[57,260,407483,408859]
[58,254,360433,361168]
[59,62,185553,186251]
[60,182,161514,162067]
[61,44,99300,99510]
[62,108,412689,413192]
[63,231,504743,503567]
[64,278,84110,85566]
[65,128,131932,133165]
[66,101,48692,48591]
[67,28,410205,411400]
[68,276,83693,83786]
[69,277,428539,427772]
[70,36,700488,700827]
[71,69,255194,253705]
[72,117,715718,714878]
[73,38,716990,717598]
[74,169,542988,542369]
[75,30,15684,15921]
[76,133,372920,372642]
[77,270,98292,98932]
[78,161,539721,538412]
[79,162,28451,29915]
[80,151,684232,684061]
[81,161,247232,246796]
[82,61,306238,305417]
[83,76,476532,476697]
[84,145,91020,90847]
[85,248,327720,327879]
[86,35,546102,545463]
[87,219,560933,560295]
[88,143,423812,423619]
[89,158,603443,603566]
[90,117,680400,680356]
[91,161,640704,640633]
[92,76,60218,60974]
[93,180,509493,510624]
[94,238,519881,521034]
[95,204,197654,198662]
[96,228,697406,697611]
[97,199,705841,704485]
[98,199,370078,368775]
[99,60,592253,593500]
[100,84,145887,146252]
[101,158,200721,201898]
[102,14,113518,113831]
[103,58,251347,252698]
[104,156,689284,690502]
[105,216,589893,590904]
[106,265,245550,244426]
[107,180,656340,657115]
[108,228,327798,328485]
[109,106,371381,372486]
[110,259,260220,259353]
[111,232,192552,193816]
[112,205,548532,547730]
[113,271,157331,156752]
[114,96,699432,699988]
[115,53,453776,453595]
[116,52,600286,601761]
[117,15,625547,625506]
[118,139,469429,468340]
[119,278,43430,43525]
[120,83,401227,399796]
[121,5,220033,218657]
[122,200,230396,231764]
[123,38,303903,304752]
[124,50,289934,290353]
[125,228,229622,230937]
[126,118,577715,579036]
[127,47,266482,266303]
[128,238,12335,13260]
[129,117,262175,261168]
[130,249,171097,169609]
[131,185,36349,35405]
[132,209,596827,595384]
[133,34,99093,100548]
[134,78,422456,423824]
[135,79,499301,498734]
[136,11,611885,611368]
[137,89,527916,527641]
[138,173,439273,438270]
[139,255,18075,17589]
[140,101,676592,676076]
[141,197,481160,479796]
[142,275,279695,279216]
[143,49,612953,612353]
[144,269,14261,13377]
[145,137,265714,265183]
[146,175,383246,382851]
[147,51,588528,587947]
[148,57,687632,686604]
[149,208,653329,654759]
[150,18,148472,148937]
[151,93,315842,315072]
[152,226,66429,67862]
[153,134,108107,108803]
[154,39,509019,508464]
[155,104,628,1859]
[156,77,273126,273016]
[157,231,428181,427313]
[158,86,557137,557633]
[159,106,567735,569128]
[160,193,313682,312522]
[161,210,685894,686967]
[162,67,478729,478155]
[163,179,158364,157055]
[164,275,563526,562475]
[165,48,295359,295890]
[166,20,365950,366786]
[167,269,414902,414070]
[168,118,393794,394339]
[169,159,183815,183507]
[170,87,404890,404647]
[171,179,76932,76166]
[172,190,226843,227801]
[173,66,637850,638640]
[174,269,200720,199686]
[175,138,676814,677781]
[176,255,485127,483763]
[177,26,622031,622726]
[178,160,684096,685431]
[179,118,635211,635813]
[180,200,372580,372913]
[181,242,12066,12920]
[182,101,93846,93748]
[183,229,294969,294093]
[184,152,357645,358998]
[185,174,172348,172724]
[186,121,372420,371058]
[187,184,174861,175543]
[188,62,617319,618181]
[189,20,434716,435291]
[190,246,58718,58757]
[191,154,627932,628651]
[192,148,81852,83190]
[193,247,169894,169853]
[194,113,18320,17418]
[195,8,226380,227437]
[196,9,320204,318962]
[197,42,68154,69464]
[198,127,674784,674075]
[199,16,554365,555018]
[200,61,98624,97819]
[201,275,201126,201086]
[202,229,198290,198151]
[203,83,498021,496661]
[204,25,493705,493290]
[205,64,268197,268260]
[206,54,439309,439860]
[207,237,437190,436918]
[208,255,668491,667442]
[209,215,164336,164122]
[210,36,421320,422018]
[211,188,381250,381587]
[212,71,501308,500022]
[213,11,472296,471579]
[214,114,626039,627165]
[215,123,200982,200513]
[216,99,132412,132119]
[217,133,273852,273613]
[218,41,132961,131609]
[219,248,527927,528683]
[220,279,168921,167790]
[221,265,505162,504896]
[222,206,439626,440717]
[223,174,1626,2604]
[224,263,546303,545397]
[225,83,329909,329281]
[226,177,659797,658955]
[227,180,508936,509428]
[228,263,428157,426791]
[229,118,271751,272289]
[230,53,483080,482038]
[231,271,241597,240315]
[232,198,154778,154824]
[233,23,143005,141930]
[234,60,145416,146144]
[235,175,560458,559542]
[236,145,594427,593950]
[237,26,491125,492147]
[238,154,161717,163186]
[239,119,505303,504943]
[240,121,417382,416505]
[241,69,380902,380319]
[242,250,424237,425493]
[243,178,646706,647675]
[244,220,112548,112880]
[245,130,156868,157637]
[246,212,253112,253418]
[247,180,159000,159397]
[248,257,408241,407115]
[249,151,460940,459555]
[250,189,668272,668140]
[251,212,187059,187104]
[252,47,107294,106219]
[253,81,612554,612037]
[254,19,398333,398118]
[255,229,560674,560258]
[256,230,465758,467049]
[257,23,68334,67040]
[258,216,53108,53668]
[259,17,514792,513630]
[260,38,312818,314247]
[261,245,261592,260865]
[262,135,379917,379010]
[263,264,665232,666710]
[264,111,451480,450076]
[265,64,458490,459555]
[266,144,728363,729485]
[267,41,520170,519604]
[268,115,547549,546120]
[269,163,33452,33335]
[270,195,404107,403243]
[271,236,418762,419607]
[272,242,229572,229838]
[273,35,673746,672278]
[274,257,549390,549120]
[275,153,439022,437726]
[276,222,395206,395274]
[277,72,49524,49619]
[278,278,653100,653760]
[279,103,627425,626537]
[280,37,503079,502704]
[281,41,653396,652937]
[282,191,128531,127628]
[283,58,646502,647846]
[284,112,315699,317119]
[285,80,592953,593792]
[286,199,683460,683311]
[287,275,287424,286095]
[288,191,142189,140916]
[289,146,486381,487549]
[290,41,295701,294926]
[291,151,453606,452651]
[292,111,438501,437562]
[293,276,84155,85039]
[294,136,606510,607021]
[295,129,555310,555142]
[296,188,324685,325264]
[297,237,374882,374379]
[298,44,202741,203112]
[299,8,159080,160433]
[300,135,647996,646915]
[301,132,666060,666355]
[302,29,6795,6596]
[303,90,284878,285624]
[304,190,587316,587561]
[305,55,534618,534137]
[306,18,713180,714214]
[307,50,91789,93154]
[308,109,368340,367865]
[309,160,453531,454811]
[310,185,471441,470864]
[311,207,584527,583178]
[312,267,654939,654625]
[313,153,674263,673184]
[314,200,501227,501363]
[315,132,378075,379235]
[316,208,279590,280704]
[317,98,512181,512338]
[318,85,91135,89779]
[319,246,470794,471064]
[320,260,207461,208336]
[321,230,555044,555801]
[322,272,480562,481052]
[323,93,248534,247247]
[324,202,500739,501267]
[325,249,375509,374199]
[326,64,345814,346716]
[327,139,70429,70048]
[328,202,505654,505869]
[329,156,206592,207848]
[330,268,340217,340724]
[331,177,205469,205303]
[332,70,628658,629125]
[333,58,11361,12321]
[334,200,474832,474996]
[335,243,574333,572942]
[336,246,253167,254452]
[337,11,538617,537519]
[338,196,591314,592460]
[339,49,349395,349294]
[340,105,214715,214326]
[341,136,129499,130121]
[342,108,717293,717388]
[343,89,239692,238726]
[344,8,725453,726744]
[345,227,527925,527524]
[346,45,438385,438075]
[347,91,490932,490026]
[348,267,622734,621508]
[349,135,184910,183718]
[350,139,100166,99094]
[351,255,292079,292040]
[352,25,392017,391462]
[353,232,37763,38481]
[354,233,592350,592028]
[355,46,202593,203121]
[356,33,352368,351379]
[357,174,670127,670842]
[358,177,262077,261208]
[359,176,636249,637253]
[360,77,58511,57401]
[361,202,137751,138972]
[362,139,75614,74437]
[363,184,604773,605763]
[364,139,69428,68647]
[365,207,647436,646003]
[366,88,521144,522106]
[367,208,703124,703979]
[368,13,612877,611462]
[369,233,215217,214576]
[370,196,430292,430480]
[371,170,476602,478008]
[372,276,199798,200989]
[373,254,719557,719890]
[374,205,367462,367241]
[375,201,215258,214522]
[376,25,525485,524389]
[377,112,497692,498271]
[378,81,73913,73718]
[379,38,267027,268340]
[380,6,567225,567805]
[381,245,600061,598702]
[382,277,306068,304949]
[383,198,346971,347298]
[384,154,237510,237894]
[385,103,298630,298114]
[386,6,282587,283889]
[387,116,237896,239052]
[388,20,354642,355719]
[389,37,435068,434641]
[390,264,258012,259401]
[391,10,669753,670087]
[392,184,417922,418088]
[393,252,70348,70966]
[394,141,584304,583923]
[395,235,194558,193529]
[396,94,397680,397718]
[397,261,248012,246640]
[398,142,377990,379256]
[399,4,312597,314074]
[400,28,375854,376310]
[401,80,174445,175482]
[402,96,49264,49987]
[403,30,157948,158137]
[404,178,383783,385221]
[405,153,437032,435929]
[406,154,38375,39437]
[407,249,454381,453447]
[408,263,41109,40994]
[409,139,211553,210143]
[410,59,163304,162507]
[411,251,66513,65608]
[412,169,728968,727520]
[413,162,123718,124272]
[414,57,253031,252784]
[415,38,728612,728688]
[416,248,552820,553756]
[417,275,423259,422024]
[418,97,399152,399020]
[419,110,23667,24582]
[420,246,638334,638673]
[421,139,567668,567146]
[422,230,677261,678655]
[423,275,42944,41873]
[424,233,225507,224956]
[425,178,195355,196750]
[426,206,519720,520028]
[427,33,491721,491310]
[428,115,303300,302299]
[429,187,456739,455943]
[430,21,231591,230434]
[431,77,58691,58234]
[432,36,92541,94000]
[433,268,622321,622801]
[434,149,708930,707622]
[435,21,265932,264453]
[436,44,192238,193470]
[437,273,435586,434871]
[438,149,729285,729231]
[439,91,593432,592515]
[440,202,322037,323041]
[441,32,615693,616570]
[442,196,580289,580701]
[443,89,506022,504714]
[444,258,146994,147166]
[445,52,611743,611876]
[446,155,162674,161558]
[447,76,110213,111483]
[448,226,218011,219186]
[449,269,42721,41527]
[450,146,448179,448962]
[451,87,607353,607073]
[452,3,194529,194231]
[453,177,495263,494654]
[454,168,565816,566433]
[455,261,585684,585332]
[456,143,408102,407516]
[457,49,216081,215776]
[458,93,122482,121656]
[459,242,344952,345570]
[460,221,379967,379534]
[461,145,16805,15987]
[462,164,637299,637417]
[463,18,565641,566869]
[464,2,441861,442604]
[465,216,710739,711335]
[466,130,455899,456152]
[467,161,41450,40066]
[468,92,156558,157717]
[469,81,72457,71651]
[470,97,1048,929]
[471,113,673197,673153]
[472,91,581532,580569]
[473,206,83195,83919]
[474,93,306589,306160]
[475,165,56959,55539]
[476,183,366421,365792]
[477,56,467839,469124]
[478,235,465925,464843]
[479,85,263489,262642]
[480,107,374445,373147]
[481,269,312267,311409]
[482,179,379745,379258]
[483,172,582562,582721]
[484,71,121458,120037]
[485,182,353025,353611]
[486,206,638560,639437]
[487,119,520710,520336]
[488,86,525744,525945]
[489,58,514282,515730]
[490,23,370040,368951]
[491,9,494086,494044]
[492,209,239498,239324]
[493,218,171800,172984]
[494,178,224314,224428]
[495,247,309238,307783]
[496,186,10417,11247]
[497,89,455056,453906]
[498,53,730511,729833]
[499,67,335474,334983]
[500,26,82401,82880]
[501,3,325807,324335]
[502,175,490174,489634]
[503,42,418200,419240]
[504,84,672165,672267]
[505,182,203405,204366]
[506,0,549483,550313]
[507,101,663443,662234]
[508,249,339172,338334]
[509,109,158583,157720]
[510,106,35343,36446]
[511,60,698123,698345]
[512,222,243480,244793]
[513,140,578425,579793]
[514,172,148529,148581]
[515,93,703032,702544]
[516,107,58446,58198]
[517,44,390180,390602]
[518,25,530640,530049]
[519,38,207990,208236]
[520,117,209794,209503]
[521,219,380645,379157]
[522,188,697957,699310]
[523,240,237913,239410]
[524,240,229436,230429]
[525,58,547655,548875]
[526,59,12826,12314]
[527,199,15641,15341]
[528,111,557604,556370]
[529,19,66712,66482]
[530,184,310449,311467]
[531,240,594669,595816]
[532,97,287100,286669]
[533,188,551430,552179]
[534,213,58942,58530]
[535,156,323118,324600]
[536,259,437347,437307]
[537,168,87928,87961]
[538,253,192733,191905]
[539,83,447616,447433]
[540,193,210840,210679]
[541,24,355451,356881]
[542,203,213124,212154]
[543,86,539069,539457]
[544,203,646963,646714]
[545,156,683834,684872]
[546,19,564467,563022]
[547,61,75924,74914]
[548,245,695777,695169]
[549,62,249671,250456]
[550,201,155650,155223]
[551,200,66473,66937]
[552,182,367888,368860]
[553,154,337661,338860]
[554,257,182311,181373]
[555,118,682229,683416]
[556,28,304309,304360]
[557,90,202105,203148]
[558,172,444873,446096]
[559,104,24955,26040]
[560,211,479373,478146]
[561,256,276770,277687]
[562,230,342945,343761]
[563,35,349793,348791]
[564,96,571177,571286]
[565,48,423192,423727]
[566,120,128218,128971]
[567,138,598028,599295]
[568,157,231593,230180]
[569,218,327817,327995]
[570,195,379678,379411]
[571,238,339108,339723]
[572,78,588756,589724]
[573,36,152535,153115]
[574,110,536582,537712]
[575,30,472961,473965]
[576,131,368643,368587]
[577,163,345192,344210]
[578,52,124704,125414]
[579,83,647494,646988]
[580,29,45137,44542]
[581,219,717700,717061]
[582,200,401583,402829]
[583,67,688568,688025]
[584,196,502285,503445]
[585,269,203187,202773]
[586,266,385583,387018]
[587,91,650343,649717]
[588,159,268247,267407]
[589,68,664058,664344]
[590,107,675517,674960]
[591,98,290453,291223]
[592,217,574012,573010]
[593,200,253040,253456]
[594,44,476727,477782]
[595,19,71011,69513]
[596,48,698725,699286]
[597,226,290217,290372]
[598,32,656004,656238]
[599,233,620294,620107]
[600,132,269539,270754]
[601,0,64132,65625]
[602,2,21360,21641]
[603,174,510714,512080]
[604,254,645666,646049]
[605,235,700742,700374]
[606,248,577578,578284]
[607,81,349195,348063]
[608,140,357085,357327]
[609,239,636201,635190]
[610,39,511340,510159]
[611,160,122216,122596]
[612,93,75295,75175]
[613,126,256567,257975]
[614,10,320222,320936]
[615,149,559620,558155]
[616,154,208716,209065]
[617,202,467536,467808]
[618,82,38956,39409]
[619,37,377222,376131]
[620,257,172539,171253]
[621,268,671336,671644]
[622,179,224990,223559]
[623,146,497992,498324]
[624,199,29517,29160]
[625,251,571081,569612]
[626,244,250205,250675]
[627,217,306200,305463]
[628,144,407672,407945]
[629,168,416248,416976]
[630,59,232594,231962]
[631,190,34832,36040]
[632,183,676543,675161]
[633,56,488280,489072]
[634,240,671691,672024]
[635,68,15503,16712]
[636,152,341338,342559]
[637,261,572827,572173]
[638,233,344798,343610]
[639,200,522776,523577]
[640,20,352110,352604]
[641,220,562976,564088]
[642,80,679800,680507]
[643,125,621545,620717]
[644,119,454328,453818]
[645,25,270856,270063]
[646,91,611327,609970]
[647,88,109023,109825]
[648,221,238487,238402]
[649,79,338768,337968]
[650,182,188394,188991]
[651,179,560408,559482]
[652,90,183853,184683]
[653,170,167997,168069]
[654,47,630716,630663]
[655,213,207757,207008]
[656,110,25476,26411]
[657,169,312618,312420]
[658,258,363703,364627]
[659,102,292904,293862]
[660,239,526131,525524]
[661,204,491420,491937]
[662,273,74007,72648]
[663,202,438054,438670]
[664,15,467101,466343]
[665,26,540866,541574]
[666,139,483098,482920]
[667,208,704703,705130]
[668,249,491820,491670]
[669,256,436612,437255]
[670,232,224446,225928]
[671,0,627956,628173]
[672,112,405389,406236]
[673,115,299634,299517]
[674,147,537778,537676]
[675,211,479960,479857]
[676,120,457073,457452]
[677,228,81651,82978]
[678,252,582044,582927]
[679,279,458678,457453]
[680,138,480705,481560]
[681,165,68517,67890]
[682,204,381199,382111]
[683,234,382421,383586]
[684,129,69992,68666]
[685,164,571089,571257]
[686,18,688746,689722]
[687,54,19993,21190]
[688,229,557294,555896]
[689,241,661980,661605]
[690,0,394227,395235]
[691,269,546084,545690]
[692,37,50486,49709]
[693,95,500536,499155]
[694,230,422528,423360]
[695,266,157753,158158]
[696,274,378369,378765]
[697,183,532810,531694]
[698,256,530328,531342]
[699,44,643110,644408]
[700,156,536498,537858]
[701,69,16421,15983]
[702,229,83606,82899]
[703,148,239582,240182]
[704,46,678597,678994]
[705,6,320743,321198]
[706,74,502690,504027]
[707,147,26385,25579]
[708,69,255954,254612]
[709,7,192090,190680]
[710,82,726465,727124]
