["head":"wrap","lpos","status"]
[238,21058,0]
["io count"]
[715]
["io":"id","wrap","startLpos","endLpos"]
[1,75,315832,315268]
[2,40,559805,560419]
[3,204,342135,343146]
[4,126,626251,627571]
[5,107,567999,567475]
[6,261,66693,65226]
[7,96,521247,522738]
[8,194,618613,619853]
[9,231,84717,84563]
[10,241,247851,247144]
[11,37,217363,216912]
[12,99,241032,240308]
[13,90,607106,607629]
[14,95,554980,554015]
[15,45,676039,675102]
[16,39,659811,659423]
[17,29,272433,271619]
[18,201,408978,408848]
[19,16,526976,527219]
[20,271,17123,15971]
[21,23,521636,520525]
[22,197,61254,60560]
[23,69,479925,479398]
[24,252,559188,560525]
[25,130,109953,110424]
[26,106,487372,488185]
[27,140,423631,424816]
[28,144,154379,154975]
[29,160,68714,69908]
[30,273,517889,517442]
[31,246,89343,89690]
[32,131,127578,126287]
[33,145,93182,92471]
[34,202,659798,659830]
[35,121,624715,624244]
[36,113,655798,654309]
[37,270,295675,295720]
[38,147,304265,303129]
[39,97,75224,73922]
[40,193,149111,148435]
[41,41,9915,8586]
[42,59,266160,264700]
[43,150,6593,7101]
[44,261,99028,98945]
[45,206,353622,354841]
[46,194,247976,248809]
[47,29,599655,598322]
[48,268,699090,699583]
[49,244,634852,635038]
[50,267,102730,102283]
[51,210,450351,451604]
[52,273,472478,471577]
[53,133,594273,592836]
[54,32,3959,4304]
[55,199,77511,76362]
[56,22,618490,619896]
[57,177,597944,597649]
[58,21,425238,424335]
[59,50,548984,549328]
[60,110,551917,553282]
[61,218,487102,487261]
[62,229,546076,544926]
[63,66,305049,306514]
[64,103,177098,175903]
[65,18,323912,323989]
[66,169,411948,411682]
[67,245,238984,237513]
[68,90,412617,413107]
[69,15,570134,568644]
[70,22,610221,611685]
[71,134,693777,694223]
[72,274,127772,128639]
[73,112,539377,539637]
[74,40,71707,72144]
[75,147,323159,322095]
[76,176,725612,725942]
[77,29,713094,712787]
[78,251,386665,385204]
[79,266,406056,406681]
[80,191,390848,390295]
[81,163,81609,80685]
[82,9,283840,283066]
[83,264,592965,593308]
[84,143,729902,729747]
[85,213,723842,723036]
[86,89,561959,561656]
[87,102,37923,37976]
[88,241,286026,284790]
[89,96,666955,667093]
[90,177,702670,701953]
[91,185,455828,455328]
[92,23,312662,311516]
[93,34,368932,369838]
[94,163,450471,450265]
[95,277,282794,282389]
[96,144,311281,311630]
[97,11,606312,606223]
[98,46,568227,569121]
[99,193,377455,376048]
[100,173,585782,585185]
[101,97,633308,631884]
[102,44,623095,624106]
[103,232,87020,87339]
[104,166,473356,474562]
[105,117,261011,259849]
[106,101,559115,558003]
[107,83,401696,400597]
[108,209,630328,629164]
[109,272,507332,507861]
[110,173,617325,616240]
[111,116,14369,15246]
[112,68,275448,276292]
[113,89,324733,324112]
[114,49,425187,424867]
[115,31,168906,168415]
[116,97,182945,181511]
[117,238,565622,567113]
[118,99,396282,395527]
[119,74,309347,309914]
[120,195,396241,395524]
[121,249,172791,172624]
[122,43,605159,603962]
[123,180,588854,589825]
[124,276,70499,71130]
[125,240,333104,334136]
[126,265,610071,609388]
[127,213,324578,323792]
[128,279,139682,139015]
[129,135,444984,444838]
[130,219,350157,349744]
[131,70,354453,355556]
[132,73,728803,728586]
[133,176,459826,460743]
[134,249,304804,303322]
[135,228,29630,30313]
[136,47,468022,467255]
[137,35,602115,600828]
[138,269,568724,568010]
[139,22,349435,349691]
[140,273,503790,503587]
[141,192,479800,480493]
[142,233,568079,566637]
[143,121,1427,1014]
[144,76,647044,647571]
[145,106,34376,35281]
[146,66,409197,410413]
[147,111,404187,403233]
[148,188,368649,369943]
[149,273,347705,346319]
[150,159,368348,368311]
[151,149,22477,22296]
[152,147,506527,505578]
[153,93,450610,449957]
[154,80,293909,295294]
[155,31,492491,491518]
[156,278,206799,207849]
[157,40,260876,262013]
[158,87,394670,394180]
[159,225,979,1]
[160,132,477828,478376]
[161,183,625282,624340]
[162,40,641367,641565]
[163,76,363824,364716]
[164,193,119009,117658]
[165,39,363990,362591]
[166,154,587380,588741]
[167,29,314930,313867]
[168,154,533541,534428]
[169,225,448426,447852]
[170,149,247130,245885]
[171,173,147034,146465]
[172,265,471355,470292]
[173,211,198275,197458]
[174,127,301583,300654]
[175,84,611256,611968]
[176,56,624201,625120]
[177,20,161362,161915]
[178,66,154889,155824]
[179,165,136247,135214]
[180,229,268187,268070]
[181,171,202074,201914]
[182,179,486559,485122]
[183,33,256359,256278]
[184,114,286552,287592]
[185,196,637572,637785]
[186,165,449329,447967]
[187,126,628042,628828]
[188,146,378140,378748]
[189,198,627647,628439]
[190,207,706795,705669]
[191,215,6263,6165]
[192,187,422480,421451]
[193,98,40960,42117]
[194,97,155760,154616]
[195,84,72642,73125]
[196,160,552080,553568]
[197,5,336921,336264]
[198,229,467606,467027]
[199,276,116583,117968]
[200,211,542707,541862]
[201,45,700440,699562]
[202,8,696193,697453]
[203,78,550009,550281]
[204,14,226072,226553]
[205,163,229751,228677]
[206,204,40579,41701]
[207,91,691880,690818]
[208,178,502428,503055]
[209,214,27082,27933]
[210,236,355083,356353]
[211,226,303203,304360]
[212,155,574358,573777]
[213,55,2171,1634]
[214,260,278200,279099]
[215,70,46940,47138]
[216,48,34657,34991]
[217,118,464706,465565]
[218,131,364828,363865]
[219,267,1953,1031]
[220,119,727475,726117]
[221,205,288416,287709]
[222,102,714791,715040]
[223,29,220129,218807]
[224,249,477121,475995]
[225,249,194367,193879]
[226,168,375338,376078]
[227,58,211795,212664]
[228,245,159274,159081]
[229,263,479171,477675]
[230,249,247568,246126]
[231,255,104321,103614]
[232,66,479015,479393]
[233,162,276702,277066]
[234,123,140828,139607]
[235,106,403580,404311]
[236,25,627492,627417]
[237,115,159924,158519]
[238,36,696573,697475]
[239,85,548704,547391]
[240,194,646226,646297]
[241,67,441186,440745]
[242,172,405743,406875]
[243,113,213944,212821]
[244,118,407366,407668]
[245,13,692337,692137]
[246,208,689175,690568]
[247,53,722663,721732]
[248,50,432241,433252]
[249,66,718855,720117]
[250,49,405061,404997]
[251,6,42510,43117]
[252,243,642392,641955]
[253,97,563827,563496]
[254,99,46911,46053]
[255,242,84387,84953]
[256,238,345614,346514]
[257,187,558675,557857]
[258,131,165974,165493]
[259,129,441411,440383]
[260,158,218852,219846]
[261,193,111313,110401]
[262,212,542934,544304]
[263,95,730410,729328]
[264,150,474519,475207]
[265,185,554743,553821]
[266,260,302765,303218]
[267,253,702096,701861]
[268,92,578641,580014]
[269,277,639125,637953]
[270,48,56575,57920]
[271,21,208333,207953]
[272,259,701863,700727]
[273,23,502309,501630]
[274,213,348165,347339]
[275,21,716284,715120]
[276,186,186979,187726]
[277,36,554699,555353]
[278,116,452531,452629]
[279,159,288306,287393]
[280,54,55899,56672]
[281,165,43651,43120]
[282,91,148430,147842]
[283,181,683039,681704]
[284,122,591104,591520]
[285,30,80724,82037]
[286,203,572818,572643]
[287,68,576244,576796]
[288,260,583170,583977]
[289,257,280959,279547]
[290,162,449554,450495]
[291,72,48086,48392]
[292,167,493307,492313]
[293,239,616521,616485]
[294,208,345450,345975]
[295,164,587825,587952]
[296,100,680468,680682]
[297,170,283365,284691]
[298,120,571835,571969]
[299,71,149107,148136]
[300,7,235654,235255]
[301,170,446497,447694]
[302,10,210070,211098]
[303,117,46227,45900]
[304,118,120445,121147]
[305,83,365040,363830]
[306,244,574300,575318]
[307,141,642723,641648]
[308,91,688888,687523]
[309,171,11591,10632]
[310,214,362729,363151]
[311,24,633667,633986]
[312,253,159018,158919]
[313,169,323922,323002]
[314,28,430082,430532]
[315,51,489087,488239]
[316,240,504990,506132]
[317,69,685771,684826]
[318,41,257716,256887]
[319,170,323912,324756]
[320,254,580203,581157]
[321,148,104213,105691]
[322,218,385015,386313]
[323,187,664295,663177]
[324,269,720179,719858]
[325,109,252654,252529]
[326,194,688903,690020]
[327,156,584055,584951]
[328,226,273767,274456]
[329,37,664493,663538]
[330,247,294847,293879]
[331,227,368617,367126]
[332,113,160922,159552]
[333,181,389173,389014]
[334,241,590224,589491]
[335,177,268282,267526]
[336,89,619545,618277]
[337,163,588819,587679]
[338,199,355369,354611]
[339,112,220145,221422]
[340,195,111138,110620]
[341,258,291376,291637]
[342,186,572496,572744]
[343,224,439451,440265]
[344,192,132428,132791]
[345,96,640937,641836]
[346,243,482327,481636]
[347,56,252659,252908]
[348,135,646558,645168]
[349,275,459577,459367]
[350,277,424204,424110]
[351,268,357587,358171]
[352,47,376890,375909]
[353,203,378140,377635]
[354,38,224591,225553]
[355,112,343021,343221]
[356,152,397196,397823]
[357,6,131324,132378]
[358,69,403259,402450]
[359,203,297970,297209]
[360,131,494669,493242]
[361,209,608682,607219]
[362,29,310291,310028]
[363,218,51663,52295]
[364,126,359817,360294]
[365,156,441853,442464]
[366,267,146937,146844]
[367,59,125867,125000]
[368,62,44304,45117]
[369,112,518172,519072]
[370,46,368675,369506]
[371,255,260648,259822]
[372,78,574872,575758]
[373,246,85809,85990]
[374,128,90512,90555]
[375,24,377104,377975]
[376,205,2395,1949]
[377,83,237929,236565]
[378,5,667185,667058]
[379,218,399342,400518]
[380,274,513738,514960]
[381,266,310994,311308]
[382,112,642801,643602]
[383,62,113793,114209]
[384,225,525109,524270]
[385,139,659310,658400]
[386,130,351702,352544]
[387,226,167664,169037]
[388,134,407026,407275]
[389,237,400241,398764]
[390,126,469842,469988]
[391,89,225271,225101]
[392,182,646189,647201]
[393,177,571134,570061]
[394,244,221853,223128]
[395,235,543316,541934]
[396,33,221048,220933]
[397,27,555217,554210]
[398,140,572841,574262]
[399,157,108557,107802]
[400,116,22676,24069]
[401,84,708524,708685]
[402,89,451838,451426]
[403,5,572715,571284]
[404,78,236702,237993]
[405,45,249062,248090]
[406,26,230271,230982]
[407,46,487079,488488]
[408,14,367500,368193]
[409,91,579788,578879]
[410,53,602989,601629]
[411,117,75362,74710]
[412,255,224333,223040]
[413,85,614793,613468]
[414,223,176521,176124]
[415,17,123583,122789]
[416,213,131230,130300]
[417,72,432640,432886]
[418,118,690608,690638]
[419,64,687783,687933]
[420,121,76477,75064]
[421,159,615206,613761]
[422,180,379363,379784]
[423,81,222596,222285]
[424,214,503862,504272]
[425,111,652746,652534]
[426,97,694424,693044]
[427,117,707067,705865]
[428,208,608963,609334]
[429,223,200055,198952]
[430,116,446582,446673]
[431,115,685062,684652]
[432,15,286088,285447]
[433,89,609954,608971]
[434,222,369530,370393]
[435,14,262378,262475]
[436,59,198406,197779]
[437,99,209641,209255]
[438,12,146642,146807]
[439,95,345694,344683]
[440,219,499397,498576]
[441,206,363056,364026]
[442,136,586649,588125]
[443,127,339899,338978]
[444,9,353832,352385]
[445,164,691296,691667]
[446,207,147045,146337]
[447,131,568233,567548]
[448,139,143250,142298]
[449,130,19978,20111]
[450,111,685693,684318]
[451,5,525483,524920]
[452,141,106294,105720]
[453,166,277837,278694]
[454,245,273595,272632]
[455,90,301177,301267]
[456,85,184593,184202]
[457,266,197039,197648]
[458,155,481209,481127]
[459,12,574750,576152]
[460,61,724526,723372]
[461,171,502242,501829]
[462,65,170918,170403]
[463,276,537132,537709]
[464,187,677356,676175]
[465,4,153796,154807]
[466,28,602978,603200]
[467,175,722692,722648]
[468,248,512322,512958]
[469,204,72951,72994]
[470,216,8502,9037]
[471,72,296817,297836]
[472,209,420128,419195]
[473,138,150591,151135]
[474,186,77936,78102]
[475,142,179571,181051]
[476,101,258112,257480]
[477,44,654675,655710]
[478,118,355964,357369]
[479,32,693926,694408]
[480,210,708355,708812]
[481,143,240986,240915]
[482,26,706599,708093]
[483,249,189078,187937]
[484,158,1568,1945]
[485,32,511478,512650]
[486,185,121347,120730]
[487,91,366517,365472]
[488,225,613932,613167]
[489,58,663335,663527]
[490,52,522501,523160]
[491,153,84920,84531]
[492,31,166094,165538]
[493,11,639277,638189]
[494,229,159471,158134]
[495,165,509052,507721]
[496,245,729535,728148]
[497,144,504531,505639]
[498,127,590863,590697]
[499,86,486076,487394]
[500,184,716165,716843]
[501,273,105589,105080]
[502,259,638000,637637]
[503,65,708655,707519]
[504,8,720399,720957]
[505,267,133286,133167]
[506,43,606986,606057]
[507,189,484157,483999]
[508,235,561417,560620]
[509,53,548192,547584]
[510,71,560898,560435]
[511,243,240349,240239]
[512,138,615035,615991]
[513,272,424447,425944]
[514,136,348256,348697]
[515,271,88883,88487]
[516,198,506174,507296]
[517,130,25014,25878]
[518,212,256706,257504]
[519,201,132334,131190]
[520,264,724863,726174]
[521,69,540433,539163]
[522,278,153087,154549]
[523,48,232047,232554]
[524,5,443304,443143]
[525,213,431810,430906]
[526,39,296863,296243]
[527,144,689948,690557]
[528,172,151288,151978]
[529,136,187030,187773]
[530,267,728150,727349]
[531,28,681838,683187]
[532,47,472581,472064]
[533,7,591545,591335]
[534,257,672876,672347]
[535,68,68644,69245]
[536,67,13756,13595]
[537,106,277528,278737]
[538,82,611025,611829]
[539,206,284253,284665]
[540,202,293230,293875]
[541,40,132484,133323]
[542,150,481981,483436]
[543,240,724864,725242]
[544,85,599483,598384]
[545,72,129591,130983]
[546,186,648926,649803]
[547,205,302086,301912]
[548,37,602600,601928]
[549,122,411683,412095]
[550,49,592866,591581]
[551,140,52999,54144]
[552,52,413267,413430]
[553,179,44169,43070]
[554,5,401292,401117]
[555,110,366291,367677]
[556,129,203487,202097]
[557,213,722203,721062]
[558,62,10427,10866]
[559,0,562492,563913]
[560,127,24647,23160]
[561,273,65149,64413]
[562,210,316651,317534]
[563,168,652881,653083]
[564,181,501336,500113]
[565,68,222151,222779]
[566,198,41369,41570]
[567,10,280752,281886]
[568,202,385127,385514]
[569,246,35402,36868]
[570,212,675291,676421]
[571,128,243146,243762]
[572,127,728035,727822]
[573,273,40376,39704]
[574,80,629819,631083]
[575,4,616514,617851]
[576,85,672636,671585]
[577,172,110500,110587]
[578,197,6824,6401]
[579,113,336692,335982]
[580,258,532025,532850]
[581,8,185645,187095]
[582,118,286272,286534]
[583,89,170347,170176]
[584,74,228029,228842]
[585,68,431280,431584]
[586,101,394121,393760]
[587,149,201975,200885]
[588,32,53470,54206]
[589,273,619262,617848]
[590,116,281053,281671]
[591,99,9896,9214]
[592,185,455088,454607]
[593,236,444875,445460]
[594,96,131763,132793]
[595,19,8083,7574]
[596,190,152316,152974]
[597,191,266593,265953]
[598,30,660083,661263]
[599,249,174356,173358]
[600,67,231482,230404]
[601,99,235909,235627]
[602,202,124282,125348]
[603,188,328106,328567]
[604,54,621477,621885]
[605,44,325696,326402]
[606,247,59020,57856]
[607,178,309477,310529]
[608,194,147278,147709]
[609,147,253960,252526]
[610,59,510445,509398]
[611,67,13205,13143]
[612,89,630320,630128]
[613,201,218711,217269]
[614,12,592773,593451]
[615,143,661693,661217]
[616,209,697305,696330]
[617,204,720500,721609]
[618,38,80020,80658]
[619,46,686208,686321]
[620,54,567252,567537]
[621,115,387313,386170]
[622,153,296484,295192]
[623,6,557013,557551]
[624,243,704157,703277]
[625,197,572728,571391]
[626,108,699117,700182]
[627,83,625283,624517]
[628,16,406415,407003]
[629,96,87923,88561]
[630,70,556618,557719]
[631,246,158164,158748]
[632,139,61606,60630]
[633,57,319891,319666]
[634,267,91033,90892]
[635,125,508067,507387]
[636,144,353890,354152]
[637,10,674540,675094]
[638,26,376864,377857]
[639,78,261824,262830]
[640,241,528812,528096]
[641,269,484179,482926]
[642,259,616961,616889]
[643,134,619831,620502]
[644,119,187214,186789]
[645,149,175200,174019]
[646,146,643813,644654]
[647,98,140634,141440]
[648,227,300413,298933]
[649,254,428655,429623]
[650,129,460521,459100]
[651,102,678072,679341]
[652,101,33062,31662]
[653,161,352252,352161]
[654,179,467328,466234]
[655,26,399690,399745]
[656,108,274661,275649]
[657,173,138946,138460]
[658,258,180663,181848]
[659,121,650957,650839]
[660,46,500607,501052]
[661,187,579400,578777]
[662,52,496343,497190]
[663,232,95561,96143]
[664,141,453184,452702]
[665,142,135302,136770]
[666,66,165607,166402]
[667,113,245809,244411]
[668,162,454205,455686]
[669,71,424774,424188]
[670,45,169228,168426]
[671,184,296459,297674]
[672,215,243974,243640]
[673,261,356813,355696]
[674,130,651763,653186]
[675,191,559998,559941]
[676,40,534683,535673]
[677,81,681409,680788]
[678,101,533210,532298]
[679,7,436665,435603]
[680,16,486886,487646]
[681,22,25629,26564]
[682,119,82280,81553]
[683,40,345074,345235]
[684,202,614075,615179]
[685,19,259773,258422]
[686,229,553408,552174]
[687,210,620968,621697]
[688,4,519336,520808]
[689,49,27343,27011]
[690,92,432438,433589]
[691,166,675993,677079]
[692,122,410784,410902]
[693,158,319072,320033]
[694,243,108059,106917]
[695,177,477859,476732]
[696,59,149616,148382]
[697,105,261177,259896]
[698,214,212550,212635]
[699,231,690089,689108]
[700,46,177399,178480]
[701,138,90962,91804]
[702,15,231163,231001]
[703,248,349092,349519]
[704,260,171767,172582]
[705,210,38804,39017]
[706,26,209865,211050]
[707,76,188841,189110]
[708,231,298330,297302]
[709,184,714411,715084]
[710,174,373152,373709]
[711,11,695584,694624]
[712,225,236943,236256]
[713,10,709085,709422]
[714,145,682229,681719]
[715,239,455280,454323]
