["head":"wrap","lpos","status"]
[122,650110,0]
["io count"]
[720]
["io":"id","wrap","startLpos","endLpos"]
[1,148,292610,293522]
[2,158,215054,216242]
[3,20,440136,441016]
[4,161,327979,326633]
[5,147,107983,106638]
[6,119,260643,260281]
[7,236,321077,322021]
[8,141,70887,70404]
[9,207,568113,567536]
[10,53,101654,101324]
[11,268,431608,433079]
[12,87,393967,393273]
[13,88,160950,161966]
[14,75,461528,460113]
[15,266,190308,190887]
[16,57,389891,389419]
[17,28,234179,234654]
[18,59,503603,502363]
[19,188,354239,355491]
[20,90,346863,347767]
[21,177,20446,20102]
[22,123,55996,54503]
[23,119,72384,72066]
[24,93,540399,539483]
[25,146,402560,403407]
[26,266,477384,478102]
[27,258,256247,257148]
[28,274,429810,430912]
[29,75,426729,425953]
[30,161,347025,346567]
[31,279,671598,671500]
[32,138,334886,336279]
[33,135,388846,387496]
[34,43,74841,73766]
[35,120,186000,187129]
[36,192,606738,607563]
[37,257,373559,373027]
[38,136,33266,33732]
[39,3,21576,20824]
[40,201,371960,371106]
[41,44,49907,50714]
[42,240,449005,450418]
[43,109,400333,399316]
[44,177,588841,588262]
[45,135,31226,30735]
[46,102,45439,45855]
[47,270,452351,452874]
[48,198,54146,54254]
[49,122,305752,306190]
[50,169,345830,344769]
[51,233,316841,316429]
[52,108,337068,338001]
[53,185,584416,583497]
[54,208,68057,69142]
[55,226,161576,161691]
[56,277,71152,70527]
[57,63,89511,88320]
[58,148,626541,627957]
[59,243,435854,435319]
[60,93,134028,133542]
[61,224,145551,146639]
[62,241,642690,641312]
[63,226,216642,217074]
[64,177,172344,170854]
[65,247,397291,396253]
[66,239,668436,668245]
[67,40,394472,395318]
[68,275,623464,623085]
[69,249,193228,192150]
[70,149,112969,112336]
[71,58,367930,369056]
[72,42,183423,184165]
[73,59,548831,547900]
[74,227,666309,665649]
[75,96,8021,8318]
[76,3,549929,549423]
[77,26,384049,385248]
[78,253,346133,346025]
[79,218,27449,28641]
[80,102,65900,66006]
[81,255,84662,84054]
[82,30,684868,686080]
[83,224,509335,510407]
[84,50,640120,640478]
[85,93,354042,353967]
[86,256,402838,403635]
[87,183,308206,307467]
[88,58,49035,49865]
[89,88,14354,15496]
[90,156,547425,548851]
[91,85,277445,276760]
[92,12,401919,403211]
[93,32,573782,574190]
[94,259,8195,7356]
[95,51,34163,33321]
[96,156,148160,148284]
[97,219,192140,191292]
[98,55,608419,607078]
[99,4,425157,425706]
[100,268,147565,147775]
[101,138,369796,371227]
[102,265,657807,656788]
[103,103,1527,980]
[104,11,559171,558199]
[105,119,111112,110890]
[106,88,722882,723994]
[107,2,194812,195536]
[108,151,475624,475461]
[109,145,408382,408271]
[110,213,310871,309709]
[111,253,479525,478950]
[112,237,457631,456483]
[113,46,480051,480145]
[114,106,235421,235497]
[115,210,207619,208950]
[116,93,611376,610906]
[117,246,294051,294592]
[118,221,307828,306730]
[119,40,663826,664106]
[120,71,26891,26079]
[121,110,282967,283425]
[122,69,670193,669498]
[123,262,24407,24555]
[124,105,643936,642783]
[125,83,380770,380300]
[126,197,603825,603348]
[127,139,322982,322229]
[128,234,84196,85304]
[129,245,379199,377834]
[130,246,571621,572584]
[131,242,492516,493723]
[132,123,53464,53310]
[133,188,483584,483771]
[134,142,39880,39941]
[135,85,392260,392190]
[136,267,302758,302716]
[137,38,461808,462301]
[138,1,366606,366576]
[139,0,240665,242026]
[140,224,209865,211025]
[141,3,433256,431857]
[142,268,239774,241184]
[143,166,531951,532775]
[144,135,539449,539218]
[145,76,443066,444217]
[146,266,458800,459346]
[147,121,109742,108499]
[148,208,707520,707684]
[149,82,612629,613987]
[150,86,303754,304717]
[151,23,605620,605149]
[152,127,136494,135534]
[153,209,437357,437016]
[154,175,394012,393788]
[155,167,146441,146315]
[156,155,86044,84960]
[157,123,463657,463604]
[158,17,502806,501551]
[159,5,48908,47765]
[160,138,282677,283456]
[161,117,644172,643017]
[162,168,618444,619265]
[163,161,537266,535974]
[164,163,504596,503795]
[165,83,29034,28867]
[166,251,578985,577640]
[167,83,331616,330397]
[168,13,504900,504797]
[169,131,400336,399304]
[170,7,55398,54633]
[171,86,378576,379928]
[172,66,164703,164892]
[173,40,13618,14000]
[174,123,533832,532976]
[175,165,223915,222905]
[176,153,373181,373035]
[177,117,189449,188126]
[178,153,654317,653130]
[179,66,317488,318634]
[180,99,519400,519117]
[181,164,706728,707773]
[182,213,366395,365942]
[183,83,635583,634889]
[184,11,377530,377198]
[185,217,348756,348535]
[186,242,671954,672540]
[187,163,615737,614618]
[188,90,402896,404169]
[189,272,263798,264314]
[190,97,323742,322928]
[191,83,642289,640974]
[192,180,473288,473791]
[193,24,621080,621675]
[194,245,356936,356652]
[195,0,633193,634337]
[196,245,336929,336555]
[197,270,127328,127974]
[198,196,635521,636502]
[199,250,249819,250296]
[200,71,332403,331223]
[201,123,265087,263823]
[202,260,593015,593618]
[203,259,146949,146556]
[204,97,564105,562652]
[205,225,155430,154439]
[206,224,142267,142708]
[207,222,65927,66517]
[208,1,81524,80446]
[209,113,345365,344352]
[210,214,624681,625512]
[211,166,369925,370403]
[212,153,527922,527235]
[213,65,381176,380827]
[214,239,365599,365000]
[215,136,647597,648413]
[216,66,164681,165443]
[217,118,88201,88949]
[218,138,521606,521648]
[219,192,445427,445519]
[220,189,566869,566555]
[221,114,27659,27941]
[222,241,556313,555202]
[223,59,246375,245325]
[224,276,374960,375386]
[225,218,342473,343251]
[226,52,632657,633370]
[227,142,216806,217742]
[228,12,43325,43882]
[229,109,226253,225302]
[230,19,460025,458732]
[231,144,306210,307400]
[232,37,647353,647240]
[233,106,70284,71625]
[234,50,686441,687200]
[235,126,726817,728037]
[236,24,573078,573930]
[237,116,512320,513181]
[238,173,694989,694559]
[239,13,697982,697135]
[240,91,571674,570332]
[241,147,219302,218429]
[242,86,593481,593859]
[243,172,563508,564683]
[244,106,447669,449141]
[245,211,247873,246805]
[246,71,84756,84180]
[247,29,671803,671729]
[248,15,373685,373009]
[249,167,325567,325015]
[250,241,273549,272701]
[251,11,526361,525432]
[252,35,138297,137919]
[253,75,549005,548475]
[254,248,680481,681873]
[255,214,674460,675937]
[256,54,259996,260145]
[257,2,369869,370626]
[258,236,289887,291379]
[259,197,131992,130886]
[260,245,126297,125852]
[261,263,365822,365699]
[262,225,455883,455694]
[263,120,523489,524040]
[264,269,36351,35625]
[265,97,238212,237261]
[266,211,303714,303190]
[267,172,242796,243811]
[268,82,467629,468536]
[269,180,380581,381474]
[270,18,303312,303772]
[271,26,338642,339529]
[272,264,288755,289838]
[273,245,417232,416946]
[274,204,194081,194504]
[275,179,418742,418105]
[276,168,417715,417831]
[277,191,556357,555930]
[278,189,315513,314593]
[279,22,685042,685082]
[280,111,563671,563565]
[281,122,165642,166262]
[282,122,230605,231064]
[283,103,302063,301424]
[284,111,698903,697518]
[285,238,180065,181370]
[286,42,315458,315822]
[287,16,116959,117690]
[288,54,284417,285585]
[289,240,384995,386203]
[290,71,304759,303839]
[291,260,147008,148371]
[292,208,625232,626479]
[293,61,594031,592955]
[294,1,211657,210548]
[295,72,110142,110749]
[296,201,177821,177553]
[297,121,326408,325407]
[298,80,593273,594182]
[299,156,429563,430726]
[300,55,178901,177407]
[301,83,539401,538012]
[302,228,258501,258895]
[303,189,104705,104381]
[304,164,32613,32979]
[305,153,110194,109882]
[306,140,65470,66028]
[307,240,589790,590975]
[308,1,86083,86027]
[309,131,542169,541450]
[310,249,511888,511826]
[311,117,631132,630335]
[312,190,165332,165579]
[313,216,695486,696383]
[314,106,639442,639521]
[315,174,406018,407184]
[316,194,219106,220303]
[317,265,523654,523243]
[318,205,483117,482900]
[319,277,4083,3706]
[320,103,650219,649465]
[321,123,517712,517273]
[322,261,711870,710617]
[323,132,680,2141]
[324,75,552200,550838]
[325,34,416110,416659]
[326,207,678246,676748]
[327,271,435917,435774]
[328,267,349191,348147]
[329,176,447574,448869]
[330,129,648241,647896]
[331,155,685832,684707]
[332,87,428146,427858]
[333,124,162021,163250]
[334,76,477193,478418]
[335,91,718974,718132]
[336,138,181155,181756]
[337,274,726518,727096]
[338,220,488799,489658]
[339,247,183744,183628]
[340,120,370740,371856]
[341,213,24785,23809]
[342,207,391841,390559]
[343,140,140838,141569]
[344,42,237871,238459]
[345,278,89953,91269]
[346,52,271306,272709]
[347,232,625413,625469]
[348,108,269736,271130]
[349,98,44571,45792]
[350,163,396905,396066]
[351,203,380907,379466]
[352,68,389084,390540]
[353,221,548449,548076]
[354,67,71604,70712]
[355,58,693802,694254]
[356,6,525483,526418]
[357,181,588810,587705]
[358,166,205096,205580]
[359,63,724662,724106]
[360,14,624813,625653]
[361,255,218168,216989]
[362,92,544189,544998]
[363,111,454396,453799]
[364,260,619590,620299]
[365,99,595026,594584]
[366,274,451799,452496]
[367,34,601206,602144]
[368,77,69153,68840]
[369,39,382319,381335]
[370,9,592607,591504]
[371,255,114882,114524]
[372,165,343216,342726]
[373,193,450469,449216]
[374,208,230023,231115]
[375,95,536574,535585]
[376,16,121625,122600]
[377,104,728240,729611]
[378,48,663729,664244]
[379,270,428670,429422]
[380,40,397901,399389]
[381,161,570997,570525]
[382,128,301942,302196]
[383,52,144188,144294]
[384,29,392069,391293]
[385,254,13170,14360]
[386,88,363197,364375]
[387,16,40575,41907]
[388,121,725512,724948]
[389,109,667298,667084]
[390,254,353625,353883]
[391,58,548157,549007]
[392,131,633347,632188]
[393,251,205920,205679]
[394,91,310901,309826]
[395,112,354370,355542]
[396,217,208779,207739]
[397,232,199184,199294]
[398,168,109959,110057]
[399,205,491931,491299]
[400,10,368865,369399]
[401,254,226013,226504]
[402,126,247298,247898]
[403,61,585045,584729]
[404,245,83485,82211]
[405,11,115318,114105]
[406,45,517531,516360]
[407,271,87107,85922]
[408,205,57802,56644]
[409,168,96569,97053]
[410,258,97832,98869]
[411,87,474746,473825]
[412,62,308407,309853]
[413,189,222739,222695]
[414,112,202032,202565]
[415,216,307469,308358]
[416,218,161382,162606]
[417,88,530728,532139]
[418,44,720911,721055]
[419,14,88640,89499]
[420,67,554788,554755]
[421,135,287845,287674]
[422,65,602971,602170]
[423,25,2164,1333]
[424,80,172214,172944]
[425,262,446707,447790]
[426,192,219189,219805]
[427,192,23584,24386]
[428,149,525549,524506]
[429,71,278468,277888]
[430,219,357511,356915]
[431,156,454097,454801]
[432,229,682053,681108]
[433,183,377461,377128]
[434,258,84264,85594]
[435,140,437006,437222]
[436,27,103519,102402]
[437,47,713907,712850]
[438,24,22554,23823]
[439,272,222133,223549]
[440,43,437607,437384]
[441,61,415489,414766]
[442,229,389709,389284]
[443,222,265701,266338]
[444,8,131565,132779]
[445,216,30181,30824]
[446,107,190535,189241]
[447,199,434215,433069]
[448,97,182326,181673]
[449,56,269237,269631]
[450,114,168204,168890]
[451,148,440257,441513]
[452,100,153089,154102]
[453,32,685237,686479]
[454,176,130586,131547]
[455,91,189158,187900]
[456,47,673888,672801]
[457,7,449807,448320]
[458,126,674304,674494]
[459,65,650754,650235]
[460,14,194502,195324]
[461,219,120599,119236]
[462,21,264212,263508]
[463,84,56134,56507]
[464,24,439472,440520]
[465,270,681689,683143]
[466,132,26139,26921]
[467,212,83518,83704]
[468,34,48423,49586]
[469,276,17828,18426]
[470,137,684709,683477]
[471,67,443841,443054]
[472,264,487054,488481]
[473,91,185825,185499]
[474,178,668785,670228]
[475,271,267463,266090]
[476,56,623118,624069]
[477,161,200025,199705]
[478,159,342946,342690]
[479,120,518629,519871]
[480,84,680657,680738]
[481,159,242273,241573]
[482,266,579123,580332]
[483,64,508106,508622]
[484,229,88789,88603]
[485,207,201560,200307]
[486,271,367406,367128]
[487,116,550189,551610]
[488,35,270770,270140]
[489,237,274374,273549]
[490,30,64534,65066]
[491,49,140107,139138]
[492,67,234311,234156]
[493,49,55981,54916]
[494,193,260959,260202]
[495,21,334739,334223]
[496,34,627167,628152]
[497,124,423716,424767]
[498,197,211703,211561]
[499,160,430456,430618]
[500,98,621598,621732]
[501,81,254775,253512]
[502,74,25376,26415]
[503,100,505243,506732]
[504,184,493173,493389]
[505,276,400004,400101]
[506,72,702974,704320]
[507,123,185686,184599]
[508,40,16440,16809]
[509,211,211686,210448]
[510,228,204748,206137]
[511,98,519707,520943]
[512,166,288782,289717]
[513,96,108445,109148]
[514,255,270969,269600]
[515,77,77083,76331]
[516,235,346158,344660]
[517,89,555121,554071]
[518,165,592032,590746]
[519,100,471999,472165]
[520,227,185922,184934]
[521,120,214618,216088]
[522,242,453738,455223]
[523,147,472470,471958]
[524,49,580302,579357]
[525,202,180617,181059]
[526,218,209131,210197]
[527,60,146342,146777]
[528,158,585785,586060]
[529,230,540139,540889]
[530,51,378962,377473]
[531,189,168521,167976]
[532,127,379212,378500]
[533,78,703122,703732]
[534,141,437461,436146]
[535,63,556934,556583]
[536,126,232018,232419]
[537,176,449932,450546]
[538,215,726288,725632]
[539,227,727054,726861]
[540,111,197413,196218]
[541,129,484766,483800]
[542,15,548923,547887]
[543,268,154410,155211]
[544,254,104144,104337]
[545,22,314171,315356]
[546,167,478849,477398]
[547,163,165845,165457]
[548,277,50024,49346]
[549,21,693513,692443]
[550,204,211390,212434]
[551,21,458068,457284]
[552,185,662044,661218]
[553,213,381431,380816]
[554,269,701371,701205]
[555,13,572010,571630]
[556,268,134955,135054]
[557,237,536377,536185]
[558,39,171109,169680]
[559,27,689906,689615]
[560,23,621265,621069]
[561,83,43730,42313]
[562,229,348912,347550]
[563,218,93254,94127]
[564,193,124350,123879]
[565,93,599398,599120]
[566,189,370957,369473]
[567,37,111439,110358]
[568,6,565591,566040]
[569,271,96587,96414]
[570,1,462097,461433]
[571,155,153286,152213]
[572,49,532122,531575]
[573,95,40194,39496]
[574,62,407922,408326]
[575,69,552449,551622]
[576,231,145295,145129]
[577,206,208507,209922]
[578,64,356646,356885]
[579,127,436561,435606]
[580,42,902,1520]
[581,95,596339,595734]
[582,55,80931,80404]
[583,158,16908,17173]
[584,16,335097,336382]
[585,109,68525,68365]
[586,125,261331,260824]
[587,48,686925,687808]
[588,151,693563,693302]
[589,145,231946,230932]
[590,52,263222,263281]
[591,89,640685,640529]
[592,89,599621,599008]
[593,252,569827,570550]
[594,174,176988,177380]
[595,35,328663,327464]
[596,258,217517,217691]
[597,126,478975,479489]
[598,196,201700,202130]
[599,193,286512,285522]
[600,91,368975,367724]
[601,169,579336,578806]
[602,176,205682,206113]
[603,85,131213,130736]
[604,179,540667,539886]
[605,118,202087,202385]
[606,245,266849,266806]
[607,161,524814,524343]
[608,156,594705,595470]
[609,199,373114,372894]
[610,80,435971,436283]
[611,0,148861,150166]
[612,56,620670,621895]
[613,145,119712,119285]
[614,50,461399,462040]
[615,231,548927,547946]
[616,26,17444,18027]
[617,66,259620,259667]
[618,161,563371,562960]
[619,73,199852,199417]
[620,197,634798,634155]
[621,144,373365,373641]
[622,233,530392,528990]
[623,206,478012,478276]
[624,96,287827,289237]
[625,249,86801,85938]
[626,152,460251,461067]
[627,40,640256,640633]
[628,216,50953,52069]
[629,135,116800,116636]
[630,139,396448,395468]
[631,217,181459,180635]
[632,73,125747,125360]
[633,148,642850,643303]
[634,59,494816,493348]
[635,204,585960,587028]
[636,46,539919,540830]
[637,167,561289,561209]
[638,251,6714,5260]
[639,151,487857,487388]
[640,232,527679,528344]
[641,57,8184,8153]
[642,184,285094,285379]
[643,226,218084,218268]
[644,195,26545,26089]
[645,230,185941,186111]
[646,144,18314,18689]
[647,132,641701,642474]
[648,65,375813,374369]
[649,97,464190,463171]
[650,41,492455,490995]
[651,73,430513,430011]
[652,91,402294,400916]
[653,149,502288,501201]
[654,142,41718,42645]
[655,177,716284,715320]
[656,174,523861,525352]
[657,9,78435,78105]
[658,117,681429,680446]
[659,162,470692,471109]
[660,253,633822,632925]
[661,62,162522,162804]
[662,179,154155,153917]
[663,273,529317,528412]
[664,131,608171,607153]
[665,65,693659,692620]
[666,216,702748,703627]
[667,233,707658,707032]
[668,173,426091,424931]
[669,96,337092,337206]
[670,219,22637,22054]
[671,62,323230,324379]
[672,98,664558,665522]
[673,253,516318,515810]
[674,40,696305,697766]
[675,130,534854,535068]
[676,20,517872,518521]
[677,204,121145,122535]
[678,6,727933,729254]
[679,216,521920,522709]
[680,125,118253,117137]
[681,70,642386,643164]
[682,126,645693,645924]
[683,184,143657,144756]
[684,83,589861,588720]
[685,229,154990,154494]
[686,41,431433,431157]
[687,50,353744,354619]
[688,167,697974,696563]
[689,30,660056,660977]
[690,79,602436,601973]
[691,263,551877,551779]
[692,124,188546,189146]
[693,199,8462,7498]
[694,136,297786,298502]
[695,121,257444,256756]
[696,49,345888,345400]
[697,99,66271,65566]
[698,84,153866,155134]
[699,241,603449,602790]
[700,73,716502,716094]
[701,254,355557,355771]
[702,193,336010,335562]
[703,174,723449,724946]
[704,107,210341,209512]
[705,12,634321,635028]
[706,173,421946,421438]
[707,183,250575,249847]
[708,47,654070,653952]
[709,101,292972,292785]
[710,86,306785,307270]
[711,129,717223,716848]
[712,174,277337,277533]
[713,139,662108,661938]
[714,85,257157,256405]
[715,186,536889,537475]
[716,200,29444,30591]
[717,239,402970,402073]
[718,262,296772,297762]
[719,132,706042,706623]
[720,106,346270,346516]
