["head":"wrap","lpos","status"]
[216,317436,0]
["io count"]
[725]
["io":"id","wrap","startLpos","endLpos"]
[1,80,106476,107262]
[2,245,484987,484653]
[3,190,679184,679727]
[4,133,665156,663949]
[5,193,167860,167605]
[6,91,436191,436029]
[7,185,91404,91236]
[8,228,153643,154531]
[9,107,11498,10200]
[10,44,218251,218512]
[11,213,5640,4631]
[12,150,128140,129425]
[13,7,177640,177506]
[14,14,136902,138006]
[15,35,300997,299740]
[16,48,203046,204290]
[17,87,247816,247154]
[18,257,260470,259858]
[19,182,704914,705374]
[20,52,185876,186613]
[21,30,210202,211564]
[22,18,459390,460768]
[23,82,450971,451985]
[24,22,339750,340588]
[25,45,312524,312146]
[26,203,669127,667988]
[27,214,210942,211769]
[28,160,521295,522473]
[29,140,129530,130552]
[30,42,80954,81004]
[31,132,502606,503548]
[32,241,489552,489441]
[33,27,237536,237177]
[34,180,77092,77522]
[35,247,213081,212982]
[36,244,621678,623087]
[37,279,715957,714484]
[38,52,345624,345729]
[39,42,471609,472887]
[40,165,538497,537417]
[41,24,2032,3132]
[42,3,684216,683196]
[43,210,554969,555621]
[44,178,560901,562355]
[45,184,489588,491035]
[46,189,112956,111646]
[47,112,204953,205681]
[48,171,436069,435450]
[49,113,402959,401662]
[50,212,596348,597568]
[51,115,476213,475449]
[52,177,300269,299247]
[53,35,294472,294046]
[54,193,430990,430447]
[55,268,623787,624843]
[56,82,7902,8083]
[57,101,366886,366475]
[58,267,639559,638571]
[59,84,24552,25743]
[60,263,358535,358083]
[61,129,54686,54468]
[62,123,614776,614652]
[63,221,453591,452417]
[64,38,471876,471967]
[65,183,582308,582137]
[66,173,494888,494072]
[67,55,440303,439482]
[68,39,95773,94628]
[69,148,218977,219690]
[70,48,304644,304932]
[71,264,139991,140531]
[72,247,547201,546961]
[73,222,390007,390619]
[74,14,725282,726309]
[75,235,186866,186195]
[76,0,285099,286281]
[77,173,176457,175051]
[78,131,108407,107850]
[79,249,133465,132050]
[80,51,479913,478790]
[81,192,238925,240145]
[82,92,463196,464550]
[83,13,497772,496879]
[84,269,280241,279486]
[85,104,602141,602852]
[86,119,367211,366976]
[87,185,201108,200681]
[88,125,193726,193357]
[89,57,351876,350723]
[90,67,123449,123274]
[91,223,188638,188460]
[92,241,682973,682213]
[93,7,13639,12444]
[94,1,690504,689931]
[95,35,320265,319579]
[96,152,308102,308842]
[97,259,286966,286026]
[98,73,111742,110810]
[99,62,630114,630717]
[100,125,461766,460476]
[101,260,666271,667533]
[102,203,479436,478325]
[103,37,319381,319090]
[104,258,663697,663989]
[105,4,346297,347334]
[106,45,96545,95103]
[107,51,8007,7301]
[108,220,667766,668351]
[109,111,593563,592375]
[110,235,708482,708268]
[111,83,493038,492915]
[112,87,33425,32283]
[113,274,4023,5241]
[114,192,282160,282657]
[115,198,535617,536328]
[116,113,395062,394390]
[117,165,666195,665108]
[118,108,316206,317100]
[119,206,508419,509180]
[120,39,643145,642910]
[121,210,686614,687659]
[122,51,602808,601707]
[123,146,466111,466964]
[124,59,38047,37167]
[125,146,95235,96438]
[126,110,441426,442311]
[127,89,82140,82040]
[128,2,223448,223824]
[129,247,714556,713641]
[130,23,536485,535346]
[131,70,245536,246184]
[132,138,209763,211018]
[133,259,713265,712782]
[134,265,473589,472277]
[135,60,639319,640344]
[136,114,532277,533004]
[137,158,8280,8440]
[138,69,199431,198067]
[139,177,624811,624558]
[140,200,457273,458674]
[141,230,262528,262579]
[142,238,595455,595599]
[143,191,556215,555396]
[144,98,569267,569374]
[145,232,200754,201237]
[146,228,323103,324454]
[147,189,430130,428975]
[148,63,250258,249713]
[149,158,145726,146621]
[150,252,337144,338167]
[151,67,221860,221647]
[152,167,384638,384594]
[153,261,525299,524313]
[154,165,263587,262467]
[155,229,259636,258686]
[156,71,238034,237709]
[157,156,138135,138178]
[158,182,283154,283466]
[159,142,563672,564699]
[160,15,114271,114109]
[161,177,34926,33678]
[162,61,534261,533749]
[163,60,100061,101051]
[164,84,490284,491434]
[165,57,697023,696768]
[166,66,204700,205710]
[167,26,568865,569874]
[168,162,267252,268380]
[169,55,442852,442158]
[170,93,213012,212291]
[171,223,199889,198451]
[172,126,488486,489194]
[173,209,182931,182510]
[174,117,166552,165754]
[175,50,136164,136318]
[176,85,400881,400498]
[177,157,480319,480080]
[178,39,642435,641803]
[179,9,631688,630320]
[180,167,391663,390380]
[181,80,261580,262900]
[182,238,300142,300478]
[183,192,278023,278823]
[184,37,678412,677074]
[185,64,80799,81571]
[186,248,27335,28477]
[187,54,116421,116477]
[188,72,604271,605249]
[189,129,434407,433234]
[190,149,522512,521160]
[191,101,74950,74508]
[192,145,621873,621447]
[193,137,435061,434601]
[194,37,482991,482018]
[195,27,690256,689829]
[196,76,488528,489729]
[197,225,391516,390601]
[198,261,291240,291115]
[199,253,109818,109195]
[200,4,530326,531651]
[201,17,386188,385090]
[202,153,204505,203468]
[203,232,68175,69312]
[204,53,723410,723363]
[205,224,388252,389151]
[206,34,46664,46781]
[207,77,627524,626896]
[208,207,306346,305547]
[209,246,291100,292590]
[210,240,109258,109957]
[211,23,31765,31207]
[212,105,672983,671582]
[213,121,560264,559885]
[214,155,222618,221161]
[215,141,473639,472395]
[216,82,463018,464198]
[217,35,13167,12621]
[218,159,524456,523953]
[219,91,159660,159617]
[220,136,112098,113562]
[221,20,490617,491394]
[222,226,558340,559089]
[223,177,408212,408165]
[224,55,696091,695377]
[225,78,640611,641245]
[226,259,323416,323043]
[227,20,724896,726053]
[228,79,441134,440204]
[229,251,23692,23621]
[230,279,446706,445540]
[231,20,471302,472086]
[232,258,52743,52896]
[233,193,370787,370114]
[234,157,581152,580881]
[235,116,293973,294885]
[236,106,85428,86923]
[237,8,255544,255807]
[238,2,190498,191295]
[239,184,508226,509433]
[240,264,635973,636462]
[241,6,197743,198244]
[242,226,607764,608992]
[243,133,115622,114780]
[244,200,259324,260213]
[245,10,457091,458036]
[246,161,321359,320691]
[247,216,248739,249271]
[248,127,226353,225020]
[249,130,169844,170669]
[250,239,509893,508416]
[251,95,328722,327322]
[252,154,232240,232286]
[253,75,161948,161522]
[254,76,592830,593311]
[255,56,41896,42547]
[256,156,287437,287725]
[257,202,674832,675852]
[258,236,551639,552440]
[259,78,213376,214421]
[260,242,405421,405455]
[261,142,216050,217429]
[262,83,508855,507530]
[263,55,17566,17335]
[264,20,538267,538366]
[265,255,360932,359798]
[266,114,608177,609503]
[267,174,235426,236767]
[268,23,274594,273678]
[269,3,609239,608185]
[270,225,268078,266880]
[271,107,41711,41354]
[272,63,221801,221300]
[273,206,255819,256845]
[274,128,248709,249717]
[275,180,573020,573678]
[276,145,715127,714574]
[277,150,342023,342832]
[278,277,173139,172960]
[279,206,12137,12725]
[280,66,392801,394263]
[281,63,54957,53545]
[282,143,91573,91248]
[283,238,564843,565968]
[284,68,286127,286487]
[285,33,547922,546907]
[286,5,33310,31859]
[287,187,344303,343521]
[288,94,160627,160902]
[289,119,635896,635119]
[290,213,623383,622634]
[291,159,190660,189561]
[292,91,548950,548603]
[293,17,120540,119452]
[294,75,675763,675298]
[295,59,132334,131178]
[296,160,314450,314531]
[297,216,83319,83831]
[298,197,630518,629432]
[299,218,356976,357636]
[300,219,279616,278365]
[301,167,223577,223207]
[302,14,128202,129629]
[303,53,510958,509809]
[304,153,381867,380763]
[305,179,225692,225208]
[306,109,621454,620402]
[307,226,90032,90905]
[308,180,593529,593763]
[309,96,295743,295884]
[310,209,550157,549107]
[311,251,352851,352357]
[312,33,648868,648207]
[313,256,30563,30820]
[314,122,336705,338120]
[315,45,304215,303864]
[316,47,399038,397566]
[317,22,654962,655613]
[318,156,331543,332259]
[319,269,389794,389427]
[320,104,144769,145754]
[321,192,371559,371658]
[322,60,472927,473547]
[323,211,400873,400632]
[324,155,269306,267870]
[325,251,166052,165198]
[326,256,215303,215611]
[327,13,80076,78737]
[328,109,499071,498595]
[329,142,554104,555445]
[330,162,636507,637515]
[331,157,482510,481444]
[332,42,244895,245500]
[333,253,27622,27249]
[334,145,105279,104318]
[335,144,200050,200260]
[336,50,263633,264742]
[337,114,84990,85647]
[338,117,239795,238471]
[339,146,222031,222859]
[340,30,63986,64335]
[341,129,628674,628070]
[342,49,288585,287670]
[343,34,40568,40961]
[344,275,385973,385439]
[345,27,605728,604565]
[346,89,177812,176350]
[347,117,70617,70039]
[348,202,460724,461019]
[349,251,688606,688554]
[350,25,353407,352552]
[351,153,730254,729194]
[352,44,35862,36748]
[353,0,607916,608406]
[354,80,117666,117977]
[355,211,343727,343449]
[356,4,594491,595770]
[357,174,276984,277464]
[358,278,603274,603701]
[359,277,63353,62284]
[360,239,692611,692278]
[361,128,206507,207971]
[362,219,690266,689234]
[363,213,64294,63718]
[364,180,547529,548531]
[365,77,385130,384379]
[366,244,141874,142548]
[367,82,180876,181620]
[368,212,253742,254138]
[369,205,671224,671141]
[370,266,554222,555704]
[371,3,288475,287016]
[372,160,493374,494245]
[373,50,467618,468463]
[374,21,79505,79402]
[375,193,10796,9444]
[376,26,543865,544623]
[377,127,21134,20706]
[378,77,597192,596827]
[379,204,279552,279676]
[380,75,258692,257744]
[381,216,341583,342136]
[382,87,261355,261138]
[383,21,683557,682375]
[384,119,130997,130165]
[385,159,528567,527468]
[386,45,52012,51221]
[387,274,285245,286057]
[388,13,296640,296360]
[389,144,212999,213029]
[390,208,547028,547716]
[391,70,383788,384773]
[392,208,79038,80027]
[393,267,588640,587383]
[394,138,137616,137770]
[395,25,189585,188918]
[396,121,174699,174600]
[397,207,70333,68834]
[398,140,634507,635703]
[399,265,191096,190265]
[400,278,345697,345746]
[401,212,603206,604430]
[402,27,312783,312152]
[403,45,430034,429255]
[404,168,372763,372966]
[405,3,293718,292716]
[406,49,517699,516758]
[407,131,116151,115874]
[408,162,296809,297329]
[409,99,389813,388692]
[410,63,243339,242845]
[411,230,524516,525366]
[412,9,65377,64414]
[413,251,254076,253299]
[414,69,522228,521225]
[415,227,710829,709716]
[416,279,405892,405294]
[417,142,46132,47056]
[418,194,192658,193871]
[419,47,429470,429134]
[420,277,429060,428878]
[421,106,528025,528488]
[422,107,419220,418605]
[423,212,707810,708867]
[424,218,382824,383460]
[425,86,533375,534121]
[426,264,233968,234156]
[427,263,595914,595407]
[428,122,32062,32590]
[429,10,357812,359035]
[430,45,16600,15179]
[431,184,530107,531393]
[432,208,699642,700268]
[433,152,433001,434287]
[434,21,366045,364574]
[435,225,471460,470329]
[436,56,537733,538745]
[437,73,652500,651816]
[438,54,323288,323550]
[439,247,257981,257088]
[440,228,463363,463574]
[441,128,112443,112818]
[442,0,597271,597595]
[443,138,117101,117759]
[444,15,612631,611405]
[445,98,690722,692014]
[446,252,383339,384019]
[447,277,169536,168995]
[448,241,109358,108804]
[449,139,140835,139431]
[450,67,687884,686671]
[451,275,213514,212944]
[452,173,192620,191856]
[453,72,418375,418626]
[454,253,281872,280426]
[455,64,227525,228513]
[456,215,628965,628144]
[457,262,341363,341901]
[458,87,141278,140526]
[459,140,503488,503981]
[460,251,715065,715004]
[461,35,591955,591880]
[462,266,115268,115476]
[463,182,195040,196155]
[464,7,129017,128127]
[465,238,686913,687829]
[466,231,693801,693630]
[467,30,70608,71347]
[468,40,267762,268904]
[469,101,92338,91018]
[470,189,410873,410182]
[471,239,486966,485968]
[472,204,27875,28187]
[473,233,148571,147577]
[474,105,285128,285037]
[475,226,396418,397793]
[476,130,23540,24091]
[477,73,462702,462170]
[478,229,425444,424938]
[479,238,87105,87143]
[480,251,93327,92411]
[481,143,468478,467288]
[482,257,451343,450130]
[483,115,492975,492142]
[484,44,193837,193934]
[485,120,364137,364177]
[486,72,586387,586451]
[487,11,212196,211982]
[488,247,482888,481488]
[489,7,371880,371508]
[490,134,579949,580635]
[491,172,591522,592716]
[492,174,196174,196833]
[493,265,509205,508907]
[494,114,13595,14844]
[495,149,196815,196662]
[496,48,211839,212396]
[497,139,109193,109126]
[498,207,130531,129272]
[499,164,459760,460024]
[500,58,384681,384899]
[501,8,456630,457323]
[502,199,323161,321968]
[503,227,363223,362760]
[504,178,429537,429765]
[505,78,343956,345290]
[506,93,393145,392999]
[507,147,277702,277076]
[508,158,327805,328249]
[509,231,191871,190838]
[510,274,542972,543394]
[511,3,132379,131138]
[512,225,149735,149565]
[513,254,579633,580431]
[514,84,530493,531894]
[515,235,30146,29400]
[516,183,98577,97928]
[517,28,312908,313190]
[518,255,7033,6022]
[519,147,233838,232486]
[520,228,711435,712067]
[521,86,310202,311261]
[522,120,218374,218959]
[523,239,78377,78092]
[524,70,570049,570296]
[525,126,419142,419708]
[526,102,107118,107635]
[527,105,163030,162127]
[528,141,151199,150876]
[529,54,230349,230501]
[530,103,515007,514431]
[531,142,536978,537912]
[532,261,708898,708189]
[533,254,425052,425561]
[534,210,540100,540740]
[535,218,628685,628826]
[536,80,285391,285443]
[537,68,215427,215617]
[538,267,480440,479438]
[539,192,485565,486262]
[540,4,480003,481503]
[541,222,577628,578858]
[542,266,549762,550857]
[543,177,405733,404297]
[544,279,292406,291909]
[545,11,723553,722553]
[546,190,243154,244482]
[547,198,238122,238186]
[548,55,461539,461415]
[549,29,241535,240328]
[550,259,162581,161882]
[551,252,215702,216167]
[552,160,537935,539330]
[553,245,334334,334097]
[554,45,379843,378460]
[555,180,156192,157219]
[556,174,224050,224985]
[557,77,387296,387050]
[558,24,326184,327037]
[559,26,407836,408407]
[560,72,340349,340971]
[561,44,161795,162366]
[562,256,55342,56179]
[563,189,668503,667382]
[564,200,16288,16703]
[565,213,697844,696460]
[566,33,382498,382109]
[567,108,82721,83907]
[568,39,306362,305719]
[569,206,518981,519856]
[570,46,390101,391444]
[571,176,152561,153069]
[572,221,537453,536779]
[573,30,581757,582986]
[574,171,46178,45952]
[575,268,434874,436308]
[576,25,423035,422491]
[577,202,373752,373841]
[578,130,614587,615366]
[579,51,153460,153069]
[580,206,727877,728389]
[581,53,710905,709534]
[582,258,245077,245814]
[583,80,68777,69964]
[584,119,125708,124867]
[585,89,249656,249466]
[586,130,127597,128085]
[587,254,691468,691699]
[588,142,405210,405548]
[589,246,728726,729140]
[590,253,74765,73414]
[591,78,46439,47655]
[592,57,361398,359931]
[593,149,499106,498407]
[594,83,41635,40852]
[595,266,235850,237349]
[596,82,454128,454417]
[597,118,275102,275939]
[598,277,124245,122895]
[599,183,529776,528511]
[600,191,22242,22081]
[601,277,607122,607084]
[602,99,205716,204675]
[603,259,28960,28416]
[604,162,118323,119150]
[605,246,127594,128847]
[606,24,186223,187411]
[607,134,45184,46408]
[608,63,725932,725246]
[609,73,371847,371697]
[610,204,676796,677842]
[611,167,208599,208556]
[612,179,161508,160817]
[613,121,10950,9602]
[614,263,255436,253986]
[615,264,636255,636408]
[616,218,208002,209098]
[617,117,72196,71586]
[618,16,177570,178686]
[619,201,626465,626151]
[620,135,163970,162840]
[621,274,135199,135746]
[622,183,80268,79269]
[623,75,646220,645508]
[624,274,701055,702544]
[625,211,359058,358537]
[626,195,25065,24229]
[627,261,459630,459427]
[628,46,349304,349852]
[629,258,259747,260787]
[630,100,156115,157538]
[631,22,523560,524273]
[632,47,290216,289325]
[633,35,513291,512538]
[634,124,715180,715400]
[635,221,665991,665600]
[636,123,456607,456417]
[637,67,43714,42855]
[638,241,317530,316317]
[639,127,258966,258631]
[640,39,252136,251383]
[641,75,204478,204396]
[642,58,12726,13766]
[643,61,339396,339298]
[644,110,276713,277807]
[645,42,200661,201344]
[646,169,639922,639548]
[647,188,159374,159881]
[648,129,39573,38426]
[649,45,368839,367470]
[650,110,260597,261398]
[651,236,600888,601142]
[652,105,631478,630666]
[653,137,353440,352753]
[654,237,248637,247447]
[655,161,446870,445422]
[656,34,132591,133990]
[657,188,44341,45225]
[658,194,346010,347483]
[659,260,486019,486475]
[660,194,21288,22669]
[661,178,356894,358050]
[662,11,603221,602478]
[663,138,569470,569618]
[664,144,575100,575315]
[665,45,325186,325130]
[666,105,195620,194153]
[667,180,385524,385797]
[668,154,48590,49126]
[669,68,410832,411678]
[670,159,678698,678473]
[671,156,168101,169519]
[672,75,15241,14824]
[673,232,270399,270946]
[674,38,693963,695099]
[675,149,188351,187891]
[676,125,358374,357328]
[677,67,556714,555676]
[678,86,427502,427683]
[679,162,595311,595389]
[680,72,608448,609263]
[681,220,638656,639466]
[682,131,102282,101475]
[683,204,624379,625842]
[684,133,5940,4913]
[685,237,476182,475654]
[686,44,301479,302629]
[687,15,120113,118697]
[688,183,363951,363339]
[689,164,181140,181765]
[690,63,18473,17324]
[691,124,192590,192952]
[692,231,700730,700700]
[693,62,563505,564075]
[694,199,74242,74138]
[695,192,68380,68887]
[696,133,569820,568498]
[697,123,206137,205166]
[698,68,10845,11423]
[699,106,466995,467661]
[700,271,466310,464989]
[701,218,363940,364981]
[702,78,656238,657515]
[703,89,51637,51003]
[704,87,184286,183340]
[705,160,367856,368321]
[706,217,615972,614710]
[707,27,476135,475138]
[708,176,275213,276268]
[709,258,717113,717872]
[710,167,482802,481499]
[711,75,619632,618746]
[712,28,273758,274436]
[713,180,81330,82783]
[714,268,591458,592238]
[715,206,67384,67591]
[716,197,724774,723297]
[717,117,297709,297102]
[718,178,499954,500168]
[719,52,429596,430614]
[720,212,308282,309454]
[721,235,160482,159056]
[722,108,613667,614778]
[723,31,35325,35254]
[724,153,212977,212358]
[725,142,454581,455694]
