["head":"wrap","lpos","status"]
[169,725094,0]
["io count"]
[730]
["io":"id","wrap","startLpos","endLpos"]
[1,212,163861,164671]
[2,176,634255,635658]
[3,227,335293,334384]
[4,132,406055,406601]
[5,120,103152,104058]
[6,44,58009,59110]
[7,33,230655,229849]
[8,158,475228,476505]
[9,75,652947,651654]
[10,154,725150,726618]
[11,3,158876,158239]
[12,135,539335,538454]
[13,161,32166,32091]
[14,104,125971,126085]
[15,221,555874,555433]
[16,117,605847,605767]
[17,197,177510,176226]
[18,120,653709,653827]
[19,37,681424,680153]
[20,274,367613,368971]
[21,140,10408,10755]
[22,92,347627,348942]
[23,178,179245,180470]
[24,6,47373,48407]
[25,187,471964,471645]
[26,70,63949,64256]
[27,193,340109,339278]
[28,12,612754,612905]
[29,183,347392,346684]
[30,113,253613,253076]
[31,112,624781,626271]
[32,87,504622,503154]
[33,199,563150,562788]
[34,124,367412,368599]
[35,152,356314,357269]
[36,113,488377,488314]
[37,210,541117,541796]
[38,81,693121,692665]
[39,213,47476,46704]
[40,187,669499,668359]
[41,158,358223,359557]
[42,23,446400,446184]
[43,164,152725,153097]
[44,86,126701,127032]
[45,208,456433,456667]
[46,191,556590,555349]
[47,66,690276,691078]
[48,132,692895,693167]
[49,71,155519,154644]
[50,208,229500,230685]
[51,255,239090,237717]
[52,75,473735,472610]
[53,142,131633,132771]
[54,254,331320,331407]
[55,178,501701,502056]
[56,30,693176,694620]
[57,130,627648,629086]
[58,121,158117,156961]
[59,140,185974,186136]
[60,95,191568,191327]
[61,74,92984,93084]
[62,107,242615,241680]
[63,147,44731,44121]
[64,111,524345,523873]
[65,221,641218,640766]
[66,141,658796,658651]
[67,71,266582,266237]
[68,266,546347,546817]
[69,184,83792,83927]
[70,245,227780,226349]
[71,14,300430,300810]
[72,17,176292,175401]
[73,110,521543,522011]
[74,4,107746,108236]
[75,135,726602,725316]
[76,232,321958,322854]
[77,204,487223,487286]
[78,177,730400,729224]
[79,206,144416,145266]
[80,252,619450,619682]
[81,77,602877,601776]
[82,67,202757,201549]
[83,123,384075,382694]
[84,9,6042,5763]
[85,197,269833,269325]
[86,88,49213,49710]
[87,252,559336,559465]
[88,230,666141,667216]
[89,36,582193,583372]
[90,130,511159,511512]
[91,68,688937,689048]
[92,65,512080,511435]
[93,172,431971,433181]
[94,28,645804,646225]
[95,181,197984,196790]
[96,83,330968,330096]
[97,11,320531,320018]
[98,191,570175,570023]
[99,231,164583,163907]
[100,273,519423,518503]
[101,83,133581,133121]
[102,143,468395,468262]
[103,255,424212,423786]
[104,251,64109,63930]
[105,254,360377,361336]
[106,123,521612,521097]
[107,179,235941,235748]
[108,205,349598,348182]
[109,237,422261,421795]
[110,200,269433,270809]
[111,7,59617,58368]
[112,216,3813,5054]
[113,277,36869,36210]
[114,249,342954,342398]
[115,128,26912,27551]
[116,116,399576,400908]
[117,143,496868,495909]
[118,75,471721,471211]
[119,148,498330,499780]
[120,211,326628,326391]
[121,174,96492,97348]
[122,131,455951,454507]
[123,6,393125,394402]
[124,261,91309,91068]
[125,225,634004,633914]
[126,40,260199,261561]
[127,74,252411,253345]
[128,30,447951,449251]
[129,99,60978,60752]
[130,224,411253,412697]
[131,112,355964,357104]
[132,229,454983,453734]
[133,209,302208,300977]
[134,9,385425,385029]
[135,66,648672,648819]
[136,18,312337,313087]
[137,166,298117,299205]
[138,183,625314,625252]
[139,239,665031,663832]
[140,76,339746,340729]
[141,212,293800,294776]
[142,142,228421,228679]
[143,161,200806,200484]
[144,76,424619,425302]
[145,249,100260,99289]
[146,111,14542,13887]
[147,252,334545,334691]
[148,214,645641,646682]
[149,154,588309,588434]
[150,230,131741,131938]
[151,166,467390,468623]
[152,246,535300,536360]
[153,239,55771,55080]
[154,261,45468,44338]
[155,217,648498,647558]
[156,110,391226,391414]
[157,198,154581,155248]
[158,67,143010,142160]
[159,243,340243,339761]
[160,23,332782,332449]
[161,30,676648,677023]
[162,211,387454,386368]
[163,79,312407,311558]
[164,1,556906,556440]
[165,274,294737,296058]
[166,52,349844,351109]
[167,23,353982,352931]
[168,170,623265,623324]
[169,71,258196,257984]
[170,209,519949,519257]
[171,129,85384,84436]
[172,99,90156,89941]
[173,204,100647,101044]
[174,46,431343,431527]
[175,143,122350,122210]
[176,151,242191,242074]
[177,142,145920,146901]
[178,195,60839,60538]
[179,85,687882,686615]
[180,125,103832,102981]
[181,131,72934,71576]
[182,222,725316,726078]
[183,1,11015,10959]
[184,83,98111,97127]
[185,102,288569,289336]
[186,156,238236,238646]
[187,23,583226,583051]
[188,72,207727,208064]
[189,20,564057,564168]
[190,218,492107,492612]
[191,217,679790,678438]
[192,98,557017,558504]
[193,175,347003,346188]
[194,103,427232,425891]
[195,42,693369,693511]
[196,86,389900,390685]
[197,189,667176,666778]
[198,24,329472,330276]
[199,38,505556,506151]
[200,224,429438,430237]
[201,33,468736,468647]
[202,275,626522,626492]
[203,75,704933,703726]
[204,129,131665,130316]
[205,273,80764,79633]
[206,210,208112,208635]
[207,92,61950,63365]
[208,167,205997,205489]
[209,86,231909,233126]
[210,231,118184,117261]
[211,23,358212,357515]
[212,102,397227,397429]
[213,107,563791,563045]
[214,242,317680,318717]
[215,260,703623,704094]
[216,15,475434,474306]
[217,121,703417,702949]
[218,173,281635,280295]
[219,242,129152,129531]
[220,259,339889,339286]
[221,22,365820,366511]
[222,162,650791,651670]
[223,269,84483,83720]
[224,38,149578,151012]
[225,275,231429,230724]
[226,166,603241,604733]
[227,42,352156,352850]
[228,30,301513,302405]
[229,176,298562,299853]
[230,159,440672,439570]
[231,47,525712,524366]
[232,21,208566,207502]
[233,132,141672,142296]
[234,225,411110,410229]
[235,0,73160,73931]
[236,170,57006,58033]
[237,113,220002,219391]
[238,125,172966,171779]
[239,180,556952,558435]
[240,145,614427,613094]
[241,247,560300,559120]
[242,12,166084,167486]
[243,174,560653,562103]
[244,151,592932,592204]
[245,197,513587,512229]
[246,70,194475,195621]
[247,137,495471,494677]
[248,234,31030,31151]
[249,158,99081,99246]
[250,141,301080,300527]
[251,278,594254,595092]
[252,147,473891,473271]
[253,237,334936,333941]
[254,142,549751,550162]
[255,189,424625,423239]
[256,24,274551,275870]
[257,82,140051,140338]
[258,228,495085,496284]
[259,215,369357,368752]
[260,206,355341,356318]
[261,132,162618,163831]
[262,25,405402,404318]
[263,238,324042,325344]
[264,201,664399,663274]
[265,237,313976,313629]
[266,220,720940,721988]
[267,126,495912,496700]
[268,98,166818,167799]
[269,250,663275,664070]
[270,249,278158,278072]
[271,253,8819,7622]
[272,63,169362,168915]
[273,145,514501,514087]
[274,65,111489,111431]
[275,56,346558,347774]
[276,263,685603,684556]
[277,234,63723,63767]
[278,120,598183,598634]
[279,175,660005,658765]
[280,109,45185,45010]
[281,125,277397,277114]
[282,241,324938,323950]
[283,85,535808,535101]
[284,188,715705,715790]
[285,129,88510,88045]
[286,155,709079,708437]
[287,58,459271,459685]
[288,14,529735,530374]
[289,265,251747,250476]
[290,57,433455,431980]
[291,175,503690,503407]
[292,13,620660,620601]
[293,96,470947,471613]
[294,47,454027,453425]
[295,88,461873,462549]
[296,112,112914,114245]
[297,242,645535,646064]
[298,8,556784,556955]
[299,175,215446,215302]
[300,40,430177,430404]
[301,206,159569,159917]
[302,273,70228,69011]
[303,195,574063,572935]
[304,179,207559,207422]
[305,10,724284,725703]
[306,275,661589,661350]
[307,221,291752,291291]
[308,230,710145,710810]
[309,1,434959,434298]
[310,2,506525,507187]
[311,65,423303,422012]
[312,118,271513,271633]
[313,266,323390,324283]
[314,94,323682,324620]
[315,89,154215,153657]
[316,75,403292,402758]
[317,89,275276,274963]
[318,263,362730,361713]
[319,206,688712,690207]
[320,31,583373,581978]
[321,73,605252,604073]
[322,143,608789,607340]
[323,91,24144,23298]
[324,158,538549,539668]
[325,49,420373,419023]
[326,2,623167,623947]
[327,182,698177,698911]
[328,95,99112,99022]
[329,11,192263,191561]
[330,231,216192,215184]
[331,75,619857,619467]
[332,205,41429,41133]
[333,79,223565,222116]
[334,140,180837,181709]
[335,172,263072,264362]
[336,37,492999,492700]
[337,46,260212,260724]
[338,33,386201,385755]
[339,141,9651,8832]
[340,167,404453,403645]
[341,22,466829,467879]
[342,266,47468,47801]
[343,199,462207,460931]
[344,232,602949,604200]
[345,177,38285,37189]
[346,168,401150,401623]
[347,216,259112,259714]
[348,247,127418,126644]
[349,138,531397,532810]
[350,240,107299,108130]
[351,49,44371,43480]
[352,208,615932,616062]
[353,96,236548,237685]
[354,117,141333,139911]
[355,233,485137,484051]
[356,111,90778,90111]
[357,119,595121,593889]
[358,200,220799,221815]
[359,143,34262,32970]
[360,6,53915,55276]
[361,229,657647,657076]
[362,239,210233,209764]
[363,48,155347,155676]
[364,161,299322,298889]
[365,77,428134,426837]
[366,61,252712,251782]
[367,217,87382,87233]
[368,133,81413,79923]
[369,239,590323,588904]
[370,32,570761,571947]
[371,25,681798,681290]
[372,241,19077,17970]
[373,25,534637,534448]
[374,237,597145,596692]
[375,187,222339,221006]
[376,226,76841,76954]
[377,161,602332,601246]
[378,115,568539,567644]
[379,258,349628,350611]
[380,144,293052,293190]
[381,114,374961,375855]
[382,130,368613,369916]
[383,11,11125,10552]
[384,71,250688,249837]
[385,108,529183,530528]
[386,58,183349,184220]
[387,97,4533,4320]
[388,106,157683,158940]
[389,119,128814,128187]
[390,197,144738,143684]
[391,124,64706,65292]
[392,85,82568,81620]
[393,9,696010,695894]
[394,248,48856,49945]
[395,254,297603,298671]
[396,132,66434,67119]
[397,42,251378,252707]
[398,146,650579,650617]
[399,66,584305,584428]
[400,51,695265,694101]
[401,43,298964,298622]
[402,272,541901,542601]
[403,266,439728,440350]
[404,210,185383,185764]
[405,120,491329,492100]
[406,55,482846,482227]
[407,1,685372,684511]
[408,47,131933,131027]
[409,135,133731,133173]
[410,162,109097,110276]
[411,156,519870,520189]
[412,176,53255,54501]
[413,52,539558,539733]
[414,207,398043,397488]
[415,119,422461,420975]
[416,12,99658,101150]
[417,151,572908,572002]
[418,45,56537,55829]
[419,66,29673,30455]
[420,196,129449,129832]
[421,237,170522,170295]
[422,56,409424,409773]
[423,30,557880,559374]
[424,119,520157,519519]
[425,130,141949,143035]
[426,145,132004,130616]
[427,161,43683,42786]
[428,37,345675,345156]
[429,255,582213,581745]
[430,110,449355,450461]
[431,14,437060,438247]
[432,62,462086,462910]
[433,142,617209,617707]
[434,218,2058,3150]
[435,228,546272,547157]
[436,234,160019,161024]
[437,109,14311,13158]
[438,103,248880,248074]
[439,203,699276,698136]
[440,16,519274,520085]
[441,276,65172,65232]
[442,106,289715,289753]
[443,240,564659,565824]
[444,78,534076,534203]
[445,159,388509,387364]
[446,221,164231,163130]
[447,35,219807,219333]
[448,154,57777,57949]
[449,237,547659,546715]
[450,242,662517,663215]
[451,220,309132,309506]
[452,151,662562,661838]
[453,84,439633,440953]
[454,219,527905,526583]
[455,86,439995,440553]
[456,110,378381,379754]
[457,241,238018,237789]
[458,270,453720,454143]
[459,215,315472,314675]
[460,50,350730,352139]
[461,259,458519,457327]
[462,111,589271,587986]
[463,205,314707,313853]
[464,255,337113,336908]
[465,154,58206,58557]
[466,157,42760,41782]
[467,160,357528,357644]
[468,111,344805,344505]
[469,155,523537,522777]
[470,270,183484,184899]
[471,59,81881,81159]
[472,2,417474,418670]
[473,199,413359,413032]
[474,165,412762,412490]
[475,209,33235,31876]
[476,135,225090,224735]
[477,53,571133,569970]
[478,166,638506,638648]
[479,106,62029,62641]
[480,192,591083,591615]
[481,58,524876,526205]
[482,11,230207,228952]
[483,166,226727,226787]
[484,237,442616,442068]
[485,195,371939,371264]
[486,96,94700,95052]
[487,45,545274,544159]
[488,232,470807,471583]
[489,114,304742,304781]
[490,121,304381,303457]
[491,21,691548,691045]
[492,86,139482,139858]
[493,56,358467,358974]
[494,252,90727,91771]
[495,34,50375,51643]
[496,261,530537,529880]
[497,209,288008,286778]
[498,58,395637,396746]
[499,27,77727,76360]
[500,47,325156,325083]
[501,120,680962,682125]
[502,167,333179,331696]
[503,206,229386,230060]
[504,66,485370,486596]
[505,101,92068,91398]
[506,247,95591,94180]
[507,61,533468,532795]
[508,150,578472,578873]
[509,76,97736,98713]
[510,38,93567,94900]
[511,146,357492,358935]
[512,248,294990,296209]
[513,230,535847,537082]
[514,213,518989,518688]
[515,118,466787,467648]
[516,77,570425,569340]
[517,116,640418,640780]
[518,196,85598,86200]
[519,112,41111,41726]
[520,248,384405,384664]
[521,96,503740,504615]
[522,165,23555,22825]
[523,124,719175,720399]
[524,230,397000,397183]
[525,4,41020,41994]
[526,92,530201,531213]
[527,202,538723,539746]
[528,172,609500,609947]
[529,32,362176,363090]
[530,107,645344,645213]
[531,102,583033,584054]
[532,226,598983,600347]
[533,84,474488,475413]
[534,209,307368,306282]
[535,18,555727,556568]
[536,235,26274,25934]
[537,155,29836,28471]
[538,72,77057,78518]
[539,40,210144,210448]
[540,84,505115,505188]
[541,93,353346,352324]
[542,56,431001,431671]
[543,121,371359,370691]
[544,254,36228,37171]
[545,97,456870,455490]
[546,274,1602,2879]
[547,151,240441,239887]
[548,7,377326,376414]
[549,30,371927,372663]
[550,164,338667,339954]
[551,169,421066,420113]
[552,84,260613,261639]
[553,237,210471,209906]
[554,153,496563,495453]
[555,45,596545,595988]
[556,114,495650,497064]
[557,70,115536,115645]
[558,71,518746,518517]
[559,100,88196,89131]
[560,191,420498,419240]
[561,183,406465,405459]
[562,74,606624,607387]
[563,140,663194,664187]
[564,155,277558,276698]
[565,114,488763,489035]
[566,136,152834,154282]
[567,220,44329,44365]
[568,91,708446,708294]
[569,279,463555,462765]
[570,210,600236,601103]
[571,220,556610,557213]
[572,58,483448,483877]
[573,40,7004,7424]
[574,28,354853,354992]
[575,251,679035,678411]
[576,184,232337,233441]
[577,80,48169,49051]
[578,155,418802,417993]
[579,67,317030,315572]
[580,40,430197,430783]
[581,188,522045,522166]
[582,15,21105,20860]
[583,276,52670,54108]
[584,72,521657,522063]
[585,67,317114,316301]
[586,143,455674,455357]
[587,51,52405,51288]
[588,98,617410,617475]
[589,38,577360,577582]
[590,83,359796,358448]
[591,218,1968,2141]
[592,73,636027,635528]
[593,120,15390,16050]
[594,225,133309,132032]
[595,154,37160,37442]
[596,36,84946,86372]
[597,42,482599,484015]
[598,224,492796,493873]
[599,76,45692,46950]
[600,117,49812,49544]
[601,145,367702,366548]
[602,18,201113,202432]
[603,161,211044,210112]
[604,112,647246,647939]
[605,18,379275,379669]
[606,121,576391,576143]
[607,164,681542,682451]
[608,182,297178,298146]
[609,274,353231,353758]
[610,34,131995,132289]
[611,140,340866,341119]
[612,167,94084,93884]
[613,190,344349,345367]
[614,236,650727,651246]
[615,187,38155,37749]
[616,204,329010,330377]
[617,103,245512,244191]
[618,165,191530,190161]
[619,35,174585,173110]
[620,35,362870,362396]
[621,277,179987,178815]
[622,68,518266,519217]
[623,129,555393,554942]
[624,187,307184,307106]
[625,122,278748,279533]
[626,192,447091,447721]
[627,260,387985,388544]
[628,30,111245,112463]
[629,102,124946,125519]
[630,235,572379,570918]
[631,5,227224,227110]
[632,160,284048,284826]
[633,96,149388,149445]
[634,218,446913,448210]
[635,264,227202,228387]
[636,212,538489,539343]
[637,218,214153,215041]
[638,10,465987,466306]
[639,93,713025,712749]
[640,163,147310,146340]
[641,76,2743,3540]
[642,98,554183,554437]
[643,101,473516,473223]
[644,269,246117,245490]
[645,171,287322,286047]
[646,163,182085,181021]
[647,246,36628,36850]
[648,129,621676,620706]
[649,112,449603,449947]
[650,189,70399,69720]
[651,210,73140,73263]
[652,52,439409,440431]
[653,99,128133,126797]
[654,28,486722,487766]
[655,276,397870,398376]
[656,185,33793,33205]
[657,186,106111,106735]
[658,143,444201,442727]
[659,10,41156,42534]
[660,13,218684,217301]
[661,173,536060,535645]
[662,144,199980,201364]
[663,181,265118,264584]
[664,224,674783,675201]
[665,53,314598,313950]
[666,188,227530,228105]
[667,147,292973,291604]
[668,162,111607,112177]
[669,119,727245,726597]
[670,64,206398,207789]
[671,164,382246,382416]
[672,158,631684,631779]
[673,62,54640,56081]
[674,117,142734,141838]
[675,138,93519,93918]
[676,65,139814,139402]
[677,172,189236,190076]
[678,137,338534,337589]
[679,185,161853,161239]
[680,156,590934,592417]
[681,129,649120,648792]
[682,42,432543,433883]
[683,259,86559,86067]
[684,120,213768,214805]
[685,72,159533,160817]
[686,209,719862,719191]
[687,31,128040,126866]
[688,165,652290,651817]
[689,185,520025,518975]
[690,47,109119,107697]
[691,274,19653,20178]
[692,220,640315,640848]
[693,63,548332,548062]
[694,272,319499,320108]
[695,180,123017,123912]
[696,83,22051,22003]
[697,216,522559,523870]
[698,58,353230,353825]
[699,113,234967,234150]
[700,33,584786,584739]
[701,52,245960,247156]
[702,21,204112,203592]
[703,190,595422,596143]
[704,46,568268,568978]
[705,107,354707,354060]
[706,168,178132,178921]
[707,205,599242,598208]
[708,45,377309,376159]
[709,128,10617,10717]
[710,67,147003,145992]
[711,173,226530,225323]
[712,277,479672,478817]
[713,230,549337,549849]
[714,79,199456,198054]
[715,27,596547,596345]
[716,91,658880,658514]
[717,254,593740,594649]
[718,12,517309,518306]
[719,40,314962,315567]
[720,80,4132,4720]
[721,124,239991,241082]
[722,162,506882,507196]
[723,57,637795,637263]
[724,246,628151,629301]
[725,250,200658,201105]
[726,207,547555,546231]
[727,123,338766,338701]
[728,184,243860,245286]
[729,51,227891,227438]
[730,278,286621,287503]
