["head":"wrap","lpos","status"]
[225,729292,1]
["io count"]
[735]
["io":"id","wrap","startLpos","endLpos"]
[1,70,463817,464528]
[2,256,496592,497729]
[3,18,496577,496686]
[4,26,278511,279919]
[5,160,467306,467939]
[6,160,609242,610433]
[7,268,720924,722274]
[8,246,27146,28636]
[9,277,608796,608550]
[10,155,296202,295437]
[11,225,138555,137769]
[12,17,386360,385707]
[13,172,421907,422368]
[14,50,167367,168243]
[15,58,48529,48829]
[16,76,361445,362495]
[17,139,461345,459919]
[18,93,252140,250859]
[19,175,597002,595949]
[20,64,718810,719571]
[21,108,476175,476968]
[22,51,110171,109986]
[23,200,551489,552635]
[24,169,434056,432673]
[25,40,264348,264492]
[26,138,177181,177847]
[27,179,149834,149269]
[28,19,203244,202017]
[29,59,504993,503948]
[30,234,19234,19872]
[31,135,686132,685772]
[32,279,368806,367336]
[33,184,190535,191542]
[34,219,327540,327237]
[35,56,334771,335826]
[36,99,26602,25592]
[37,122,671373,671626]
[38,131,178800,177981]
[39,81,64312,64133]
[40,89,722630,722485]
[41,57,91805,91257]
[42,117,568856,568129]
[43,251,12229,12177]
[44,5,92101,91505]
[45,234,518105,518812]
[46,15,572819,572112]
[47,137,700514,700272]
[48,97,32402,32137]
[49,91,692946,691457]
[50,208,402594,402645]
[51,101,67244,65958]
[52,111,448945,447506]
[53,28,622553,623121]
[54,115,172213,171050]
[55,74,11152,12632]
[56,33,87070,86608]
[57,277,152973,152753]
[58,148,457020,457274]
[59,151,152787,152015]
[60,156,45115,45267]
[61,239,188673,188506]
[62,161,459282,458600]
[63,217,379874,379483]
[64,276,304823,305905]
[65,107,6360,5316]
[66,252,691124,692204]
[67,269,647651,646315]
[68,163,474295,472829]
[69,83,641743,640609]
[70,26,548022,548993]
[71,168,698854,699265]
[72,231,711712,710601]
[73,253,191728,191169]
[74,275,524816,524069]
[75,187,331545,330307]
[76,50,483226,483562]
[77,74,250175,250980]
[78,95,407716,406696]
[79,111,500432,499328]
[80,97,294070,293324]
[81,153,54258,54130]
[82,119,190386,189772]
[83,226,474400,475013]
[84,243,612807,612572]
[85,164,154859,155301]
[86,219,376050,375257]
[87,173,19454,18686]
[88,96,721668,722123]
[89,68,255993,256242]
[90,183,656002,655431]
[91,266,465182,466449]
[92,207,687410,686469]
[93,25,154532,153362]
[94,198,430821,432160]
[95,13,274322,273723]
[96,236,184231,185476]
[97,109,511665,511289]
[98,67,385723,384305]
[99,68,190562,190970]
[100,211,23585,22933]
[101,125,219092,218671]
[102,100,612598,613010]
[103,184,43720,44057]
[104,59,259784,258432]
[105,271,226902,225733]
[106,275,478632,477303]
[107,59,211073,209818]
[108,1,248926,247793]
[109,151,231348,230669]
[110,173,668793,667423]
[111,269,315716,314975]
[112,102,117441,118708]
[113,256,487681,489067]
[114,87,551302,550076]
[115,205,611373,610047]
[116,172,267583,268142]
[117,151,453700,453577]
[118,199,398072,396913]
[119,36,26318,26442]
[120,138,352726,352847]
[121,8,321031,321729]
[122,117,64096,63892]
[123,191,648170,648132]
[124,51,139486,138057]
[125,18,441522,442416]
[126,251,96498,95841]
[127,208,180942,181129]
[128,211,276801,276014]
[129,89,626657,626141]
[130,240,108227,109064]
[131,217,43852,43311]
[132,131,353334,352690]
[133,267,556665,556509]
[134,129,674650,673455]
[135,51,84242,82844]
[136,156,14677,16014]
[137,250,199564,199818]
[138,233,404265,403831]
[139,184,430848,431356]
[140,181,225265,224473]
[141,252,250080,250203]
[142,193,183895,183791]
[143,103,228455,227313]
[144,235,423773,422660]
[145,217,476268,475663]
[146,178,468910,469958]
[147,146,155813,156038]
[148,162,574670,575904]
[149,184,624015,625363]
[150,167,244146,243928]
[151,55,457054,456956]
[152,136,72629,73741]
[153,21,549759,549644]
[154,29,416308,414946]
[155,64,702910,703549]
[156,180,33545,33581]
[157,278,657904,658157]
[158,186,54083,54534]
[159,101,22457,21162]
[160,130,359547,360601]
[161,271,379868,379089]
[162,189,503697,502338]
[163,23,651611,651084]
[164,171,410777,410302]
[165,191,473018,472137]
[166,131,476221,475888]
[167,200,595584,595820]
[168,232,672085,672595]
[169,183,314217,312881]
[170,158,127325,128677]
[171,102,469971,470830]
[172,200,76979,78002]
[173,3,346786,346545]
[174,32,230043,231123]
[175,203,558117,557141]
[176,247,675253,674301]
[177,100,554144,554257]
[178,175,192104,192010]
[179,93,63710,62410]
[180,58,722409,723044]
[181,146,404989,405116]
[182,95,525707,525307]
[183,58,239565,240848]
[184,237,390616,389740]
[185,260,616835,617612]
[186,157,513065,512834]
[187,174,392435,393616]
[188,58,75121,75808]
[189,149,630294,629264]
[190,159,110043,109410]
[191,5,40185,39377]
[192,269,540403,540085]
[193,104,675508,676174]
[194,153,495290,494709]
[195,256,558374,558514]
[196,213,74400,74114]
[197,205,33375,32574]
[198,133,655894,655017]
[199,108,77234,78050]
[200,49,616942,616192]
[201,129,279645,278847]
[202,139,425562,425498]
[203,172,147138,147710]
[204,115,572686,571391]
[205,218,319176,319864]
[206,267,101921,101031]
[207,59,206085,205622]
[208,179,700977,699842]
[209,245,503624,502274]
[210,19,384606,383558]
[211,103,119409,118176]
[212,173,534885,534180]
[213,166,375350,376151]
[214,108,582574,583030]
[215,141,653505,653135]
[216,22,238057,239133]
[217,192,518210,519038]
[218,176,530585,532085]
[219,242,149227,149336]
[220,258,490781,491087]
[221,159,165612,164940]
[222,189,234816,234498]
[223,15,180921,179772]
[224,118,634517,634596]
[225,157,603093,601912]
[226,67,725160,724730]
[227,277,602702,602484]
[228,256,286670,287933]
[229,40,668674,669745]
[230,20,349950,351274]
[231,25,92492,92423]
[232,64,660304,660620]
[233,8,177441,178377]
[234,268,552617,553818]
[235,2,335904,336667]
[236,112,330813,331240]
[237,122,507262,507468]
[238,123,45147,44261]
[239,162,244761,246132]
[240,4,286632,287364]
[241,259,544171,543973]
[242,95,130488,129086]
[243,81,131354,130061]
[244,153,354742,354154]
[245,98,729244,729295]
[246,276,681595,681914]
[247,235,269056,267749]
[248,118,633298,633841]
[249,205,70031,69809]
[250,254,532371,532594]
[251,236,344383,344582]
[252,228,525617,525673]
[253,262,335378,336527]
[254,69,96739,96703]
[255,95,712307,711458]
[256,271,544747,543634]
[257,258,302347,303358]
[258,44,285737,286625]
[259,167,239360,238649]
[260,68,2693,3728]
[261,112,78409,79062]
[262,267,105535,104710]
[263,78,420875,421188]
[264,104,501714,502270]
[265,116,390641,391634]
[266,60,643531,643935]
[267,53,278708,277297]
[268,153,424826,423433]
[269,37,452847,451620]
[270,57,363630,363345]
[271,94,685563,685801]
[272,217,306757,305423]
[273,41,74110,72720]
[274,61,684059,683972]
[275,236,139019,139325]
[276,116,727571,728600]
[277,245,519442,519175]
[278,66,512333,512842]
[279,47,400711,399246]
[280,6,341730,342779]
[281,29,125136,124828]
[282,219,189957,189051]
[283,83,200728,200651]
[284,229,385882,385175]
[285,205,329773,328967]
[286,223,193630,193119]
[287,98,67783,68211]
[288,152,689763,690977]
[289,7,598796,598399]
[290,57,184633,183200]
[291,88,31935,32471]
[292,160,98980,100373]
[293,210,634464,635636]
[294,126,652041,653319]
[295,82,431532,431853]
[296,172,447005,447955]
[297,21,674818,673479]
[298,99,679891,678723]
[299,165,430240,430030]
[300,116,350239,350544]
[301,84,608136,608756]
[302,31,403806,403252]
[303,254,410528,411977]
[304,65,680681,680529]
[305,50,210456,211106]
[306,245,544507,543574]
[307,67,294507,294207]
[308,0,215233,216491]
[309,155,682472,681702]
[310,148,355740,355976]
[311,56,532249,533573]
[312,80,246983,248257]
[313,130,206680,207200]
[314,257,629039,629002]
[315,20,380925,381264]
[316,12,305541,306550]
[317,239,610082,608745]
[318,256,276453,277708]
[319,45,479102,478119]
[320,260,207992,208907]
[321,44,26481,27444]
[322,99,719865,718808]
[323,166,546164,547618]
[324,235,287751,286445]
[325,185,140845,140805]
[326,141,405588,405437]
[327,123,144853,143475]
[328,19,710219,709236]
[329,47,596367,595831]
[330,40,653213,654321]
[331,237,665595,665105]
[332,138,318741,318812]
[333,206,353714,354871]
[334,89,148702,148035]
[335,229,280858,280530]
[336,236,456804,458081]
[337,269,501223,500923]
[338,13,125028,124884]
[339,225,257052,256729]
[340,257,515566,515161]
[341,91,657524,657336]
[342,44,30423,31740]
[343,178,18548,19915]
[344,144,483013,484386]
[345,142,357928,359353]
[346,44,175553,176888]
[347,17,679827,678719]
[348,29,618532,618214]
[349,123,441338,440866]
[350,125,116026,115886]
[351,256,668324,668896]
[352,86,633466,633745]
[353,206,329793,330584]
[354,139,278930,277651]
[355,118,175209,175741]
[356,75,5889,5106]
[357,122,102520,103672]
[358,176,218619,218817]
[359,241,608161,607300]
[360,241,154030,153773]
[361,150,598117,598893]
[362,225,77818,77286]
[363,220,243093,243995]
[364,136,385819,387138]
[365,10,22398,22888]
[366,143,649307,648186]
[367,80,341886,343042]
[368,143,424951,424071]
[369,109,384706,383713]
[370,46,492814,493309]
[371,92,601037,601804]
[372,105,53951,52676]
[373,25,339796,338511]
[374,38,572539,573257]
[375,224,466887,467805]
[376,144,87486,88393]
[377,13,190287,188792]
[378,249,613128,613070]
[379,201,135807,135618]
[380,54,37991,38923]
[381,49,45511,44581]
[382,32,216568,217633]
[383,186,498015,498413]
[384,241,358729,358565]
[385,272,668768,670178]
[386,27,61798,60932]
[387,157,159222,159185]
[388,250,453531,454813]
[389,44,475754,476424]
[390,42,380693,381632]
[391,117,531623,531538]
[392,258,569896,570430]
[393,277,130732,129606]
[394,38,143874,145208]
[395,104,553843,554068]
[396,23,25810,25735]
[397,218,85519,86967]
[398,274,59943,60712]
[399,38,621415,622132]
[400,269,106407,105671]
[401,95,108052,107720]
[402,132,574067,575498]
[403,189,518591,517718]
[404,2,544788,545143]
[405,137,397794,397029]
[406,258,325534,325710]
[407,34,432888,433028]
[408,279,580901,580584]
[409,32,587045,587674]
[410,72,461942,463188]
[411,253,99212,98252]
[412,271,716863,715628]
[413,56,493209,494038]
[414,85,240981,239968]
[415,122,372552,372800]
[416,157,70978,69488]
[417,87,307519,306293]
[418,30,125360,126343]
[419,133,532497,531061]
[420,115,316418,315302]
[421,235,115422,114841]
[422,202,725527,726651]
[423,0,465920,466113]
[424,166,313780,315276]
[425,69,279564,278663]
[426,10,64778,65141]
[427,39,137976,137363]
[428,203,48078,46626]
[429,99,379228,378464]
[430,70,332584,332911]
[431,230,224725,224836]
[432,73,168171,167375]
[433,223,174177,173062]
[434,204,285584,286745]
[435,278,390318,391328]
[436,199,425679,424213]
[437,259,11796,11260]
[438,191,685516,684792]
[439,3,724813,723658]
[440,187,694470,694144]
[441,75,620175,619080]
[442,183,28516,27616]
[443,65,624727,624276]
[444,29,668673,668627]
[445,143,724337,723476]
[446,264,586134,587409]
[447,273,669491,668235]
[448,61,63264,61800]
[449,76,144726,146048]
[450,149,105613,104751]
[451,274,620714,621201]
[452,214,514595,514692]
[453,261,160703,160255]
[454,232,658477,659652]
[455,21,568480,567434]
[456,244,652177,653301]
[457,25,656362,655963]
[458,172,74635,75653]
[459,168,141178,142398]
[460,189,301293,300250]
[461,252,496049,496908]
[462,245,1201,606]
[463,2,372977,374345]
[464,241,21840,20388]
[465,256,207195,208111]
[466,208,224474,225536]
[467,233,620032,618787]
[468,25,150232,149569]
[469,29,214611,214198]
[470,216,509052,510254]
[471,54,724338,725569]
[472,56,668021,668129]
[473,29,545752,544272]
[474,94,484773,485829]
[475,127,653803,652565]
[476,235,36279,36156]
[477,256,617807,619026]
[478,41,408774,408210]
[479,205,519878,518431]
[480,100,103491,103677]
[481,249,649128,647970]
[482,166,685443,686132]
[483,16,82734,82924]
[484,90,450921,451932]
[485,3,679062,678387]
[486,98,596941,597738]
[487,168,185391,185682]
[488,128,98470,98563]
[489,195,282155,280747]
[490,164,18835,20115]
[491,130,485405,486752]
[492,253,487805,486561]
[493,191,637495,636371]
[494,279,529806,528754]
[495,14,697692,699167]
[496,17,600816,599686]
[497,216,349887,350917]
[498,114,240832,241249]
[499,56,628452,628791]
[500,185,405908,405040]
[501,183,231852,230363]
[502,166,416652,417659]
[503,224,321927,322887]
[504,73,634705,633742]
[505,110,541890,542782]
[506,145,633838,632717]
[507,226,500250,500415]
[508,251,85208,85137]
[509,212,523608,524821]
[510,232,251173,251737]
[511,221,346133,345895]
[512,1,354732,353274]
[513,179,153559,152496]
[514,257,504295,503496]
[515,141,459349,458268]
[516,100,132748,133240]
[517,258,542177,543632]
[518,271,452230,451764]
[519,204,62579,63013]
[520,82,314585,315526]
[521,158,161098,162119]
[522,152,476141,476680]
[523,60,482342,483448]
[524,235,118284,117447]
[525,141,485021,484019]
[526,216,330408,331733]
[527,98,343029,343978]
[528,278,599730,600595]
[529,272,96216,97156]
[530,197,222232,221961]
[531,4,56446,57344]
[532,255,593664,592582]
[533,171,167770,167701]
[534,168,231884,233289]
[535,165,278840,277435]
[536,28,369292,369903]
[537,48,205731,205825]
[538,84,96539,98012]
[539,261,627650,626591]
[540,155,449904,449709]
[541,251,244483,243172]
[542,227,423220,421866]
[543,116,199377,199484]
[544,187,334962,334557]
[545,96,204685,205169]
[546,0,413129,414156]
[547,11,720204,719025]
[548,226,573170,574206]
[549,42,526699,528109]
[550,74,248105,249467]
[551,26,696701,697437]
[552,144,145263,145536]
[553,137,253077,252534]
[554,69,228930,228797]
[555,244,280604,281598]
[556,200,91879,92337]
[557,277,41798,40428]
[558,13,222028,221924]
[559,53,364566,363987]
[560,180,7546,8827]
[561,135,395322,394718]
[562,166,388537,388902]
[563,161,293453,292770]
[564,162,177568,178181]
[565,21,268052,266631]
[566,246,334877,336087]
[567,211,368865,367414]
[568,115,360778,360340]
[569,239,622218,621751]
[570,67,327554,326969]
[571,88,214519,214846]
[572,38,75291,75564]
[573,23,400167,399613]
[574,267,692733,692058]
[575,142,713607,714910]
[576,125,349579,349503]
[577,141,361845,361390]
[578,213,247375,246074]
[579,14,108949,109167]
[580,255,623052,621716]
[581,71,596798,595544]
[582,65,230785,229479]
[583,230,27614,28988]
[584,95,214976,213927]
[585,46,506104,506414]
[586,272,178031,178334]
[587,88,158870,159233]
[588,193,24322,24137]
[589,260,604869,605355]
[590,279,559700,558545]
[591,52,435240,435532]
[592,196,373027,374408]
[593,156,352618,353536]
[594,259,241516,240814]
[595,145,687147,686695]
[596,87,301136,300314]
[597,151,384113,383654]
[598,45,714645,713977]
[599,171,310908,309530]
[600,137,204629,203529]
[601,16,119950,120112]
[602,216,191635,192696]
[603,194,594110,595576]
[604,88,277547,278102]
[605,255,88481,88227]
[606,25,278726,277252]
[607,269,174847,173729]
[608,141,48382,47264]
[609,35,630469,629102]
[610,81,103046,101904]
[611,261,303637,302547]
[612,98,698150,699327]
[613,49,425907,424774]
[614,118,298507,299626]
[615,176,630596,631214]
[616,271,648880,648846]
[617,240,28837,29357]
[618,16,42646,44095]
[619,75,515299,514875]
[620,4,529177,529527]
[621,105,263015,262593]
[622,37,588983,588596]
[623,128,435672,436284]
[624,122,652997,653667]
[625,239,224223,223100]
[626,135,43546,42629]
[627,56,116912,117660]
[628,85,62993,61662]
[629,208,648140,648440]
[630,129,705883,705539]
[631,49,187975,187296]
[632,195,198905,198254]
[633,222,673993,675184]
[634,277,339473,338424]
[635,2,447680,448082]
[636,56,187599,188880]
[637,44,96490,97192]
[638,186,633541,633659]
[639,226,471385,471432]
[640,51,167700,167272]
[641,130,209915,210872]
[642,135,335889,334613]
[643,122,130221,131716]
[644,5,409829,408687]
[645,161,371538,370397]
[646,228,144229,145669]
[647,55,621516,620919]
[648,76,159681,160316]
[649,46,655950,656308]
[650,145,342350,341556]
[651,80,216218,217392]
[652,71,566158,565642]
[653,238,292951,293163]
[654,155,216158,214850]
[655,259,530727,529409]
[656,133,702364,700957]
[657,41,174550,173809]
[658,177,322622,322431]
[659,81,84380,84292]
[660,130,347859,349029]
[661,249,406035,404944]
[662,48,48747,49155]
[663,74,240535,241058]
[664,164,27145,27333]
[665,117,615904,614954]
[666,174,352919,353834]
[667,12,237642,237674]
[668,189,446876,445707]
[669,183,43332,42067]
[670,151,84582,83785]
[671,134,442649,443970]
[672,200,461198,462127]
[673,265,672983,672807]
[674,126,473963,475122]
[675,219,549443,549375]
[676,192,563385,564471]
[677,85,503824,502491]
[678,219,179141,178039]
[679,218,261704,261929]
[680,231,143799,142999]
[681,187,607981,607502]
[682,67,410366,409784]
[683,263,174668,174322]
[684,3,267063,266097]
[685,135,192956,192048]
[686,54,234267,234604]
[687,68,577789,578313]
[688,25,361907,361798]
[689,30,175321,175928]
[690,104,333170,333947]
[691,116,511819,512447]
[692,203,549310,548359]
[693,91,54228,53680]
[694,127,720775,720113]
[695,242,374993,375444]
[696,17,613961,612641]
[697,9,22215,21841]
[698,169,83834,83450]
[699,50,571467,572699]
[700,240,316515,316935]
[701,49,578353,577003]
[702,232,579249,580366]
[703,215,490843,490339]
[704,113,201478,201369]
[705,113,223960,222575]
[706,42,640676,641856]
[707,32,373552,373633]
[708,126,197719,198174]
[709,98,632725,632868]
[710,165,180167,179132]
[711,185,649482,648407]
[712,224,40413,41568]
[713,68,69432,69617]
[714,252,249870,250750]
[715,107,471506,470833]
[716,109,7831,7297]
[717,230,47790,49079]
[718,127,110691,109504]
[719,73,578853,578371]
[720,77,113737,113013]
[721,209,16526,15694]
[722,118,533310,533536]
[723,98,301776,303219]
[724,240,645400,646682]
[725,34,508292,508805]
[726,201,546738,545928]
[727,91,265037,264550]
[728,29,570487,569089]
[729,188,699016,699350]
[730,114,413791,414441]
[731,276,133643,133863]
[732,253,288868,287376]
[733,207,226699,225964]
[734,157,249690,249377]
[735,52,87481,88511]
