["head":"wrap","lpos","status"]
[54,536654,0]
["io count"]
[740]
["io":"id","wrap","startLpos","endLpos"]
[1,178,213345,213395]
[2,228,276930,278362]
[3,203,493895,493195]
[4,146,518020,518628]
[5,18,77160,78341]
[6,71,93108,92855]
[7,208,550665,550928]
[8,179,594374,593664]
[9,28,352985,353445]
[10,168,301848,302490]
[11,234,337360,338762]
[12,253,289792,288873]
[13,244,535412,536296]
[14,156,390368,391095]
[15,84,488663,489146]
[16,243,562265,561438]
[17,213,175123,174105]
[18,103,682916,681453]
[19,223,132233,130977]
[20,215,228127,226956]
[21,213,384497,383565]
[22,250,284153,284232]
[23,80,707327,708081]
[24,66,390011,390137]
[25,273,690931,690893]
[26,58,255454,256637]
[27,156,357696,358611]
[28,86,265713,266864]
[29,90,433130,434072]
[30,179,152725,151421]
[31,82,660747,661817]
[32,18,34121,35395]
[33,121,29911,28735]
[34,92,707181,708025]
[35,142,593141,593348]
[36,240,365441,366174]
[37,194,480421,481451]
[38,124,521861,523317]
[39,17,657671,656175]
[40,216,263990,264367]
[41,178,518078,518275]
[42,253,449751,449404]
[43,45,167881,167314]
[44,56,279029,280133]
[45,159,454734,454399]
[46,16,565408,566692]
[47,52,601576,602758]
[48,148,131425,132810]
[49,89,525657,524540]
[50,33,289557,289404]
[51,95,626499,625804]
[52,35,657658,657087]
[53,116,585566,587065]
[54,93,651960,651214]
[55,45,51752,50553]
[56,86,702145,702396]
[57,10,551866,552208]
[58,62,110668,111159]
[59,184,248896,250106]
[60,92,369940,370451]
[61,267,716284,715739]
[62,50,421471,422868]
[63,0,597892,597924]
[64,8,521069,521871]
[65,113,310368,308989]
[66,150,97685,98749]
[67,199,671692,670507]
[68,138,207537,208815]
[69,181,129417,129288]
[70,192,632145,632256]
[71,231,512326,511333]
[72,146,344214,345163]
[73,212,641736,643018]
[74,149,250780,250518]
[75,9,542930,542672]
[76,155,631754,630957]
[77,129,242661,241374]
[78,40,370722,371347]
[79,216,547639,548986]
[80,244,393878,395068]
[81,26,195440,196207]
[82,42,361959,362555]
[83,159,43496,42329]
[84,12,222814,223637]
[85,131,554583,554423]
[86,61,709735,708618]
[87,231,609965,609273]
[88,158,161650,161864]
[89,214,630143,630442]
[90,127,567574,566911]
[91,21,338685,337436]
[92,207,261123,260024]
[93,113,706419,706128]
[94,241,407142,406123]
[95,8,190262,191145]
[96,79,191925,191468]
[97,176,6128,7246]
[98,94,709304,709755]
[99,166,626993,627612]
[100,220,572132,573430]
[101,74,655251,655825]
[102,278,108858,109475]
[103,253,689338,687887]
[104,211,445407,444430]
[105,137,236761,236154]
[106,26,557362,558129]
[107,234,552477,553950]
[108,235,153246,151800]
[109,26,691866,692178]
[110,50,472932,472986]
[111,81,87293,86259]
[112,230,640416,641537]
[113,43,372149,371653]
[114,88,683724,684519]
[115,263,351610,350580]
[116,150,147280,147892]
[117,205,422236,421378]
[118,268,114729,115863]
[119,144,235719,236521]
[120,195,263115,262831]
[121,146,440217,440339]
[122,276,229483,229912]
[123,239,549299,548445]
[124,150,122782,123030]
[125,63,194709,193795]
[126,163,90953,90441]
[127,116,135978,136776]
[128,152,661262,661472]
[129,139,80087,79187]
[130,156,155775,156342]
[131,169,384752,383777]
[132,111,730094,729396]
[133,255,295609,295104]
[134,85,267004,265738]
[135,20,728377,729720]
[136,12,534485,535571]
[137,156,290202,290667]
[138,202,298252,299592]
[139,31,319451,319031]
[140,107,388622,387756]
[141,223,653824,652588]
[142,98,57281,57799]
[143,78,282293,283064]
[144,242,626093,626320]
[145,247,388547,388367]
[146,275,543043,541706]
[147,16,327236,327684]
[148,242,88612,89107]
[149,58,348507,349378]
[150,18,409498,410771]
[151,98,336535,336843]
[152,237,289673,289022]
[153,190,594729,595663]
[154,83,58352,57046]
[155,26,84164,85171]
[156,220,659772,660795]
[157,222,240007,241085]
[158,45,391326,390785]
[159,210,89316,89833]
[160,225,465784,464764]
[161,248,276043,276212]
[162,210,550268,551641]
[163,225,347478,346085]
[164,88,687624,687974]
[165,237,591636,591277]
[166,214,604918,606112]
[167,170,205819,207147]
[168,27,705074,703923]
[169,255,517252,516534]
[170,252,723885,723925]
[171,102,387266,387994]
[172,191,293112,291855]
[173,246,132948,133509]
[174,3,76340,75478]
[175,93,638838,638033]
[176,159,618631,617152]
[177,16,560358,560794]
[178,91,11645,11015]
[179,242,448595,449537]
[180,67,3378,2428]
[181,54,357092,358576]
[182,242,384096,385575]
[183,85,229130,228088]
[184,164,89372,89992]
[185,263,442807,442353]
[186,215,639601,639064]
[187,177,96810,95772]
[188,151,132525,132450]
[189,210,337517,338915]
[190,161,243581,243365]
[191,235,99034,98512]
[192,65,385296,384567]
[193,87,602245,601962]
[194,176,477927,479070]
[195,276,604442,604490]
[196,203,326601,325969]
[197,125,608201,606843]
[198,31,60753,60374]
[199,139,409258,408154]
[200,227,100001,98886]
[201,206,176419,177242]
[202,31,201469,201296]
[203,245,109716,108784]
[204,249,304955,304055]
[205,197,592751,592286]
[206,204,423702,424797]
[207,266,39603,40099]
[208,137,464178,463363]
[209,115,111251,110089]
[210,214,26778,27014]
[211,244,528784,529564]
[212,104,414686,415161]
[213,250,221631,221884]
[214,230,36339,36826]
[215,109,48946,48541]
[216,218,315948,316173]
[217,83,296135,294827]
[218,70,409156,410016]
[219,231,418324,418015]
[220,271,468492,468243]
[221,134,702333,703544]
[222,208,638004,638154]
[223,145,200511,199398]
[224,62,102535,103476]
[225,212,129454,129833]
[226,118,605113,606547]
[227,150,185790,186834]
[228,15,71141,70138]
[229,36,484213,485489]
[230,193,495965,495709]
[231,151,437925,437473]
[232,130,473508,473733]
[233,267,597299,596645]
[234,261,35667,34914]
[235,86,8523,9560]
[236,95,550497,549806]
[237,253,385764,384780]
[238,81,452961,452741]
[239,105,608768,607427]
[240,230,640363,641327]
[241,223,229737,229148]
[242,19,393453,393154]
[243,111,298050,297682]
[244,279,439165,437864]
[245,240,131977,132308]
[246,66,447934,448278]
[247,15,530439,529901]
[248,165,490720,489624]
[249,111,476949,475795]
[250,277,422674,421629]
[251,191,635077,633657]
[252,231,289086,288628]
[253,28,367785,369122]
[254,115,481234,480464]
[255,178,612585,613002]
[256,61,571790,571094]
[257,11,5380,4426]
[258,17,420597,420453]
[259,161,330937,330039]
[260,203,72242,70889]
[261,54,60556,61514]
[262,115,56051,54921]
[263,249,443584,442308]
[264,170,598043,598980]
[265,273,55968,55666]
[266,187,284599,284083]
[267,130,724918,725787]
[268,269,414285,413370]
[269,222,515704,516862]
[270,196,139284,139631]
[271,174,524506,524789]
[272,172,434380,435832]
[273,225,355874,355391]
[274,65,487233,486965]
[275,212,488265,488629]
[276,107,65384,64260]
[277,263,712080,711966]
[278,194,461444,461815]
[279,0,672756,672903]
[280,140,478731,479482]
[281,212,376014,376422]
[282,42,90806,92026]
[283,32,681102,682512]
[284,259,399218,399012]
[285,130,715860,716418]
[286,49,570946,569933]
[287,199,262570,262465]
[288,1,479078,477956]
[289,21,596453,596302]
[290,265,578916,577491]
[291,188,284551,285364]
[292,118,620665,621586]
[293,79,334740,334503]
[294,190,538326,539333]
[295,65,644588,643778]
[296,176,527786,529153]
[297,121,207131,205992]
[298,27,579306,578903]
[299,65,403732,403157]
[300,183,98562,98333]
[301,243,158535,158213]
[302,46,540811,541605]
[303,110,473863,475343]
[304,29,438513,438121]
[305,163,595578,594634]
[306,212,210572,211933]
[307,244,140334,141247]
[308,55,95146,94088]
[309,224,563358,564756]
[310,216,291808,292928]
[311,100,98301,98862]
[312,153,721889,720413]
[313,166,244241,244277]
[314,80,692153,692476]
[315,130,157960,158648]
[316,93,94374,93421]
[317,170,87365,87539]
[318,263,561605,560243]
[319,19,435024,434538]
[320,136,414884,415554]
[321,180,626355,627233]
[322,100,427135,427749]
[323,249,716508,716089]
[324,22,266537,267601]
[325,59,612814,612308]
[326,39,411873,410500]
[327,260,656983,658213]
[328,145,85317,84068]
[329,159,25335,24705]
[330,53,7933,7398]
[331,114,172978,173526]
[332,98,422371,423641]
[333,145,408552,407296]
[334,34,352772,353125]
[335,244,76251,76683]
[336,254,357557,358345]
[337,117,543201,542756]
[338,119,333189,331927]
[339,12,524481,524762]
[340,115,705573,705354]
[341,96,228116,228334]
[342,221,607140,606554]
[343,76,708217,708269]
[344,196,429390,429968]
[345,188,271671,272491]
[346,68,156230,156346]
[347,227,178630,178579]
[348,76,639880,640814]
[349,196,453686,454358]
[350,0,694835,695313]
[351,16,597926,598266]
[352,53,155393,154468]
[353,167,172873,172143]
[354,14,447960,448289]
[355,67,121303,120591]
[356,152,256045,256401]
[357,116,185561,186419]
[358,93,380012,378976]
[359,172,361849,362334]
[360,112,661377,662037]
[361,11,509531,509449]
[362,243,394048,393075]
[363,135,530542,530018]
[364,69,121136,120266]
[365,136,412118,413263]
[366,67,375156,374507]
[367,132,326022,326416]
[368,151,645608,645422]
[369,106,508484,508853]
[370,156,681987,683174]
[371,188,243563,244585]
[372,83,144271,142838]
[373,149,622240,621747]
[374,183,492547,491447]
[375,89,239517,239333]
[376,262,35223,36660]
[377,146,392197,393306]
[378,34,12501,12603]
[379,185,269453,268239]
[380,44,304348,304886]
[381,241,354999,354661]
[382,196,157730,158336]
[383,219,570329,569362]
[384,85,652985,652586]
[385,151,101329,100572]
[386,33,536150,534935]
[387,14,514913,515763]
[388,196,438743,440123]
[389,276,138106,138390]
[390,132,220683,221470]
[391,37,682716,682333]
[392,43,550056,549083]
[393,15,43728,43215]
[394,54,452801,453181]
[395,77,58592,58444]
[396,209,75268,73917]
[397,212,581028,581107]
[398,68,135928,136739]
[399,150,120269,120819]
[400,194,627171,628292]
[401,45,201696,201637]
[402,48,602599,602746]
[403,31,109692,108446]
[404,152,718628,719894]
[405,111,9620,8292]
[406,159,651249,650998]
[407,181,219729,219003]
[408,221,348042,347396]
[409,151,225391,224425]
[410,248,349691,350512]
[411,183,439926,439859]
[412,53,143951,143859]
[413,8,187477,188165]
[414,61,534895,534629]
[415,88,16953,17655]
[416,55,141262,140255]
[417,167,685341,684303]
[418,268,440220,441171]
[419,122,86346,86398]
[420,89,369320,368286]
[421,201,708456,708203]
[422,200,476141,476257]
[423,182,287084,288022]
[424,128,283215,283475]
[425,237,405796,405376]
[426,10,74497,74922]
[427,128,596899,597449]
[428,177,350038,349796]
[429,55,429356,428440]
[430,103,312523,311168]
[431,46,722236,723552]
[432,164,552013,552148]
[433,183,295921,294662]
[434,148,608092,608491]
[435,31,401661,400774]
[436,132,146732,147920]
[437,259,318481,318125]
[438,74,339395,340603]
[439,96,603322,603424]
[440,146,467404,467736]
[441,42,127197,128315]
[442,97,145645,144709]
[443,106,698657,698735]
[444,7,381107,379813]
[445,125,657234,656399]
[446,76,497352,497614]
[447,252,270034,270650]
[448,18,417184,417487]
[449,179,427681,426319]
[450,27,554337,553969]
[451,88,689471,689854]
[452,241,670060,669779]
[453,272,700174,701117]
[454,30,608371,608780]
[455,27,330566,329830]
[456,38,182490,183712]
[457,27,280867,280271]
[458,171,133441,132717]
[459,153,630643,630332]
[460,37,233265,232092]
[461,77,656472,656328]
[462,1,574651,573566]
[463,47,631129,629949]
[464,144,371010,371240]
[465,152,722181,722543]
[466,239,680488,679902]
[467,106,181755,182825]
[468,60,154185,154431]
[469,43,158816,157767]
[470,108,648624,649059]
[471,53,631525,630713]
[472,264,619418,620512]
[473,251,676437,675841]
[474,19,518650,517328]
[475,183,615719,614828]
[476,266,90662,91742]
[477,247,28683,27496]
[478,157,510009,508952]
[479,38,176452,177749]
[480,41,625587,624704]
[481,37,73626,73235]
[482,40,150760,151824]
[483,39,704918,704512]
[484,253,585099,584992]
[485,165,442322,442226]
[486,28,498447,498608]
[487,218,119115,119617]
[488,38,316337,316986]
[489,213,98753,98493]
[490,277,481822,481090]
[491,36,455800,456575]
[492,12,312592,313300]
[493,148,429546,430291]
[494,40,320503,321796]
[495,27,297349,296401]
[496,43,143406,142882]
[497,68,84609,86074]
[498,185,316125,314879]
[499,219,525656,524975]
[500,192,566475,566915]
[501,248,389179,390540]
[502,120,80033,80741]
[503,162,153457,154391]
[504,35,150562,149986]
[505,63,326901,325853]
[506,260,312019,313370]
[507,207,14191,13482]
[508,211,368259,368031]
[509,91,373148,372611]
[510,198,502209,503393]
[511,68,315005,315697]
[512,103,716468,716279]
[513,18,95303,96757]
[514,217,237691,237212]
[515,41,162238,161815]
[516,168,267288,267513]
[517,85,515519,514059]
[518,231,539903,539513]
[519,199,632193,631629]
[520,30,238483,239752]
[521,148,567164,567452]
[522,132,690787,692164]
[523,26,48824,49926]
[524,241,604291,603163]
[525,145,586540,586404]
[526,92,680835,681172]
[527,208,278115,278155]
[528,241,695934,694983]
[529,165,466678,466460]
[530,110,345562,346687]
[531,53,633733,632576]
[532,0,140314,141747]
[533,20,164317,164968]
[534,9,425453,425198]
[535,116,578784,579586]
[536,103,187544,186462]
[537,113,203121,201870]
[538,272,515949,517337]
[539,199,699082,697755]
[540,88,155661,155851]
[541,147,224808,224045]
[542,168,481355,481813]
[543,104,593835,594668]
[544,197,727027,726877]
[545,198,59228,60657]
[546,44,55245,56351]
[547,125,441069,439784]
[548,142,395570,395755]
[549,261,556530,555301]
[550,160,544710,545495]
[551,13,432632,432238]
[552,197,699799,699380]
[553,43,707899,707342]
[554,227,7484,6335]
[555,126,555357,556190]
[556,164,7839,9086]
[557,132,129072,129268]
[558,188,336000,337306]
[559,139,5385,5213]
[560,37,193339,193309]
[561,240,674070,674480]
[562,223,426112,424873]
[563,141,675907,675413]
[564,160,299154,300539]
[565,251,498239,497193]
[566,10,124505,125008]
[567,13,709414,709186]
[568,261,157740,156980]
[569,276,17276,18585]
[570,165,177179,175959]
[571,102,553958,554833]
[572,3,119233,118577]
[573,268,102193,103443]
[574,177,638882,638609]
[575,14,533234,533918]
[576,56,719738,720027]
[577,164,388138,389630]
[578,267,467399,466238]
[579,104,30844,31346]
[580,156,433021,434501]
[581,167,84273,83333]
[582,264,370989,371944]
[583,187,337742,337614]
[584,69,488441,487414]
[585,256,290509,290702]
[586,56,592381,592794]
[587,51,625101,624655]
[588,144,573330,574201]
[589,223,720705,719767]
[590,189,25340,24523]
[591,101,686777,686445]
[592,132,5575,6145]
[593,18,100220,101311]
[594,212,416488,417130]
[595,200,517352,517557]
[596,268,304149,305366]
[597,206,368935,369879]
[598,194,667045,667849]
[599,86,246486,247928]
[600,99,173597,172279]
[601,168,531097,531388]
[602,228,267535,269001]
[603,106,206994,207569]
[604,182,462918,464220]
[605,153,459758,459185]
[606,183,295451,294974]
[607,168,464566,465990]
[608,173,273815,273617]
[609,167,89358,88981]
[610,178,75148,75945]
[611,193,393883,393154]
[612,208,695985,696457]
[613,200,474693,474833]
[614,150,183665,184844]
[615,126,274371,275123]
[616,65,207836,207655]
[617,63,681931,681862]
[618,220,118257,119757]
[619,92,50847,51704]
[620,174,436882,438208]
[621,161,463701,462932]
[622,60,134961,135921]
[623,135,597176,596933]
[624,159,615416,615013]
[625,151,4830,4566]
[626,190,444288,444568]
[627,152,183053,183273]
[628,184,129227,129322]
[629,102,25649,25847]
[630,36,483526,483597]
[631,227,611785,610817]
[632,113,115537,115427]
[633,267,160386,159586]
[634,254,339179,340358]
[635,176,142488,143205]
[636,115,498860,498527]
[637,226,215332,216817]
[638,244,557169,557461]
[639,191,18318,17459]
[640,59,565431,564927]
[641,64,44139,45416]
[642,259,719122,719043]
[643,255,542431,542050]
[644,118,670543,671393]
[645,84,418803,419988]
[646,179,325330,324877]
[647,58,147224,147346]
[648,185,296101,294967]
[649,204,390152,391011]
[650,34,605410,606575]
[651,200,231245,232297]
[652,278,479145,479421]
[653,47,350516,350376]
[654,4,138568,140026]
[655,220,329149,330110]
[656,262,523361,523427]
[657,264,557712,559136]
[658,230,554825,555657]
[659,239,320400,319337]
[660,275,407894,406627]
[661,276,620422,621847]
[662,23,541652,541164]
[663,127,147951,146614]
[664,71,728104,727114]
[665,260,657048,657527]
[666,212,150,269]
[667,138,440579,441530]
[668,148,690537,690694]
[669,108,250271,250513]
[670,154,223080,223866]
[671,148,143715,145073]
[672,184,393765,395137]
[673,167,386977,386067]
[674,157,123509,123219]
[675,235,524942,523932]
[676,105,543517,542282]
[677,153,716197,715104]
[678,171,549061,547678]
[679,58,569326,569966]
[680,163,140943,140318]
[681,137,306106,305044]
[682,11,249533,248138]
[683,153,172331,171034]
[684,11,21809,20966]
[685,148,568874,569456]
[686,70,244029,244948]
[687,160,614429,615613]
[688,191,39141,38020]
[689,4,139783,140593]
[690,215,127173,125712]
[691,275,424856,424343]
[692,139,8123,6661]
[693,256,653872,654236]
[694,234,134384,134464]
[695,268,153646,153812]
[696,90,509949,509985]
[697,73,125202,124998]
[698,97,554480,553142]
[699,69,527268,526693]
[700,99,415886,415451]
[701,142,538795,539282]
[702,267,575432,575040]
[703,163,693552,692243]
[704,49,642758,642330]
[705,156,544252,544494]
[706,203,409676,408776]
[707,175,349683,348298]
[708,47,608649,608289]
[709,30,404503,405975]
[710,88,143169,143792]
[711,206,701608,701786]
[712,199,180086,179845]
[713,155,662355,661680]
[714,227,387180,386484]
[715,68,641250,642701]
[716,153,217115,216458]
[717,207,700141,699931]
[718,108,4967,6432]
[719,159,69133,68379]
[720,23,702601,701210]
[721,193,115681,114879]
[722,222,636004,636369]
[723,56,115066,116094]
[724,107,455762,455674]
[725,126,284162,284331]
[726,135,625057,624181]
[727,87,630095,629248]
[728,134,658359,658644]
[729,0,323509,324156]
[730,92,716282,717466]
[731,217,110429,110325]
[732,54,391067,391309]
[733,203,639877,639430]
[734,40,605723,605851]
[735,12,440310,441571]
[736,22,350047,350584]
[737,12,524621,525777]
[738,73,77372,76187]
[739,65,288667,287908]
[740,104,638717,639680]
