["head":"wrap","lpos","status"]
[93,392733,0]
["io count"]
[745]
["io":"id","wrap","startLpos","endLpos"]
[1,130,582882,584163]
[2,24,573875,574036]
[3,230,502095,503266]
[4,83,523907,522791]
[5,200,7792,9210]
[6,180,129319,129442]
[7,79,559632,558256]
[8,52,581094,581690]
[9,54,139468,140927]
[10,140,143456,143488]
[11,139,664640,664522]
[12,53,220741,220124]
[13,148,507521,508809]
[14,183,650571,650240]
[15,126,370896,371628]
[16,112,631397,631908]
[17,54,431914,432576]
[18,239,329711,328374]
[19,63,86508,85446]
[20,252,197391,197686]
[21,128,231270,232413]
[22,240,114090,115256]
[23,49,242122,241526]
[24,77,724801,723982]
[25,68,231039,231653]
[26,65,523428,521940]
[27,82,260671,260754]
[28,48,265518,266280]
[29,248,39037,40246]
[30,274,685544,686929]
[31,146,190570,191680]
[32,92,402460,402937]
[33,138,196576,197263]
[34,278,84879,85353]
[35,31,600967,600162]
[36,242,210605,211403]
[37,194,720059,720277]
[38,198,280496,281971]
[39,114,578562,579867]
[40,21,722072,721067]
[41,74,466621,468086]
[42,131,50728,49924]
[43,145,70415,69588]
[44,2,235295,236548]
[45,42,191138,192541]
[46,6,307251,308370]
[47,154,366241,367659]
[48,43,130135,129666]
[49,15,467812,467015]
[50,205,617950,617021]
[51,38,502128,503553]
[52,175,360316,359704]
[53,72,296276,297646]
[54,253,342911,342400]
[55,24,196738,198119]
[56,13,379575,379420]
[57,208,479467,479997]
[58,163,637184,636805]
[59,251,515765,514823]
[60,195,397687,396468]
[61,191,600338,600206]
[62,161,448763,447323]
[63,64,555671,556671]
[64,273,424531,423607]
[65,36,255332,255755]
[66,255,213393,212864]
[67,184,126390,127341]
[68,34,20196,21481]
[69,201,11426,9938]
[70,255,260729,260100]
[71,52,506383,507121]
[72,261,578576,577296]
[73,30,497129,497709]
[74,239,263777,263370]
[75,187,60416,59182]
[76,266,385124,385855]
[77,275,713310,712839]
[78,175,475925,475544]
[79,228,562132,562209]
[80,202,584165,584457]
[81,260,663115,663785]
[82,195,20145,19440]
[83,80,388959,389044]
[84,54,47113,47929]
[85,253,541471,539985]
[86,215,254279,252967]
[87,148,197695,198119]
[88,274,418969,419894]
[89,153,492873,492442]
[90,247,147761,146371]
[91,279,673065,671577]
[92,24,242045,242549]
[93,272,354205,355170]
[94,237,416480,415930]
[95,55,443176,442275]
[96,46,510840,512261]
[97,203,413859,412991]
[98,266,723443,724748]
[99,146,24748,25900]
[100,256,520707,521973]
[101,58,18606,18796]
[102,226,61624,61938]
[103,184,592259,593211]
[104,115,422948,422755]
[105,126,240266,240634]
[106,48,218184,218830]
[107,244,72628,73625]
[108,188,306388,307444]
[109,76,584234,584359]
[110,226,7918,8846]
[111,111,140901,139433]
[112,113,298996,298068]
[113,60,26641,27827]
[114,79,416559,415953]
[115,49,100227,99181]
[116,53,306699,305217]
[117,108,503931,504518]
[118,245,39076,38043]
[119,243,445086,444211]
[120,179,659890,658774]
[121,185,103196,101800]
[122,196,232594,233135]
[123,272,464805,465447]
[124,151,63168,61995]
[125,185,558663,557962]
[126,215,216574,215255]
[127,180,600223,600964]
[128,162,562933,564142]
[129,182,666834,668086]
[130,35,304391,304091]
[131,272,676147,676794]
[132,4,271661,272458]
[133,93,263938,263873]
[134,23,17134,16037]
[135,213,91365,90689]
[136,228,706502,707177]
[137,146,285491,286088]
[138,39,177014,176099]
[139,210,72354,72429]
[140,151,579831,578767]
[141,51,14181,13656]
[142,202,590667,590760]
[143,140,514918,516148]
[144,174,303443,303592]
[145,38,13780,14476]
[146,198,556322,557164]
[147,28,552477,552879]
[148,25,190856,189777]
[149,233,138671,137513]
[150,132,353158,354598]
[151,178,421765,422736]
[152,246,636009,636814]
[153,68,8605,9534]
[154,204,104050,104845]
[155,151,320115,318618]
[156,118,66206,66648]
[157,139,453737,452636]
[158,212,313300,314017]
[159,40,468668,469116]
[160,232,298215,298991]
[161,34,380830,381664]
[162,261,210204,209860]
[163,235,316264,316087]
[164,2,406007,406535]
[165,122,265618,266913]
[166,168,348426,349365]
[167,82,171677,173065]
[168,211,11322,10509]
[169,197,56224,55257]
[170,74,532776,533526]
[171,197,80763,80146]
[172,9,166869,165381]
[173,75,417035,416837]
[174,231,157005,156099]
[175,227,141923,141214]
[176,48,491603,492754]
[177,120,86674,87037]
[178,221,437783,436506]
[179,10,149456,150290]
[180,254,281391,281670]
[181,205,99185,98400]
[182,32,290216,290936]
[183,48,625618,625923]
[184,180,210253,211000]
[185,267,462925,462079]
[186,9,291101,290532]
[187,149,421476,421205]
[188,241,86235,84902]
[189,98,336397,336920]
[190,4,62496,63452]
[191,206,643881,644738]
[192,191,214299,213948]
[193,142,29868,29931]
[194,64,172602,173963]
[195,272,416332,416969]
[196,159,331678,331645]
[197,196,444989,445035]
[198,183,164484,164395]
[199,232,128570,129915]
[200,31,127628,126961]
[201,46,691906,692999]
[202,124,269340,269414]
[203,245,154269,153832]
[204,234,554867,556096]
[205,169,616984,616476]
[206,0,476353,476978]
[207,36,651486,652412]
[208,178,345761,347055]
[209,268,475876,476431]
[210,148,707052,707512]
[211,185,718674,718621]
[212,160,29301,30375]
[213,174,653182,653757]
[214,14,682819,683962]
[215,124,477440,477800]
[216,166,704497,704534]
[217,108,551518,552869]
[218,198,258231,258450]
[219,249,335722,334403]
[220,124,698889,699716]
[221,183,710268,709659]
[222,94,106256,107447]
[223,85,14889,14777]
[224,261,403836,402835]
[225,9,88837,87419]
[226,242,400777,401646]
[227,131,648691,647204]
[228,117,384730,384256]
[229,200,315479,316923]
[230,54,467138,467313]
[231,177,469610,468554]
[232,242,639273,640193]
[233,43,389341,388615]
[234,176,545856,546220]
[235,116,707643,708826]
[236,112,399727,400253]
[237,237,730842,730469]
[238,72,716269,717046]
[239,201,357307,355914]
[240,28,489257,490623]
[241,241,363787,363487]
[242,168,293037,294420]
[243,260,726136,726842]
[244,131,374221,373240]
[245,161,30806,30090]
[246,170,728563,728948]
[247,89,44719,43919]
[248,30,350916,351240]
[249,142,364858,366186]
[250,47,306967,305575]
[251,0,16015,16948]
[252,256,262695,263241]
[253,83,268040,266664]
[254,186,63133,63588]
[255,178,42158,42313]
[256,0,510193,510869]
[257,181,187590,186259]
[258,236,379933,380536]
[259,119,282425,281710]
[260,184,327416,328511]
[261,56,64446,64661]
[262,35,42934,42326]
[263,181,536584,536212]
[264,234,688784,689977]
[265,55,661795,661148]
[266,222,552525,553440]
[267,222,508746,508780]
[268,201,548947,548250]
[269,9,665841,664918]
[270,134,315297,315887]
[271,147,636847,636220]
[272,197,519344,518660]
[273,165,602139,601843]
[274,11,535433,534220]
[275,60,419228,419548]
[276,161,488372,487094]
[277,234,368830,370061]
[278,118,538643,538771]
[279,168,355562,355855]
[280,152,481454,482770]
[281,85,2833,1448]
[282,2,697696,698179]
[283,134,370859,371510]
[284,199,671863,670988]
[285,161,294634,294499]
[286,60,295346,296273]
[287,229,385132,384299]
[288,33,266051,265029]
[289,144,2118,2277]
[290,278,522351,523543]
[291,199,318599,317557]
[292,195,543688,542656]
[293,201,725961,725570]
[294,96,323202,324202]
[295,254,640361,640517]
[296,48,107112,107840]
[297,26,656508,657282]
[298,41,77412,76393]
[299,29,503591,502284]
[300,45,62227,62071]
[301,46,315187,315946]
[302,250,101177,102255]
[303,82,29385,30104]
[304,85,372209,371474]
[305,176,120846,121361]
[306,44,360135,360181]
[307,269,6791,6448]
[308,56,359371,360068]
[309,248,291674,292174]
[310,70,254837,255077]
[311,216,689762,691088]
[312,62,407803,408262]
[313,144,646005,646760]
[314,119,497184,496473]
[315,120,265494,266876]
[316,9,212022,211109]
[317,152,678855,680204]
[318,242,94354,94998]
[319,65,271008,270023]
[320,214,718587,719747]
[321,162,456507,457075]
[322,10,653816,655176]
[323,204,658275,658953]
[324,63,332366,332079]
[325,122,259480,260445]
[326,138,139042,139975]
[327,99,321124,320075]
[328,160,505745,506510]
[329,105,425344,424109]
[330,150,201887,202536]
[331,219,171320,170725]
[332,279,671684,670817]
[333,65,4046,3117]
[334,9,647058,646814]
[335,98,241670,243145]
[336,52,324020,324385]
[337,92,489595,489768]
[338,157,83899,83281]
[339,205,24538,23715]
[340,186,322215,322866]
[341,64,180135,181587]
[342,109,395924,395776]
[343,100,128907,130129]
[344,247,301141,300583]
[345,209,539016,538255]
[346,81,667951,667610]
[347,153,454176,452787]
[348,276,564890,564955]
[349,130,678776,679971]
[350,251,181181,181031]
[351,57,591840,591668]
[352,23,434594,433831]
[353,32,495968,497132]
[354,109,553614,552509]
[355,152,697431,698917]
[356,219,496945,496891]
[357,222,505827,507048]
[358,221,400637,400404]
[359,76,574100,575252]
[360,58,177300,178345]
[361,275,447079,446830]
[362,248,724832,725878]
[363,252,503203,503830]
[364,12,159727,160833]
[365,180,135536,135983]
[366,236,165380,165519]
[367,242,145406,146554]
[368,138,503199,503639]
[369,59,50249,50208]
[370,215,537273,535832]
[371,106,151059,152234]
[372,23,242182,240712]
[373,264,277788,277923]
[374,121,213738,212950]
[375,278,103826,104003]
[376,132,156437,157388]
[377,137,165826,165299]
[378,93,687481,686923]
[379,180,70894,72294]
[380,196,414365,415487]
[381,208,476886,477628]
[382,101,619233,618820]
[383,235,113083,111852]
[384,261,572851,572078]
[385,85,551123,551062]
[386,270,570711,572017]
[387,24,196571,197952]
[388,23,700652,699194]
[389,196,125665,125815]
[390,215,126582,125617]
[391,235,272420,271583]
[392,39,560653,560060]
[393,196,693496,694369]
[394,237,674407,673650]
[395,75,277600,276302]
[396,136,12303,12524]
[397,148,59115,59991]
[398,117,414567,414364]
[399,265,282396,280941]
[400,107,513513,513388]
[401,116,487989,488593]
[402,215,346045,345236]
[403,108,110706,112123]
[404,215,347288,347025]
[405,139,564118,563437]
[406,139,447574,446810]
[407,116,377389,378528]
[408,66,625735,626797]
[409,46,462237,462607]
[410,268,441969,442301]
[411,196,475460,475665]
[412,237,714904,713594]
[413,226,684969,686374]
[414,141,42690,41317]
[415,222,358632,360037]
[416,236,138893,138934]
[417,57,541706,540228]
[418,145,719420,719233]
[419,17,305721,304579]
[420,176,420493,421668]
[421,109,253057,251813]
[422,278,696476,696752]
[423,64,308565,309649]
[424,157,683622,682644]
[425,81,700565,700027]
[426,146,455102,455713]
[427,190,147687,149166]
[428,118,462513,463410]
[429,187,161231,160390]
[430,14,127233,127644]
[431,139,21335,20360]
[432,133,518450,517437]
[433,126,637378,637665]
[434,47,508687,507778]
[435,48,503127,503452]
[436,151,263560,262069]
[437,65,47693,47124]
[438,80,561343,562671]
[439,17,204532,203533]
[440,198,312936,313066]
[441,35,611257,611034]
[442,235,417757,417275]
[443,275,55980,55659]
[444,197,365651,364577]
[445,273,662350,661956]
[446,221,443018,442735]
[447,147,400144,398775]
[448,259,521993,521528]
[449,109,485059,484598]
[450,264,391113,392151]
[451,192,476915,477336]
[452,159,5353,4751]
[453,17,302353,301771]
[454,137,538951,538833]
[455,175,516842,515529]
[456,138,254387,255440]
[457,76,403480,403873]
[458,118,675754,676943]
[459,126,143880,144047]
[460,32,89827,91087]
[461,89,528842,527841]
[462,125,595517,594741]
[463,4,44530,44650]
[464,39,233145,232387]
[465,266,78728,79737]
[466,199,310811,310746]
[467,248,403189,404345]
[468,279,243971,243646]
[469,56,323088,323528]
[470,219,479446,478616]
[471,67,2831,2470]
[472,150,609530,610530]
[473,146,579686,579924]
[474,44,657675,658925]
[475,42,90519,91680]
[476,74,339007,339648]
[477,233,313171,312849]
[478,7,19366,18361]
[479,69,298214,297280]
[480,249,530467,529412]
[481,212,727897,728189]
[482,256,716765,717226]
[483,153,88802,88310]
[484,2,206773,208156]
[485,260,11487,12495]
[486,43,119423,118612]
[487,216,495487,496332]
[488,25,650039,648762]
[489,244,475503,475682]
[490,26,285902,285964]
[491,246,244279,244715]
[492,268,360856,361863]
[493,101,693302,691905]
[494,54,413441,413551]
[495,83,203986,203885]
[496,87,520220,519024]
[497,236,107442,107513]
[498,111,369795,369575]
[499,197,15459,15034]
[500,129,306809,306252]
[501,278,477789,478198]
[502,11,657411,656484]
[503,53,279541,279174]
[504,26,564283,564509]
[505,6,484043,484964]
[506,266,464787,466111]
[507,270,630428,631825]
[508,183,707064,706876]
[509,247,260671,260619]
[510,259,688547,687529]
[511,274,205170,205556]
[512,233,84243,83533]
[513,118,433043,434448]
[514,208,94097,94155]
[515,54,582495,583889]
[516,42,572189,573190]
[517,108,136794,136971]
[518,111,324359,323203]
[519,64,718861,720259]
[520,37,628534,627775]
[521,161,689835,689272]
[522,200,645646,645838]
[523,72,314639,314994]
[524,129,236689,235300]
[525,85,62506,62070]
[526,87,283024,282717]
[527,215,126964,125887]
[528,209,562608,562212]
[529,175,485913,485611]
[530,221,406964,406073]
[531,232,21423,21844]
[532,205,339080,338911]
[533,189,381043,380656]
[534,40,294784,296002]
[535,70,484704,486136]
[536,22,634428,634747]
[537,21,67416,66869]
[538,154,446010,447075]
[539,57,632258,631194]
[540,19,480934,479801]
[541,134,217763,217849]
[542,59,174291,174059]
[543,118,328068,328994]
[544,74,519301,519550]
[545,254,471692,472404]
[546,149,251145,250908]
[547,227,239446,238423]
[548,134,24238,24596]
[549,270,258019,258363]
[550,110,560465,561281]
[551,161,399502,399074]
[552,75,379031,378137]
[553,256,640445,641663]
[554,204,58694,59801]
[555,41,296454,295567]
[556,115,448610,448329]
[557,134,604791,605642]
[558,106,547955,548566]
[559,269,617825,616344]
[560,78,302403,303481]
[561,127,205468,205349]
[562,127,493915,493001]
[563,271,657854,657192]
[564,236,213662,214344]
[565,209,333572,332865]
[566,52,630626,630883]
[567,72,345777,346307]
[568,14,67646,69143]
[569,2,615126,616092]
[570,82,309566,309938]
[571,255,556541,556185]
[572,178,512605,513158]
[573,217,290834,289925]
[574,142,579845,580361]
[575,170,31479,32757]
[576,185,129216,128960]
[577,138,581895,582066]
[578,164,339723,340609]
[579,219,77775,77084]
[580,80,442052,442510]
[581,274,111994,113073]
[582,25,322504,322381]
[583,135,211518,211360]
[584,270,115694,115983]
[585,212,614279,615329]
[586,159,34096,34018]
[587,172,57857,58449]
[588,148,9088,9856]
[589,138,155680,155712]
[590,118,562620,563474]
[591,60,479801,480862]
[592,144,446413,447826]
[593,182,219223,220674]
[594,159,515652,515384]
[595,41,701031,699943]
[596,176,132030,132426]
[597,150,681476,681852]
[598,24,330632,331077]
[599,176,267813,268653]
[600,179,386234,385677]
[601,278,513472,514027]
[602,218,314330,314612]
[603,233,56203,55793]
[604,121,251151,250941]
[605,208,277073,278566]
[606,200,523459,524748]
[607,252,555841,556970]
[608,130,630565,631941]
[609,167,304746,303792]
[610,74,699716,700641]
[611,261,564537,563553]
[612,37,712677,712601]
[613,162,604456,605350]
[614,132,229359,229934]
[615,269,133833,133712]
[616,58,167281,167926]
[617,32,27314,27474]
[618,80,467791,468133]
[619,274,720724,721514]
[620,259,461719,461550]
[621,218,219038,219685]
[622,169,380057,379569]
[623,19,316330,315796]
[624,248,235146,235743]
[625,35,99916,98652]
[626,91,342034,341411]
[627,213,355836,354717]
[628,142,492458,492843]
[629,254,105878,106554]
[630,119,34102,33674]
[631,256,565574,566377]
[632,272,251173,251556]
[633,32,11289,12266]
[634,119,650670,649224]
[635,189,367547,366560]
[636,187,712038,711693]
[637,21,14057,13208]
[638,220,585404,585633]
[639,200,402254,403321]
[640,55,539915,539406]
[641,115,249095,248219]
[642,162,551844,552167]
[643,247,499142,497892]
[644,191,233925,233320]
[645,130,368412,369727]
[646,124,175789,176159]
[647,41,605890,605419]
[648,272,429261,430295]
[649,237,165058,164245]
[650,65,677352,677289]
[651,177,459769,459144]
[652,91,103475,102842]
[653,277,420533,419633]
[654,114,612406,613084]
[655,31,157297,156011]
[656,29,494605,493603]
[657,2,145071,145703]
[658,134,699699,700148]
[659,250,611650,611885]
[660,78,403184,404557]
[661,229,270561,269697]
[662,25,27952,26788]
[663,69,361737,361336]
[664,252,676326,677365]
[665,249,381891,381702]
[666,271,452534,452052]
[667,169,204426,203384]
[668,182,248067,249128]
[669,198,140441,141282]
[670,62,725272,726539]
[671,177,631061,630724]
[672,167,357870,357062]
[673,148,273031,273378]
[674,248,556911,557839]
[675,93,355027,353913]
[676,49,389665,388362]
[677,164,606090,607209]
[678,104,373589,373979]
[679,57,484873,483535]
[680,272,626504,627772]
[681,28,352306,353458]
[682,37,470939,470548]
[683,227,351501,350557]
[684,22,269117,269327]
[685,229,376500,375219]
[686,56,110701,111253]
[687,39,327547,326709]
[688,146,375647,377076]
[689,37,603859,603567]
[690,141,444246,442868]
[691,232,516829,517134]
[692,21,409194,408193]
[693,130,121871,123255]
[694,181,85532,84952]
[695,161,652295,651257]
[696,136,232534,232841]
[697,137,530982,530075]
[698,131,129472,128957]
[699,275,446184,446099]
[700,25,597459,597105]
[701,54,227251,228440]
[702,238,109843,110404]
[703,258,286015,286200]
[704,33,72651,72045]
[705,149,572570,571422]
[706,57,39258,37812]
[707,215,444546,443520]
[708,26,531400,531820]
[709,277,539996,539238]
[710,179,433937,433767]
[711,67,450991,450309]
[712,57,689839,689264]
[713,71,540652,539241]
[714,123,314917,314214]
[715,234,274833,275866]
[716,97,325780,324888]
[717,99,117852,116967]
[718,161,726805,726087]
[719,183,482993,482489]
[720,206,470988,471069]
[721,158,412169,413367]
[722,52,189005,190153]
[723,253,393103,391695]
[724,212,562768,562906]
[725,139,638914,637834]
[726,71,303286,302329]
[727,87,228639,227603]
[728,168,403774,404059]
[729,102,371368,372407]
[730,188,565478,566438]
[731,179,440309,440054]
[732,190,130068,131387]
[733,19,635619,635572]
[734,218,568851,568923]
[735,269,181056,179803]
[736,2,447039,447534]
[737,3,434953,434717]
[738,139,44387,42958]
[739,206,393386,394776]
[740,81,691753,690534]
[741,37,387128,386409]
[742,128,391567,392166]
[743,103,481853,481326]
[744,41,27397,26381]
[745,160,6130,6562]
