["head":"wrap","lpos","status"]
[203,167123,0]
["io count"]
[75]
["io":"id","wrap","startLpos","endLpos"]
[1,113,580642,579466]
[2,140,270663,271527]
[3,1,474550,474498]
[4,152,722014,723149]
[5,124,84655,84937]
[6,141,439830,439024]
[7,74,531593,531844]
[8,234,174824,174959]
[9,57,414077,413986]
[10,2,492546,493300]
[11,41,339772,339664]
[12,18,117284,117585]
[13,148,265336,266130]
[14,93,94561,93619]
[15,113,468284,467462]
[16,45,443254,442932]
[17,164,614084,615035]
[18,231,525166,524623]
[19,62,688409,688743]
[20,253,130028,129732]
[21,141,717765,716650]
[22,159,91231,90700]
[23,6,454455,454637]
[24,144,508201,509565]
[25,69,361412,361086]
[26,185,124776,124339]
[27,263,725691,725231]
[28,269,695635,694144]
[29,19,561369,560987]
[30,183,379071,378882]
[31,73,350632,349512]
[32,197,526263,524799]
[33,37,423442,422614]
[34,156,118964,120056]
[35,245,245414,245059]
[36,112,462173,463112]
[37,257,241979,241879]
[38,229,629868,629404]
[39,149,658133,656820]
[40,249,248455,247972]
[41,101,315423,314312]
[42,90,59695,60161]
[43,193,358297,357094]
[44,204,486509,486803]
[45,265,195472,195328]
[46,179,388013,387380]
[47,127,356802,355825]
[48,155,373461,373376]
[49,177,610455,609573]
[50,78,189439,190680]
[51,3,223839,223064]
[52,257,420156,418770]
[53,92,404909,405953]
[54,246,466954,467731]
[55,182,43394,44413]
[56,180,333063,333420]
[57,214,79876,81073]
[58,237,541556,540075]
[59,34,655493,656391]
[60,96,671401,671958]
[61,270,632159,633013]
[62,110,541965,542849]
[63,97,612193,611153]
[64,124,369063,369702]
[65,64,334444,334560]
[66,258,677568,678017]
[67,76,260715,262070]
[68,14,678533,678948]
[69,135,614112,613042]
[70,177,562290,562196]
[71,129,271102,269882]
[72,101,220323,220289]
[73,37,388412,387374]
[74,169,726012,725841]
[75,186,325709,326736]
