["head":"wrap","lpos","status"]
[51,399565,1]
["io count"]
[750]
["io":"id","wrap","startLpos","endLpos"]
[1,1,542854,542356]
[2,85,63290,62899]
[3,26,63492,64634]
[4,248,530690,531710]
[5,63,180347,179999]
[6,8,21173,22633]
[7,239,511924,511006]
[8,243,208805,208158]
[9,9,63022,62706]
[10,24,217867,218209]
[11,247,393127,392149]
[12,30,477937,479073]
[13,38,625029,625483]
[14,190,47014,48318]
[15,74,121469,121965]
[16,138,474998,475842]
[17,153,486493,485699]
[18,133,61599,61200]
[19,195,417142,415683]
[20,85,554410,554163]
[21,279,309577,308676]
[22,146,298455,299314]
[23,63,706940,705469]
[24,27,440304,440055]
[25,124,41996,42652]
[26,54,605322,605415]
[27,113,526582,525309]
[28,257,686620,685249]
[29,83,225376,224477]
[30,199,301243,300352]
[31,82,89049,89558]
[32,276,187354,187693]
[33,221,656851,656398]
[34,150,257545,257857]
[35,182,193449,194898]
[36,27,562910,562368]
[37,161,582134,581461]
[38,41,116195,115319]
[39,223,293592,292676]
[40,272,71256,72093]
[41,9,596746,596213]
[42,245,28872,27722]
[43,71,95842,94603]
[44,69,357625,356465]
[45,100,481903,482299]
[46,244,577052,577314]
[47,220,82132,83454]
[48,165,504898,504431]
[49,13,618985,617601]
[50,36,337838,338555]
[51,100,586217,586745]
[52,190,437236,437448]
[53,53,488205,487292]
[54,18,638264,639185]
[55,46,169408,170242]
[56,153,508053,507812]
[57,89,112508,111641]
[58,250,251173,251765]
[59,174,534570,535540]
[60,220,282182,282393]
[61,254,661707,661897]
[62,167,289705,289597]
[63,220,270577,270851]
[64,137,609678,608957]
[65,119,161774,160890]
[66,105,564513,563985]
[67,84,17367,18123]
[68,186,145605,146819]
[69,226,387645,388606]
[70,166,596925,598080]
[71,60,284438,285082]
[72,232,728820,729585]
[73,148,13476,14463]
[74,17,576249,574947]
[75,212,156167,156539]
[76,112,215751,216672]
[77,87,213932,213785]
[78,59,294774,294457]
[79,115,58283,57530]
[80,178,710761,711981]
[81,56,448873,449223]
[82,222,68904,69684]
[83,34,369896,371147]
[84,127,304514,303165]
[85,28,649528,650651]
[86,71,69611,68381]
[87,4,165257,166579]
[88,103,672778,671875]
[89,48,67815,69070]
[90,156,181459,182526]
[91,218,523475,524359]
[92,276,585700,585782]
[93,100,403343,403871]
[94,214,248838,249905]
[95,173,265222,264401]
[96,212,116239,117548]
[97,184,95974,96379]
[98,118,563916,564607]
[99,211,457830,457657]
[100,212,672056,672935]
[101,51,340136,339620]
[102,177,424344,423787]
[103,197,103900,103577]
[104,9,696993,695674]
[105,38,10037,10903]
[106,169,166094,165491]
[107,43,166235,164935]
[108,119,428704,428167]
[109,119,614715,614371]
[110,265,245049,243708]
[111,137,555389,554060]
[112,24,665888,666349]
[113,183,216385,215457]
[114,110,459973,460074]
[115,171,46901,45546]
[116,198,218546,219515]
[117,139,80512,79084]
[118,32,150330,150818]
[119,276,17519,18530]
[120,170,231483,232194]
[121,177,380206,378940]
[122,102,610587,610717]
[123,155,339325,337903]
[124,187,215180,214758]
[125,35,88263,87692]
[126,239,699731,698333]
[127,224,116021,116307]
[128,244,45782,46900]
[129,269,347967,346972]
[130,199,384527,383590]
[131,165,727102,726286]
[132,173,237772,236830]
[133,36,77368,78650]
[134,97,362361,361334]
[135,25,394374,393517]
[136,89,486528,485811]
[137,128,239331,239624]
[138,56,567930,568299]
[139,276,427293,427408]
[140,180,192440,192742]
[141,101,84069,83093]
[142,58,150899,150950]
[143,57,339861,339382]
[144,214,436247,437398]
[145,157,439397,438786]
[146,117,626719,625425]
[147,156,455507,456786]
[148,52,172478,173748]
[149,229,10213,8950]
[150,229,193704,192219]
[151,48,154304,155442]
[152,137,418663,418276]
[153,164,290000,291351]
[154,19,205442,205203]
[155,56,717646,718054]
[156,238,327283,327751]
[157,262,404045,404418]
[158,185,620294,619736]
[159,19,176895,175447]
[160,217,697587,696587]
[161,72,585686,587166]
[162,156,655894,656607]
[163,200,12970,13507]
[164,170,446730,447214]
[165,150,605079,605289]
[166,252,480229,480534]
[167,204,518457,519557]
[168,41,670093,669814]
[169,59,312458,310980]
[170,64,433042,433665]
[171,39,385299,384877]
[172,109,510419,509784]
[173,116,607768,608920]
[174,206,299618,300902]
[175,221,283491,282179]
[176,79,84382,84029]
[177,71,280039,279134]
[178,154,162810,163471]
[179,25,171048,170931]
[180,252,560692,561263]
[181,13,19807,18343]
[182,102,649336,650697]
[183,186,667966,668431]
[184,155,291503,290287]
[185,192,114118,115242]
[186,137,567505,567458]
[187,90,235930,236325]
[188,149,175294,174767]
[189,149,330810,330157]
[190,65,433973,433792]
[191,109,61158,59731]
[192,248,449209,449822]
[193,221,728626,727568]
[194,92,440950,441374]
[195,23,279738,279675]
[196,85,468997,467943]
[197,203,104827,103487]
[198,84,198825,200122]
[199,240,447043,448390]
[200,125,380502,379754]
[201,114,711421,711611]
[202,75,411596,410225]
[203,249,574448,573830]
[204,208,678735,679461]
[205,98,590610,591036]
[206,213,270190,269013]
[207,271,203519,203383]
[208,177,132496,132096]
[209,163,607880,606390]
[210,32,684250,685453]
[211,53,502369,502261]
[212,43,710458,709770]
[213,24,667160,667349]
[214,228,390466,391251]
[215,141,161972,160531]
[216,252,654478,655451]
[217,178,479377,480142]
[218,145,91270,89823]
[219,134,486786,487823]
[220,111,292019,290683]
[221,76,722604,722868]
[222,265,54454,54398]
[223,27,701190,700664]
[224,129,723302,721966]
[225,167,637254,636838]
[226,253,366688,366422]
[227,181,581730,581490]
[228,17,400436,399961]
[229,236,214907,215312]
[230,39,723184,721975]
[231,124,116362,117418]
[232,197,544457,543741]
[233,219,489424,489373]
[234,186,199746,200522]
[235,137,228690,227663]
[236,55,82484,81664]
[237,220,553657,554746]
[238,160,25752,26038]
[239,108,40720,42092]
[240,206,655347,655690]
[241,7,261469,261358]
[242,154,711753,712615]
[243,56,371608,373015]
[244,22,116756,116977]
[245,21,603675,602376]
[246,259,304656,303401]
[247,113,691842,691229]
[248,261,410587,409954]
[249,221,488712,487382]
[250,110,281182,281641]
[251,161,237451,237401]
[252,51,442995,442687]
[253,45,608283,607340]
[254,208,108414,109607]
[255,224,262307,263777]
[256,99,73927,73315]
[257,112,323180,323434]
[258,187,150266,149974]
[259,58,337117,338562]
[260,34,605216,605298]
[261,254,263964,265317]
[262,277,470728,470450]
[263,155,204563,203922]
[264,28,59805,61221]
[265,11,43328,42751]
[266,277,47773,47696]
[267,183,544052,543959]
[268,188,106397,107192]
[269,42,114400,115471]
[270,86,697922,698053]
[271,153,520421,520331]
[272,135,428083,426871]
[273,45,248516,247078]
[274,99,569236,568679]
[275,52,325604,326583]
[276,22,460266,461254]
[277,82,135822,136923]
[278,52,682319,682445]
[279,172,625048,626543]
[280,94,557938,558334]
[281,220,504567,505253]
[282,77,323417,323351]
[283,14,378343,378983]
[284,9,331030,329936]
[285,19,622598,622381]
[286,278,192731,193662]
[287,276,108338,109669]
[288,44,512000,513402]
[289,3,258536,258123]
[290,10,560184,560981]
[291,174,517214,517750]
[292,43,467994,466954]
[293,227,492464,491389]
[294,202,463261,464111]
[295,155,476894,475930]
[296,29,549799,549097]
[297,43,224544,223291]
[298,205,342763,341282]
[299,149,214163,213645]
[300,248,717509,718187]
[301,110,179529,180935]
[302,199,716338,715668]
[303,183,492169,491315]
[304,212,573559,574164]
[305,160,558200,558463]
[306,145,465233,463901]
[307,150,588488,589065]
[308,112,208465,209420]
[309,21,36566,35842]
[310,219,574600,573141]
[311,24,84127,84491]
[312,232,46579,48023]
[313,260,187469,188240]
[314,72,319191,319425]
[315,109,242824,241633]
[316,121,483868,482683]
[317,193,544109,543529]
[318,262,730099,730398]
[319,173,671823,670501]
[320,272,52502,52927]
[321,158,614942,615277]
[322,147,6706,6378]
[323,189,280743,280512]
[324,59,527478,527410]
[325,231,392045,390837]
[326,163,526087,525146]
[327,255,249741,248411]
[328,12,217626,218020]
[329,171,356512,355648]
[330,226,622058,623286]
[331,151,441975,441860]
[332,209,322777,322154]
[333,20,595764,596285]
[334,201,95625,95485]
[335,127,330495,329412]
[336,46,369760,370350]
[337,164,161064,161303]
[338,259,595198,595026]
[339,70,609660,610933]
[340,16,150022,150146]
[341,6,322281,322566]
[342,277,315176,314923]
[343,206,175955,176473]
[344,165,465325,464339]
[345,96,666792,668260]
[346,83,702636,702075]
[347,158,459158,459989]
[348,99,56962,56392]
[349,200,100321,101289]
[350,96,684255,684664]
[351,105,488863,487933]
[352,150,48602,49790]
[353,12,430923,431380]
[354,249,411813,410360]
[355,165,539523,538393]
[356,41,197911,197071]
[357,191,469669,468507]
[358,4,702093,703142]
[359,65,340835,340752]
[360,238,340818,341947]
[361,237,126264,125968]
[362,125,258196,257025]
[363,260,415275,416657]
[364,255,669275,668076]
[365,18,50131,51071]
[366,223,508124,507024]
[367,189,236391,235293]
[368,197,115406,115331]
[369,200,583477,584700]
[370,86,394749,395278]
[371,42,271778,272083]
[372,80,217741,219207]
[373,98,200626,201677]
[374,247,167249,166449]
[375,126,293919,295121]
[376,95,480074,478640]
[377,53,2224,1275]
[378,202,63745,64510]
[379,276,482011,483200]
[380,3,539403,538280]
[381,154,667282,667989]
[382,130,259942,261242]
[383,159,286678,286252]
[384,266,130416,130893]
[385,222,429309,430287]
[386,236,164368,164500]
[387,195,355164,354854]
[388,26,39130,40012]
[389,82,480296,480346]
[390,112,291874,293282]
[391,271,702189,701629]
[392,242,190896,192378]
[393,211,552800,552083]
[394,228,170360,171022]
[395,59,589344,588978]
[396,142,52474,53110]
[397,217,108389,107704]
[398,105,389140,388987]
[399,176,706005,706479]
[400,154,123638,124014]
[401,11,607180,605699]
[402,198,712437,712923]
[403,271,127332,127046]
[404,170,386034,386361]
[405,53,459497,458767]
[406,40,722556,723697]
[407,31,609084,608735]
[408,13,64658,63391]
[409,189,432367,431904]
[410,75,146218,145791]
[411,47,370541,369816]
[412,221,666752,666655]
[413,52,675733,675839]
[414,86,507159,507793]
[415,131,690368,689374]
[416,79,242744,241439]
[417,100,548745,549034]
[418,143,534352,533038]
[419,36,560920,561488]
[420,78,410799,412021]
[421,171,373207,372169]
[422,250,53271,53405]
[423,226,444448,444942]
[424,35,118007,116642]
[425,219,185408,184534]
[426,214,158280,158484]
[427,232,490470,491391]
[428,155,282519,282441]
[429,141,531930,530822]
[430,154,357706,358925]
[431,183,132033,130611]
[432,7,520852,520563]
[433,128,405101,405918]
[434,77,208584,208174]
[435,260,58314,59635]
[436,101,250547,249660]
[437,105,651862,651691]
[438,258,529239,529562]
[439,7,627765,626750]
[440,169,351439,351331]
[441,18,250437,251448]
[442,214,575738,575834]
[443,53,170805,169464]
[444,263,340695,339805]
[445,101,676641,675890]
[446,21,239344,238503]
[447,33,558071,556813]
[448,132,254496,254952]
[449,215,481643,480236]
[450,98,330143,330934]
[451,4,157888,158055]
[452,243,48569,47099]
[453,189,584144,583967]
[454,132,433223,434261]
[455,119,544517,543628]
[456,122,154745,155875]
[457,184,208626,209198]
[458,171,258685,257214]
[459,107,31771,31580]
[460,258,351418,351498]
[461,243,402502,401790]
[462,13,254929,253902]
[463,145,37218,36286]
[464,80,337505,338544]
[465,192,653934,654191]
[466,133,249680,249034]
[467,191,539374,538968]
[468,136,460798,462054]
[469,72,159241,159704]
[470,248,45841,46015]
[471,130,507879,508772]
[472,88,559571,560567]
[473,59,134271,134068]
[474,150,321518,321643]
[475,194,196374,197014]
[476,86,406687,407816]
[477,70,333135,333568]
[478,201,442568,441711]
[479,191,46010,45443]
[480,163,664724,663777]
[481,50,481805,482514]
[482,239,658359,656998]
[483,73,535704,534855]
[484,211,725844,725641]
[485,101,523462,522838]
[486,87,125979,124481]
[487,119,185218,183908]
[488,6,658322,659274]
[489,97,291839,291404]
[490,207,557641,557515]
[491,104,635275,636226]
[492,174,278227,278326]
[493,45,482121,480981]
[494,156,252244,252749]
[495,219,519160,518790]
[496,243,626622,625778]
[497,278,143732,144072]
[498,123,525974,525386]
[499,28,277742,278419]
[500,196,81297,81991]
[501,185,87647,86450]
[502,113,395172,394772]
[503,232,363118,363288]
[504,165,52134,50935]
[505,65,375414,374765]
[506,125,451098,450084]
[507,94,420064,421085]
[508,246,280550,280586]
[509,65,139946,138714]
[510,82,7435,8640]
[511,228,205355,206252]
[512,55,191429,190218]
[513,248,162814,163250]
[514,275,292998,292074]
[515,269,23331,22191]
[516,278,550297,550422]
[517,143,268218,267918]
[518,215,589284,588997]
[519,30,114090,114929]
[520,271,569909,569302]
[521,89,662694,661644]
[522,137,44466,43698]
[523,137,100709,100535]
[524,273,518011,517674]
[525,49,582976,582846]
[526,59,588120,588087]
[527,212,81360,82142]
[528,278,132902,133044]
[529,178,61151,61438]
[530,24,319181,319639]
[531,19,311382,309965]
[532,252,5680,6503]
[533,135,249398,247998]
[534,242,53899,53965]
[535,32,393192,394611]
[536,65,75237,74601]
[537,82,589496,590509]
[538,144,587081,588132]
[539,31,411060,410010]
[540,236,121065,122227]
[541,180,207009,207976]
[542,203,588741,588223]
[543,222,77979,78163]
[544,227,566799,566481]
[545,72,310878,311820]
[546,211,629886,628455]
[547,105,210566,210263]
[548,53,150408,149834]
[549,177,447525,446296]
[550,5,18993,18815]
[551,239,389145,387970]
[552,187,692056,691472]
[553,84,314804,315596]
[554,257,566122,565597]
[555,170,314442,314505]
[556,19,392456,391216]
[557,88,342417,343231]
[558,30,516898,518209]
[559,274,539997,540570]
[560,7,352539,351975]
[561,3,583279,582061]
[562,161,331153,330800]
[563,155,179253,178679]
[564,228,692357,692628]
[565,165,441304,439966]
[566,200,663326,664822]
[567,6,43745,44216]
[568,208,387230,388340]
[569,125,244106,244027]
[570,203,148168,147232]
[571,34,715823,716100]
[572,155,349764,349435]
[573,258,169538,170270]
[574,67,471649,470977]
[575,88,296386,296861]
[576,143,718119,716741]
[577,146,514530,515357]
[578,247,444454,443768]
[579,278,5149,5251]
[580,172,505513,506755]
[581,26,106437,106681]
[582,117,472364,471696]
[583,165,79198,78356]
[584,45,307199,305744]
[585,117,628719,627786]
[586,181,179148,178123]
[587,184,172442,173732]
[588,106,176491,176561]
[589,270,138750,139218]
[590,247,396881,395830]
[591,182,697532,698351]
[592,119,299377,299225]
[593,156,214792,215933]
[594,221,388270,387561]
[595,156,605959,606122]
[596,82,552976,553326]
[597,215,254394,254182]
[598,28,701340,701651]
[599,203,379624,378281]
[600,244,143785,144875]
[601,215,98335,98039]
[602,101,577015,576189]
[603,197,73988,72731]
[604,248,498031,499359]
[605,203,367428,366192]
[606,31,602859,602095]
[607,60,45891,46643]
[608,19,532922,532168]
[609,279,561285,561064]
[610,131,199572,198133]
[611,54,202197,202352]
[612,204,59109,60471]
[613,200,65080,65556]
[614,163,371484,371040]
[615,10,6459,6709]
[616,176,430642,431914]
[617,70,461783,463169]
[618,64,89911,90457]
[619,248,54141,55003]
[620,35,666922,666790]
[621,185,547413,546181]
[622,268,607621,608298]
[623,100,350452,350690]
[624,57,692773,692166]
[625,129,72528,71285]
[626,204,707058,707617]
[627,41,212040,211439]
[628,204,632795,633022]
[629,211,350335,350222]
[630,191,266669,265470]
[631,111,88392,87423]
[632,2,176478,176812]
[633,172,159100,160240]
[634,271,520593,520347]
[635,266,225073,225386]
[636,133,672738,671614]
[637,230,500973,502303]
[638,245,101267,101226]
[639,242,298892,299418]
[640,227,584463,583444]
[641,88,701730,702233]
[642,225,305128,303651]
[643,92,587527,588760]
[644,5,419215,418564]
[645,194,132774,133482]
[646,226,533710,534587]
[647,105,65802,65552]
[648,209,486327,485884]
[649,225,364913,364474]
[650,105,329886,329257]
[651,71,604735,603770]
[652,39,444336,443390]
[653,236,365868,366015]
[654,145,52017,51158]
[655,64,4125,4332]
[656,65,363100,362782]
[657,11,673500,672686]
[658,49,670315,670017]
[659,252,292850,293621]
[660,108,465529,466132]
[661,54,376297,377628]
[662,33,31206,30467]
[663,123,328717,327662]
[664,55,262771,262287]
[665,49,63080,62015]
[666,256,714217,715704]
[667,60,263930,265321]
[668,7,494773,493535]
[669,210,263620,265016]
[670,14,539330,539920]
[671,167,160896,160514]
[672,27,490229,489814]
[673,155,530012,529293]
[674,251,511114,510799]
[675,226,174562,174735]
[676,36,261127,261265]
[677,27,634869,633880]
[678,132,259729,261206]
[679,81,112890,111946]
[680,257,670287,670079]
[681,235,6388,5111]
[682,147,618746,618697]
[683,156,176993,177180]
[684,74,656381,657554]
[685,41,70249,69280]
[686,32,305832,306503]
[687,237,189927,189729]
[688,133,539589,539123]
[689,149,157080,156513]
[690,66,719427,720018]
[691,148,233595,233757]
[692,103,134258,133526]
[693,1,14805,14014]
[694,41,675618,674318]
[695,73,37726,37059]
[696,116,6275,7031]
[697,48,468500,469187]
[698,34,342857,344078]
[699,154,339356,340240]
[700,8,272946,273766]
[701,120,290111,290503]
[702,78,274357,274975]
[703,250,140646,140987]
[704,54,258924,259135]
[705,259,522771,521877]
[706,231,355648,355612]
[707,237,630077,630022]
[708,7,103790,103229]
[709,205,126456,125867]
[710,39,619022,618293]
[711,23,439246,438935]
[712,155,576388,575296]
[713,57,618734,617257]
[714,142,190497,191094]
[715,5,171591,171417]
[716,14,298093,298253]
[717,201,471205,470019]
[718,86,373966,374881]
[719,40,26049,27312]
[720,24,484280,485495]
[721,246,683253,684462]
[722,20,9535,10756]
[723,53,486038,485388]
[724,233,127628,126362]
[725,137,418127,418002]
[726,119,205837,205268]
[727,225,726473,725755]
[728,203,301737,300585]
[729,59,8206,7423]
[730,33,703609,702367]
[731,104,602817,603708]
[732,230,249172,250036]
[733,52,378466,379806]
[734,85,73027,71738]
[735,33,729131,727909]
[736,203,183255,182333]
[737,82,519866,520532]
[738,239,331931,331108]
[739,262,487754,489026]
[740,29,352956,352686]
[741,159,477134,476101]
[742,76,332430,333887]
[743,215,424974,424530]
[744,27,501954,501411]
[745,140,625353,626171]
[746,258,12293,12818]
[747,10,243307,243360]
[748,72,353772,354101]
[749,130,554284,554375]
[750,235,379130,378570]
