["head":"wrap","lpos","status"]
[79,85083,1]
["io count"]
[755]
["io":"id","wrap","startLpos","endLpos"]
[1,241,229957,229024]
[2,192,383464,384875]
[3,81,605124,604519]
[4,212,73754,75048]
[5,37,158228,156905]
[6,158,588641,588688]
[7,173,348775,347990]
[8,219,145850,145221]
[9,41,709074,707869]
[10,83,545724,545168]
[11,65,464382,463204]
[12,128,484521,484933]
[13,272,420185,420819]
[14,60,318569,318956]
[15,121,53390,53263]
[16,110,226769,227670]
[17,83,528826,527396]
[18,242,180483,181167]
[19,277,553310,551896]
[20,95,626801,625825]
[21,246,634621,635875]
[22,263,378759,378225]
[23,118,78756,79441]
[24,187,72342,71596]
[25,260,247398,248620]
[26,87,634762,634266]
[27,242,549647,549757]
[28,152,23116,23665]
[29,199,434417,433355]
[30,177,185422,183978]
[31,37,591275,589816]
[32,273,571547,571427]
[33,94,559614,560189]
[34,71,507545,507260]
[35,43,680314,679737]
[36,158,652391,653837]
[37,231,58482,57811]
[38,270,438438,439572]
[39,192,29633,30051]
[40,103,462900,462001]
[41,35,78585,77674]
[42,212,102063,103195]
[43,244,46080,46952]
[44,279,210206,209450]
[45,77,245155,244232]
[46,42,599148,599478]
[47,153,479835,479681]
[48,70,173080,173839]
[49,174,678484,678514]
[50,35,578516,577542]
[51,238,342926,343232]
[52,166,500510,500630]
[53,98,668929,669751]
[54,98,59414,60284]
[55,256,169363,169941]
[56,116,385290,386630]
[57,134,466386,467818]
[58,14,447268,447828]
[59,109,663428,662878]
[60,233,142180,140825]
[61,191,479678,479418]
[62,218,322518,323253]
[63,65,33864,32658]
[64,255,96144,94858]
[65,61,567213,565998]
[66,47,414307,414254]
[67,73,534553,534016]
[68,273,571569,570149]
[69,67,348652,347367]
[70,214,437208,438661]
[71,2,660940,661184]
[72,120,203218,204293]
[73,193,715052,713562]
[74,92,443817,444393]
[75,84,178711,179996]
[76,57,482314,481231]
[77,277,335943,335402]
[78,45,707851,707374]
[79,211,684490,684418]
[80,277,581848,581348]
[81,263,722170,722071]
[82,275,545683,545636]
[83,133,666585,666484]
[84,277,578906,578624]
[85,13,394787,394380]
[86,117,3943,3075]
[87,189,568389,567761]
[88,118,152089,152834]
[89,147,358603,358402]
[90,276,543939,545288]
[91,248,577060,578335]
[92,39,277086,276186]
[93,79,644804,644450]
[94,34,496462,497360]
[95,114,181081,182509]
[96,204,43543,43623]
[97,238,29153,30295]
[98,134,71781,73107]
[99,246,284933,286260]
[100,21,275736,274503]
[101,259,32204,31470]
[102,223,240690,240482]
[103,231,43433,43345]
[104,153,532430,532076]
[105,154,237109,238246]
[106,2,537738,538960]
[107,209,105003,104399]
[108,235,137609,136351]
[109,98,657914,658322]
[110,253,63464,62543]
[111,76,176888,178254]
[112,126,136431,137778]
[113,136,44266,45484]
[114,259,246452,246362]
[115,162,420217,420464]
[116,58,262319,263392]
[117,186,401574,402763]
[118,221,698112,696707]
[119,134,518229,518508]
[120,180,708604,709005]
[121,246,448200,448848]
[122,196,616997,617828]
[123,27,181273,181143]
[124,146,546600,547624]
[125,143,721860,720903]
[126,80,376995,377823]
[127,201,223432,223137]
[128,95,624525,623097]
[129,52,670299,670546]
[130,218,603905,604792]
[131,2,690536,690651]
[132,98,639762,640874]
[133,148,64441,65610]
[134,174,272630,273512]
[135,128,431049,431708]
[136,262,595702,596064]
[137,260,725189,725318]
[138,150,661049,661291]
[139,252,234084,234198]
[140,39,459523,458791]
[141,184,334373,335358]
[142,181,274511,273761]
[143,140,587711,588443]
[144,253,143933,142942]
[145,54,255087,255392]
[146,132,426457,427812]
[147,55,695472,695335]
[148,20,420048,421237]
[149,117,668839,667909]
[150,79,76641,75967]
[151,231,286463,285073]
[152,3,320372,319876]
[153,201,662460,661717]
[154,211,471263,469854]
[155,272,316170,317083]
[156,116,716934,717231]
[157,100,207830,208251]
[158,80,11521,12505]
[159,261,630481,629635]
[160,15,120992,119988]
[161,29,155888,154455]
[162,148,715674,716932]
[163,97,554298,554204]
[164,8,6775,7686]
[165,149,715019,714060]
[166,232,463788,464328]
[167,237,147376,147104]
[168,203,578524,577558]
[169,194,417523,417880]
[170,85,597818,596703]
[171,140,466443,467637]
[172,257,52875,52399]
[173,14,161199,162439]
[174,124,221590,221824]
[175,131,458753,458100]
[176,89,152663,151322]
[177,137,223314,222802]
[178,7,152273,151122]
[179,137,170877,169909]
[180,59,415571,414409]
[181,268,640711,641223]
[182,50,169048,169964]
[183,170,247178,247480]
[184,231,469447,468277]
[185,33,175913,174811]
[186,244,126838,128111]
[187,207,303166,302058]
[188,240,676361,677189]
[189,33,728357,727511]
[190,173,727151,727085]
[191,210,281444,282895]
[192,195,717741,717304]
[193,199,277522,277242]
[194,247,637303,635905]
[195,55,57239,56905]
[196,181,245983,245313]
[197,233,238687,238196]
[198,273,651343,650003]
[199,209,207542,206376]
[200,60,557865,558101]
[201,173,112921,112777]
[202,41,292079,291698]
[203,200,319970,320089]
[204,120,37700,38904]
[205,215,462437,462059]
[206,68,20080,20719]
[207,195,235813,235094]
[208,176,158497,158730]
[209,128,723144,723994]
[210,70,559311,559683]
[211,80,287896,287986]
[212,39,124741,124375]
[213,181,615195,615000]
[214,258,67562,68688]
[215,174,317128,318245]
[216,182,22618,23543]
[217,100,322082,322663]
[218,248,538626,539676]
[219,279,441522,440723]
[220,227,719400,717946]
[221,191,338557,338286]
[222,95,596293,594941]
[223,177,689483,688964]
[224,228,389830,391171]
[225,226,663309,663418]
[226,37,594210,593544]
[227,196,323520,324801]
[228,180,346825,347575]
[229,198,109537,110359]
[230,161,702783,701971]
[231,240,116410,116743]
[232,233,169514,168454]
[233,48,620415,620448]
[234,237,119956,118962]
[235,223,56528,55690]
[236,228,248585,249389]
[237,106,577191,577803]
[238,16,116285,116620]
[239,93,174512,174325]
[240,138,272322,273272]
[241,119,308102,306712]
[242,249,109588,108461]
[243,26,90469,90718]
[244,113,371725,370331]
[245,26,83430,84470]
[246,199,349263,348986]
[247,205,355722,354674]
[248,203,85848,84901]
[249,38,660553,661496]
[250,3,6960,6866]
[251,90,499732,500086]
[252,88,576377,576843]
[253,66,370779,372244]
[254,25,725759,725433]
[255,94,119661,119938]
[256,213,221003,219676]
[257,70,234075,234759]
[258,271,521605,520588]
[259,188,331462,331792]
[260,208,244409,245224]
[261,67,720252,719562]
[262,108,668239,668759]
[263,172,599903,600700]
[264,24,603833,605318]
[265,248,432564,432824]
[266,37,340080,339365]
[267,219,10452,9420]
[268,265,504048,503364]
[269,229,648435,647851]
[270,279,213524,212625]
[271,275,360914,360114]
[272,151,579815,579071]
[273,44,259807,260519]
[274,40,204203,205203]
[275,215,505274,504136]
[276,255,661641,660231]
[277,140,639284,639934]
[278,179,566113,564885]
[279,107,284553,284222]
[280,150,249825,250478]
[281,247,230662,229366]
[282,236,94091,95158]
[283,104,334255,335403]
[284,252,722564,723684]
[285,12,591048,591771]
[286,96,363608,364291]
[287,236,188087,189524]
[288,205,207979,207812]
[289,39,332118,331291]
[290,249,317641,317051]
[291,202,693861,694829]
[292,204,97458,98764]
[293,95,502282,502037]
[294,70,617948,618507]
[295,139,39977,39164]
[296,180,417859,418832]
[297,117,243216,242427]
[298,143,129547,128916]
[299,220,453222,453900]
[300,141,36582,35863]
[301,269,647520,646902]
[302,140,135736,136508]
[303,240,42889,43240]
[304,169,287580,286263]
[305,31,173520,173397]
[306,171,680882,680820]
[307,190,46038,47474]
[308,110,62783,62871]
[309,278,624991,625879]
[310,58,271238,272104]
[311,161,273591,273509]
[312,105,441866,441171]
[313,142,156478,156748]
[314,227,311933,310968]
[315,198,188433,188559]
[316,269,537204,536972]
[317,50,674702,674879]
[318,90,611742,612022]
[319,102,608869,609118]
[320,211,712761,711368]
[321,254,449199,449257]
[322,254,81762,83251]
[323,43,38550,37834]
[324,227,533316,532661]
[325,248,60891,62106]
[326,144,365940,366256]
[327,7,166274,166101]
[328,257,61827,61754]
[329,20,152766,152956]
[330,144,115724,116288]
[331,168,337828,338665]
[332,135,635142,634559]
[333,64,146702,147018]
[334,217,66961,66273]
[335,95,491927,490944]
[336,40,61785,63252]
[337,63,259903,259752]
[338,262,438853,439221]
[339,5,420117,419892]
[340,270,656417,657708]
[341,222,574973,575954]
[342,111,522194,521094]
[343,54,247644,248926]
[344,120,615867,616592]
[345,157,726167,724770]
[346,165,98517,98015]
[347,141,297519,297090]
[348,253,49942,49129]
[349,71,155233,153980]
[350,69,333860,333357]
[351,172,363302,363346]
[352,144,528991,530042]
[353,22,688702,690172]
[354,244,505841,505985]
[355,4,618118,618820]
[356,115,186807,185570]
[357,100,117043,117907]
[358,33,592853,592805]
[359,207,601390,600420]
[360,34,75020,76099]
[361,162,267346,268630]
[362,142,422791,423718]
[363,2,572728,573493]
[364,20,304850,305666]
[365,134,489058,489126]
[366,34,263497,264480]
[367,244,308885,309210]
[368,94,570921,572088]
[369,34,286318,287061]
[370,125,93397,92682]
[371,251,301658,300482]
[372,237,519671,518381]
[373,61,117922,116543]
[374,170,556109,556623]
[375,23,109172,109018]
[376,219,360798,360742]
[377,138,384588,385199]
[378,221,120644,120328]
[379,196,185706,185778]
[380,213,205664,204730]
[381,235,707777,707567]
[382,94,293448,293789]
[383,115,593605,592149]
[384,16,50976,51481]
[385,225,395807,395249]
[386,57,432511,431965]
[387,131,663670,662637]
[388,264,75364,75563]
[389,108,343452,344821]
[390,138,374313,375713]
[391,215,280881,280260]
[392,26,435382,435436]
[393,53,525336,525117]
[394,103,273557,272684]
[395,50,31175,31304]
[396,70,621244,621585]
[397,151,323607,322267]
[398,101,30888,30575]
[399,203,488017,487739]
[400,77,67277,67225]
[401,108,442713,444108]
[402,116,612884,613605]
[403,5,106578,105837]
[404,246,383100,384253]
[405,241,535026,533993]
[406,131,61876,60651]
[407,62,661435,661813]
[408,150,22372,23503]
[409,21,236853,235385]
[410,190,354323,355714]
[411,207,556822,555977]
[412,259,382099,381301]
[413,123,692779,691953]
[414,234,1592,2202]
[415,95,599270,598468]
[416,182,368925,369554]
[417,2,557193,557238]
[418,218,418897,419165]
[419,142,218312,218489]
[420,244,399281,400542]
[421,6,148556,149288]
[422,13,277218,276768]
[423,244,565620,565679]
[424,145,316392,315821]
[425,228,323752,324778]
[426,114,645621,646553]
[427,175,583262,581903]
[428,106,268150,269582]
[429,206,727536,728740]
[430,188,8384,9295]
[431,90,639839,640612]
[432,81,473278,472485]
[433,192,365194,366393]
[434,121,518355,518201]
[435,267,547697,547617]
[436,230,204167,204878]
[437,114,504017,504272]
[438,120,146201,146700]
[439,99,402258,401748]
[440,88,86443,87314]
[441,177,176471,175970]
[442,183,347397,347140]
[443,230,117551,117856]
[444,222,205325,206479]
[445,61,231535,230678]
[446,150,500665,501619]
[447,111,728988,727744]
[448,82,524012,524262]
[449,246,249269,250234]
[450,233,252478,251120]
[451,33,426601,425736]
[452,118,460748,461945]
[453,164,547603,548017]
[454,221,332327,331825]
[455,156,601833,602428]
[456,228,552771,554251]
[457,279,612565,611741]
[458,164,236358,237147]
[459,73,100836,99907]
[460,4,528521,528910]
[461,133,288293,288039]
[462,155,623301,623025]
[463,155,371758,371642]
[464,69,375995,375324]
[465,22,79098,80023]
[466,263,222674,222546]
[467,85,538216,537919]
[468,208,650254,650562]
[469,182,111849,113157]
[470,5,325383,324332]
[471,212,292509,293091]
[472,66,74202,75461]
[473,157,310382,309726]
[474,276,640613,641576]
[475,21,723432,722856]
[476,95,389606,388291]
[477,225,600642,599378]
[478,78,389624,390391]
[479,272,640215,641258]
[480,95,148768,148107]
[481,115,60541,59811]
[482,183,704872,703756]
[483,132,637585,638317]
[484,275,571061,570517]
[485,127,256489,255145]
[486,210,349823,350409]
[487,125,231567,231162]
[488,156,640514,641186]
[489,92,114400,114878]
[490,95,667925,667358]
[491,181,319898,319140]
[492,262,662015,662073]
[493,121,260727,259461]
[494,90,628012,628640]
[495,41,3774,3358]
[496,267,727679,726874]
[497,149,404660,404152]
[498,162,256138,256242]
[499,253,77507,77068]
[500,182,480567,480677]
[501,171,150849,149387]
[502,49,65333,63971]
[503,255,259353,258037]
[504,120,210069,210999]
[505,76,535177,535250]
[506,276,290640,291000]
[507,37,67592,66160]
[508,65,462052,461529]
[509,215,585557,585080]
[510,184,294305,295583]
[511,202,18703,19592]
[512,68,194576,195745]
[513,236,36400,36704]
[514,68,513040,513409]
[515,277,193984,193075]
[516,176,589136,589823]
[517,190,552643,553829]
[518,236,199785,200394]
[519,165,118663,118323]
[520,179,579680,579054]
[521,88,355490,356898]
[522,70,67089,67123]
[523,24,256605,257848]
[524,63,649730,648531]
[525,152,625362,625832]
[526,134,589500,589802]
[527,69,677670,677130]
[528,277,522239,521110]
[529,119,52433,51653]
[530,196,230878,231007]
[531,135,678524,678388]
[532,46,681050,681364]
[533,171,400811,400613]
[534,197,633769,632546]
[535,145,382685,381898]
[536,235,551248,550755]
[537,202,603295,603961]
[538,112,670812,672074]
[539,230,440478,440769]
[540,276,336695,338171]
[541,207,52225,51587]
[542,72,622792,622994]
[543,206,293048,293627]
[544,38,104740,106053]
[545,127,576363,574929]
[546,144,288239,288785]
[547,95,429322,428252]
[548,185,211944,211556]
[549,59,436574,436322]
[550,173,82825,82112]
[551,143,25766,24689]
[552,34,525972,526483]
[553,225,136384,135202]
[554,222,726370,727494]
[555,129,638143,637003]
[556,209,325299,324208]
[557,179,23714,22453]
[558,69,265894,264512]
[559,265,689260,688524]
[560,239,608320,606877]
[561,86,273042,274131]
[562,87,74046,72585]
[563,242,282576,283734]
[564,29,708659,707460]
[565,219,11825,10375]
[566,127,515663,515414]
[567,203,498962,498630]
[568,5,694587,693727]
[569,86,361466,362428]
[570,28,254010,255047]
[571,124,116595,117278]
[572,237,39893,39497]
[573,267,533229,532922]
[574,112,206259,206415]
[575,158,130168,131631]
[576,44,529129,530206]
[577,4,397927,398630]
[578,96,713821,713996]
[579,10,25828,25918]
[580,76,264761,265724]
[581,60,191369,192636]
[582,225,217305,216446]
[583,25,645300,645175]
[584,259,607787,606392]
[585,38,554949,555116]
[586,37,710859,710343]
[587,83,343430,343326]
[588,223,377254,376823]
[589,145,723470,723220]
[590,124,475357,475971]
[591,35,717360,716504]
[592,26,221321,221672]
[593,161,531840,531147]
[594,187,134173,132895]
[595,140,74078,74327]
[596,152,377577,377880]
[597,179,700345,699801]
[598,126,692643,692943]
[599,259,443094,442854]
[600,222,557479,558083]
[601,192,346163,346970]
[602,219,511793,510329]
[603,144,183006,183948]
[604,135,505154,503870]
[605,156,278392,278433]
[606,141,563806,562438]
[607,242,136433,136875]
[608,221,594646,594236]
[609,112,434119,435484]
[610,252,2736,3826]
[611,264,493380,494702]
[612,167,397285,396769]
[613,159,595073,593978]
[614,183,506529,505960]
[615,123,412258,412046]
[616,193,62207,62124]
[617,95,644439,643707]
[618,125,333019,332958]
[619,160,685756,685786]
[620,70,45521,45879]
[621,226,658656,659848]
[622,170,392733,392974]
[623,93,629429,628375]
[624,83,589857,589506]
[625,124,688359,689198]
[626,266,3752,4656]
[627,126,550934,551641]
[628,174,81399,81683]
[629,263,398850,398816]
[630,4,470736,471960]
[631,158,293402,294237]
[632,92,113251,113865]
[633,167,428757,427787]
[634,191,145032,143845]
[635,149,221887,221265]
[636,54,152081,153078]
[637,168,358183,359648]
[638,104,392885,394114]
[639,163,69650,68946]
[640,43,384733,384662]
[641,268,530829,531792]
[642,127,633673,632226]
[643,55,413535,413123]
[644,131,515389,515028]
[645,35,140330,139619]
[646,187,394512,393153]
[647,12,70386,70447]
[648,263,699774,699112]
[649,71,44756,44072]
[650,116,369882,370483]
[651,113,324658,324396]
[652,105,724385,724292]
[653,172,641964,643304]
[654,106,138187,139248]
[655,150,90472,91114]
[656,130,462587,463971]
[657,256,246916,247112]
[658,0,449790,449882]
[659,100,38492,39235]
[660,206,548009,549451]
[661,57,54749,54111]
[662,121,203127,202956]
[663,49,477941,477609]
[664,163,391403,390067]
[665,3,380007,379391]
[666,48,334119,334203]
[667,192,40166,41653]
[668,97,596032,595447]
[669,177,321128,320529]
[670,105,83318,82706]
[671,267,372917,372303]
[672,178,136642,137265]
[673,86,86470,87715]
[674,64,381721,383190]
[675,190,443217,443694]
[676,181,588629,587797]
[677,251,250783,249972]
[678,203,701889,700993]
[679,65,66342,65570]
[680,38,712007,712867]
[681,162,603312,603346]
[682,12,123560,124278]
[683,255,545610,544321]
[684,73,659923,658576]
[685,167,291013,290465]
[686,139,307239,306218]
[687,185,23615,22793]
[688,167,696653,695471]
[689,203,247172,246099]
[690,92,654804,655089]
[691,54,279609,280302]
[692,250,355698,356061]
[693,22,364017,365395]
[694,199,9210,8818]
[695,216,303807,304668]
[696,92,557864,559064]
[697,203,478739,478389]
[698,250,285412,285533]
[699,158,612804,613124]
[700,118,489341,489820]
[701,39,515016,513787]
[702,208,315830,316287]
[703,60,463400,464058]
[704,219,3193,2046]
[705,89,323412,322672]
[706,264,622735,622854]
[707,201,249686,249517]
[708,12,13909,15134]
[709,225,638754,637819]
[710,113,176831,175349]
[711,149,710116,709206]
[712,262,619407,620825]
[713,75,349955,349464]
[714,272,230592,231414]
[715,95,675871,675168]
[716,135,245055,244969]
[717,26,62368,63554]
[718,122,538025,538766]
[719,105,584478,584295]
[720,11,671234,670170]
[721,247,455104,454349]
[722,249,610033,609867]
[723,28,376982,378452]
[724,119,477656,477541]
[725,127,465625,465435]
[726,79,675642,674193]
[727,107,560224,558759]
[728,15,291891,291183]
[729,72,687590,687904]
[730,173,550015,549167]
[731,185,721289,720957]
[732,88,54707,55594]
[733,250,378736,378814]
[734,107,360369,359293]
[735,193,423364,422136]
[736,182,370927,371206]
[737,61,10270,10016]
[738,262,280641,281315]
[739,67,142835,141462]
[740,215,574410,573551]
[741,152,551473,552695]
[742,185,18277,17666]
[743,8,523898,525155]
[744,49,137706,136805]
[745,8,17771,18695]
[746,252,328746,329249]
[747,160,505960,507414]
[748,237,302422,302269]
[749,201,531601,531235]
[750,120,527340,528132]
[751,113,394818,394233]
[752,56,63061,63949]
[753,227,406816,406056]
[754,219,451178,449811]
[755,4,643550,644518]
