["head":"wrap","lpos","status"]
[273,272282,1]
["io count"]
[760]
["io":"id","wrap","startLpos","endLpos"]
[1,16,594259,595471]
[2,6,36509,36998]
[3,164,355019,356045]
[4,232,698178,698295]
[5,217,362685,362035]
[6,148,32859,33484]
[7,87,213635,212394]
[8,266,48336,49532]
[9,17,495950,495812]
[10,122,273464,274698]
[11,8,507314,508208]
[12,92,27043,27369]
[13,120,480466,481228]
[14,236,327193,327414]
[15,229,583851,583745]
[16,251,618370,617547]
[17,208,514775,515808]
[18,215,82880,82694]
[19,112,90203,90513]
[20,248,163906,164025]
[21,80,340757,341926]
[22,263,447047,446400]
[23,52,296297,296451]
[24,129,339084,337951]
[25,157,387337,386486]
[26,49,268560,267517]
[27,72,658203,658985]
[28,95,305140,304497]
[29,171,705204,704382]
[30,4,114282,115539]
[31,147,527142,526849]
[32,223,608139,606714]
[33,32,317129,317258]
[34,217,147695,146980]
[35,188,699359,700849]
[36,77,483309,483191]
[37,191,426308,425150]
[38,262,306994,307895]
[39,29,147872,146826]
[40,200,474304,475583]
[41,117,62204,61945]
[42,244,272285,273518]
[43,74,693777,694273]
[44,215,19007,18349]
[45,82,327082,328012]
[46,162,664290,665469]
[47,169,224613,223415]
[48,26,722774,723989]
[49,51,586297,585587]
[50,236,426187,426688]
[51,123,169968,169619]
[52,58,31295,32430]
[53,264,614852,615127]
[54,251,448757,448031]
[55,124,586234,586439]
[56,192,570907,571444]
[57,231,113678,113203]
[58,11,132574,131712]
[59,151,87118,86845]
[60,203,13382,11894]
[61,122,217753,218085]
[62,194,696612,697778]
[63,114,247798,248190]
[64,175,461049,460192]
[65,44,629435,629861]
[66,146,369502,369698]
[67,59,445606,445043]
[68,231,26915,25801]
[69,44,350058,351058]
[70,163,569155,568547]
[71,77,216559,216219]
[72,235,564055,563990]
[73,62,471085,472371]
[74,159,329131,328160]
[75,209,203766,202865]
[76,211,479511,478061]
[77,119,412024,410667]
[78,32,455944,457162]
[79,139,543647,543507]
[80,235,589545,588804]
[81,173,419049,418077]
[82,80,479033,480202]
[83,141,172537,171135]
[84,32,61460,62081]
[85,40,699288,700545]
[86,265,241132,240885]
[87,80,350240,350374]
[88,183,395669,394970]
[89,100,388049,389442]
[90,66,445568,446643]
[91,85,427362,426546]
[92,245,657011,655695]
[93,250,100310,101701]
[94,9,501663,501631]
[95,279,390406,388998]
[96,62,201820,202507]
[97,216,38328,38624]
[98,58,322945,324246]
[99,171,508351,507528]
[100,0,21944,22941]
[101,15,51411,50992]
[102,68,621171,622299]
[103,209,299600,299015]
[104,172,507649,508724]
[105,72,713464,714503]
[106,54,714491,714606]
[107,120,102731,102802]
[108,181,420056,419238]
[109,265,508781,508130]
[110,265,408582,407136]
[111,100,357276,358310]
[112,90,619474,619552]
[113,247,295953,295632]
[114,277,411644,410199]
[115,125,252231,252057]
[116,250,291289,292029]
[117,112,105318,106304]
[118,242,118931,120054]
[119,61,543473,542846]
[120,192,220608,220984]
[121,17,415956,414682]
[122,180,178891,179178]
[123,188,725831,726019]
[124,64,238114,238862]
[125,138,207822,208041]
[126,59,717705,717028]
[127,11,723311,722974]
[128,110,176978,177472]
[129,94,63760,64911]
[130,191,688720,688570]
[131,25,486062,485115]
[132,95,197332,196625]
[133,71,279808,278621]
[134,31,282002,281510]
[135,187,139945,138535]
[136,37,114670,113619]
[137,172,698365,698882]
[138,184,146963,147241]
[139,131,125154,124945]
[140,213,336060,334780]
[141,164,284904,286227]
[142,268,425053,425098]
[143,100,245018,245582]
[144,166,313453,314791]
[145,184,429206,430552]
[146,15,253440,252494]
[147,9,626347,624999]
[148,135,373988,372673]
[149,214,104230,104980]
[150,65,436373,435078]
[151,59,289785,289039]
[152,243,17141,15905]
[153,260,723126,723445]
[154,40,202469,202556]
[155,256,215166,216246]
[156,196,77733,79061]
[157,132,301118,302054]
[158,131,353439,351990]
[159,165,19852,19652]
[160,2,106572,107396]
[161,83,189746,188353]
[162,158,251428,251517]
[163,147,224677,223507]
[164,261,156437,156348]
[165,85,373213,373143]
[166,132,430311,431633]
[167,97,481179,480734]
[168,95,686062,684594]
[169,135,619494,618255]
[170,18,376723,377730]
[171,87,262618,262076]
[172,101,13709,12959]
[173,102,362204,363671]
[174,171,150536,149438]
[175,8,98987,99213]
[176,3,334146,333174]
[177,110,701295,701533]
[178,7,264020,263764]
[179,2,210762,211762]
[180,221,186400,185074]
[181,218,525249,525486]
[182,186,23581,23852]
[183,178,68520,69819]
[184,14,704332,705486]
[185,165,309450,308233]
[186,11,102801,102771]
[187,72,382257,383648]
[188,207,473408,472358]
[189,48,557490,558214]
[190,131,520318,519072]
[191,167,459890,458962]
[192,44,698479,698531]
[193,147,354545,353087]
[194,257,405179,404311]
[195,17,711208,710512]
[196,82,204804,205110]
[197,215,433985,432580]
[198,13,454629,453989]
[199,82,220461,221462]
[200,227,231527,230742]
[201,120,532723,533108]
[202,18,722117,723318]
[203,96,615461,615845]
[204,185,394258,393093]
[205,260,467850,468329]
[206,217,543721,542296]
[207,241,335429,334153]
[208,227,319372,318964]
[209,117,552519,551788]
[210,7,175313,173894]
[211,169,445643,445063]
[212,262,475396,476027]
[213,138,306263,306355]
[214,190,626109,626493]
[215,206,675015,675055]
[216,192,252942,253766]
[217,172,249456,250852]
[218,57,646920,646721]
[219,141,144584,144347]
[220,64,99227,99530]
[221,91,85317,85002]
[222,61,369360,367884]
[223,258,433938,434160]
[224,242,233493,234699]
[225,138,520044,520823]
[226,8,233862,234850]
[227,237,319826,319635]
[228,153,218145,216900]
[229,235,20872,19588]
[230,195,265813,264779]
[231,35,160559,159307]
[232,142,198175,199187]
[233,120,275412,276235]
[234,264,452532,453431]
[235,228,352456,352953]
[236,104,290953,291255]
[237,274,58755,59437]
[238,175,318709,318664]
[239,81,289069,287958]
[240,58,454056,454692]
[241,155,488457,487215]
[242,42,293910,295358]
[243,203,536468,536200]
[244,141,76415,76336]
[245,62,21645,21737]
[246,219,686945,685926]
[247,11,389822,389323]
[248,246,570172,570604]
[249,44,345249,345949]
[250,161,478330,477283]
[251,140,293249,294134]
[252,163,417849,417714]
[253,169,489575,488819]
[254,29,189550,188402]
[255,111,466706,465619]
[256,257,491517,490445]
[257,171,119393,119223]
[258,22,529804,530767]
[259,185,104443,103003]
[260,190,401360,402377]
[261,199,374894,373951]
[262,66,236065,236695]
[263,264,510160,510864]
[264,226,229690,230014]
[265,169,39137,38985]
[266,273,148840,147772]
[267,266,624609,625261]
[268,234,381418,382002]
[269,250,54320,54905]
[270,153,421675,420741]
[271,71,703047,702063]
[272,120,176653,177400]
[273,21,162019,160670]
[274,115,77400,76448]
[275,156,205917,205987]
[276,131,23083,22323]
[277,229,571485,571055]
[278,187,128692,128278]
[279,160,147269,148766]
[280,80,681306,681898]
[281,86,250600,251189]
[282,35,65023,63699]
[283,113,505778,505275]
[284,240,115671,115958]
[285,87,429259,428635]
[286,238,477565,477917]
[287,278,588555,588665]
[288,48,138418,139367]
[289,181,337567,336756]
[290,271,453001,451961]
[291,269,512295,511125]
[292,186,660831,661858]
[293,82,204135,205388]
[294,46,202301,203608]
[295,33,252641,251256]
[296,130,329120,330581]
[297,119,616657,615349]
[298,168,384193,384797]
[299,116,578865,580090]
[300,168,654137,654587]
[301,254,212561,213275]
[302,175,14615,14362]
[303,229,1719,565]
[304,199,538471,537482]
[305,165,335126,333692]
[306,124,319210,320302]
[307,265,9626,9175]
[308,33,154823,153884]
[309,100,498135,498195]
[310,262,213346,214464]
[311,196,370878,371075]
[312,92,588855,590158]
[313,220,329528,330355]
[314,258,491153,491826]
[315,175,9900,9830]
[316,234,435525,436780]
[317,69,714541,713808]
[318,79,297711,296356]
[319,277,270317,269669]
[320,231,101180,100763]
[321,163,687107,685740]
[322,188,280749,281026]
[323,27,428504,427150]
[324,11,682130,682017]
[325,219,371597,370366]
[326,146,301389,302502]
[327,179,57192,56931]
[328,258,694538,695409]
[329,250,195791,196521]
[330,139,288314,287823]
[331,177,463832,463282]
[332,179,679685,678893]
[333,20,491547,492118]
[334,231,437857,437315]
[335,229,118651,117509]
[336,269,44296,44074]
[337,120,362657,364154]
[338,22,487395,487620]
[339,181,659597,658177]
[340,222,342900,343939]
[341,28,372307,372431]
[342,12,179169,180484]
[343,58,607017,608283]
[344,122,251127,251412]
[345,53,523440,522447]
[346,8,22984,23545]
[347,240,447958,449139]
[348,278,626946,627645]
[349,218,35082,35123]
[350,15,167866,167714]
[351,104,430604,431831]
[352,5,332277,332102]
[353,45,705734,704465]
[354,279,439920,439217]
[355,21,215478,215345]
[356,182,283767,285044]
[357,259,140318,139288]
[358,103,449905,448621]
[359,151,631917,630451]
[360,46,460894,461057]
[361,81,633062,632718]
[362,274,708429,709072]
[363,72,451932,452270]
[364,29,34571,33888]
[365,4,62496,63198]
[366,237,719672,719164]
[367,135,320031,319166]
[368,205,615945,614866]
[369,246,484131,484433]
[370,23,389965,389931]
[371,35,131875,131615]
[372,274,336009,337400]
[373,242,648778,649108]
[374,67,99898,99069]
[375,125,483980,483654]
[376,128,568955,569803]
[377,35,475765,475232]
[378,148,448208,449603]
[379,268,590719,591631]
[380,98,42113,43598]
[381,269,427003,425521]
[382,49,169368,167998]
[383,260,152663,153180]
[384,235,483310,482065]
[385,13,231046,229569]
[386,203,703414,702399]
[387,50,154066,154444]
[388,95,513511,512800]
[389,229,626743,625594]
[390,2,275597,276954]
[391,93,403108,402203]
[392,225,702050,700976]
[393,35,424146,423066]
[394,209,105535,105365]
[395,248,28122,29414]
[396,17,414122,413794]
[397,224,57804,58057]
[398,244,178569,179910]
[399,150,511336,512646]
[400,202,342173,342937]
[401,138,279981,280208]
[402,233,179697,178533]
[403,50,597842,598976]
[404,157,167858,167685]
[405,81,204311,203883]
[406,192,534022,535296]
[407,177,411544,410421]
[408,223,592448,591002]
[409,226,94556,94676]
[410,102,131182,131460]
[411,125,52583,51778]
[412,170,297861,298088]
[413,215,396712,395575]
[414,61,690066,689283]
[415,131,86605,86300]
[416,158,167711,168198]
[417,161,317473,316648]
[418,109,478180,477668]
[419,166,266575,268021]
[420,170,436940,437283]
[421,270,62870,63623]
[422,101,174911,173437]
[423,206,235506,236948]
[424,59,129002,127579]
[425,158,86328,87511]
[426,136,387458,388118]
[427,275,291387,290917]
[428,226,167166,168110]
[429,130,163001,163694]
[430,156,189519,189975]
[431,144,598555,599335]
[432,3,149521,148341]
[433,29,420905,419596]
[434,141,270617,269124]
[435,48,721531,721719]
[436,263,606040,605409]
[437,229,360130,359845]
[438,162,666913,667235]
[439,119,180585,179766]
[440,230,536229,536449]
[441,123,405502,405304]
[442,43,150917,150435]
[443,94,257833,258501]
[444,138,628599,629106]
[445,212,23691,24634]
[446,15,299418,298322]
[447,262,264141,264774]
[448,208,105343,105975]
[449,192,177623,179087]
[450,29,541093,540480]
[451,74,354772,355952]
[452,102,209102,209236]
[453,116,433449,433671]
[454,14,343477,343746]
[455,21,192682,191583]
[456,245,132484,131466]
[457,276,345258,346183]
[458,51,601730,601366]
[459,59,379661,379283]
[460,258,217737,218635]
[461,104,302893,303035]
[462,92,90329,91209]
[463,256,623353,624309]
[464,251,519717,518401]
[465,72,87723,89099]
[466,48,151604,152840]
[467,178,105809,107290]
[468,147,135583,135309]
[469,46,490385,491235]
[470,150,104521,104813]
[471,191,115488,114073]
[472,46,413648,414105]
[473,172,569534,569632]
[474,7,300772,300215]
[475,49,205028,204561]
[476,242,283354,283744]
[477,50,654889,655753]
[478,172,685086,686183]
[479,15,214592,214336]
[480,31,700790,700372]
[481,204,137006,137795]
[482,54,484968,486185]
[483,126,694620,695590]
[484,255,184373,183037]
[485,200,671325,671759]
[486,137,657234,656015]
[487,109,596630,596391]
[488,241,214454,212963]
[489,56,237712,237972]
[490,27,158587,157669]
[491,244,531875,532305]
[492,150,607384,607873]
[493,45,110834,109662]
[494,179,144321,143316]
[495,69,656977,656337]
[496,18,626407,627313]
[497,275,30734,30387]
[498,47,393851,392850]
[499,35,681369,680233]
[500,157,626343,625295]
[501,211,64546,63861]
[502,83,563957,563123]
[503,208,204230,204534]
[504,219,269414,269174]
[505,92,137885,138553]
[506,154,112989,114080]
[507,198,617849,618066]
[508,96,588487,588848]
[509,116,42210,43597]
[510,114,622693,622765]
[511,84,626595,627249]
[512,110,315986,316076]
[513,15,321654,320873]
[514,160,353029,354074]
[515,273,711467,710754]
[516,142,667400,668014]
[517,78,649520,650206]
[518,85,685048,683632]
[519,168,590529,591460]
[520,216,204334,204743]
[521,237,354112,353616]
[522,259,346668,345388]
[523,78,534139,535400]
[524,86,60343,61657]
[525,110,326690,326746]
[526,45,135349,134175]
[527,209,414474,413782]
[528,273,605856,605522]
[529,6,138238,138591]
[530,8,71031,72529]
[531,201,447143,446971]
[532,45,206864,206229]
[533,265,278022,277937]
[534,166,340442,341746]
[535,97,124607,124295]
[536,168,472632,472892]
[537,145,34675,33956]
[538,200,256025,256781]
[539,64,212000,212196]
[540,56,468926,469643]
[541,227,166757,165951]
[542,83,663231,662399]
[543,247,505211,504952]
[544,203,130698,129209]
[545,231,380178,379947]
[546,50,598427,599643]
[547,156,317947,318257]
[548,119,563868,563179]
[549,48,444559,445051]
[550,58,224956,225316]
[551,124,229555,230345]
[552,88,466238,466750]
[553,82,345804,346186]
[554,253,3627,2206]
[555,155,416580,415332]
[556,54,322265,322492]
[557,102,162776,163806]
[558,118,160376,160506]
[559,166,302439,302822]
[560,200,539805,540726]
[561,162,360594,362079]
[562,35,117967,116985]
[563,277,159300,158536]
[564,89,650463,649578]
[565,32,483722,483911]
[566,118,318695,319787]
[567,164,528605,529493]
[568,120,540534,541850]
[569,240,287697,288453]
[570,233,298576,298093]
[571,227,199677,198449]
[572,38,657487,658769]
[573,34,252404,252734]
[574,241,93114,92915]
[575,273,531260,530220]
[576,132,649115,649781]
[577,207,383938,382595]
[578,212,206772,208106]
[579,266,468487,469959]
[580,144,725660,727047]
[581,2,619282,620144]
[582,186,272135,272572]
[583,234,357590,358366]
[584,206,725534,726525]
[585,14,392482,392631]
[586,207,661155,659722]
[587,46,415622,415666]
[588,131,366214,365057]
[589,147,139484,138937]
[590,107,73322,72326]
[591,13,555714,554631]
[592,71,451346,451175]
[593,86,725877,726082]
[594,129,364584,364035]
[595,251,517805,517246]
[596,153,426920,426448]
[597,110,715352,716779]
[598,40,155664,155808]
[599,154,161044,161818]
[600,16,136616,137835]
[601,19,652119,651279]
[602,153,647880,646952]
[603,72,477210,477900]
[604,137,500964,500815]
[605,159,120961,120365]
[606,19,722705,721290]
[607,70,390237,391350]
[608,72,191441,192559]
[609,70,192289,193012]
[610,269,277155,276002]
[611,226,391500,392588]
[612,175,354502,353440]
[613,150,714991,716266]
[614,268,215966,217238]
[615,226,115187,115832]
[616,89,514826,513631]
[617,61,613159,612184]
[618,57,63871,62946]
[619,95,521164,521021]
[620,23,404128,402752]
[621,70,448932,449357]
[622,8,677897,678351]
[623,222,605287,606677]
[624,268,54365,54583]
[625,60,402603,403412]
[626,233,670145,670027]
[627,76,393575,394966]
[628,59,228083,227454]
[629,189,654080,652711]
[630,231,384455,384354]
[631,134,466723,467941]
[632,40,158131,158544]
[633,65,629659,629414]
[634,197,726152,724732]
[635,161,244495,243900]
[636,145,388868,387509]
[637,28,106475,107792]
[638,209,163760,162675]
[639,96,637385,638169]
[640,52,314443,315755]
[641,43,60825,60026]
[642,241,92779,91632]
[643,143,653066,652575]
[644,217,386172,384899]
[645,50,232890,233833]
[646,154,221427,221608]
[647,91,110596,109937]
[648,215,196912,195544]
[649,33,175337,174639]
[650,139,516915,516657]
[651,220,638952,640413]
[652,217,314700,313578]
[653,168,255823,255859]
[654,66,209751,211128]
[655,226,500344,500914]
[656,209,385858,385346]
[657,103,598569,598399]
[658,88,562580,562682]
[659,180,35673,36594]
[660,167,716357,715107]
[661,263,600402,599101]
[662,204,598607,599177]
[663,110,495383,495795]
[664,17,317350,316602]
[665,234,185185,185252]
[666,175,307351,307004]
[667,115,436982,435573]
[668,9,270613,270407]
[669,254,588519,588729]
[670,125,396999,396010]
[671,232,404863,405820]
[672,65,101315,100034]
[673,183,359711,359420]
[674,21,296958,295744]
[675,121,191313,190810]
[676,173,652746,652631]
[677,245,500560,500298]
[678,1,148123,147124]
[679,55,201297,200545]
[680,137,93081,91796]
[681,57,670832,670538]
[682,0,713281,713564]
[683,39,120622,120027]
[684,193,680109,679696]
[685,92,489707,490216]
[686,125,363539,362468]
[687,230,231284,231753]
[688,272,184292,184440]
[689,163,165080,164497]
[690,243,102054,101846]
[691,133,360856,359446]
[692,188,113380,114837]
[693,200,185260,186544]
[694,164,642425,642906]
[695,14,247039,247886]
[696,223,534546,533725]
[697,118,687963,689071]
[698,182,483243,484282]
[699,181,39983,39757]
[700,167,608352,607191]
[701,180,491072,492472]
[702,66,59858,60480]
[703,133,358508,358463]
[704,178,53619,54113]
[705,168,174645,175404]
[706,71,434891,434035]
[707,94,460306,460535]
[708,3,451320,451183]
[709,126,385470,386197]
[710,7,546885,545706]
[711,242,445529,445822]
[712,262,242074,242329]
[713,53,69224,67923]
[714,74,60997,61149]
[715,157,403531,403309]
[716,19,609476,608116]
[717,90,519740,520932]
[718,12,407347,407849]
[719,133,666622,665922]
[720,252,692697,693731]
[721,0,61348,61489]
[722,233,634364,632870]
[723,249,667210,667129]
[724,217,14428,13809]
[725,50,613584,614406]
[726,263,571333,571253]
[727,274,225344,226238]
[728,113,528893,528470]
[729,110,133728,133988]
[730,201,396395,395208]
[731,209,282338,281786]
[732,164,534451,534801]
[733,79,357222,355895]
[734,128,473509,473923]
[735,10,350543,351358]
[736,113,671899,670895]
[737,277,82519,81069]
[738,140,546223,547504]
[739,90,520857,521622]
[740,113,192515,191651]
[741,1,32753,31500]
[742,34,410867,411805]
[743,145,706678,705763]
[744,235,465921,465219]
[745,47,649905,649276]
[746,69,458616,457943]
[747,170,615535,615654]
[748,110,84600,84856]
[749,174,396121,397373]
[750,135,481370,480210]
[751,205,720466,719605]
[752,154,411896,413072]
[753,44,326085,327260]
[754,157,149203,147886]
[755,35,725491,724296]
[756,207,474721,473964]
[757,35,413712,413442]
[758,186,197903,199115]
[759,162,92259,92501]
[760,266,639541,639903]
