["head":"wrap","lpos","status"]
[201,182429,1]
["io count"]
[765]
["io":"id","wrap","startLpos","endLpos"]
[1,179,18887,17982]
[2,67,620688,619583]
[3,130,616574,617283]
[4,197,87266,86036]
[5,31,277345,276464]
[6,188,404700,405742]
[7,3,592414,590976]
[8,12,467972,468637]
[9,239,295953,295861]
[10,49,138460,137654]
[11,12,591558,592121]
[12,145,409654,409112]
[13,203,641873,640482]
[14,179,640080,639152]
[15,260,121812,122635]
[16,4,729365,730637]
[17,80,347394,348095]
[18,29,527070,526710]
[19,134,25492,26397]
[20,189,611958,611816]
[21,217,571937,571356]
[22,214,699720,700237]
[23,27,71423,70689]
[24,251,110627,109252]
[25,101,132666,131357]
[26,255,729624,729176]
[27,78,616782,618203]
[28,272,57282,57608]
[29,53,552823,551511]
[30,62,666648,667319]
[31,105,307482,306582]
[32,227,544358,544222]
[33,150,224685,225749]
[34,274,88915,89403]
[35,207,107398,106400]
[36,114,361462,361804]
[37,186,309566,309683]
[38,160,465592,465718]
[39,275,69719,68958]
[40,277,400139,398947]
[41,183,221248,220546]
[42,31,474162,472793]
[43,4,85432,86333]
[44,79,196552,195562]
[45,245,131815,131717]
[46,110,22855,23106]
[47,105,383939,383200]
[48,83,333549,332726]
[49,161,288204,288017]
[50,208,237254,237764]
[51,137,722425,721016]
[52,147,408789,408676]
[53,96,289100,289946]
[54,196,106479,107640]
[55,173,11884,10601]
[56,257,197468,196252]
[57,146,142235,142900]
[58,275,490908,490649]
[59,203,535580,534396]
[60,45,627047,626800]
[61,80,172408,173307]
[62,125,113820,113254]
[63,17,288243,287833]
[64,123,726015,725180]
[65,140,619793,620000]
[66,120,303039,303791]
[67,95,453173,452903]
[68,261,380198,379565]
[69,228,42520,43633]
[70,0,334048,335214]
[71,81,676402,675829]
[72,96,297687,299116]
[73,99,191462,191371]
[74,29,253301,251803]
[75,167,244976,244277]
[76,136,274416,275894]
[77,7,173000,172261]
[78,273,538266,536851]
[79,43,580273,580191]
[80,141,343667,342874]
[81,194,407731,408710]
[82,260,240532,241973]
[83,137,618615,618431]
[84,252,315545,315652]
[85,163,279023,278811]
[86,111,136131,135240]
[87,0,296649,297011]
[88,132,573464,574827]
[89,196,242319,242611]
[90,103,103513,102334]
[91,166,651492,651879]
[92,188,567537,568204]
[93,102,667216,667705]
[94,133,729062,728341]
[95,268,319119,319672]
[96,49,197858,196488]
[97,239,343731,342757]
[98,45,694666,694155]
[99,180,626388,626580]
[100,190,509657,510668]
[101,216,214710,214984]
[102,72,688676,689319]
[103,176,81731,82337]
[104,260,630639,631266]
[105,79,415194,413699]
[106,258,366049,367150]
[107,45,355293,353832]
[108,189,596568,595470]
[109,104,370466,371564]
[110,53,462785,462025]
[111,48,215824,216242]
[112,251,415823,414572]
[113,106,559012,560414]
[114,239,526190,524740]
[115,212,533392,533788]
[116,222,471069,472286]
[117,76,359970,360038]
[118,253,612244,611397]
[119,138,715993,716224]
[120,51,482141,481165]
[121,167,216323,215531]
[122,221,116057,115740]
[123,103,716703,715966]
[124,204,26038,27055]
[125,124,419289,420634]
[126,93,94076,93318]
[127,98,460980,461588]
[128,123,478345,478051]
[129,137,461262,460104]
[130,268,111353,112366]
[131,253,254850,254163]
[132,235,414883,413716]
[133,168,304816,305316]
[134,109,523736,522461]
[135,35,559968,559861]
[136,126,633262,633422]
[137,110,555843,556598]
[138,58,404760,404848]
[139,217,452952,452380]
[140,0,9157,9383]
[141,215,558823,558468]
[142,115,138044,137407]
[143,131,703595,702514]
[144,13,644880,643553]
[145,82,298992,300254]
[146,257,339058,338942]
[147,265,702206,700874]
[148,2,476587,477719]
[149,167,725814,724589]
[150,133,435884,435082]
[151,105,631959,631632]
[152,185,314476,313860]
[153,163,85868,85069]
[154,226,68195,68993]
[155,146,252361,252562]
[156,63,37310,36304]
[157,180,399653,400603]
[158,17,444071,442653]
[159,225,582408,582065]
[160,235,180467,179475]
[161,176,34040,34325]
[162,28,388868,390080]
[163,277,121631,120802]
[164,268,55805,55968]
[165,138,475812,476542]
[166,232,176150,176949]
[167,132,525784,526161]
[168,279,335212,333967]
[169,125,376473,376050]
[170,132,520369,521079]
[171,174,189674,190839]
[172,55,451426,451151]
[173,9,439178,438640]
[174,155,658681,658068]
[175,105,413116,412510]
[176,211,622370,622102]
[177,265,703091,702428]
[178,245,224756,224340]
[179,106,347116,348159]
[180,4,708313,708664]
[181,279,620574,619800]
[182,101,582010,581903]
[183,51,161994,160514]
[184,47,209562,209029]
[185,171,320338,319699]
[186,140,325498,326485]
[187,148,706548,706815]
[188,230,628162,629286]
[189,55,79294,77806]
[190,255,281460,280375]
[191,240,586002,586608]
[192,11,396899,396299]
[193,257,469656,468354]
[194,227,227160,225679]
[195,79,612112,611509]
[196,148,443961,444880]
[197,6,279811,280593]
[198,11,118329,117269]
[199,23,566126,564862]
[200,43,66745,65998]
[201,209,498361,497649]
[202,237,576379,575735]
[203,18,567998,568885]
[204,7,660610,659756]
[205,162,111934,112388]
[206,15,666089,665851]
[207,184,206080,206869]
[208,129,425343,424891]
[209,116,30509,31958]
[210,148,487108,487938]
[211,99,682193,681089]
[212,123,575856,575420]
[213,150,154901,156206]
[214,109,391469,390850]
[215,242,682196,683226]
[216,237,41690,40898]
[217,149,420379,420343]
[218,29,301438,300042]
[219,42,102107,102689]
[220,37,671014,670818]
[221,196,267182,267299]
[222,41,259340,258481]
[223,102,261578,262432]
[224,273,46122,45372]
[225,242,239062,239459]
[226,277,57366,57234]
[227,121,173266,171796]
[228,130,199765,200605]
[229,0,337660,338836]
[230,32,370469,371838]
[231,10,628821,630296]
[232,12,500917,502256]
[233,51,317960,317600]
[234,278,378823,379588]
[235,213,202097,201722]
[236,145,384722,383700]
[237,103,507776,507038]
[238,149,456035,455976]
[239,6,566908,567155]
[240,47,135861,134854]
[241,3,77252,76973]
[242,259,426415,425880]
[243,193,347721,346669]
[244,194,160265,160952]
[245,28,311470,312161]
[246,204,278367,278475]
[247,107,14803,13886]
[248,19,357110,356943]
[249,252,352502,352616]
[250,194,65572,66668]
[251,262,347586,348223]
[252,210,647210,647789]
[253,3,438625,437914]
[254,224,486154,486499]
[255,99,223557,222407]
[256,150,100598,101712]
[257,192,321378,322495]
[258,268,162676,163023]
[259,22,31743,32413]
[260,49,82096,81179]
[261,121,730981,730951]
[262,56,608804,608857]
[263,40,189197,189814]
[264,137,122874,122419]
[265,192,137076,138243]
[266,88,407463,408340]
[267,144,564555,565178]
[268,250,309914,311344]
[269,232,184816,185625]
[270,188,661045,661078]
[271,260,85537,87024]
[272,108,516347,517762]
[273,180,552958,553705]
[274,127,260794,259667]
[275,158,434839,435877]
[276,101,339116,338911]
[277,168,616048,617511]
[278,199,175193,174245]
[279,8,667303,667907]
[280,144,32272,33400]
[281,235,377848,377121]
[282,34,312712,314043]
[283,248,154360,155440]
[284,54,479699,480607]
[285,249,411420,409975]
[286,13,513969,513033]
[287,18,471732,472672]
[288,250,379524,379818]
[289,191,542870,542151]
[290,27,601246,601065]
[291,193,81902,81748]
[292,200,337570,338187]
[293,240,610591,611914]
[294,264,167802,168612]
[295,198,210774,211292]
[296,169,535644,534230]
[297,224,219885,220035]
[298,137,289396,288273]
[299,229,408361,408314]
[300,256,372955,374025]
[301,187,19766,19103]
[302,249,514278,513452]
[303,23,3433,2846]
[304,189,399643,398171]
[305,97,113337,112738]
[306,19,407872,406612]
[307,159,615321,615207]
[308,28,363942,364645]
[309,278,557143,557517]
[310,239,139732,138462]
[311,165,398469,398159]
[312,225,425293,424652]
[313,183,498137,497441]
[314,167,304224,303605]
[315,154,22539,22925]
[316,161,390270,390200]
[317,50,662926,663745]
[318,256,263058,264396]
[319,258,149816,151047]
[320,69,277400,276933]
[321,102,171027,171860]
[322,113,403962,403435]
[323,82,55208,55385]
[324,87,305277,304399]
[325,175,161547,161377]
[326,178,145162,146327]
[327,52,261943,262037]
[328,106,127173,127720]
[329,182,123165,124154]
[330,219,174945,173793]
[331,185,166277,165731]
[332,166,63498,64646]
[333,185,619073,618572]
[334,146,388013,388946]
[335,219,105484,104824]
[336,98,406731,406869]
[337,18,550858,552320]
[338,169,374101,374012]
[339,90,584118,585186]
[340,217,30977,30464]
[341,194,472986,473882]
[342,223,132116,130681]
[343,74,114501,115816]
[344,116,273065,273227]
[345,122,36520,37113]
[346,10,56396,57754]
[347,46,637211,637507]
[348,21,30405,30213]
[349,209,54434,53184]
[350,59,317148,316727]
[351,159,282413,282052]
[352,136,568313,568689]
[353,53,55035,53622]
[354,257,516827,515684]
[355,83,584197,583401]
[356,71,221408,221223]
[357,209,59014,58068]
[358,201,231031,230239]
[359,102,47210,47790]
[360,2,63468,63633]
[361,216,729091,730335]
[362,61,411461,409970]
[363,192,596425,597609]
[364,30,373250,374086]
[365,124,443738,445070]
[366,51,501169,501034]
[367,105,251911,250521]
[368,58,335721,336787]
[369,173,54149,53484]
[370,190,506318,506812]
[371,204,54740,55796]
[372,55,506307,505776]
[373,184,674198,675648]
[374,14,469803,470181]
[375,236,667582,668848]
[376,232,513821,514127]
[377,43,268662,268110]
[378,39,461831,460980]
[379,126,165509,165647]
[380,78,705717,706515]
[381,219,428103,426746]
[382,17,689262,689038]
[383,93,702732,701545]
[384,74,177000,178331]
[385,93,307537,307004]
[386,99,109598,109054]
[387,79,268847,267475]
[388,257,181142,180351]
[389,109,595788,594369]
[390,124,661946,662899]
[391,62,618544,619820]
[392,123,503867,502665]
[393,220,482443,482982]
[394,70,482648,483323]
[395,129,527091,526481]
[396,246,480428,481241]
[397,241,300458,299303]
[398,149,311431,310890]
[399,32,595755,596953]
[400,196,511729,512974]
[401,209,372026,371398]
[402,16,52854,53839]
[403,175,321857,321538]
[404,207,87630,86572]
[405,253,237974,236898]
[406,176,544708,545874]
[407,137,102666,102252]
[408,238,551617,551786]
[409,185,201714,200591]
[410,268,662257,662608]
[411,114,326009,326901]
[412,34,241449,242783]
[413,200,258455,259912]
[414,94,645415,646101]
[415,105,510506,509639]
[416,254,237994,238778]
[417,236,687470,687547]
[418,124,339720,340926]
[419,92,143355,144317]
[420,140,88889,89002]
[421,18,464726,465202]
[422,133,176783,176668]
[423,111,160201,159169]
[424,173,497134,496463]
[425,184,580626,580954]
[426,100,24928,25750]
[427,135,678277,677420]
[428,154,439377,440466]
[429,157,324369,323434]
[430,191,78863,77598]
[431,177,26414,26104]
[432,34,502953,503177]
[433,122,411047,411691]
[434,214,652734,654108]
[435,123,89104,87707]
[436,117,20808,20506]
[437,237,272817,272112]
[438,117,502289,500844]
[439,38,233053,233454]
[440,212,378922,379718]
[441,245,668768,667694]
[442,256,538706,539829]
[443,253,124950,123566]
[444,49,695246,694327]
[445,252,408280,408833]
[446,41,411764,410656]
[447,120,533493,533584]
[448,91,226035,225576]
[449,55,616414,615383]
[450,215,289437,289045]
[451,100,134012,134334]
[452,137,402798,402657]
[453,53,695385,694058]
[454,236,50364,50757]
[455,246,657220,658211]
[456,173,115406,114106]
[457,174,638655,639875]
[458,174,100759,101618]
[459,260,350411,351658]
[460,34,78484,79079]
[461,156,66168,67101]
[462,125,33922,33224]
[463,34,188217,188684]
[464,139,224909,224324]
[465,157,145130,143821]
[466,44,650025,650755]
[467,219,549864,548957]
[468,105,119327,118978]
[469,8,182065,182837]
[470,204,80770,81396]
[471,54,722169,723047]
[472,132,46672,47564]
[473,157,472210,470762]
[474,165,172310,172249]
[475,245,613229,613174]
[476,99,316139,316024]
[477,262,496764,496844]
[478,57,403832,403190]
[479,144,58552,59922]
[480,156,419480,419586]
[481,11,132056,131399]
[482,6,448482,449500]
[483,274,424975,425371]
[484,252,351314,352165]
[485,189,263121,262116]
[486,144,465512,465815]
[487,60,94708,96187]
[488,102,33639,34852]
[489,190,604952,605385]
[490,183,330210,328714]
[491,183,327373,326887]
[492,255,216649,215232]
[493,121,590609,589621]
[494,264,113293,113918]
[495,227,479620,478170]
[496,44,16860,18021]
[497,44,540305,540860]
[498,133,354376,353467]
[499,229,568969,568816]
[500,225,548752,548699]
[501,174,195473,195664]
[502,140,51921,53226]
[503,275,443249,443101]
[504,254,39530,40448]
[505,264,560595,560996]
[506,205,492324,492200]
[507,78,371046,371438]
[508,80,577025,577978]
[509,99,521107,521046]
[510,146,157260,157507]
[511,250,445216,446586]
[512,257,675994,675697]
[513,54,557721,558003]
[514,84,615849,617267]
[515,21,257512,257141]
[516,79,609816,609566]
[517,95,6171,6009]
[518,255,645458,644312]
[519,177,165305,165073]
[520,62,438393,439215]
[521,1,568502,567084]
[522,35,150996,149912]
[523,178,536936,538415]
[524,14,571777,572277]
[525,194,561102,562361]
[526,263,594298,593254]
[527,0,61392,62162]
[528,225,445971,445456]
[529,128,230105,230852]
[530,161,658054,657467]
[531,136,531775,532223]
[532,149,251804,251733]
[533,261,330191,329666]
[534,114,110927,112256]
[535,129,13915,12666]
[536,38,445728,447193]
[537,93,608165,606867]
[538,87,138567,138077]
[539,279,652680,651424]
[540,231,133558,132628]
[541,129,283349,282144]
[542,95,93602,93489]
[543,37,454563,453825]
[544,6,467133,468608]
[545,37,418492,417299]
[546,209,443275,442054]
[547,44,220852,222156]
[548,99,329361,328977]
[549,188,415606,416412]
[550,268,30334,30920]
[551,225,468957,467622]
[552,68,129123,130092]
[553,23,355219,354926]
[554,105,646308,645983]
[555,84,112299,112381]
[556,32,443681,444789]
[557,196,93605,95035]
[558,171,136982,136076]
[559,52,529101,529750]
[560,200,189612,190213]
[561,7,206164,204837]
[562,268,55533,55739]
[563,87,502185,500971]
[564,11,712870,712307]
[565,68,392298,393399]
[566,80,289877,290738]
[567,272,696972,697461]
[568,199,523205,522206]
[569,130,206460,207837]
[570,232,197627,199015]
[571,58,17483,18032]
[572,265,521553,520695]
[573,152,552909,553733]
[574,31,65981,65276]
[575,253,493971,493332]
[576,170,171194,172495]
[577,255,444153,443947]
[578,275,253031,252666]
[579,278,247489,247777]
[580,160,427630,428065]
[581,14,125997,126659]
[582,47,255758,255722]
[583,59,537192,536571]
[584,75,709996,708985]
[585,9,305437,305084]
[586,225,4951,4167]
[587,41,212306,211413]
[588,146,376771,377164]
[589,148,493466,494839]
[590,64,345983,346314]
[591,63,261204,260211]
[592,209,395790,395699]
[593,254,616372,616685]
[594,109,124398,124094]
[595,266,441481,442430]
[596,105,317372,316064]
[597,91,102622,101441]
[598,63,525355,524126]
[599,279,331711,330413]
[600,77,224385,223478]
[601,28,453994,455159]
[602,218,717293,717989]
[603,257,391581,390248]
[604,38,477654,478834]
[605,57,323211,322025]
[606,272,478857,479745]
[607,15,186056,185955]
[608,205,653682,653152]
[609,245,466261,465063]
[610,97,206637,205430]
[611,229,163920,162570]
[612,228,204078,204923]
[613,234,508283,509660]
[614,78,166290,166653]
[615,189,208226,207463]
[616,48,133206,133314]
[617,187,207451,206621]
[618,205,490919,489432]
[619,95,406564,405762]
[620,33,514720,513332]
[621,159,711196,711005]
[622,216,20255,20295]
[623,144,212982,213973]
[624,234,157641,158275]
[625,18,147985,148658]
[626,266,710690,711506]
[627,164,606304,607179]
[628,97,241205,239999]
[629,45,365823,365135]
[630,120,155855,156715]
[631,74,696350,696858]
[632,233,418034,416724]
[633,136,42935,43429]
[634,252,522101,522266]
[635,200,90969,92029]
[636,238,513495,513696]
[637,143,687136,686360]
[638,183,115094,114332]
[639,111,672646,671617]
[640,146,694179,695183]
[641,265,259799,258787]
[642,214,628777,629117]
[643,21,701239,700210]
[644,185,499883,498871]
[645,231,610052,609319]
[646,20,392960,393893]
[647,105,677925,677191]
[648,124,553437,554630]
[649,277,209714,208338]
[650,132,482865,483022]
[651,19,492569,492309]
[652,203,620440,619606]
[653,209,314502,314096]
[654,263,75222,74266]
[655,128,444317,444563]
[656,221,259630,258693]
[657,23,19980,19557]
[658,184,250849,251292]
[659,115,705321,704342]
[660,192,391352,392645]
[661,64,174046,174708]
[662,137,399864,399218]
[663,9,360233,359385]
[664,174,720054,721341]
[665,94,243602,244647]
[666,215,625396,625238]
[667,259,458523,457347]
[668,34,578583,578786]
[669,15,83517,82742]
[670,135,252114,251721]
[671,206,689400,690091]
[672,36,399341,400573]
[673,233,112424,112211]
[674,185,389219,388469]
[675,121,198249,197468]
[676,88,208806,209388]
[677,90,196191,197116]
[678,131,444902,444044]
[679,279,1987,1100]
[680,129,70156,68868]
[681,64,393185,394537]
[682,68,371373,372335]
[683,21,643661,642341]
[684,107,36096,35579]
[685,257,485432,484130]
[686,231,316179,314797]
[687,216,527196,528051]
[688,209,385681,385615]
[689,110,324022,324574]
[690,62,177807,178309]
[691,142,643543,644153]
[692,186,475923,476266]
[693,163,672204,671924]
[694,69,266642,266527]
[695,118,89778,90220]
[696,94,697280,697988]
[697,16,398761,399563]
[698,11,462314,462039]
[699,159,552587,552258]
[700,214,573417,574607]
[701,42,240150,241185]
[702,90,357993,358372]
[703,106,344616,346025]
[704,32,662262,663082]
[705,223,508950,508183]
[706,28,444703,444978]
[707,99,634345,632927]
[708,162,397695,398112]
[709,35,730167,729696]
[710,27,571321,571146]
[711,273,566771,566308]
[712,132,556978,557701]
[713,65,487146,486112]
[714,76,327770,327844]
[715,26,355109,355652]
[716,275,618357,618195]
[717,77,577743,577070]
[718,10,218180,219546]
[719,30,579618,579939]
[720,260,95964,97448]
[721,202,397438,398366]
[722,135,154136,152986]
[723,234,133173,133951]
[724,257,137766,137703]
[725,271,176358,175520]
[726,272,678101,678798]
[727,231,682483,681358]
[728,259,444563,443149]
[729,75,465458,464765]
[730,80,274815,275429]
[731,177,215282,214246]
[732,128,130189,131112]
[733,7,543710,542628]
[734,216,358652,359642]
[735,163,8324,7763]
[736,9,3548,2269]
[737,129,388020,386856]
[738,170,464467,464916]
[739,257,176141,175502]
[740,176,711288,712760]
[741,12,352246,352833]
[742,152,369510,370977]
[743,89,464260,463034]
[744,72,105869,106805]
[745,52,569744,569961]
[746,95,425818,424501]
[747,165,364039,362557]
[748,195,608088,607640]
[749,56,324471,325233]
[750,110,680211,680436]
[751,106,137829,138817]
[752,100,563513,565011]
[753,186,480967,482341]
[754,118,661193,661601]
[755,166,45183,45849]
[756,125,8592,8335]
[757,44,175890,177037]
[758,52,448551,449200]
[759,84,43984,44677]
[760,104,488851,489696]
[761,57,436819,435908]
[762,181,283090,282911]
[763,50,108,878]
[764,239,419469,418560]
[765,115,494556,493281]
