["head":"wrap","lpos","status"]
[207,168331,0]
["io count"]
[770]
["io":"id","wrap","startLpos","endLpos"]
[1,195,394059,393990]
[2,87,245891,244804]
[3,14,27158,28510]
[4,193,650746,650415]
[5,168,26230,27335]
[6,137,339329,338886]
[7,184,637577,638381]
[8,136,442574,443016]
[9,134,373050,373587]
[10,200,356307,357133]
[11,88,521520,522239]
[12,201,365370,364563]
[13,81,468975,468603]
[14,48,59570,59642]
[15,19,271832,270956]
[16,196,284135,284170]
[17,96,642232,643585]
[18,146,482491,482816]
[19,111,442295,441321]
[20,78,520600,521261]
[21,153,588841,587514]
[22,8,518009,519441]
[23,33,68011,67153]
[24,133,591980,590790]
[25,187,448328,448130]
[26,167,466256,465477]
[27,159,260473,260286]
[28,268,318931,319641]
[29,106,321473,321870]
[30,169,405576,404990]
[31,4,458374,459121]
[32,96,85075,86067]
[33,161,135282,134337]
[34,137,679308,677936]
[35,37,560475,560247]
[36,101,261370,260768]
[37,71,320858,319694]
[38,110,681301,681526]
[39,252,295405,296756]
[40,267,92231,91701]
[41,171,128709,128400]
[42,29,530423,528944]
[43,66,409866,410614]
[44,96,549481,549602]
[45,181,153122,152389]
[46,147,124202,123646]
[47,216,290350,291491]
[48,177,365510,365093]
[49,253,403832,402365]
[50,271,509878,508600]
[51,229,67471,66804]
[52,147,100051,100004]
[53,11,40829,40114]
[54,169,175938,175088]
[55,195,493239,491865]
[56,255,206749,206180]
[57,83,634654,634253]
[58,87,599073,598718]
[59,37,80773,79722]
[60,243,378884,377734]
[61,168,604034,604229]
[62,238,220522,220719]
[63,53,456937,456719]
[64,239,671051,670542]
[65,36,303810,304144]
[66,155,508180,507663]
[67,109,323734,323070]
[68,11,224558,223515]
[69,260,418394,419123]
[70,154,503115,503903]
[71,58,277609,278152]
[72,4,191044,191135]
[73,18,23150,24131]
[74,11,480389,478966]
[75,259,470041,469567]
[76,163,15897,15731]
[77,216,340147,341282]
[78,237,513918,513362]
[79,68,590903,591365]
[80,253,229945,228704]
[81,92,225331,226796]
[82,208,243814,244325]
[83,274,347727,348029]
[84,275,649305,648335]
[85,241,28881,27488]
[86,213,547547,547150]
[87,124,327454,328890]
[88,189,676454,675368]
[89,122,77123,78584]
[90,8,700575,701923]
[91,81,729980,728488]
[92,27,247429,247051]
[93,79,434618,433779]
[94,95,463840,462519]
[95,117,178114,176950]
[96,49,27301,26672]
[97,64,507928,508847]
[98,268,179053,179333]
[99,90,624451,624798]
[100,198,506527,508006]
[101,180,324029,325341]
[102,186,282075,283403]
[103,166,639627,639834]
[104,188,477401,478318]
[105,164,704300,705320]
[106,276,143830,144571]
[107,49,277291,276396]
[108,197,126534,126409]
[109,197,587347,587174]
[110,142,513128,514581]
[111,123,385969,385473]
[112,220,549283,550034]
[113,128,144145,145633]
[114,230,190963,191561]
[115,204,348357,348812]
[116,279,658672,657820]
[117,83,522846,521778]
[118,226,104044,105414]
[119,71,136806,135739]
[120,111,233009,231564]
[121,76,441340,442553]
[122,225,115047,114700]
[123,102,139954,140158]
[124,258,285778,286057]
[125,277,505328,504369]
[126,17,506705,506143]
[127,19,388272,386849]
[128,144,364664,365391]
[129,27,215830,214780]
[130,53,130690,130624]
[131,189,106399,105643]
[132,40,152266,153110]
[133,58,268469,268967]
[134,14,574350,574841]
[135,53,28289,28161]
[136,62,417211,417320]
[137,229,672460,671959]
[138,49,663845,662659]
[139,146,239522,240740]
[140,163,391472,390286]
[141,125,128837,127716]
[142,209,469140,469038]
[143,270,652677,653515]
[144,271,379899,378979]
[145,247,636767,636402]
[146,61,529822,529664]
[147,121,711229,710399]
[148,216,725349,726079]
[149,75,96362,95938]
[150,156,277202,278115]
[151,86,307305,307499]
[152,116,644315,644470]
[153,53,118371,117706]
[154,137,343351,342013]
[155,132,90,1233]
[156,180,523891,524484]
[157,212,543722,543772]
[158,168,293009,294109]
[159,270,159728,160259]
[160,53,361140,360521]
[161,77,578313,577451]
[162,39,56304,55034]
[163,255,251426,250204]
[164,75,221393,220627]
[165,86,463429,463556]
[166,55,265811,265540]
[167,183,19762,18450]
[168,7,270476,269221]
[169,147,141118,140241]
[170,71,581180,580861]
[171,21,707651,706517]
[172,150,597794,598751]
[173,138,675029,676485]
[174,172,98923,99214]
[175,87,650461,649987]
[176,269,272406,271101]
[177,166,465542,466696]
[178,194,252557,252845]
[179,243,184204,183437]
[180,275,137707,137655]
[181,175,430734,430426]
[182,11,182659,181428]
[183,42,630013,630113]
[184,268,533589,533929]
[185,116,631834,632369]
[186,264,582779,583558]
[187,54,358035,359392]
[188,84,84354,85118]
[189,119,255760,254436]
[190,235,179602,178908]
[191,104,85653,86102]
[192,216,498688,499823]
[193,159,715712,714265]
[194,143,459383,458250]
[195,89,487155,486256]
[196,25,441996,440662]
[197,83,37344,36304]
[198,112,334509,335937]
[199,252,592787,594274]
[200,181,372284,370910]
[201,231,606163,606089]
[202,10,388612,389356]
[203,202,564229,565667]
[204,45,247350,246900]
[205,37,43835,43697]
[206,18,337512,338783]
[207,26,550576,551102]
[208,147,163546,162283]
[209,240,493450,493827]
[210,155,444079,442842]
[211,176,107909,109312]
[212,240,575963,577290]
[213,203,61650,60214]
[214,54,377699,378439]
[215,272,391026,392020]
[216,92,529543,530013]
[217,276,421443,422906]
[218,255,55998,54530]
[219,212,250256,251252]
[220,111,599586,598986]
[221,18,325432,326163]
[222,158,709597,710319]
[223,106,365357,366288]
[224,3,397830,396867]
[225,55,703862,703498]
[226,252,485367,485984]
[227,248,128339,128448]
[228,222,654016,655259]
[229,256,683212,683567]
[230,202,349190,350245]
[231,145,86179,85908]
[232,33,490486,490456]
[233,76,261039,262068]
[234,159,274971,273576]
[235,56,636364,637578]
[236,63,637176,637048]
[237,169,217272,217042]
[238,5,455449,455104]
[239,274,621447,622035]
[240,44,639851,640534]
[241,182,90504,90686]
[242,225,498922,498004]
[243,72,297078,297943]
[244,224,723102,724585]
[245,181,468785,467373]
[246,91,560914,560244]
[247,28,151740,152960]
[248,196,298563,300003]
[249,98,217230,218518]
[250,169,300431,300285]
[251,270,420431,420610]
[252,208,309072,310444]
[253,61,56827,56656]
[254,219,654744,653725]
[255,181,249549,249368]
[256,186,695745,697129]
[257,135,71014,70202]
[258,32,591844,592785]
[259,56,601698,602866]
[260,151,538698,537658]
[261,219,249809,248998]
[262,46,366767,367288]
[263,166,342109,342633]
[264,176,500862,501885]
[265,108,662381,663445]
[266,69,487595,486573]
[267,168,155904,156523]
[268,15,320184,319974]
[269,42,577457,578085]
[270,277,398216,397326]
[271,51,179735,178576]
[272,244,2052,3517]
[273,104,575227,575646]
[274,24,10457,10853]
[275,84,31337,31626]
[276,170,581178,582219]
[277,71,435049,433601]
[278,170,41844,42875]
[279,89,321873,321001]
[280,77,429146,428492]
[281,258,444698,444829]
[282,253,208585,208487]
[283,149,373635,372313]
[284,85,475913,474744]
[285,178,481379,482818]
[286,275,667838,666640]
[287,198,252651,253517]
[288,116,340390,341019]
[289,169,520576,519508]
[290,32,564553,564968]
[291,207,294926,294646]
[292,245,239827,239445]
[293,148,411993,412388]
[294,231,439232,439159]
[295,241,254846,254194]
[296,216,286354,287125]
[297,266,418518,419793]
[298,161,65817,64752]
[299,170,213631,214450]
[300,264,140906,141100]
[301,199,377728,376839]
[302,18,226665,228024]
[303,4,72790,73183]
[304,189,397890,397488]
[305,222,19930,20879]
[306,163,96358,95474]
[307,162,143381,144144]
[308,253,287298,285975]
[309,133,285400,283999]
[310,227,510414,509287]
[311,110,320705,320794]
[312,232,275912,276967]
[313,224,480808,481214]
[314,245,88830,88136]
[315,124,292588,294060]
[316,192,598270,598510]
[317,246,245495,246520]
[318,252,500663,501942]
[319,276,84009,84525]
[320,244,471968,472030]
[321,57,277915,276791]
[322,275,283651,282193]
[323,87,175171,174111]
[324,143,322631,321410]
[325,39,303563,303355]
[326,256,566896,568257]
[327,109,68568,67435]
[328,41,650015,649640]
[329,217,528721,528352]
[330,54,361456,362394]
[331,167,689312,689032]
[332,143,168513,168058]
[333,222,159043,160427]
[334,264,25809,26317]
[335,193,39171,38058]
[336,106,151812,152933]
[337,64,265822,267228]
[338,16,162419,163149]
[339,25,325218,323810]
[340,135,191082,190026]
[341,189,656375,655427]
[342,231,453276,451872]
[343,250,556067,557313]
[344,276,707618,708288]
[345,12,670732,671342]
[346,42,538652,539313]
[347,35,574177,572962]
[348,50,211267,211967]
[349,179,351535,351434]
[350,180,338569,340028]
[351,127,143396,143247]
[352,152,97530,98983]
[353,20,608846,609076]
[354,0,650910,651137]
[355,194,384314,384514]
[356,96,557536,558818]
[357,244,30895,31916]
[358,229,137095,135595]
[359,62,470236,471663]
[360,106,31496,32706]
[361,0,533032,534327]
[362,205,269305,268862]
[363,85,7685,7575]
[364,143,341608,340141]
[365,143,458150,456904]
[366,161,244460,243340]
[367,200,71912,73251]
[368,75,428789,428101]
[369,42,321030,321365]
[370,239,626607,626464]
[371,81,694169,693117]
[372,219,85569,84802]
[373,187,682912,682731]
[374,75,497093,496800]
[375,46,60779,61989]
[376,54,429412,429715]
[377,95,313852,313329]
[378,108,647783,648157]
[379,103,233526,232531]
[380,250,598572,599922]
[381,79,625490,624254]
[382,165,150596,150254]
[383,158,121807,122836]
[384,134,271508,272448]
[385,260,382414,382544]
[386,132,589396,590653]
[387,107,393433,392276]
[388,16,685691,686623]
[389,90,463930,465214]
[390,243,422365,421116]
[391,56,699614,700727]
[392,132,374490,375202]
[393,241,730441,729592]
[394,201,94284,94195]
[395,180,287908,289358]
[396,167,561691,560567]
[397,31,432055,431678]
[398,219,329074,328217]
[399,201,624249,624027]
[400,219,73241,72944]
[401,180,696855,698346]
[402,78,464282,465334]
[403,77,293128,292437]
[404,119,5951,4766]
[405,164,73145,73290]
[406,18,155426,156392]
[407,184,581652,582385]
[408,161,272478,271609]
[409,191,460298,460129]
[410,130,112693,113831]
[411,18,340796,341947]
[412,4,532537,533926]
[413,115,109672,109100]
[414,212,303674,304380]
[415,83,205957,205373]
[416,122,529397,530732]
[417,210,228789,229319]
[418,16,6481,7105]
[419,71,199770,199260]
[420,27,529806,529308]
[421,174,415534,416851]
[422,163,316934,316502]
[423,245,145470,144198]
[424,273,452893,451405]
[425,234,703898,704205]
[426,65,297661,296360]
[427,228,181370,182184]
[428,20,132431,132889]
[429,85,361290,360649]
[430,217,518518,517251]
[431,135,527760,526798]
[432,86,1978,3015]
[433,4,591594,592864]
[434,33,603436,603300]
[435,90,724686,725099]
[436,156,446962,447638]
[437,220,641352,641524]
[438,255,106128,105035]
[439,138,501353,502752]
[440,56,206015,206821]
[441,137,404724,403611]
[442,233,436315,435133]
[443,105,372902,372278]
[444,65,387143,385665]
[445,187,16722,16497]
[446,136,350999,352280]
[447,101,113041,112258]
[448,174,704212,704379]
[449,59,689037,688993]
[450,42,703631,704138]
[451,205,184105,182727]
[452,102,216758,217013]
[453,230,702140,702624]
[454,143,48334,48145]
[455,125,306352,305071]
[456,125,212125,210964]
[457,204,96394,96751]
[458,60,726475,727034]
[459,69,20512,19480]
[460,268,470366,471081]
[461,275,491394,490609]
[462,142,238515,239412]
[463,16,72848,74046]
[464,250,64856,65413]
[465,34,502434,503204]
[466,214,79476,79530]
[467,198,447653,447693]
[468,39,416633,415632]
[469,157,474954,474240]
[470,195,390182,390016]
[471,92,286887,288032]
[472,106,444384,445211]
[473,184,324471,324552]
[474,241,467953,466644]
[475,162,609257,609733]
[476,177,365890,364771]
[477,154,289592,290389]
[478,66,496512,497822]
[479,191,313506,312590]
[480,56,487447,487987]
[481,261,646071,645330]
[482,180,593016,594086]
[483,181,550113,549369]
[484,41,309365,309043]
[485,29,244172,243134]
[486,37,89941,88864]
[487,206,637334,637561]
[488,204,222590,223907]
[489,270,331174,332054]
[490,151,454953,454798]
[491,262,686858,686964]
[492,215,112102,111373]
[493,204,439097,440537]
[494,83,146302,145134]
[495,204,292808,293459]
[496,5,169370,168037]
[497,38,674389,674586]
[498,196,630104,630301]
[499,9,463746,462334]
[500,192,595595,596481]
[501,115,390638,389884]
[502,135,112321,112085]
[503,60,250747,251536]
[504,179,208912,207702]
[505,123,255987,255676]
[506,120,474400,475459]
[507,18,294968,296338]
[508,126,226475,227247]
[509,93,316184,315545]
[510,234,27696,29097]
[511,225,603703,603196]
[512,161,260603,260269]
[513,242,83994,85332]
[514,160,113215,113529]
[515,74,229533,230146]
[516,11,463169,462281]
[517,273,483765,482889]
[518,40,84113,84165]
[519,59,638496,637640]
[520,219,341108,340389]
[521,169,582706,581412]
[522,268,615749,616896]
[523,200,347493,348498]
[524,101,320391,320271]
[525,181,510952,510317]
[526,240,18687,19602]
[527,161,566765,566087]
[528,189,638980,637777]
[529,136,456232,456828]
[530,9,629376,629082]
[531,97,384516,383434]
[532,121,438032,437076]
[533,29,503810,502890]
[534,72,249846,250824]
[535,56,637743,638720]
[536,265,469964,469727]
[537,136,559833,560387]
[538,131,206448,206013]
[539,215,72429,72079]
[540,83,342363,341505]
[541,91,301245,300182]
[542,182,526229,526811]
[543,132,601338,602282]
[544,176,552844,553777]
[545,170,268971,269077]
[546,87,269308,268999]
[547,266,559345,559592]
[548,191,101038,100742]
[549,268,242448,243424]
[550,155,404106,402754]
[551,191,437290,436170]
[552,3,289098,288358]
[553,137,88971,87710]
[554,49,190737,189697]
[555,41,564327,563857]
[556,184,112912,114308]
[557,138,338491,339376]
[558,146,11769,12200]
[559,23,242325,241016]
[560,203,651066,650125]
[561,144,535236,536712]
[562,177,537995,537243]
[563,159,33101,32186]
[564,75,628286,627706]
[565,59,325710,325045]
[566,23,613856,613512]
[567,249,308797,307478]
[568,65,254515,254382]
[569,254,433853,434760]
[570,71,606106,605464]
[571,154,373314,373363]
[572,1,299093,297813]
[573,127,621210,620400]
[574,52,288729,289293]
[575,105,521939,520596]
[576,204,667083,667381]
[577,277,474758,474646]
[578,137,352640,352058]
[579,136,528,1505]
[580,257,34195,33961]
[581,45,44372,44159]
[582,185,649638,648791]
[583,200,360512,361322]
[584,156,695828,696673]
[585,49,407591,407414]
[586,86,642639,643808]
[587,105,370917,370661]
[588,36,554318,555189]
[589,134,535262,536216]
[590,136,415997,416905]
[591,60,190083,191270]
[592,172,7301,7732]
[593,161,20364,19541]
[594,110,300159,300605]
[595,180,22019,22362]
[596,167,38664,37798]
[597,237,75224,75124]
[598,158,417529,418832]
[599,57,207080,206093]
[600,16,602605,603989]
[601,157,372396,371231]
[602,203,516489,516017]
[603,123,702287,701288]
[604,172,505659,506976]
[605,33,252674,252143]
[606,42,551858,553292]
[607,133,222525,221563]
[608,167,232939,232040]
[609,214,261925,262926]
[610,121,447345,446671]
[611,205,182909,181772]
[612,68,129174,130219]
[613,92,416006,416473]
[614,71,369273,368016]
[615,165,480180,478908]
[616,62,242474,242770]
[617,192,703756,704430]
[618,6,61887,63029]
[619,229,22945,22788]
[620,113,283156,282333]
[621,22,645741,646813]
[622,149,313599,312896]
[623,203,375196,374594]
[624,250,524615,524909]
[625,277,491435,490936]
[626,206,231213,231608]
[627,127,410222,409725]
[628,144,104013,105074]
[629,132,232487,232519]
[630,8,299112,300548]
[631,277,416071,415230]
[632,244,150662,152044]
[633,13,464911,463914]
[634,48,612134,612560]
[635,76,720021,720189]
[636,244,594809,595376]
[637,24,142923,144105]
[638,79,201819,200787]
[639,3,377535,376204]
[640,49,340470,339411]
[641,164,714699,715815]
[642,226,648596,649580]
[643,251,427759,427031]
[644,148,27078,28529]
[645,22,246356,246749]
[646,245,173990,172777]
[647,14,67707,68450]
[648,236,195279,195628]
[649,199,536929,535819]
[650,29,31550,31218]
[651,144,704801,705098]
[652,96,192773,192854]
[653,74,111669,112177]
[654,215,253873,252980]
[655,85,536131,535022]
[656,151,78536,77644]
[657,122,44047,44802]
[658,211,518818,518695]
[659,134,303833,305127]
[660,219,89267,88353]
[661,255,481388,481085]
[662,223,218166,217719]
[663,267,218467,217702]
[664,214,264472,265806]
[665,234,343228,344052]
[666,116,130163,131519]
[667,5,728620,727542]
[668,248,641897,642629]
[669,244,610617,611441]
[670,30,414089,414270]
[671,138,418784,419377]
[672,263,303126,302305]
[673,115,565052,563654]
[674,124,65020,65878]
[675,112,516603,517174]
[676,22,617332,617409]
[677,85,216725,215715]
[678,179,73739,72885]
[679,144,544211,545337]
[680,159,446928,445808]
[681,260,110248,110650]
[682,9,450894,450588]
[683,1,594359,593692]
[684,260,147333,147554]
[685,18,40744,41379]
[686,254,344770,344965]
[687,213,414416,413847]
[688,104,49941,49978]
[689,125,656273,656070]
[690,36,450483,451805]
[691,107,576878,575822]
[692,146,27616,28855]
[693,227,294885,294221]
[694,94,142422,142737]
[695,255,139913,139005]
[696,63,650615,649887]
[697,79,369478,369141]
[698,25,180108,179819]
[699,22,135880,137231]
[700,192,47691,48597]
[701,173,240095,238969]
[702,279,546843,546029]
[703,197,400194,399567]
[704,244,200640,201859]
[705,50,69008,70359]
[706,98,349862,351024]
[707,210,99761,100489]
[708,277,269766,268640]
[709,202,144036,144457]
[710,239,652548,651968]
[711,72,121791,122292]
[712,99,605978,605172]
[713,80,608838,609966]
[714,154,526019,526668]
[715,197,40806,39610]
[716,261,532417,531205]
[717,115,125037,124654]
[718,269,574052,573142]
[719,247,238172,237842]
[720,157,254721,253720]
[721,117,27645,26862]
[722,114,614129,614463]
[723,17,312102,311990]
[724,236,636228,637690]
[725,257,717569,716875]
[726,241,280855,280508]
[727,103,465891,464608]
[728,140,406280,407235]
[729,247,364697,364181]
[730,32,273931,275208]
[731,40,524805,525048]
[732,233,623830,623679]
[733,189,422140,420855]
[734,224,272149,272547]
[735,104,108054,109122]
[736,124,48130,48198]
[737,138,136754,137538]
[738,191,419023,418857]
[739,215,64368,63382]
[740,120,252301,253262]
[741,7,569055,568465]
[742,172,83704,84786]
[743,17,628251,627930]
[744,81,592291,590810]
[745,255,377770,376859]
[746,185,444937,444231]
[747,166,161667,161978]
[748,29,381025,380034]
[749,25,462349,460929]
[750,26,67126,67349]
[751,41,187978,187458]
[752,203,455630,455270]
[753,62,573999,574152]
[754,12,73210,74083]
[755,263,614389,613758]
[756,152,110712,110746]
[757,174,381182,381631]
[758,186,352620,353320]
[759,90,529672,530267]
[760,48,196745,198181]
[761,211,356055,354825]
[762,82,457222,458200]
[763,155,657166,656010]
[764,73,286431,285106]
[765,33,198457,197927]
[766,158,264835,265424]
[767,27,488612,487664]
[768,133,27768,26501]
[769,269,352308,351328]
[770,83,439736,438626]
