["head":"wrap","lpos","status"]
[128,700143,1]
["io count"]
[775]
["io":"id","wrap","startLpos","endLpos"]
[1,57,398270,397344]
[2,74,533444,533507]
[3,144,92682,93272]
[4,252,28682,29824]
[5,129,534528,534220]
[6,106,109965,110571]
[7,215,207028,205704]
[8,97,171554,171474]
[9,73,366289,364837]
[10,257,59327,58180]
[11,96,349923,350953]
[12,235,440145,438795]
[13,140,598968,599198]
[14,16,80176,81325]
[15,148,563078,563951]
[16,14,501182,501555]
[17,219,371463,370522]
[18,86,475643,476078]
[19,184,615729,616486]
[20,75,124653,123488]
[21,208,265470,266386]
[22,17,706817,705973]
[23,253,427633,427477]
[24,204,703047,703376]
[25,137,383143,382998]
[26,48,248459,249856]
[27,90,504838,505418]
[28,274,300633,302108]
[29,243,132450,131686]
[30,121,105506,104347]
[31,252,409303,410013]
[32,84,423795,424543]
[33,200,5618,6232]
[34,112,206102,207545]
[35,111,321877,320551]
[36,53,190160,188691]
[37,225,627500,626199]
[38,57,24917,23440]
[39,266,613176,613676]
[40,188,622602,622778]
[41,69,235034,234854]
[42,29,344089,342626]
[43,132,93935,94577]
[44,210,249361,250150]
[45,8,271891,272272]
[46,188,699110,699547]
[47,222,395645,396397]
[48,267,172812,172588]
[49,163,498678,497288]
[50,25,435445,435307]
[51,95,52799,51941]
[52,232,293432,293579]
[53,115,71576,71133]
[54,47,631113,630060]
[55,189,553176,552003]
[56,84,390161,390244]
[57,13,70839,69406]
[58,147,164640,163491]
[59,2,540376,541860]
[60,257,236241,235455]
[61,118,243540,244597]
[62,114,418106,418726]
[63,188,116870,117899]
[64,150,725395,726015]
[65,268,319776,320283]
[66,65,335390,334295]
[67,88,129571,130674]
[68,206,35820,36441]
[69,157,249331,247944]
[70,49,463082,462439]
[71,140,499832,500763]
[72,279,11158,9920]
[73,188,151644,152444]
[74,188,676306,677249]
[75,81,74230,73451]
[76,90,481592,481802]
[77,86,117351,117393]
[78,244,165959,167123]
[79,75,79704,78416]
[80,184,452542,453081]
[81,49,270098,269700]
[82,50,404284,404506]
[83,257,650565,650052]
[84,98,691246,692674]
[85,162,3851,4345]
[86,70,378020,378390]
[87,198,297263,297321]
[88,21,180521,180217]
[89,89,553631,553457]
[90,197,376564,376509]
[91,29,261176,260465]
[92,151,524800,524109]
[93,79,374178,374145]
[94,4,64331,65597]
[95,275,182478,181957]
[96,223,150367,149362]
[97,62,249016,249186]
[98,209,706822,706446]
[99,247,287517,286573]
[100,209,536701,535536]
[101,6,513681,515149]
[102,35,676911,676010]
[103,15,186946,186598]
[104,11,156246,156148]
[105,210,150787,151059]
[106,118,515125,515575]
[107,224,277201,278642]
[108,256,344766,345720]
[109,4,49021,50085]
[110,245,469083,467913]
[111,191,201473,201141]
[112,249,673642,672337]
[113,65,689001,688465]
[114,147,85652,84781]
[115,128,609900,611155]
[116,25,279272,278136]
[117,213,191836,191678]
[118,220,245764,247157]
[119,16,123134,124598]
[120,181,173133,171743]
[121,269,303297,303188]
[122,244,29372,29662]
[123,171,259831,259505]
[124,148,272882,274328]
[125,138,359262,360474]
[126,162,354084,355184]
[127,153,16363,14868]
[128,95,56792,55928]
[129,195,350943,350566]
[130,138,241355,241738]
[131,263,152381,151605]
[132,124,127521,128759]
[133,124,709730,709882]
[134,242,599298,599819]
[135,241,364328,363199]
[136,165,710595,709344]
[137,109,507124,506936]
[138,156,107933,108312]
[139,82,275845,276901]
[140,9,708829,708644]
[141,116,554690,554889]
[142,265,21777,21603]
[143,175,285004,283560]
[144,244,586570,587663]
[145,155,138705,137685]
[146,228,420094,420856]
[147,169,253841,252515]
[148,262,83563,84446]
[149,257,532756,532549]
[150,82,103837,105076]
[151,66,83102,84530]
[152,246,171810,172583]
[153,182,269085,269166]
[154,124,604413,605571]
[155,58,537806,538204]
[156,57,578723,577684]
[157,276,359180,360101]
[158,259,595262,594761]
[159,90,730056,730548]
[160,167,450804,450135]
[161,118,142961,143276]
[162,278,691622,692431]
[163,18,113380,113730]
[164,42,455536,455867]
[165,34,489481,489580]
[166,277,399392,399167]
[167,53,45619,44502]
[168,27,16855,16098]
[169,278,454707,455545]
[170,124,151862,153084]
[171,128,98331,99295]
[172,177,643497,642338]
[173,141,219890,219305]
[174,110,534039,535478]
[175,249,316457,315503]
[176,265,227523,227486]
[177,57,676271,675401]
[178,54,178913,179344]
[179,105,571439,570378]
[180,138,653113,653283]
[181,35,173653,173288]
[182,188,719883,720800]
[183,58,276513,276961]
[184,251,695460,695353]
[185,189,399621,398368]
[186,102,468946,469231]
[187,31,261296,259868]
[188,239,326113,324823]
[189,232,491607,491723]
[190,233,89636,88453]
[191,252,21595,21822]
[192,57,403265,401908]
[193,6,248376,248544]
[194,156,247663,247988]
[195,80,471553,472191]
[196,164,215597,216230]
[197,165,83524,82837]
[198,146,418809,419631]
[199,159,408079,407693]
[200,186,323587,324417]
[201,0,687156,687898]
[202,15,448852,448135]
[203,60,332585,333085]
[204,18,2530,3016]
[205,196,428440,429275]
[206,59,63672,62632]
[207,184,65170,66597]
[208,174,45646,45884]
[209,224,491016,492059]
[210,161,59323,58736]
[211,92,111563,112864]
[212,227,58385,57543]
[213,152,145367,145508]
[214,125,522737,522566]
[215,175,34759,34687]
[216,124,496465,497834]
[217,213,581724,581266]
[218,32,420536,421648]
[219,95,326133,324809]
[220,157,199585,198670]
[221,157,234124,233985]
[222,170,667402,668164]
[223,149,511974,511345]
[224,109,437396,436940]
[225,14,560161,560396]
[226,45,63693,63194]
[227,155,580513,580264]
[228,258,686741,687021]
[229,151,657130,656057]
[230,89,661326,661116]
[231,268,534168,535174]
[232,65,90523,90065]
[233,249,148847,147679]
[234,271,228571,228330]
[235,277,324276,323714]
[236,11,12001,10861]
[237,36,116060,117262]
[238,18,696754,697580]
[239,263,186501,186081]
[240,94,486268,487284]
[241,4,567943,568184]
[242,82,508465,508998]
[243,31,374337,374260]
[244,239,86807,86775]
[245,132,90017,91137]
[246,188,676146,677382]
[247,221,314382,313215]
[248,87,10680,10011]
[249,39,383060,382694]
[250,47,53003,51780]
[251,104,417860,418663]
[252,96,543421,543979]
[253,140,40629,41789]
[254,69,366613,365639]
[255,41,604858,604097]
[256,194,602213,602805]
[257,52,103547,104611]
[258,221,660005,658570]
[259,266,259990,260143]
[260,96,691736,691824]
[261,169,37823,36802]
[262,22,514425,515506]
[263,205,455991,454553]
[264,204,51962,52079]
[265,48,533515,533941]
[266,143,208452,207172]
[267,134,724529,725064]
[268,125,75298,74551]
[269,155,200875,200352]
[270,118,613340,614834]
[271,267,94311,93357]
[272,241,3845,3509]
[273,223,19159,18108]
[274,24,91352,91690]
[275,176,658559,659568]
[276,148,698157,699258]
[277,165,244452,243783]
[278,27,637702,637647]
[279,275,647504,646516]
[280,271,650901,649536]
[281,42,670737,672138]
[282,270,643094,643188]
[283,238,673756,674375]
[284,44,25145,25294]
[285,230,374075,375227]
[286,47,570461,569346]
[287,205,169092,168128]
[288,175,359389,358635]
[289,104,385637,386967]
[290,157,674297,673956]
[291,168,395888,397148]
[292,100,449959,451316]
[293,130,73497,74915]
[294,181,192643,192472]
[295,209,19412,18464]
[296,33,238397,237620]
[297,7,622789,622624]
[298,174,296183,297374]
[299,126,205600,207008]
[300,110,130013,131035]
[301,94,460777,462028]
[302,263,536627,535842]
[303,133,648596,648388]
[304,44,299237,300485]
[305,180,723790,725277]
[306,133,615961,615453]
[307,228,257726,258443]
[308,102,74229,74709]
[309,177,490474,488997]
[310,92,394964,396152]
[311,126,676158,676874]
[312,52,187196,187705]
[313,90,397561,398060]
[314,149,192946,192207]
[315,162,130044,131493]
[316,210,186245,186676]
[317,228,638612,639375]
[318,43,711849,711762]
[319,55,377194,375797]
[320,155,59539,59076]
[321,70,521973,522311]
[322,72,576490,577252]
[323,249,429808,429167]
[324,182,649302,650068]
[325,245,665216,664850]
[326,51,182516,181150]
[327,144,82693,84066]
[328,75,471043,469742]
[329,263,254573,253163]
[330,4,275836,276723]
[331,258,16329,17384]
[332,200,708161,708506]
[333,24,576407,577048]
[334,238,308258,308777]
[335,126,466770,467471]
[336,7,140313,139039]
[337,155,616523,615397]
[338,11,617166,616031]
[339,266,637220,637428]
[340,192,471813,472836]
[341,139,291392,290684]
[342,30,533858,534680]
[343,190,328944,329953]
[344,228,71971,72691]
[345,135,338153,338005]
[346,118,485809,486344]
[347,195,128260,127374]
[348,226,91500,91725]
[349,44,664449,665151]
[350,246,351710,352527]
[351,62,189284,190744]
[352,99,529693,528506]
[353,139,451861,451363]
[354,245,658585,657281]
[355,61,678716,678196]
[356,169,539197,537832]
[357,198,261456,262439]
[358,264,560232,560567]
[359,191,251024,250520]
[360,102,459498,459686]
[361,64,97863,98267]
[362,13,499051,498587]
[363,229,191852,190978]
[364,195,481477,480721]
[365,154,60132,60595]
[366,170,253793,254462]
[367,118,635329,635813]
[368,95,688815,687770]
[369,172,704372,705697]
[370,217,123267,122013]
[371,206,581295,582721]
[372,164,308080,309331]
[373,137,207726,207427]
[374,219,354887,353925]
[375,72,571705,573035]
[376,166,287572,288664]
[377,2,459860,460749]
[378,44,280648,281111]
[379,169,284561,283583]
[380,49,466875,465395]
[381,96,14578,15434]
[382,4,613854,614733]
[383,202,500822,502253]
[384,99,635202,634071]
[385,118,572440,573791]
[386,68,607493,607806]
[387,192,223269,224193]
[388,86,24191,24917]
[389,85,613324,613134]
[390,95,549555,549360]
[391,93,515167,514396]
[392,254,217715,218288]
[393,17,53616,52510]
[394,22,671568,671991]
[395,30,564267,564595]
[396,191,683584,683357]
[397,116,302650,303267]
[398,24,604518,604984]
[399,217,264627,263299]
[400,32,194770,195168]
[401,5,210444,210233]
[402,193,119872,118545]
[403,7,322010,321003]
[404,142,349826,351130]
[405,249,519153,519038]
[406,23,395395,395343]
[407,131,294293,292880]
[408,33,402566,401150]
[409,104,142929,143930]
[410,193,87102,86955]
[411,258,579877,581001]
[412,167,681393,680444]
[413,251,33127,32257]
[414,118,405733,406087]
[415,211,293106,292721]
[416,85,378534,377768]
[417,62,577344,578172]
[418,129,604956,604032]
[419,108,365486,366942]
[420,122,491638,492440]
[421,232,368102,368701]
[422,244,7128,8318]
[423,42,507368,508783]
[424,51,646746,645940]
[425,124,220959,221720]
[426,52,482370,483027]
[427,167,127923,127177]
[428,222,432663,433953]
[429,223,415467,414233]
[430,236,631703,632759]
[431,43,138571,137398]
[432,223,38533,37697]
[433,52,14957,15883]
[434,9,129699,129651]
[435,24,405607,406932]
[436,72,571641,572594]
[437,244,3716,5153]
[438,87,490714,489475]
[439,107,590741,589661]
[440,134,280272,281481]
[441,212,115714,116631]
[442,18,568854,569395]
[443,104,218494,219425]
[444,132,475455,476375]
[445,112,74363,74546]
[446,274,31509,32163]
[447,83,722114,720662]
[448,173,1584,1399]
[449,142,722308,722622]
[450,78,469129,469767]
[451,244,398789,399158]
[452,208,420847,422229]
[453,204,67614,68460]
[454,131,379622,378139]
[455,244,600219,601069]
[456,157,119788,119690]
[457,179,612737,611573]
[458,92,257111,257497]
[459,70,21871,22323]
[460,251,714119,713825]
[461,172,111821,112924]
[462,245,412252,411098]
[463,159,426625,426556]
[464,60,547191,547382]
[465,251,389529,388216]
[466,228,285910,287197]
[467,29,132510,132099]
[468,69,118719,118173]
[469,59,270556,270249]
[470,137,419336,418737]
[471,175,351437,350629]
[472,111,711865,711474]
[473,60,297256,298236]
[474,279,382882,381467]
[475,24,420337,421375]
[476,279,694462,693539]
[477,171,516969,515535]
[478,258,729597,730035]
[479,252,486237,487599]
[480,170,293980,295187]
[481,187,609533,608741]
[482,211,238641,237511]
[483,6,399376,400121]
[484,49,121654,120576]
[485,124,576582,577557]
[486,119,178662,178428]
[487,49,685319,685187]
[488,66,64679,65466]
[489,161,649836,648368]
[490,191,32678,31879]
[491,94,184046,185062]
[492,29,324219,323652]
[493,175,440269,439593]
[494,55,224348,223125]
[495,254,336358,337620]
[496,201,449687,449346]
[497,56,689133,689483]
[498,65,1340,907]
[499,107,32518,32120]
[500,117,136373,135482]
[501,39,346749,345830]
[502,24,69529,70713]
[503,110,364823,366184]
[504,8,565190,565849]
[505,48,388815,389305]
[506,91,351546,351318]
[507,20,601227,602542]
[508,188,722911,723977]
[509,129,148830,148724]
[510,113,417226,416538]
[511,35,39843,39675]
[512,61,704577,704213]
[513,259,518521,517797]
[514,194,9301,10677]
[515,16,85039,85444]
[516,179,363736,363447]
[517,86,316814,317389]
[518,275,204907,204057]
[519,243,47159,45917]
[520,8,674247,674495]
[521,18,63427,64494]
[522,252,231802,232378]
[523,153,596008,594843]
[524,179,139269,138306]
[525,255,639622,639577]
[526,193,545354,544987]
[527,88,675822,676751]
[528,230,6702,6760]
[529,180,345724,347122]
[530,168,43909,43982]
[531,251,156563,155370]
[532,145,255262,255116]
[533,262,404006,405181]
[534,271,558243,557634]
[535,73,58818,58051]
[536,83,444366,443569]
[537,50,228717,229066]
[538,73,20492,19032]
[539,218,166961,167362]
[540,19,316378,315728]
[541,155,31928,31567]
[542,64,495752,495865]
[543,109,19159,18103]
[544,218,333507,334254]
[545,8,153126,153600]
[546,136,11986,12054]
[547,216,334041,335321]
[548,93,691454,690129]
[549,179,671807,670907]
[550,118,164839,165019]
[551,34,40569,41986]
[552,111,543477,543240]
[553,160,371959,372354]
[554,88,262613,262829]
[555,89,205278,204629]
[556,101,616854,616781]
[557,151,42025,41598]
[558,107,545335,545017]
[559,79,260978,260939]
[560,200,73833,74609]
[561,19,432954,432793]
[562,75,248609,248417]
[563,154,73217,73371]
[564,99,674743,674109]
[565,210,367551,368464]
[566,202,111209,112490]
[567,52,525534,526230]
[568,163,387688,386201]
[569,246,722992,724333]
[570,57,572825,572739]
[571,160,307515,308800]
[572,168,509170,510098]
[573,239,97936,96767]
[574,240,184449,184789]
[575,238,311599,313091]
[576,175,482755,481287]
[577,231,367560,366243]
[578,178,41367,42603]
[579,75,408053,407782]
[580,152,313755,314703]
[581,187,18138,18060]
[582,174,602008,603331]
[583,51,334828,334186]
[584,55,484287,482974]
[585,212,674862,676229]
[586,182,681776,682576]
[587,246,199199,199749]
[588,210,124381,125408]
[589,136,524587,525012]
[590,24,312809,313480]
[591,262,154772,155118]
[592,63,108540,107639]
[593,175,455984,454858]
[594,63,350728,350153]
[595,83,150655,149989]
[596,24,131759,133106]
[597,148,383700,383879]
[598,121,556998,556709]
[599,37,616404,615387]
[600,37,288336,287519]
[601,253,309663,308757]
[602,258,319812,320766]
[603,95,516517,515559]
[604,190,53985,54588]
[605,210,305723,305927]
[606,2,175026,175919]
[607,72,672328,672714]
[608,273,284198,284121]
[609,195,29066,28898]
[610,224,464709,464837]
[611,31,639896,639021]
[612,5,373529,373464]
[613,87,169909,169728]
[614,75,384495,383138]
[615,225,687458,686687]
[616,210,357647,357987]
[617,240,48300,49092]
[618,231,110103,110009]
[619,196,558418,559703]
[620,118,37740,37892]
[621,161,421213,420529]
[622,19,180812,180351]
[623,19,144916,144574]
[624,173,305101,304770]
[625,90,87595,88604]
[626,272,314347,314909]
[627,44,386103,387431]
[628,18,45516,47003]
[629,257,182181,181452]
[630,10,551917,552683]
[631,54,311900,312000]
[632,158,563190,563561]
[633,59,504525,503183]
[634,9,607451,606815]
[635,183,215229,214805]
[636,180,130197,130904]
[637,239,538830,537924]
[638,210,44587,45286]
[639,263,621989,621213]
[640,214,219020,219796]
[641,260,380140,380480]
[642,54,413534,414890]
[643,151,70613,69328]
[644,198,287542,288809]
[645,208,529392,530038]
[646,242,157774,158536]
[647,94,677925,679238]
[648,41,540485,539358]
[649,27,576212,575377]
[650,240,564900,565839]
[651,66,46915,48381]
[652,201,418330,418235]
[653,157,714566,713400]
[654,109,39401,38417]
[655,175,637529,637423]
[656,212,528499,528996]
[657,43,603083,601903]
[658,154,122101,122838]
[659,78,390026,391502]
[660,228,381207,382550]
[661,209,683923,682993]
[662,105,260646,259184]
[663,54,46897,47289]
[664,66,452647,454059]
[665,278,52158,52711]
[666,84,681332,681897]
[667,46,58243,59361]
[668,133,442766,441802]
[669,15,471100,469828]
[670,31,12543,11993]
[671,268,294543,294630]
[672,203,165247,164978]
[673,206,711511,712148]
[674,249,629555,628776]
[675,212,569280,570710]
[676,276,517782,517894]
[677,80,43532,44953]
[678,175,127037,126192]
[679,228,231749,233245]
[680,62,706838,706913]
[681,242,684143,684491]
[682,275,272454,271316]
[683,237,453797,452690]
[684,61,405770,405111]
[685,251,141860,141750]
[686,17,142446,141678]
[687,214,285056,286244]
[688,152,206415,207448]
[689,198,74484,75494]
[690,162,199873,201055]
[691,22,370591,371842]
[692,72,682740,682949]
[693,275,664677,664402]
[694,196,157198,158566]
[695,63,94261,93277]
[696,20,534943,535990]
[697,20,668897,669683]
[698,73,412487,411082]
[699,276,618183,619366]
[700,18,470583,471373]
[701,230,245681,245985]
[702,20,149352,149448]
[703,188,477942,478132]
[704,118,695880,696296]
[705,130,8320,8366]
[706,43,637144,636338]
[707,95,260494,259454]
[708,215,7842,6801]
[709,23,23117,22890]
[710,127,26563,25499]
[711,108,172523,173618]
[712,213,207813,206730]
[713,159,550363,550060]
[714,32,133888,134930]
[715,27,383908,382834]
[716,126,432056,432991]
[717,248,558009,558641]
[718,269,55785,55317]
[719,80,75522,76599]
[720,40,185427,186196]
[721,24,131564,132405]
[722,190,108759,109222]
[723,133,12493,11452]
[724,13,295376,294489]
[725,13,713289,711961]
[726,10,448884,450297]
[727,249,603697,602505]
[728,217,77739,76419]
[729,192,176085,177158]
[730,37,226344,224854]
[731,185,573323,572289]
[732,255,342136,341672]
[733,29,714584,713114]
[734,105,588902,587576]
[735,124,90672,91310]
[736,51,607995,607957]
[737,165,176639,176052]
[738,29,436736,436258]
[739,114,45652,46245]
[740,104,390253,391392]
[741,78,726763,726843]
[742,230,441387,441637]
[743,61,122476,122414]
[744,112,311324,312478]
[745,260,303396,304003]
[746,155,548599,547769]
[747,217,26432,25333]
[748,1,471448,471090]
[749,67,331903,330809]
[750,54,56357,57511]
[751,108,685604,686312]
[752,278,715346,715584]
[753,8,8387,9250]
[754,126,537298,538680]
[755,73,86202,85242]
[756,138,574861,576285]
[757,188,80178,81061]
[758,225,556884,555939]
[759,102,523889,524618]
[760,157,496605,496077]
[761,116,670004,670296]
[762,34,634395,635165]
[763,90,484784,486080]
[764,89,597259,596449]
[765,250,528170,529080]
[766,33,699046,697891]
[767,61,729336,728519]
[768,65,673209,673134]
[769,64,445067,445712]
[770,21,103305,102484]
[771,10,548924,549417]
[772,248,369100,369199]
[773,113,689810,688432]
[774,69,676342,675930]
[775,169,705721,704940]
