["head":"wrap","lpos","status"]
[215,210221,1]
["io count"]
[780]
["io":"id","wrap","startLpos","endLpos"]
[1,111,406225,404793]
[2,279,193779,192706]
[3,205,344188,344104]
[4,253,251821,251739]
[5,154,80380,81851]
[6,69,296624,295823]
[7,126,692892,694031]
[8,78,250876,250913]
[9,99,228100,227220]
[10,274,500449,500821]
[11,139,435428,434879]
[12,243,725115,724927]
[13,278,370574,371969]
[14,138,352341,353602]
[15,171,43148,42994]
[16,137,513531,512524]
[17,132,435023,435719]
[18,246,508896,509166]
[19,60,642200,643625]
[20,47,356986,356512]
[21,5,548315,547266]
[22,175,504095,503585]
[23,60,253106,254316]
[24,177,148372,147813]
[25,238,571599,572414]
[26,86,152654,153555]
[27,168,227670,228465]
[28,262,291220,291735]
[29,206,573981,574384]
[30,13,170859,170051]
[31,29,583374,582909]
[32,188,452150,452920]
[33,170,687277,687585]
[34,55,480193,478804]
[35,244,364091,364983]
[36,249,197418,197261]
[37,76,454048,454120]
[38,16,702330,702493]
[39,87,257395,257129]
[40,101,97204,95999]
[41,24,410691,410800]
[42,58,230087,231050]
[43,247,83188,82404]
[44,33,312060,312001]
[45,21,680772,680471]
[46,26,190359,191854]
[47,20,612711,612929]
[48,222,77073,78354]
[49,104,639298,639386]
[50,244,699920,700325]
[51,132,54524,55865]
[52,246,716734,717261]
[53,276,672311,672944]
[54,251,500914,500187]
[55,140,729720,729943]
[56,22,16109,17082]
[57,29,109528,108186]
[58,97,40701,39898]
[59,54,629689,630022]
[60,29,544581,544078]
[61,240,11103,12417]
[62,92,205162,206266]
[63,186,451716,452204]
[64,0,351789,352072]
[65,106,636015,636232]
[66,17,682683,682432]
[67,1,635576,634095]
[68,15,568905,567623]
[69,190,481691,482325]
[70,49,717795,716723]
[71,227,595382,594510]
[72,197,207990,207756]
[73,9,85846,84522]
[74,121,155366,154283]
[75,51,55437,54590]
[76,45,570496,569398]
[77,244,533099,533835]
[78,127,5303,4089]
[79,25,472499,471487]
[80,123,680126,678906]
[81,49,55576,55032]
[82,90,713553,714275]
[83,142,545259,546045]
[84,201,689603,689022]
[85,111,644343,644270]
[86,1,154572,154411]
[87,220,120830,122006]
[88,206,420921,421664]
[89,258,127200,127624]
[90,250,571204,572510]
[91,178,496615,497181]
[92,95,150463,149189]
[93,260,649556,649745]
[94,6,268303,269459]
[95,262,690253,691264]
[96,222,507093,508008]
[97,120,475973,476666]
[98,101,449749,448564]
[99,12,615164,615395]
[100,0,107880,109291]
[101,257,45800,44949]
[102,142,142533,143525]
[103,56,416106,416498]
[104,241,395774,394559]
[105,163,557970,557596]
[106,174,336121,337513]
[107,6,213761,214949]
[108,81,557717,556432]
[109,227,349673,348406]
[110,268,602986,603616]
[111,136,234495,235764]
[112,150,691168,691840]
[113,252,342908,343673]
[114,118,573520,574516]
[115,184,417263,418756]
[116,69,348693,347973]
[117,185,699317,698333]
[118,217,421606,420316]
[119,264,516714,516888]
[120,205,125702,125104]
[121,229,488514,487504]
[122,105,151750,150556]
[123,251,562345,561333]
[124,256,254666,255648]
[125,215,534390,534240]
[126,209,604521,603720]
[127,239,36962,35517]
[128,50,578274,579042]
[129,169,293042,291968]
[130,94,711786,711870]
[131,277,10918,9457]
[132,68,464015,464314]
[133,36,17221,18224]
[134,89,6723,5247]
[135,171,276402,275050]
[136,103,114483,113670]
[137,71,514006,513527]
[138,217,450514,449025]
[139,243,289614,289200]
[140,144,54314,55783]
[141,83,416693,415659]
[142,70,683102,684339]
[143,150,542205,543497]
[144,125,553751,552320]
[145,200,425296,425406]
[146,276,345696,346761]
[147,27,554855,553523]
[148,172,576725,576786]
[149,49,46098,45247]
[150,157,247408,246330]
[151,212,55128,55350]
[152,117,302379,301735]
[153,59,192628,192180]
[154,34,607337,608647]
[155,216,665915,666045]
[156,266,721696,721758]
[157,273,315706,314363]
[158,260,140193,140547]
[159,68,207522,208660]
[160,50,112992,114107]
[161,66,690802,690937]
[162,276,79201,79345]
[163,190,160969,162427]
[164,191,540980,540154]
[165,162,312443,313195]
[166,230,152869,153629]
[167,102,77004,77332]
[168,124,250149,250368]
[169,279,43187,41962]
[170,244,97225,98484]
[171,67,567056,566098]
[172,55,651594,650505]
[173,230,84165,84858]
[174,35,354654,353372]
[175,87,463824,462397]
[176,12,267327,268641]
[177,250,364292,364932]
[178,1,29868,29033]
[179,61,118004,116959]
[180,244,542549,542861]
[181,192,17361,17521]
[182,200,147943,148887]
[183,70,202756,203715]
[184,137,391153,390119]
[185,1,508628,507131]
[186,113,216635,216509]
[187,107,463479,463129]
[188,125,39422,39047]
[189,93,141978,141150]
[190,171,657770,657111]
[191,262,347043,347994]
[192,230,179461,179874]
[193,38,400822,401017]
[194,139,78105,76898]
[195,245,546127,545388]
[196,264,235882,237022]
[197,13,630109,629237]
[198,136,145992,146349]
[199,15,95769,95272]
[200,202,607017,607563]
[201,166,444737,444899]
[202,219,549373,548253]
[203,131,669085,668425]
[204,228,695672,696723]
[205,56,62657,62952]
[206,39,109292,109199]
[207,171,511664,511618]
[208,151,383736,383688]
[209,129,406650,405355]
[210,192,139251,140370]
[211,246,65916,67129]
[212,166,8523,8595]
[213,189,358220,357499]
[214,206,361076,361532]
[215,160,115246,116420]
[216,15,4341,3243]
[217,165,144029,143906]
[218,191,557581,556421]
[219,261,489651,488192]
[220,279,560196,560070]
[221,20,470611,472029]
[222,93,144571,144407]
[223,148,89558,89938]
[224,75,158567,157746]
[225,223,621198,620235]
[226,30,694750,695408]
[227,43,19028,17842]
[228,93,398483,397104]
[229,201,69789,69082]
[230,88,331982,332833]
[231,181,680731,679312]
[232,46,254219,254481]
[233,203,253774,252328]
[234,251,174496,173927]
[235,50,169063,169973]
[236,17,402923,402211]
[237,18,31218,32404]
[238,149,669588,668961]
[239,86,91236,92588]
[240,92,107960,108121]
[241,172,301451,301898]
[242,246,652764,653627]
[243,119,566571,565528]
[244,223,713049,712050]
[245,141,579331,578132]
[246,152,240333,240854]
[247,162,167354,168691]
[248,277,679588,678421]
[249,114,670896,672050]
[250,270,642295,643528]
[251,99,268806,268002]
[252,266,556914,558393]
[253,217,22965,21818]
[254,9,409901,408646]
[255,207,404144,403607]
[256,241,84779,83897]
[257,227,708104,707965]
[258,163,518653,517691]
[259,196,686297,686795]
[260,118,42202,42883]
[261,115,414899,414765]
[262,184,613209,614598]
[263,15,165735,164683]
[264,146,314644,314915]
[265,170,4329,4962]
[266,28,126532,127321]
[267,79,91959,90603]
[268,175,676387,675388]
[269,150,339611,340353]
[270,219,682853,681747]
[271,242,664361,664902]
[272,171,347403,346837]
[273,251,53836,53150]
[274,181,293484,292709]
[275,9,7198,5886]
[276,127,593241,592986]
[277,132,424738,424970]
[278,122,10255,10931]
[279,279,32901,32762]
[280,160,163189,164144]
[281,48,48160,48748]
[282,175,507074,506643]
[283,51,635416,634475]
[284,44,197728,198444]
[285,33,395083,394037]
[286,107,414519,413927]
[287,231,498682,498651]
[288,124,693011,693622]
[289,203,172593,172459]
[290,113,286220,286186]
[291,214,274077,274865]
[292,117,638877,638159]
[293,146,272088,272644]
[294,123,31462,31311]
[295,239,392375,390936]
[296,269,441186,440917]
[297,232,85640,86043]
[298,212,602862,604020]
[299,145,336902,335424]
[300,198,448871,450250]
[301,49,611615,610124]
[302,107,213015,212209]
[303,160,460653,461981]
[304,100,380364,381533]
[305,39,388781,388308]
[306,52,383192,383404]
[307,138,616064,616784]
[308,52,198657,199513]
[309,85,26619,26069]
[310,31,230940,230511]
[311,39,635412,635033]
[312,40,201356,201680]
[313,249,361653,361250]
[314,129,669064,668486]
[315,146,54506,55893]
[316,77,192766,191564]
[317,178,96884,97931]
[318,93,531842,530627]
[319,95,612468,611455]
[320,187,554610,553480]
[321,240,25740,26311]
[322,193,469244,467991]
[323,82,369520,370337]
[324,51,276192,274985]
[325,215,343831,343500]
[326,268,605951,607322]
[327,135,292078,291345]
[328,217,420659,420628]
[329,14,579173,579697]
[330,254,196667,197077]
[331,16,414745,415423]
[332,197,203863,202386]
[333,166,334295,335742]
[334,239,447610,446192]
[335,185,635035,634532]
[336,36,31909,32072]
[337,257,59736,58716]
[338,154,681431,682291]
[339,75,639240,638400]
[340,267,613899,613044]
[341,144,434227,434508]
[342,0,380564,381488]
[343,22,200637,200701]
[344,7,209899,209380]
[345,113,392370,391725]
[346,172,448828,449305]
[347,160,565866,566898]
[348,14,358307,359494]
[349,178,636901,637438]
[350,239,315650,315015]
[351,33,328549,328308]
[352,196,185839,187118]
[353,131,164114,163784]
[354,88,53167,54282]
[355,100,721951,722752]
[356,128,492325,493590]
[357,115,451942,450871]
[358,243,22637,21670]
[359,17,150963,149771]
[360,43,561902,561036]
[361,274,721612,721734]
[362,153,297659,296869]
[363,28,559586,560525]
[364,155,81164,80826]
[365,254,649903,650688]
[366,139,348666,348076]
[367,205,726103,724913]
[368,9,568628,567351]
[369,176,425658,425896]
[370,50,653612,654232]
[371,150,713452,713656]
[372,59,560181,559175]
[373,78,362190,363649]
[374,180,516171,516755]
[375,27,411354,409912]
[376,8,448599,448846]
[377,262,8381,9792]
[378,55,657491,657022]
[379,251,685901,685399]
[380,49,706778,705648]
[381,132,500399,501574]
[382,223,623009,621877]
[383,247,576015,575268]
[384,106,640437,640796]
[385,34,390676,391939]
[386,86,563175,563360]
[387,14,281637,282177]
[388,239,691947,690699]
[389,123,719924,718472]
[390,207,212972,212655]
[391,244,456976,457144]
[392,258,646258,646900]
[393,205,348589,347227]
[394,43,132284,130791]
[395,184,554815,555766]
[396,170,408425,408795]
[397,166,40002,41272]
[398,180,698658,699917]
[399,277,533910,532607]
[400,239,245891,244696]
[401,68,307592,308310]
[402,257,478070,476926]
[403,217,221882,220396]
[404,129,550648,549481]
[405,104,478760,479812]
[406,263,631027,630841]
[407,210,557408,557707]
[408,57,378895,378576]
[409,162,221449,222344]
[410,211,715054,714660]
[411,191,102061,101136]
[412,206,113331,114505]
[413,88,95835,96948]
[414,260,250645,251173]
[415,17,113965,112643]
[416,10,687712,688794]
[417,3,221776,220871]
[418,208,41005,41870]
[419,234,451848,452939]
[420,224,484241,484587]
[421,238,716787,717560]
[422,187,707190,706046]
[423,169,322962,321586]
[424,118,390143,390534]
[425,15,453477,453430]
[426,278,487171,487528]
[427,37,482035,481592]
[428,140,402851,402987]
[429,64,527052,528084]
[430,273,288483,287361]
[431,166,85707,86746]
[432,265,614990,614731]
[433,114,592755,593788]
[434,72,78340,79551]
[435,64,650470,651009]
[436,85,161838,161242]
[437,59,491137,490371]
[438,6,526828,527500]
[439,95,128518,128292]
[440,120,414654,415096]
[441,98,596527,596731]
[442,154,477389,478743]
[443,204,501799,502538]
[444,127,672339,671768]
[445,163,479449,478607]
[446,271,667125,667013]
[447,152,189,1301]
[448,225,712793,711593]
[449,235,171399,171227]
[450,212,12898,13193]
[451,15,2428,1371]
[452,186,92589,93001]
[453,25,358136,356980]
[454,95,554825,553668]
[455,121,455363,454320]
[456,196,68494,69470]
[457,212,9257,9407]
[458,144,36495,37870]
[459,154,135853,136899]
[460,137,398758,397533]
[461,131,626004,625056]
[462,201,458873,458432]
[463,145,71056,70160]
[464,203,486191,485203]
[465,199,645613,644357]
[466,86,228941,230218]
[467,271,686983,685963]
[468,106,230075,231555]
[469,33,54293,53391]
[470,210,265678,266147]
[471,218,146156,146636]
[472,179,495369,494338]
[473,65,691621,690211]
[474,105,666170,665441]
[475,273,571732,570328]
[476,164,472856,474232]
[477,246,289205,289692]
[478,113,365164,364614]
[479,38,252729,253520]
[480,100,37801,37834]
[481,139,314767,313511]
[482,143,530699,529313]
[483,251,74945,74272]
[484,93,622782,622296]
[485,249,715116,715013]
[486,208,394671,396137]
[487,222,594138,594502]
[488,53,662534,662327]
[489,103,688907,688786]
[490,130,388810,388930]
[491,69,421927,421620]
[492,224,58128,58777]
[493,159,427753,426826]
[494,83,22414,21892]
[495,265,472925,471987]
[496,110,294871,296059]
[497,156,48850,49936]
[498,79,35103,34052]
[499,114,595463,596797]
[500,95,163732,163116]
[501,259,298940,298324]
[502,232,604764,604906]
[503,218,224135,225239]
[504,189,4238,3366]
[505,228,17995,18736]
[506,82,384864,386354]
[507,156,266709,267379]
[508,279,248923,248564]
[509,255,306423,305584]
[510,257,345228,344597]
[511,263,117839,117378]
[512,33,233361,232816]
[513,145,441920,441802]
[514,270,348424,348915]
[515,38,708998,710354]
[516,81,355844,354685]
[517,97,584552,583370]
[518,222,538034,538327]
[519,17,24039,23874]
[520,183,272019,270557]
[521,65,175112,173783]
[522,157,79159,79016]
[523,35,226859,226106]
[524,104,337079,338270]
[525,209,323968,322560]
[526,109,364156,362861]
[527,229,77545,76173]
[528,260,114656,115474]
[529,244,372192,373075]
[530,224,201226,202574]
[531,222,302886,303762]
[532,181,276719,276435]
[533,106,479968,480879]
[534,26,508167,508621]
[535,201,433389,432873]
[536,76,291723,292988]
[537,26,651361,651702]
[538,152,535273,535777]
[539,271,526135,525049]
[540,250,74239,75639]
[541,246,708958,709487]
[542,236,363436,363982]
[543,59,284607,283793]
[544,231,718744,717290]
[545,130,312228,313462]
[546,267,124456,123840]
[547,76,362209,363014]
[548,20,474353,474417]
[549,84,541301,541559]
[550,162,166462,166503]
[551,136,273986,274196]
[552,68,90016,90808]
[553,40,321129,321982]
[554,140,465367,466292]
[555,236,549488,550434]
[556,36,495587,496825]
[557,131,636064,635703]
[558,218,201334,202498]
[559,122,626451,627293]
[560,210,531268,532523]
[561,124,331486,331805]
[562,135,352079,350988]
[563,244,616481,617352]
[564,28,86649,87387]
[565,112,322480,322795]
[566,84,600316,600938]
[567,38,427553,427606]
[568,217,674676,673779]
[569,161,433292,432559]
[570,187,500017,499096]
[571,134,525250,526370]
[572,90,181074,181653]
[573,218,296061,297102]
[574,152,389282,390679]
[575,239,440346,440305]
[576,89,328004,327936]
[577,246,323304,324532]
[578,139,335323,334452]
[579,102,728813,730193]
[580,31,408633,407482]
[581,46,55640,56042]
[582,178,124689,126023]
[583,219,208709,207647]
[584,212,406219,406863]
[585,165,291447,290388]
[586,225,363756,362421]
[587,214,258857,260317]
[588,211,408184,407008]
[589,248,671568,672932]
[590,190,528716,529250]
[591,269,42121,41871]
[592,211,513397,513114]
[593,95,43697,43147]
[594,29,78312,77105]
[595,104,467032,468118]
[596,200,173933,174300]
[597,228,161177,161276]
[598,122,550213,550359]
[599,105,527844,526996]
[600,239,704383,703775]
[601,21,647300,645839]
[602,130,582029,582243]
[603,192,716288,716735]
[604,96,253285,254470]
[605,110,311578,312794]
[606,79,711916,711849]
[607,41,266755,266683]
[608,177,395959,394830]
[609,158,200160,200888]
[610,155,480197,479457]
[611,118,402289,403167]
[612,245,298591,298098]
[613,227,514482,514184]
[614,184,103682,104965]
[615,32,42472,42593]
[616,137,709220,708436]
[617,148,467842,468186]
[618,264,223425,224154]
[619,221,708437,707910]
[620,229,722180,720923]
[621,249,651808,651414]
[622,4,11440,12551]
[623,159,565809,564832]
[624,143,664083,662879]
[625,235,470487,469555]
[626,28,501397,502707]
[627,48,424159,424856]
[628,200,633858,635248]
[629,110,537964,539136]
[630,237,569450,568912]
[631,103,476794,475482]
[632,165,83800,82855]
[633,25,287118,286171]
[634,2,296421,297678]
[635,176,97668,98240]
[636,124,24631,25141]
[637,202,500751,501103]
[638,27,635164,634404]
[639,73,708234,706738]
[640,277,614628,613684]
[641,251,16898,15549]
[642,124,653058,653621]
[643,183,182286,181206]
[644,38,415623,416107]
[645,34,523156,524497]
[646,234,709156,709413]
[647,136,346243,346451]
[648,73,628709,628381]
[649,193,344348,343867]
[650,80,667224,668628]
[651,23,284290,284168]
[652,50,188549,189629]
[653,270,490561,491644]
[654,265,347106,346491]
[655,149,320642,320313]
[656,233,484414,484053]
[657,37,572284,571150]
[658,244,51607,51714]
[659,89,71549,71077]
[660,7,672644,671485]
[661,255,30467,29574]
[662,186,379472,380773]
[663,98,178075,178976]
[664,143,516907,516564]
[665,258,675875,675963]
[666,74,537351,538629]
[667,278,200462,201473]
[668,49,149430,148147]
[669,235,566964,566120]
[670,165,278260,277382]
[671,127,3559,2157]
[672,203,467862,467830]
[673,103,23813,22549]
[674,52,478282,478642]
[675,198,203563,204946]
[676,163,341301,340502]
[677,45,602379,601457]
[678,145,662954,662710]
[679,241,154529,154482]
[680,260,467944,469225]
[681,63,34309,33008]
[682,30,468499,468807]
[683,183,258876,258587]
[684,88,691773,692824]
[685,49,554125,552731]
[686,139,482148,480705]
[687,147,307252,306924]
[688,36,195425,196726]
[689,126,27134,27858]
[690,186,534659,535776]
[691,14,214190,214915]
[692,135,109240,108476]
[693,258,568100,569221]
[694,31,455733,454655]
[695,104,121166,122536]
[696,263,197885,197783]
[697,211,504034,503296]
[698,239,330112,329771]
[699,109,475955,475739]
[700,44,147925,149057]
[701,142,209533,210557]
[702,10,305026,305237]
[703,107,120778,119750]
[704,87,107186,106348]
[705,49,609046,608664]
[706,230,550445,551786]
[707,272,221353,222798]
[708,252,461239,461537]
[709,143,355132,354469]
[710,125,287150,285992]
[711,152,208730,209324]
[712,61,74660,74152]
[713,86,132292,133736]
[714,187,574995,574944]
[715,183,304065,304003]
[716,251,529288,528331]
[717,176,440425,440689]
[718,263,80968,80819]
[719,264,150215,151372]
[720,266,24340,24620]
[721,43,229906,229832]
[722,254,390218,391075]
[723,242,10465,11775]
[724,175,385085,383954]
[725,45,53398,51956]
[726,24,649048,650063]
[727,237,237457,236485]
[728,138,717626,718960]
[729,187,304584,303995]
[730,72,677793,678929]
[731,274,196530,197340]
[732,220,49218,49253]
[733,276,352332,352742]
[734,9,666693,665260]
[735,105,282983,282256]
[736,241,71592,71368]
[737,34,432365,433237]
[738,220,455671,456359]
[739,7,109531,108975]
[740,53,670971,670519]
[741,65,125164,124695]
[742,35,442376,441005]
[743,123,423905,423713]
[744,25,138872,137459]
[745,115,389467,388477]
[746,108,642801,643719]
[747,88,190228,191055]
[748,142,571295,572711]
[749,60,185824,185986]
[750,101,693550,692873]
[751,134,499448,500498]
[752,193,268362,268039]
[753,77,313244,313178]
[754,75,442886,442376]
[755,50,43609,44481]
[756,220,454912,455922]
[757,26,394793,395965]
[758,56,214088,214356]
[759,139,527375,526631]
[760,9,415298,413855]
[761,258,701967,703315]
[762,81,601774,601606]
[763,170,101804,102895]
[764,138,292671,294018]
[765,78,229985,231439]
[766,176,324997,325551]
[767,132,253946,254227]
[768,133,197312,196091]
[769,194,28008,29432]
[770,149,415373,414715]
[771,121,103085,101699]
[772,67,234326,234189]
[773,66,352515,352571]
[774,194,291676,293123]
[775,208,212959,214089]
[776,275,4357,4133]
[777,81,607588,607337]
[778,188,548389,549300]
[779,68,433577,434737]
[780,49,256882,256131]
