["head":"wrap","lpos","status"]
[241,75487,0]
["io count"]
[785]
["io":"id","wrap","startLpos","endLpos"]
[1,49,55503,54574]
[2,154,250308,250973]
[3,87,349877,349320]
[4,184,594708,595432]
[5,225,201986,200488]
[6,56,639643,641101]
[7,162,727115,727419]
[8,225,138239,137172]
[9,217,690043,688577]
[10,208,382310,382806]
[11,267,462114,460658]
[12,276,178688,179115]
[13,90,494559,495730]
[14,240,317790,318333]
[15,242,57230,58196]
[16,72,246807,247269]
[17,66,437856,438666]
[18,10,295152,295230]
[19,198,424990,425437]
[20,20,83644,84288]
[21,88,446966,447274]
[22,187,719366,718743]
[23,263,221589,220811]
[24,211,693391,693342]
[25,110,223563,224941]
[26,278,481329,482684]
[27,242,422523,422866]
[28,76,579271,580077]
[29,23,5382,4478]
[30,130,254809,254970]
[31,176,183276,184086]
[32,279,388601,387588]
[33,147,127415,125952]
[34,243,332496,332216]
[35,0,309604,310226]
[36,16,272613,273984]
[37,140,680200,681475]
[38,26,484356,485652]
[39,58,297935,298544]
[40,195,391701,390774]
[41,229,465252,463902]
[42,244,603557,604338]
[43,246,82422,83396]
[44,92,5674,6755]
[45,153,136685,136652]
[46,257,73834,73327]
[47,200,654133,655602]
[48,179,709195,708890]
[49,169,705152,705021]
[50,252,133156,134656]
[51,177,108060,107869]
[52,124,664648,665053]
[53,206,200651,200713]
[54,242,576527,577056]
[55,109,447640,446213]
[56,148,480373,480801]
[57,135,355559,355335]
[58,15,584296,583604]
[59,150,289968,290387]
[60,268,621651,622931]
[61,191,359263,358720]
[62,228,467467,467740]
[63,0,60517,60772]
[64,235,93076,93017]
[65,158,57172,57630]
[66,271,336636,336266]
[67,145,681689,680353]
[68,190,629621,630617]
[69,78,665405,665958]
[70,223,303796,302535]
[71,153,600044,599421]
[72,263,146292,145020]
[73,28,78804,78997]
[74,123,232509,231598]
[75,64,197141,198240]
[76,263,108488,107402]
[77,64,56505,57278]
[78,47,289905,288554]
[79,87,662597,661327]
[80,80,181863,182407]
[81,206,425644,426813]
[82,66,717972,718932]
[83,45,624206,623215]
[84,22,135849,136804]
[85,169,121513,120477]
[86,163,100692,99396]
[87,183,315215,314878]
[88,98,725240,726178]
[89,52,314891,315118]
[90,270,333373,334428]
[91,58,26535,27945]
[92,252,54862,56061]
[93,7,312742,312478]
[94,247,476545,475601]
[95,258,528913,529575]
[96,143,144502,143674]
[97,7,213560,212897]
[98,79,265838,264741]
[99,167,51249,50753]
[100,144,104972,105914]
[101,131,409345,408843]
[102,103,235526,235083]
[103,7,624985,624153]
[104,276,417227,417714]
[105,178,164358,165700]
[106,151,193927,193096]
[107,124,75831,76048]
[108,115,548416,548203]
[109,16,52294,53123]
[110,92,506284,506871]
[111,258,715044,716383]
[112,181,64529,63371]
[113,271,579083,578504]
[114,217,299586,298923]
[115,108,645029,645123]
[116,34,614734,614989]
[117,244,264813,266221]
[118,216,280982,282224]
[119,191,105074,104181]
[120,26,45518,46815]
[121,240,681702,682452]
[122,53,715052,713581]
[123,204,693284,694307]
[124,91,719451,718913]
[125,35,266234,265156]
[126,32,54532,55532]
[127,18,291884,293260]
[128,50,394222,395253]
[129,227,522621,522308]
[130,256,197725,198387]
[131,141,719261,718971]
[132,6,320649,321692]
[133,173,45971,45772]
[134,175,347723,346650]
[135,194,591876,592379]
[136,169,659095,657891]
[137,83,545858,545483]
[138,33,252674,252045]
[139,175,252045,251315]
[140,239,279749,279633]
[141,165,573954,573325]
[142,278,509193,509758]
[143,40,462230,463617]
[144,268,225865,226841]
[145,115,433503,432856]
[146,26,504246,504785]
[147,16,728178,728549]
[148,86,196868,197007]
[149,48,95743,96697]
[150,235,617521,616966]
[151,196,493756,494403]
[152,9,204260,204173]
[153,269,384112,383187]
[154,255,46815,45736]
[155,123,209541,208800]
[156,169,459737,459551]
[157,144,397258,398293]
[158,273,681440,680309]
[159,37,658452,657984]
[160,112,83339,83875]
[161,134,144492,145278]
[162,178,184870,186164]
[163,4,272557,272948]
[164,173,359010,357789]
[165,261,130257,129704]
[166,179,694143,693037]
[167,144,256235,257667]
[168,225,479145,477783]
[169,56,435905,436002]
[170,148,15869,17114]
[171,239,382117,380783]
[172,35,567914,567873]
[173,109,547555,546560]
[174,107,119699,118272]
[175,24,462439,463133]
[176,118,473384,474819]
[177,86,391943,392088]
[178,124,598589,598868]
[179,173,48133,47422]
[180,3,642721,642526]
[181,142,574266,575051]
[182,12,552293,553469]
[183,118,26287,27130]
[184,82,631431,631567]
[185,130,539693,540186]
[186,64,346079,347550]
[187,221,157454,156460]
[188,170,370517,371941]
[189,115,150730,149534]
[190,213,142762,142724]
[191,220,240439,241374]
[192,247,208593,207711]
[193,211,134210,133170]
[194,192,400101,400601]
[195,98,207566,208084]
[196,278,186906,188018]
[197,229,657365,656233]
[198,42,241950,242547]
[199,59,67351,66319]
[200,100,307242,308231]
[201,30,184680,186170]
[202,14,76574,77199]
[203,242,148697,149217]
[204,187,224474,224210]
[205,9,71883,71674]
[206,185,330832,330007]
[207,258,386232,387377]
[208,71,228801,228522]
[209,25,551243,550852]
[210,2,126517,127609]
[211,164,201619,202120]
[212,60,710839,712303]
[213,268,724179,724383]
[214,259,361391,361249]
[215,58,24388,25100]
[216,210,695387,696512]
[217,219,202069,201637]
[218,107,169327,168554]
[219,84,392519,393030]
[220,265,461908,461836]
[221,62,635181,635440]
[222,119,538121,537619]
[223,259,419231,418954]
[224,204,226145,227025]
[225,199,272114,271551]
[226,57,489882,489596]
[227,18,246408,247206]
[228,108,572510,572615]
[229,7,380921,380416]
[230,11,212330,211696]
[231,181,261592,260604]
[232,195,657399,656730]
[233,103,497615,497176]
[234,213,397847,397152]
[235,149,85334,84444]
[236,153,697710,697279]
[237,182,61289,62146]
[238,42,208938,209929]
[239,124,156034,156125]
[240,132,606899,608260]
[241,71,504200,503216]
[242,162,539489,540672]
[243,110,518183,518879]
[244,244,113898,114634]
[245,21,441893,440486]
[246,203,31178,30522]
[247,96,353788,355284]
[248,3,607835,606878]
[249,26,307185,307426]
[250,161,128473,127697]
[251,116,626364,627605]
[252,276,602708,602867]
[253,6,146816,147735]
[254,41,584264,583737]
[255,10,578714,579042]
[256,70,73016,73605]
[257,119,85606,84390]
[258,188,9922,10056]
[259,209,593684,592669]
[260,12,632413,632809]
[261,156,565656,566879]
[262,95,495389,494652]
[263,25,279590,278334]
[264,261,631650,630719]
[265,52,612624,614047]
[266,85,683038,682005]
[267,269,224436,223062]
[268,35,626841,625652]
[269,151,293219,292566]
[270,61,683172,682131]
[271,170,285750,286781]
[272,221,595791,595060]
[273,5,44678,43220]
[274,231,70944,70441]
[275,89,565017,563532]
[276,65,703494,702375]
[277,156,509331,509676]
[278,110,363422,364886]
[279,65,619458,619091]
[280,84,339569,339915]
[281,48,52821,53849]
[282,78,649368,650222]
[283,115,380032,378617]
[284,14,653448,653943]
[285,168,458791,459713]
[286,165,116153,114728]
[287,125,556104,555739]
[288,52,101231,101694]
[289,83,177482,177069]
[290,105,326983,325935]
[291,58,723123,723386]
[292,8,617019,617214]
[293,147,147524,146042]
[294,276,654881,655756]
[295,226,439548,439822]
[296,199,236219,235395]
[297,42,148995,149812]
[298,36,217900,219302]
[299,207,412935,412817]
[300,11,410136,409764]
[301,136,259544,259825]
[302,205,359967,358883]
[303,139,97470,96602]
[304,25,646055,646007]
[305,156,494152,494578]
[306,204,285812,286006]
[307,213,262845,261540]
[308,65,442937,441757]
[309,247,471903,470872]
[310,211,726688,726569]
[311,272,727553,728443]
[312,93,382697,381498]
[313,148,267220,268685]
[314,144,322279,323539]
[315,126,194575,195411]
[316,55,41860,41175]
[317,55,110678,109628]
[318,7,293259,291976]
[319,156,275167,275575]
[320,100,596357,596642]
[321,225,268260,266982]
[322,155,26948,25590]
[323,197,113999,113547]
[324,118,563635,563688]
[325,262,575425,576167]
[326,257,335799,335332]
[327,92,614470,614862]
[328,117,615976,614651]
[329,255,672324,670991]
[330,55,387331,386150]
[331,239,360933,360030]
[332,85,116798,116562]
[333,218,423408,423966]
[334,128,145908,146377]
[335,152,46440,47506]
[336,91,723873,723109]
[337,128,261532,261946]
[338,234,715575,716986]
[339,57,375613,374559]
[340,75,251593,251190]
[341,191,694383,693901]
[342,184,559670,560136]
[343,136,82507,83756]
[344,153,277348,276712]
[345,111,695413,695344]
[346,113,548934,548209]
[347,47,260127,258743]
[348,62,384011,384430]
[349,52,564537,565938]
[350,269,188675,187182]
[351,242,595178,596197]
[352,43,237786,237499]
[353,117,611531,611307]
[354,150,467319,468682]
[355,74,437656,438252]
[356,151,194213,193938]
[357,96,519622,521107]
[358,268,463081,463972]
[359,58,231683,232175]
[360,246,466328,466361]
[361,236,40744,41804]
[362,12,727172,727263]
[363,4,443416,444593]
[364,49,179016,178553]
[365,275,82802,82074]
[366,157,314156,313609]
[367,44,676143,676862]
[368,151,435287,434260]
[369,186,387653,388274]
[370,226,455877,455962]
[371,82,11935,12994]
[372,167,709376,708721]
[373,213,378816,378167]
[374,79,245385,245012]
[375,113,435411,434079]
[376,58,583926,585352]
[377,163,527169,526887]
[378,91,706681,706227]
[379,107,128382,128012]
[380,196,476493,477145]
[381,116,192983,193037]
[382,69,247330,246483]
[383,201,34358,33443]
[384,161,187043,185914]
[385,77,23721,22562]
[386,103,416594,415367]
[387,198,642389,643538]
[388,223,319787,319230]
[389,174,665876,666177]
[390,46,675584,676170]
[391,267,167631,166966]
[392,184,473169,473773]
[393,244,196974,197772]
[394,74,158789,159129]
[395,106,256604,256939]
[396,66,356719,357509]
[397,14,387342,388323]
[398,5,563336,562877]
[399,174,473127,473163]
[400,153,38112,37251]
[401,226,49746,50916]
[402,107,658171,656721]
[403,218,620492,620839]
[404,211,422789,421451]
[405,209,517218,516930]
[406,13,110875,110148]
[407,47,88558,87125]
[408,199,368180,367368]
[409,0,1078,1555]
[410,60,571489,572812]
[411,130,23755,24867]
[412,20,325049,326220]
[413,240,200295,201618]
[414,59,6288,5771]
[415,149,598356,597368]
[416,77,191201,189992]
[417,108,394047,394687]
[418,270,650966,651134]
[419,17,386082,385867]
[420,188,123002,124319]
[421,111,467926,466827]
[422,15,341410,340273]
[423,197,367305,366987]
[424,15,631587,631357]
[425,49,529143,528168]
[426,134,119850,120424]
[427,42,681448,681484]
[428,125,689096,687907]
[429,91,338697,338653]
[430,158,170834,172328]
[431,145,721134,720248]
[432,139,44336,44267]
[433,117,279078,278514]
[434,34,231091,231929]
[435,260,351029,351833]
[436,187,421688,420555]
[437,7,565805,565266]
[438,15,583729,583686]
[439,58,720529,722014]
[440,50,678634,680075]
[441,26,590532,591736]
[442,140,682474,683914]
[443,129,470791,470500]
[444,241,19979,19231]
[445,182,385152,385683]
[446,108,411890,412963]
[447,96,34498,35804]
[448,50,95195,96573]
[449,59,582906,582094]
[450,30,620285,620798]
[451,150,214541,215660]
[452,199,673497,673359]
[453,25,686141,685947]
[454,98,408809,409481]
[455,209,347825,347100]
[456,117,566902,566751]
[457,179,250396,249358]
[458,56,590203,590511]
[459,159,375789,375242]
[460,135,621069,620466]
[461,44,647246,647985]
[462,19,31632,30684]
[463,0,98450,99674]
[464,137,402739,402159]
[465,227,71791,70383]
[466,196,403721,403939]
[467,189,566218,564718]
[468,51,670957,669537]
[469,17,364197,364144]
[470,19,54320,53067]
[471,137,115633,114291]
[472,275,365290,364789]
[473,119,281229,281159]
[474,123,497827,497576]
[475,146,545953,547278]
[476,45,654586,654398]
[477,268,288190,288966]
[478,221,222709,221471]
[479,139,682909,681593]
[480,264,491482,492625]
[481,199,289069,288348]
[482,209,606670,605832]
[483,28,130063,131527]
[484,161,241226,241041]
[485,28,175962,177219]
[486,127,657067,656537]
[487,235,108412,107834]
[488,139,217201,216745]
[489,2,533745,534994]
[490,248,7102,7765]
[491,26,324393,324775]
[492,214,242204,243415]
[493,270,113930,114436]
[494,188,248122,248798]
[495,130,675173,675645]
[496,206,455363,455924]
[497,83,197423,196948]
[498,150,3377,3967]
[499,192,302191,303462]
[500,6,357590,357910]
[501,233,315403,314125]
[502,264,542572,543366]
[503,239,175177,173702]
[504,74,92597,93444]
[505,183,642550,642137]
[506,38,411234,412159]
[507,2,217673,218234]
[508,251,687619,686315]
[509,95,409191,408396]
[510,73,187334,186698]
[511,166,545579,545633]
[512,21,3829,2900]
[513,108,512195,513405]
[514,252,40918,42215]
[515,16,592950,593643]
[516,18,295862,297003]
[517,103,14356,13326]
[518,184,706301,706562]
[519,174,355476,355606]
[520,229,717677,716854]
[521,103,302856,301372]
[522,112,630176,630484]
[523,239,267320,266691]
[524,14,186981,188400]
[525,74,28515,29624]
[526,243,460090,459903]
[527,180,418837,419995]
[528,212,708044,708080]
[529,168,298658,298921]
[530,95,414429,413324]
[531,204,311206,311470]
[532,63,134013,132660]
[533,190,439335,439881]
[534,112,356995,358357]
[535,190,212316,212362]
[536,8,93280,94535]
[537,12,127554,128500]
[538,32,290192,291573]
[539,199,95391,93930]
[540,61,85726,85226]
[541,20,191970,192932]
[542,216,169535,171030]
[543,77,642419,640995]
[544,235,685407,685152]
[545,224,612603,612758]
[546,116,60401,60675]
[547,250,268705,269981]
[548,197,725483,724643]
[549,42,705807,706752]
[550,256,3863,5135]
[551,143,598294,597447]
[552,114,417763,418998]
[553,126,593186,593282]
[554,271,158254,157262]
[555,89,333266,333190]
[556,147,292984,292922]
[557,202,680066,680234]
[558,275,691779,691076]
[559,132,146133,146996]
[560,137,92988,92319]
[561,252,528832,530168]
[562,24,704980,706314]
[563,199,424184,423677]
[564,207,234448,233219]
[565,94,224494,225674]
[566,260,446133,447182]
[567,210,540704,542021]
[568,69,18344,17868]
[569,57,159757,158872]
[570,132,34504,35769]
[571,263,273197,273029]
[572,10,125380,126364]
[573,70,277706,277901]
[574,108,634882,635831]
[575,12,364251,364287]
[576,136,138841,139296]
[577,32,674294,675382]
[578,11,4764,3469]
[579,63,33197,32637]
[580,234,202983,204120]
[581,259,699042,697720]
[582,153,693438,692786]
[583,16,484130,485127]
[584,59,440447,439551]
[585,173,671171,669682]
[586,182,707524,708156]
[587,237,344454,343673]
[588,29,360331,360300]
[589,266,680943,681164]
[590,20,718445,719803]
[591,107,509542,509138]
[592,175,156853,156258]
[593,162,411194,412213]
[594,1,378092,376677]
[595,124,429467,430487]
[596,182,458534,458819]
[597,63,43518,43181]
[598,45,38661,37261]
[599,30,194690,195704]
[600,73,729490,729269]
[601,127,226168,225555]
[602,147,400556,399402]
[603,278,457702,458817]
[604,262,335835,335886]
[605,193,136345,134912]
[606,268,213004,214092]
[607,225,505735,505474]
[608,113,341667,341397]
[609,133,37398,36826]
[610,268,203762,204363]
[611,232,103614,104286]
[612,51,147629,146132]
[613,121,688309,688034]
[614,109,537062,536556]
[615,119,81978,81585]
[616,50,370499,370662]
[617,119,109075,108931]
[618,193,543230,542703]
[619,79,7638,7080]
[620,276,558087,559333]
[621,69,575306,574032]
[622,34,176679,177803]
[623,63,419441,418224]
[624,83,620475,619995]
[625,162,70921,71216]
[626,133,488934,488165]
[627,179,130810,130465]
[628,191,133989,133631]
[629,181,331406,330547]
[630,16,564850,565965]
[631,196,460339,460440]
[632,217,291210,290739]
[633,141,360696,359822]
[634,74,300273,300954]
[635,208,514021,514402]
[636,241,122888,121704]
[637,180,252657,252699]
[638,142,152362,152394]
[639,148,258431,259697]
[640,270,132808,133151]
[641,48,132268,132830]
[642,247,239046,238091]
[643,101,618649,618321]
[644,72,254459,254807]
[645,45,530690,529208]
[646,90,558402,559541]
[647,14,474318,475450]
[648,34,20167,20451]
[649,159,6885,5973]
[650,97,193085,191883]
[651,230,233714,234573]
[652,6,633857,634145]
[653,188,188987,189961]
[654,101,560574,559719]
[655,210,385822,386438]
[656,255,483263,481961]
[657,224,86058,86356]
[658,249,475472,475040]
[659,165,455206,455121]
[660,27,380729,379403]
[661,133,540634,540024]
[662,5,696591,695710]
[663,129,656491,655080]
[664,9,368492,367124]
[665,96,353310,353639]
[666,251,48080,47062]
[667,69,502443,502017]
[668,1,55388,54348]
[669,15,195693,195228]
[670,261,514949,513527]
[671,40,146405,147299]
[672,92,590263,590987]
[673,122,89622,90159]
[674,258,562242,562543]
[675,129,650838,649521]
[676,124,604232,605580]
[677,276,402129,402645]
[678,109,72925,71957]
[679,153,703491,703351]
[680,143,577609,576534]
[681,183,202657,201251]
[682,150,448874,448984]
[683,151,271437,270443]
[684,8,216829,217676]
[685,268,549899,550363]
[686,54,625230,626612]
[687,39,680916,679773]
[688,11,211083,209726]
[689,208,453348,454068]
[690,140,450385,450518]
[691,140,293475,294049]
[692,193,596866,595405]
[693,184,192867,193734]
[694,237,292684,292352]
[695,210,579980,581134]
[696,9,600135,599297]
[697,203,316605,316351]
[698,95,592394,592113]
[699,106,179793,180303]
[700,64,2705,3498]
[701,168,234809,235776]
[702,107,463843,462686]
[703,240,347995,348082]
[704,86,236781,238029]
[705,215,470335,469674]
[706,240,185781,186924]
[707,91,213251,212857]
[708,18,298035,298452]
[709,194,768,1702]
[710,130,340211,341295]
[711,145,655855,655295]
[712,191,223848,222809]
[713,28,43636,44254]
[714,34,537714,538561]
[715,101,429022,428616]
[716,215,221586,221223]
[717,149,105804,105203]
[718,15,596547,596303]
[719,155,587159,586428]
[720,242,57922,58669]
[721,170,485698,486099]
[722,251,387089,386664]
[723,262,719220,720713]
[724,49,115009,114023]
[725,82,356514,356546]
[726,205,693131,692313]
[727,243,362480,361559]
[728,239,10055,8925]
[729,31,626671,625359]
[730,174,565078,566325]
[731,48,445433,446652]
[732,96,593687,594805]
[733,83,702886,701919]
[734,159,468093,467500]
[735,155,68030,66691]
[736,16,362131,363403]
[737,90,488038,488477]
[738,16,285855,286397]
[739,61,652695,652086]
[740,99,217691,217168]
[741,43,287406,287265]
[742,93,98622,97243]
[743,36,147727,148851]
[744,121,623353,622492]
[745,216,499368,499649]
[746,120,107728,109011]
[747,7,288576,287181]
[748,67,715302,714613]
[749,91,522245,521999]
[750,121,371920,370760]
[751,75,97189,96845]
[752,156,134450,134739]
[753,95,448691,447652]
[754,182,16083,16890]
[755,66,343130,344054]
[756,73,674012,673601]
[757,21,51458,51400]
[758,2,193083,193162]
[759,171,501279,500613]
[760,254,328908,330277]
[761,50,533273,533822]
[762,76,465220,466200]
[763,183,372390,371377]
[764,86,76366,76420]
[765,187,136141,135303]
[766,147,108502,107529]
[767,203,629326,628203]
[768,254,648575,649676]
[769,60,63991,64977]
[770,256,194819,196292]
[771,6,600423,600803]
[772,247,583280,582212]
[773,223,569045,567574]
[774,144,432256,432395]
[775,179,437008,436142]
[776,194,62066,62994]
[777,114,574988,575491]
[778,80,313853,314296]
[779,37,411601,411302]
[780,18,401228,402661]
[781,166,387354,388700]
[782,212,52835,53545]
[783,33,119786,119194]
[784,172,390758,391832]
[785,23,356671,355826]
