["head":"wrap","lpos","status"]
[89,632390,0]
["io count"]
[790]
["io":"id","wrap","startLpos","endLpos"]
[1,147,535344,534413]
[2,25,618499,618360]
[3,111,84653,84369]
[4,118,114927,115892]
[5,153,470046,469062]
[6,199,71990,71892]
[7,55,284032,283110]
[8,163,694425,692934]
[9,244,529719,530600]
[10,145,50772,49821]
[11,205,105061,104731]
[12,172,251656,252174]
[13,114,444283,445370]
[14,183,576271,574912]
[15,221,263435,263167]
[16,205,288434,287449]
[17,79,147918,147733]
[18,257,723893,723287]
[19,23,321269,320592]
[20,201,101452,101374]
[21,240,710159,710390]
[22,141,203273,202767]
[23,231,440632,440342]
[24,82,661730,661975]
[25,31,400706,399504]
[26,65,540605,539735]
[27,169,577798,576509]
[28,174,216242,216700]
[29,239,90813,89565]
[30,150,292552,293370]
[31,225,415608,414858]
[32,205,673114,672059]
[33,87,105295,104820]
[34,70,378511,379807]
[35,232,311186,312242]
[36,56,20251,20792]
[37,61,728605,727309]
[38,105,118167,118135]
[39,102,512040,512435]
[40,0,71007,71799]
[41,90,147998,148028]
[42,53,141190,141154]
[43,37,95064,94045]
[44,259,70248,68967]
[45,205,33173,32419]
[46,243,464173,464094]
[47,156,711488,712612]
[48,26,524535,525805]
[49,50,297093,298247]
[50,188,173748,174582]
[51,31,75733,75311]
[52,71,317288,316528]
[53,31,126416,126112]
[54,75,169723,169147]
[55,143,265121,265062]
[56,95,257567,257372]
[57,241,392034,390632]
[58,155,575723,574544]
[59,247,238036,237395]
[60,71,579430,579179]
[61,240,618321,618684]
[62,48,379138,380393]
[63,91,99034,98102]
[64,125,24167,24118]
[65,80,179417,180525]
[66,250,537382,538104]
[67,131,3389,3255]
[68,29,569331,567845]
[69,54,258519,259360]
[70,61,620375,619531]
[71,12,274945,276170]
[72,32,700519,701309]
[73,140,74705,75398]
[74,71,572158,571130]
[75,149,375397,374611]
[76,35,384978,383646]
[77,42,407071,407275]
[78,198,563119,563761]
[79,184,672685,673534]
[80,279,65793,64747]
[81,262,482305,483464]
[82,126,326270,327550]
[83,240,333248,334214]
[84,85,282903,282653]
[85,211,29587,28149]
[86,24,8616,9535]
[87,247,283185,282813]
[88,274,456141,457541]
[89,54,335978,336615]
[90,149,467048,465877]
[91,53,117679,116907]
[92,277,71213,71161]
[93,69,225421,224700]
[94,107,328586,327605]
[95,38,54245,54926]
[96,86,638567,638647]
[97,140,168258,168969]
[98,106,657471,657865]
[99,86,726342,727787]
[100,244,624258,625361]
[101,80,600114,601262]
[102,275,466863,465954]
[103,100,505116,505830]
[104,156,314971,315637]
[105,174,589612,589939]
[106,156,554387,554804]
[107,95,702200,702125]
[108,174,395056,396050]
[109,104,352281,352858]
[110,214,687774,688007]
[111,243,79481,79036]
[112,69,145506,145000]
[113,145,562154,561341]
[114,109,363563,362741]
[115,249,204747,203484]
[116,148,347142,347971]
[117,127,164247,163115]
[118,120,564894,565888]
[119,260,221328,221409]
[120,170,608701,610031]
[121,74,260498,261497]
[122,195,710047,709966]
[123,131,117166,116800]
[124,0,590962,591186]
[125,246,688541,689871]
[126,134,255986,256590]
[127,54,649922,650503]
[128,253,448128,447802]
[129,250,38247,38498]
[130,267,400866,400353]
[131,15,304067,303158]
[132,272,209613,210357]
[133,191,249901,248525]
[134,79,425923,424503]
[135,164,640811,642148]
[136,105,283593,282958]
[137,23,628892,628597]
[138,98,691750,692967]
[139,218,547419,548851]
[140,88,628404,629039]
[141,251,450371,449215]
[142,242,263436,263515]
[143,144,286701,287374]
[144,175,514377,514234]
[145,151,106387,106243]
[146,27,129422,128062]
[147,41,101631,100353]
[148,134,343219,343952]
[149,159,202533,201287]
[150,252,65067,66137]
[151,11,571097,570837]
[152,98,537748,538223]
[153,45,315490,314916]
[154,195,615222,614083]
[155,244,562048,562350]
[156,44,503749,504207]
[157,246,31384,32348]
[158,65,16282,15001]
[159,222,139890,140059]
[160,143,423918,423114]
[161,134,613418,614665]
[162,112,621337,622249]
[163,49,45516,45124]
[164,203,500232,498826]
[165,96,237412,237498]
[166,80,232460,233889]
[167,164,549276,550633]
[168,87,509381,508770]
[169,202,690230,691138]
[170,160,178255,179075]
[171,138,579306,579759]
[172,112,61431,61954]
[173,77,633288,633059]
[174,56,48017,48365]
[175,223,607302,606397]
[176,76,487744,487860]
[177,151,268532,267912]
[178,270,152180,153409]
[179,120,380481,380625]
[180,157,572861,572395]
[181,228,480766,481409]
[182,52,354867,355176]
[183,23,543914,543840]
[184,194,609003,609740]
[185,147,239778,239683]
[186,9,50601,50207]
[187,28,195599,196362]
[188,158,661797,662712]
[189,157,189491,189347]
[190,141,647551,646092]
[191,17,346260,345970]
[192,21,497116,496831]
[193,93,471851,470931]
[194,269,268287,267747]
[195,114,476647,477805]
[196,100,698711,698802]
[197,246,255565,256190]
[198,207,382330,381714]
[199,173,87686,87306]
[200,65,639017,638491]
[201,159,443679,443019]
[202,246,108753,108903]
[203,152,537346,537541]
[204,153,356542,355395]
[205,168,109350,110047]
[206,224,467855,468801]
[207,38,300238,300783]
[208,32,474317,474554]
[209,226,501803,503178]
[210,165,634781,633872]
[211,20,309485,309744]
[212,2,354879,355760]
[213,207,714565,714196]
[214,86,283092,284311]
[215,11,197380,195909]
[216,220,120874,121809]
[217,131,704105,702662]
[218,193,72887,71904]
[219,168,461944,463333]
[220,217,92776,92537]
[221,242,717433,717688]
[222,148,665708,667101]
[223,52,682219,683546]
[224,22,263820,264468]
[225,204,74698,76088]
[226,8,243181,243698]
[227,208,408404,408783]
[228,78,143470,144814]
[229,120,268134,269014]
[230,70,728092,728317]
[231,268,557999,559350]
[232,176,196962,197920]
[233,120,531643,532579]
[234,76,107671,108637]
[235,86,391508,392590]
[236,244,567640,568000]
[237,95,136197,135480]
[238,77,512480,511421]
[239,227,156646,155696]
[240,273,316584,315932]
[241,228,51386,52085]
[242,200,213102,214571]
[243,196,548336,549610]
[244,207,244988,244625]
[245,223,62592,61814]
[246,277,199798,198998]
[247,35,341521,341135]
[248,251,701235,700448]
[249,112,704623,706038]
[250,208,539553,540511]
[251,198,345186,345529]
[252,203,286332,284901]
[253,81,572569,572119]
[254,95,594532,593899]
[255,180,272181,273363]
[256,226,237050,237395]
[257,206,716433,717241]
[258,74,4301,5729]
[259,217,518094,517320]
[260,3,715599,715034]
[261,163,286959,286199]
[262,222,206193,206623]
[263,225,389430,388654]
[264,209,138191,137188]
[265,199,696605,695536]
[266,264,449474,450109]
[267,24,443079,444578]
[268,152,93176,93564]
[269,201,363105,362737]
[270,135,259780,258730]
[271,47,440859,440663]
[272,106,362082,363510]
[273,206,522371,523862]
[274,258,689164,689883]
[275,58,340471,341441]
[276,69,224190,223279]
[277,256,316088,316758]
[278,59,519024,518391]
[279,29,499710,498829]
[280,271,217560,217517]
[281,257,270399,269271]
[282,236,512351,512871]
[283,52,685632,685935]
[284,109,5430,3983]
[285,123,101044,100623]
[286,93,463109,462088]
[287,139,349480,349064]
[288,173,338475,337892]
[289,173,235744,234323]
[290,158,695135,695255]
[291,88,344194,345256]
[292,110,725670,726566]
[293,222,487280,488495]
[294,0,483793,484705]
[295,48,379481,379652]
[296,13,249946,248871]
[297,199,237574,236152]
[298,236,240144,241134]
[299,112,587826,588576]
[300,231,238918,238665]
[301,36,167496,168557]
[302,263,244150,243158]
[303,139,350015,349788]
[304,176,17574,18386]
[305,251,176888,176224]
[306,137,439647,438230]
[307,103,608218,606759]
[308,168,707200,707645]
[309,144,648591,648690]
[310,156,175079,176266]
[311,269,60669,60252]
[312,116,118715,118854]
[313,100,683367,684226]
[314,246,134556,135484]
[315,219,713898,712969]
[316,40,167432,168705]
[317,279,16987,16402]
[318,209,226023,224794]
[319,254,251470,251815]
[320,201,105076,103678]
[321,248,152895,153639]
[322,54,694339,695585]
[323,156,491985,492127]
[324,174,122848,124306]
[325,178,416917,417104]
[326,270,651249,651407]
[327,120,134322,134461]
[328,205,464957,464449]
[329,186,130712,131477]
[330,192,481140,481829]
[331,167,341534,340508]
[332,49,471167,470444]
[333,96,186762,187933]
[334,254,112311,112353]
[335,183,438519,438361]
[336,237,681989,680787]
[337,143,714673,713580]
[338,239,90051,88738]
[339,193,129072,127825]
[340,154,104297,105494]
[341,248,161032,161503]
[342,100,7286,8070]
[343,236,115892,116953]
[344,71,371394,371207]
[345,152,548003,548174]
[346,233,591848,591211]
[347,152,6188,7139]
[348,151,511410,510031]
[349,170,512293,513417]
[350,22,346784,347663]
[351,131,51936,51356]
[352,207,725880,724522]
[353,168,91778,92122]
[354,195,601655,600538]
[355,227,203670,203384]
[356,220,277861,279361]
[357,217,20539,19436]
[358,124,323715,324581]
[359,118,408198,409544]
[360,109,102105,101763]
[361,254,727836,729189]
[362,237,438494,438318]
[363,171,465320,465001]
[364,261,292670,291445]
[365,144,89193,89595]
[366,172,201486,201605]
[367,257,692094,691821]
[368,150,379297,380794]
[369,51,384246,383287]
[370,57,728967,728274]
[371,20,693868,694005]
[372,48,667335,668513]
[373,163,274062,273741]
[374,46,554975,556099]
[375,269,206989,206223]
[376,174,88574,89873]
[377,71,497249,496343]
[378,134,188593,190011]
[379,275,126123,125544]
[380,98,334426,335374]
[381,20,215790,216810]
[382,197,391218,390663]
[383,86,416384,417711]
[384,134,144549,144716]
[385,46,601200,601630]
[386,150,35773,36456]
[387,86,195611,197094]
[388,175,684015,683576]
[389,76,336279,337594]
[390,103,40074,39307]
[391,189,171765,170360]
[392,174,726771,727136]
[393,110,488629,489250]
[394,145,493982,492860]
[395,128,295988,296722]
[396,164,209940,210764]
[397,101,453976,452911]
[398,76,207559,208637]
[399,148,273943,274286]
[400,164,165460,166409]
[401,148,185568,186136]
[402,55,641428,640506]
[403,202,468942,469677]
[404,132,669049,670011]
[405,263,565721,565442]
[406,226,134147,134621]
[407,117,729321,728866]
[408,244,688046,688890]
[409,98,66423,67830]
[410,26,326763,327471]
[411,209,261103,260315]
[412,252,255604,255903]
[413,156,35063,36261]
[414,243,35564,34375]
[415,125,686975,686853]
[416,275,315150,314350]
[417,160,319607,320775]
[418,35,589700,589151]
[419,71,65691,65104]
[420,120,113722,115131]
[421,173,575140,575078]
[422,9,244840,244062]
[423,157,480435,479907]
[424,171,676136,675827]
[425,11,142441,141317]
[426,55,660692,660509]
[427,84,161358,162538]
[428,112,382293,383512]
[429,224,305739,306969]
[430,133,111337,110213]
[431,278,619740,621224]
[432,3,297465,297296]
[433,212,454920,455421]
[434,167,397601,397093]
[435,124,46514,47862]
[436,272,61375,62153]
[437,108,325705,325835]
[438,52,464425,465652]
[439,155,221975,221100]
[440,188,508990,509584]
[441,211,610591,609970]
[442,212,258755,260246]
[443,243,58689,58060]
[444,124,676443,677641]
[445,139,142415,141546]
[446,65,630648,630047]
[447,151,418785,418621]
[448,99,563126,561704]
[449,89,360569,359649]
[450,273,678727,678546]
[451,45,161069,160630]
[452,74,303252,304440]
[453,130,288772,289780]
[454,11,370804,370058]
[455,158,547181,548088]
[456,82,711007,712495]
[457,218,321935,322049]
[458,111,398026,397708]
[459,8,591673,593170]
[460,185,276745,275533]
[461,148,679586,680971]
[462,38,24019,24733]
[463,252,78039,78644]
[464,158,237528,238813]
[465,141,36352,36002]
[466,256,448239,449729]
[467,20,397400,398571]
[468,190,259377,259614]
[469,248,296555,296784]
[470,185,201908,200460]
[471,182,265750,266700]
[472,63,550469,549501]
[473,24,291511,292015]
[474,235,335199,334763]
[475,259,112634,112026]
[476,144,449055,449515]
[477,231,430461,430415]
[478,196,621976,622123]
[479,259,578781,578494]
[480,130,456016,457470]
[481,145,192624,191218]
[482,275,43213,41799]
[483,161,173658,172394]
[484,163,97522,96164]
[485,247,98132,97944]
[486,196,120372,120425]
[487,208,230296,231579]
[488,208,37234,38550]
[489,171,481204,480742]
[490,33,95568,94438]
[491,241,497571,496570]
[492,278,603994,604975]
[493,30,178329,178380]
[494,77,121422,121300]
[495,202,565208,566561]
[496,4,188773,188950]
[497,58,60914,61537]
[498,75,691354,690295]
[499,202,692950,693041]
[500,153,397358,396193]
[501,45,169498,169292]
[502,153,622945,621475]
[503,164,308934,308986]
[504,174,21870,22654]
[505,201,643299,642585]
[506,89,19240,17934]
[507,76,84546,84906]
[508,29,647324,647055]
[509,201,608978,608442]
[510,108,100220,100935]
[511,35,202154,200912]
[512,18,442320,443273]
[513,155,526143,525481]
[514,123,321626,321515]
[515,165,267295,267246]
[516,269,120442,119445]
[517,57,258622,257162]
[518,255,621929,620788]
[519,248,176843,177428]
[520,254,625386,626338]
[521,34,499181,500344]
[522,122,707984,709458]
[523,39,355395,355083]
[524,72,27438,27902]
[525,207,51135,50083]
[526,52,639862,640372]
[527,36,491820,492881]
[528,134,699835,701023]
[529,237,710845,709645]
[530,261,448031,447253]
[531,127,650737,649792]
[532,3,691411,690407]
[533,189,574901,574521]
[534,197,7790,6298]
[535,94,608729,609236]
[536,86,152468,153318]
[537,273,455143,454651]
[538,213,503823,503422]
[539,31,687102,685824]
[540,127,531569,531003]
[541,127,317358,317123]
[542,33,22008,21564]
[543,27,117229,117169]
[544,83,84651,84243]
[545,90,138433,139070]
[546,66,425060,426440]
[547,26,600252,601644]
[548,7,356414,355376]
[549,206,89546,90790]
[550,58,532771,534013]
[551,20,608407,609767]
[552,10,307318,308799]
[553,148,377686,379142]
[554,193,50325,50197]
[555,145,495755,495646]
[556,30,332815,334068]
[557,111,303551,302463]
[558,30,14084,14600]
[559,38,163723,164952]
[560,141,612750,611379]
[561,163,516945,516805]
[562,93,392905,392168]
[563,176,416764,417836]
[564,34,584385,585253]
[565,108,121327,122442]
[566,16,110954,111514]
[567,175,202705,201815]
[568,214,535979,537300]
[569,59,136481,136373]
[570,205,515199,514558]
[571,122,267052,267755]
[572,158,358293,358356]
[573,1,184731,183573]
[574,216,28134,28944]
[575,41,640882,640232]
[576,228,226410,227155]
[577,159,124019,122724]
[578,275,248109,247984]
[579,178,694479,695170]
[580,26,423403,423706]
[581,50,260470,261583]
[582,174,308491,309029]
[583,206,544314,544460]
[584,120,447422,448059]
[585,28,132484,132790]
[586,170,35144,36411]
[587,193,696590,695865]
[588,41,531438,531130]
[589,274,599742,600720]
[590,123,114135,112751]
[591,246,345946,346077]
[592,176,397576,397637]
[593,150,534556,535674]
[594,254,141528,142071]
[595,61,470270,468943]
[596,176,466472,467223]
[597,236,133711,133831]
[598,68,35836,37181]
[599,24,224378,224553]
[600,222,265644,266621]
[601,93,245871,245175]
[602,202,455622,456388]
[603,276,415929,416313]
[604,124,725879,726840]
[605,73,520182,519644]
[606,43,651963,651646]
[607,130,291282,291659]
[608,188,418210,419314]
[609,108,340438,340791]
[610,77,204085,203443]
[611,71,661812,660904]
[612,23,667271,666244]
[613,101,288856,287829]
[614,164,505129,506304]
[615,267,515266,514663]
[616,218,211726,211800]
[617,218,276847,277532]
[618,38,5449,5615]
[619,31,32102,31023]
[620,247,216865,216371]
[621,59,251589,250241]
[622,196,77789,78350]
[623,182,134957,135032]
[624,140,543448,544466]
[625,139,443447,443176]
[626,152,214420,214874]
[627,269,335204,333710]
[628,267,525290,523955]
[629,109,176522,175246]
[630,248,430106,430945]
[631,147,573942,572557]
[632,200,532996,533075]
[633,257,713079,711750]
[634,146,483348,484443]
[635,144,32834,32869]
[636,110,150168,150804]
[637,185,526645,525529]
[638,165,671317,669954]
[639,230,527815,528922]
[640,94,530978,531402]
[641,61,633776,632981]
[642,272,117152,117606]
[643,62,294143,295029]
[644,33,127705,126883]
[645,11,142079,140757]
[646,152,519607,521101]
[647,225,149171,148346]
[648,190,614880,614913]
[649,91,279509,278477]
[650,2,328874,328913]
[651,44,281633,282298]
[652,211,508424,508290]
[653,232,226417,227322]
[654,155,128663,127550]
[655,1,196223,195812]
[656,145,688677,688055]
[657,106,145840,146492]
[658,96,563899,564745]
[659,212,282199,282315]
[660,129,599549,599167]
[661,269,138592,137369]
[662,220,485288,486195]
[663,267,292712,291373]
[664,216,120752,122056]
[665,262,548840,549570]
[666,127,23784,22464]
[667,246,299260,299693]
[668,190,452416,452563]
[669,256,200998,202429]
[670,112,62868,63654]
[671,210,61354,61643]
[672,167,432446,431980]
[673,68,433782,434397]
[674,245,382910,381721]
[675,6,413446,414676]
[676,19,682612,681749]
[677,129,106078,105637]
[678,230,47852,49256]
[679,279,482843,482606]
[680,70,188767,189795]
[681,108,238518,239495]
[682,262,187865,189110]
[683,236,117249,118578]
[684,13,79684,78340]
[685,255,213570,213083]
[686,26,398812,399911]
[687,188,627263,627536]
[688,52,387434,388665]
[689,210,321768,323239]
[690,232,189329,190145]
[691,65,379656,378799]
[692,199,560526,559107]
[693,149,338425,337907]
[694,161,166863,165538]
[695,73,271082,271008]
[696,4,388017,389167]
[697,26,171603,172258]
[698,47,230777,229369]
[699,134,396765,397819]
[700,65,591684,591326]
[701,49,305397,305297]
[702,164,124928,125888]
[703,122,330272,331469]
[704,238,32288,33285]
[705,172,530903,531785]
[706,146,161560,162845]
[707,84,123787,124908]
[708,41,514479,513628]
[709,272,124417,125554]
[710,203,475558,475406]
[711,115,176836,176165]
[712,182,63095,63129]
[713,155,205560,205489]
[714,166,405544,406865]
[715,58,499365,500009]
[716,260,272458,273566]
[717,96,628299,628419]
[718,28,608617,608802]
[719,182,569535,570001]
[720,106,685987,687339]
[721,163,393946,393235]
[722,21,454579,453704]
[723,261,649286,648423]
[724,73,701138,700568]
[725,170,117906,119102]
[726,141,236668,235406]
[727,67,218376,218159]
[728,241,642742,641941]
[729,161,661124,659895]
[730,130,83153,83821]
[731,178,634707,634843]
[732,159,134640,133382]
[733,245,17999,17058]
[734,94,176972,177498]
[735,135,363730,363238]
[736,57,304218,303239]
[737,72,642585,644062]
[738,252,701634,702015]
[739,273,233657,232572]
[740,254,138345,139041]
[741,168,414745,414806]
[742,132,561039,561827]
[743,19,709810,708601]
[744,131,568456,568161]
[745,169,126454,125872]
[746,171,452577,451449]
[747,141,225949,225330]
[748,63,35188,34892]
[749,174,86158,86297]
[750,44,504873,505149]
[751,23,342012,340708]
[752,107,563209,562441]
[753,153,397731,397191]
[754,118,318381,319439]
[755,3,726330,725873]
[756,3,465926,464834]
[757,66,153845,154352]
[758,203,665469,665265]
[759,107,593083,591824]
[760,141,93287,92477]
[761,136,652009,652278]
[762,19,567362,566239]
[763,247,219117,218364]
[764,177,166528,166194]
[765,120,475971,476144]
[766,258,7078,7850]
[767,192,285658,286371]
[768,104,111499,111776]
[769,259,274683,273397]
[770,181,615845,615023]
[771,276,594996,595496]
[772,77,574140,573132]
[773,17,496430,495755]
[774,25,28561,28412]
[775,59,603180,602191]
[776,149,396728,396683]
[777,79,638618,638029]
[778,113,325483,324293]
[779,122,415657,415715]
[780,219,70327,68838]
[781,192,141202,142472]
[782,258,698975,699708]
[783,232,204775,204868]
[784,33,557160,556901]
[785,76,526993,528011]
[786,177,400192,398894]
[787,260,254855,254985]
[788,27,242667,242512]
[789,106,181664,181778]
[790,170,633359,634694]
