["head":"wrap","lpos","status"]
[201,86887,0]
["io count"]
[795]
["io":"id","wrap","startLpos","endLpos"]
[1,124,13860,14702]
[2,269,75958,75863]
[3,113,135857,134709]
[4,142,671845,672229]
[5,76,508359,508640]
[6,181,338510,337874]
[7,53,6003,4600]
[8,188,666501,667037]
[9,0,497328,498626]
[10,42,247046,247839]
[11,198,388769,390200]
[12,252,637534,638407]
[13,4,221998,222161]
[14,84,644462,644705]
[15,27,654646,654249]
[16,28,552330,553317]
[17,80,710245,710494]
[18,213,40129,39632]
[19,100,303577,303978]
[20,244,346170,346500]
[21,130,156049,157239]
[22,221,582720,581638]
[23,267,667494,667354]
[24,4,280422,281549]
[25,47,386459,385579]
[26,74,156539,156867]
[27,186,434991,435414]
[28,148,333273,334733]
[29,125,266335,265203]
[30,197,100339,100291]
[31,168,46291,46703]
[32,95,680005,679348]
[33,133,301942,300763]
[34,39,51728,50687]
[35,3,630510,630224]
[36,28,16822,18142]
[37,85,21679,20737]
[38,155,249961,248823]
[39,79,468108,467486]
[40,256,258263,259735]
[41,227,689024,688251]
[42,171,514605,513208]
[43,8,26420,27241]
[44,121,642544,642193]
[45,63,404742,404337]
[46,149,109768,109187]
[47,32,432726,433886]
[48,94,702993,703132]
[49,198,106543,106778]
[50,269,10903,9408]
[51,119,36686,35931]
[52,28,90665,91393]
[53,36,420062,420725]
[54,205,613153,612255]
[55,266,197509,198637]
[56,139,326263,326068]
[57,43,472896,472271]
[58,43,287714,287067]
[59,224,500695,501862]
[60,59,447471,447417]
[61,91,70629,69515]
[62,241,576495,575335]
[63,20,301923,303253]
[64,242,448261,449538]
[65,256,441263,441376]
[66,151,333791,332387]
[67,40,372352,373501]
[68,83,463700,462631]
[69,146,516229,517037]
[70,239,474144,473187]
[71,144,682874,683830]
[72,216,78218,78738]
[73,264,616422,617003]
[74,55,475744,475501]
[75,211,342332,341325]
[76,4,78820,78887]
[77,53,655615,654253]
[78,257,407735,406730]
[79,208,218586,218664]
[80,254,70622,71904]
[81,215,665060,664497]
[82,43,261523,260801]
[83,205,520933,520028]
[84,150,266480,266837]
[85,151,719433,718989]
[86,127,440615,440063]
[87,163,45008,44858]
[88,259,36877,35959]
[89,22,597736,598280]
[90,255,240304,239273]
[91,109,650300,648950]
[92,71,111283,110903]
[93,144,51679,51716]
[94,134,629524,629569]
[95,194,14277,15436]
[96,274,324509,325484]
[97,259,274217,272838]
[98,47,696247,695788]
[99,203,576768,576544]
[100,264,505786,506027]
[101,127,66941,66156]
[102,141,316278,314780]
[103,201,529823,528881]
[104,202,983,1134]
[105,29,97382,96994]
[106,254,317703,318480]
[107,112,365513,366456]
[108,152,252888,253100]
[109,272,629798,630242]
[110,192,472732,474077]
[111,39,279830,279541]
[112,136,62216,63327]
[113,96,153147,154551]
[114,17,200901,199668]
[115,100,121785,122064]
[116,188,34831,35345]
[117,180,449492,450164]
[118,254,680835,681969]
[119,94,695114,695633]
[120,238,164280,165116]
[121,57,547208,546333]
[122,234,708671,709873]
[123,44,689324,690036]
[124,65,687559,687043]
[125,99,235010,234698]
[126,178,672717,673412]
[127,104,308014,308082]
[128,153,63623,63258]
[129,162,623268,623771]
[130,209,302470,301717]
[131,225,639603,639211]
[132,210,452246,453682]
[133,169,150542,149784]
[134,144,159444,160839]
[135,148,708348,708400]
[136,125,246743,246390]
[137,200,669934,671389]
[138,279,369549,368385]
[139,34,248544,248667]
[140,226,330062,331526]
[141,3,532790,532644]
[142,165,388556,387309]
[143,152,214180,214567]
[144,275,513720,513578]
[145,181,229642,229012]
[146,266,684815,685425]
[147,2,10030,10159]
[148,134,702497,703190]
[149,141,447096,447034]
[150,265,581476,580463]
[151,98,362600,363449]
[152,120,225862,226396]
[153,279,704621,703556]
[154,103,337369,336004]
[155,168,32317,33507]
[156,84,570158,571324]
[157,278,14598,16007]
[158,253,416519,416005]
[159,99,725993,724636]
[160,263,149785,148305]
[161,215,523860,523745]
[162,265,432604,431456]
[163,269,234024,233538]
[164,227,328170,326913]
[165,52,385251,385354]
[166,171,79301,79014]
[167,152,427290,427887]
[168,193,454181,454012]
[169,171,531537,530107]
[170,237,231648,230886]
[171,106,142206,143517]
[172,4,522576,523623]
[173,226,81415,82898]
[174,5,630156,629295]
[175,263,147222,146635]
[176,265,506346,505049]
[177,122,627346,627400]
[178,254,411869,412793]
[179,159,727465,726544]
[180,140,378949,379202]
[181,192,435731,435930]
[182,222,446371,447432]
[183,21,145814,144581]
[184,229,118496,117902]
[185,275,152119,150627]
[186,255,627789,626508]
[187,235,459881,458507]
[188,258,188275,189279]
[189,178,396617,396748]
[190,279,256861,255601]
[191,116,616890,617729]
[192,154,593706,595176]
[193,251,60413,58967]
[194,114,306781,308097]
[195,117,14227,14107]
[196,199,484646,484363]
[197,267,305299,304184]
[198,70,140793,141869]
[199,94,416626,417151]
[200,72,162056,162397]
[201,186,665410,666015]
[202,176,551849,552645]
[203,198,638270,638468]
[204,46,628466,629030]
[205,130,417286,417692]
[206,213,93706,92576]
[207,42,431850,432850]
[208,39,560996,559878]
[209,132,447396,448128]
[210,245,413591,412265]
[211,125,116169,114720]
[212,66,190276,191211]
[213,163,328886,327501]
[214,63,238650,238080]
[215,77,424003,423781]
[216,71,347869,346412]
[217,71,164505,163763]
[218,96,212983,213183]
[219,154,711958,713187]
[220,127,251708,250280]
[221,2,64223,65055]
[222,129,13000,12784]
[223,192,698906,700328]
[224,256,195673,196438]
[225,82,3131,3192]
[226,1,167614,167112]
[227,253,523955,523064]
[228,228,205493,206276]
[229,182,575604,575699]
[230,144,648540,649506]
[231,189,3461,2097]
[232,32,683238,683427]
[233,254,659882,660405]
[234,235,707587,706128]
[235,126,319599,321004]
[236,207,183974,182969]
[237,262,443812,445199]
[238,279,526496,526464]
[239,61,687079,685579]
[240,93,143764,143305]
[241,52,375117,375372]
[242,222,306506,307504]
[243,262,82830,83645]
[244,30,459764,460550]
[245,80,322064,322736]
[246,275,271587,270266]
[247,173,439752,439068]
[248,133,616863,615567]
[249,179,624412,624302]
[250,181,96073,94626]
[251,118,516405,517504]
[252,232,190400,190878]
[253,108,680999,681061]
[254,257,142774,142463]
[255,4,502691,503044]
[256,252,509780,510146]
[257,152,564381,565694]
[258,195,644175,642968]
[259,1,634014,632627]
[260,228,581140,582315]
[261,153,710781,710581]
[262,184,388090,388906]
[263,20,508753,509689]
[264,274,639021,640456]
[265,151,37010,36937]
[266,144,498255,498856]
[267,88,594580,596024]
[268,71,474088,472926]
[269,55,335254,334788]
[270,214,635044,635403]
[271,52,218160,219546]
[272,213,189077,188962]
[273,189,13939,12819]
[274,95,720095,719189]
[275,171,511763,511050]
[276,149,593694,593547]
[277,6,123766,124556]
[278,107,450575,450282]
[279,194,224251,225723]
[280,215,215419,215367]
[281,80,38687,39450]
[282,48,548039,548426]
[283,180,494582,495567]
[284,126,86555,87284]
[285,267,334634,333744]
[286,159,134954,134235]
[287,18,469031,469445]
[288,239,489536,488075]
[289,276,240102,241411]
[290,201,298043,297336]
[291,92,714253,715240]
[292,182,490574,490636]
[293,149,350114,349615]
[294,84,148601,150025]
[295,274,190227,191168]
[296,102,684102,684753]
[297,111,39834,39266]
[298,33,626681,625660]
[299,77,430854,430270]
[300,56,437444,438474]
[301,52,611033,612051]
[302,273,413392,412237]
[303,154,624723,625793]
[304,239,728712,728226]
[305,10,246038,246349]
[306,44,35973,36205]
[307,205,284711,283877]
[308,140,109160,110383]
[309,136,402732,403788]
[310,174,281640,282371]
[311,39,301436,300532]
[312,64,565454,566856]
[313,45,603561,602218]
[314,92,44284,44544]
[315,231,15036,13577]
[316,12,311391,312619]
[317,31,400382,400298]
[318,88,721472,722123]
[319,74,258836,260270]
[320,183,316355,316321]
[321,90,330349,331711]
[322,133,167454,166428]
[323,279,121312,119927]
[324,37,638017,637047]
[325,240,574861,574959]
[326,138,430234,430549]
[327,150,437463,438383]
[328,130,559558,559973]
[329,165,605984,604647]
[330,211,285635,285540]
[331,106,500186,501088]
[332,158,151637,152153]
[333,130,343604,344748]
[334,17,149365,148900]
[335,119,653531,653066]
[336,62,39321,40130]
[337,57,640665,639409]
[338,78,567018,567774]
[339,30,688239,689418]
[340,41,296742,295337]
[341,26,354239,355564]
[342,198,79687,80575]
[343,41,415500,414178]
[344,170,22568,23133]
[345,224,207410,208250]
[346,228,281564,281943]
[347,234,160603,160742]
[348,41,503022,502708]
[349,144,90263,91484]
[350,109,153121,152598]
[351,14,424220,424682]
[352,237,63214,63050]
[353,224,542512,542677]
[354,158,722983,723124]
[355,27,459478,459154]
[356,199,481838,481240]
[357,12,602567,604023]
[358,256,687861,688925]
[359,83,481430,480612]
[360,108,35255,36361]
[361,147,497180,496003]
[362,190,444689,444984]
[363,258,717377,717454]
[364,221,191546,190919]
[365,206,404985,405999]
[366,131,231154,230917]
[367,251,349689,348554]
[368,256,183709,184452]
[369,214,391606,392916]
[370,30,528449,529663]
[371,263,250755,249827]
[372,238,295446,295893]
[373,1,3968,3287]
[374,143,519437,519317]
[375,5,452211,450974]
[376,138,327194,327776]
[377,207,572165,570810]
[378,20,540440,541370]
[379,277,209800,209350]
[380,166,523637,524333]
[381,103,571526,570884]
[382,150,425380,426746]
[383,240,405220,405525]
[384,153,557863,557714]
[385,52,2601,3086]
[386,159,359000,358226]
[387,179,182131,180719]
[388,260,251977,252913]
[389,245,60415,60119]
[390,185,654176,653773]
[391,242,241144,241411]
[392,154,583969,584838]
[393,83,638343,637190]
[394,152,706255,707521]
[395,179,521219,520739]
[396,251,49248,49217]
[397,142,466038,466834]
[398,36,371941,372231]
[399,263,521782,521546]
[400,183,219772,219638]
[401,278,49494,50861]
[402,219,358548,358409]
[403,135,655359,654379]
[404,156,30238,30415]
[405,15,212423,211784]
[406,69,350369,349386]
[407,252,510861,512146]
[408,262,720324,720659]
[409,245,447099,446211]
[410,154,499657,500480]
[411,34,32858,33451]
[412,253,677111,676976]
[413,207,558519,558329]
[414,160,519029,520489]
[415,56,109878,110358]
[416,85,376943,375941]
[417,204,645826,647308]
[418,63,702006,701530]
[419,252,523749,524131]
[420,130,311250,311940]
[421,82,348547,349020]
[422,115,190266,189231]
[423,39,590373,589761]
[424,258,270019,271101]
[425,105,512004,511809]
[426,0,26021,27349]
[427,240,210301,210453]
[428,98,126851,127652]
[429,265,540208,539577]
[430,26,374094,374789]
[431,108,111984,112110]
[432,116,448833,449351]
[433,2,475282,475887]
[434,235,30053,29310]
[435,56,310836,311874]
[436,101,590966,590493]
[437,30,483983,485228]
[438,65,46252,45390]
[439,118,37231,37897]
[440,108,202869,203740]
[441,195,308828,308213]
[442,107,611300,609994]
[443,144,81038,82096]
[444,172,353458,354041]
[445,234,178168,179409]
[446,145,213336,213092]
[447,203,478154,478009]
[448,132,244680,245483]
[449,252,634845,635700]
[450,167,502175,500724]
[451,279,616470,615563]
[452,263,156116,155948]
[453,150,514483,514703]
[454,74,210579,211848]
[455,115,276641,276492]
[456,118,56437,56750]
[457,39,389086,387975]
[458,174,76072,77451]
[459,58,498597,500031]
[460,212,575020,575846]
[461,272,354432,355171]
[462,20,56091,56749]
[463,155,186026,185602]
[464,27,240034,239310]
[465,196,702964,703078]
[466,141,166934,165745]
[467,252,396283,396676]
[468,71,390019,389838]
[469,249,448995,448604]
[470,89,504340,503280]
[471,123,637021,635564]
[472,28,286590,288058]
[473,201,684293,684027]
[474,44,709506,710153]
[475,58,569530,570470]
[476,155,26573,25478]
[477,141,280944,280386]
[478,57,680252,679686]
[479,238,423236,424104]
[480,104,104402,104969]
[481,247,11211,9716]
[482,106,321779,323265]
[483,104,414380,415788]
[484,164,509220,509712]
[485,208,674334,674607]
[486,187,9610,8300]
[487,266,619287,620223]
[488,20,664308,664735]
[489,32,106616,107820]
[490,234,287772,288137]
[491,275,209158,208861]
[492,187,259429,258438]
[493,26,451010,451497]
[494,111,676401,675845]
[495,21,423628,423151]
[496,229,697803,697695]
[497,206,440220,441081]
[498,229,568951,568247]
[499,258,130451,131339]
[500,95,472566,472405]
[501,273,101409,101112]
[502,28,495291,495726]
[503,5,360717,359334]
[504,19,393842,392573]
[505,167,183526,183257]
[506,47,30650,29244]
[507,102,259687,260340]
[508,7,634185,633300]
[509,266,166948,167617]
[510,40,201303,201402]
[511,148,193934,194031]
[512,134,396144,397064]
[513,185,694205,693311]
[514,200,231280,232195]
[515,243,462246,461878]
[516,138,4509,5879]
[517,229,67388,66694]
[518,185,198889,198329]
[519,23,421430,421185]
[520,143,169040,168861]
[521,44,651373,652753]
[522,32,532839,533984]
[523,247,672735,671454]
[524,109,699922,699500]
[525,42,538150,539177]
[526,146,678,1598]
[527,198,533012,534345]
[528,208,54357,55070]
[529,279,380879,380654]
[530,173,632646,632527]
[531,24,378857,379521]
[532,168,558956,559209]
[533,26,647298,648535]
[534,269,3147,2780]
[535,124,473954,475072]
[536,51,190641,190210]
[537,117,484852,483356]
[538,183,347699,346942]
[539,218,478837,480244]
[540,239,135055,134017]
[541,151,601009,600811]
[542,53,391411,390480]
[543,187,278171,276943]
[544,267,528599,527500]
[545,142,597697,598832]
[546,96,645757,646810]
[547,107,56219,55662]
[548,75,607385,606641]
[549,236,243798,244581]
[550,140,564246,564577]
[551,270,384550,384868]
[552,5,58227,57424]
[553,30,439896,439956]
[554,10,697315,698718]
[555,34,429373,430201]
[556,88,333799,334249]
[557,190,534323,535051]
[558,196,55025,55726]
[559,38,656523,657505]
[560,49,363353,362626]
[561,187,59431,59162]
[562,268,98001,99381]
[563,115,499183,499086]
[564,247,309727,309329]
[565,66,274314,274824]
[566,167,67450,66763]
[567,217,585165,584908]
[568,189,255461,255037]
[569,160,426445,427134]
[570,194,81107,82446]
[571,169,324590,323273]
[572,216,91873,93256]
[573,266,410400,411708]
[574,271,716888,716202]
[575,173,545833,545606]
[576,39,570034,569877]
[577,217,428967,428191]
[578,67,382612,382082]
[579,181,55166,54226]
[580,104,636885,636973]
[581,228,218257,219244]
[582,154,388369,388474]
[583,133,182873,182587]
[584,152,173959,174822]
[585,248,56020,56628]
[586,25,249920,249430]
[587,176,558282,558312]
[588,3,681725,681195]
[589,233,72357,70923]
[590,199,700800,699801]
[591,217,428654,427840]
[592,49,65953,65283]
[593,85,322565,321424]
[594,91,211465,211374]
[595,82,354127,355245]
[596,102,268600,269224]
[597,74,524962,525550]
[598,111,130222,129295]
[599,152,136751,137819]
[600,96,529456,529595]
[601,64,384317,385389]
[602,46,718955,719879]
[603,80,569717,570087]
[604,62,71135,72317]
[605,272,145768,146420]
[606,40,422422,422864]
[607,42,469588,469644]
[608,0,200357,200447]
[609,270,305849,306028]
[610,81,34170,33976]
[611,198,354498,354630]
[612,188,283099,283992]
[613,70,405211,405986]
[614,183,389332,389273]
[615,196,296746,297865]
[616,250,341083,342291]
[617,91,577318,576748]
[618,163,530825,529738]
[619,34,659502,660231]
[620,143,582343,581534]
[621,198,354047,354291]
[622,209,592939,592263]
[623,178,227047,227160]
[624,33,112802,111467]
[625,122,593163,593875]
[626,134,367868,368348]
[627,245,486792,485678]
[628,86,7533,7730]
[629,175,275575,275447]
[630,85,489746,489330]
[631,15,497677,496401]
[632,53,533975,532839]
[633,7,566672,565355]
[634,240,217019,217286]
[635,274,343332,343748]
[636,72,322778,323566]
[637,96,522286,522672]
[638,171,226037,225414]
[639,13,507401,507230]
[640,22,159898,160674]
[641,277,429616,429050]
[642,225,516016,515274]
[643,258,326544,327492]
[644,225,532967,532049]
[645,151,715126,713990]
[646,80,108409,109790]
[647,226,3511,4217]
[648,173,601984,601538]
[649,92,483583,483841]
[650,267,370964,370766]
[651,113,298807,298221]
[652,27,662728,662300]
[653,44,699220,700605]
[654,2,699669,700654]
[655,191,446286,445268]
[656,179,567596,566135]
[657,3,344504,343177]
[658,266,122042,122472]
[659,139,352735,352658]
[660,206,27527,28794]
[661,263,31893,31533]
[662,55,308072,306765]
[663,82,270974,271704]
[664,258,236647,237637]
[665,59,140960,139591]
[666,221,668545,667827]
[667,137,359881,359040]
[668,239,614745,613919]
[669,244,538612,540086]
[670,75,628521,627380]
[671,128,179944,181000]
[672,244,635005,636274]
[673,5,203434,203048]
[674,248,440657,440813]
[675,275,263607,263057]
[676,17,282584,281952]
[677,40,586915,587827]
[678,179,202862,201960]
[679,279,221690,221230]
[680,220,143921,144851]
[681,45,329433,328654]
[682,101,137734,136799]
[683,19,180011,179446]
[684,260,624832,626057]
[685,174,697226,697774]
[686,27,720692,720353]
[687,116,623582,623690]
[688,270,205867,206187]
[689,153,310098,309296]
[690,57,211965,210831]
[691,278,240865,241084]
[692,279,163087,162609]
[693,89,703699,702429]
[694,266,362970,363126]
[695,23,726266,724848]
[696,244,15161,15743]
[697,101,592818,592048]
[698,193,339991,339653]
[699,30,674156,674392]
[700,71,551554,550420]
[701,266,517329,517458]
[702,37,677021,676595]
[703,158,9413,10202]
[704,139,573374,572496]
[705,217,335599,334940]
[706,243,633966,633385]
[707,203,100206,99778]
[708,22,73055,73118]
[709,194,656470,656833]
[710,230,76220,76993]
[711,227,654085,652868]
[712,253,293946,293691]
[713,148,153361,154160]
[714,249,649776,649121]
[715,95,334828,333886]
[716,167,616874,616613]
[717,74,726071,726358]
[718,211,64100,62762]
[719,244,171761,173052]
[720,64,198036,198909]
[721,9,318309,317342]
[722,13,589367,588413]
[723,92,407841,408848]
[724,182,291375,291487]
[725,173,475087,473821]
[726,187,178523,177916]
[727,217,188449,188112]
[728,16,466969,467235]
[729,71,475254,474176]
[730,78,415848,416735]
[731,217,468358,466925]
[732,186,474271,474507]
[733,1,720474,720054]
[734,273,162981,161947]
[735,233,105771,105475]
[736,271,409854,408757]
[737,125,656518,656419]
[738,231,374268,373900]
[739,170,184705,185852]
[740,98,702873,704242]
[741,44,455651,457058]
[742,167,666392,665229]
[743,237,322420,321641]
[744,104,127021,127188]
[745,67,229911,228587]
[746,108,131582,132937]
[747,114,524636,524835]
[748,89,382284,380918]
[749,135,262569,261452]
[750,203,313950,313732]
[751,88,567922,569373]
[752,76,87732,88765]
[753,88,239018,240188]
[754,47,695731,694372]
[755,246,676723,676959]
[756,34,581541,582201]
[757,232,309215,309362]
[758,194,142261,143598]
[759,106,575709,576920]
[760,121,53158,51823]
[761,6,635611,635901]
[762,174,78981,80153]
[763,126,296856,298351]
[764,66,427860,429084]
[765,238,66108,66179]
[766,229,550041,548865]
[767,245,583444,582306]
[768,6,182587,182682]
[769,48,729767,730416]
[770,57,188498,187683]
[771,226,628012,628540]
[772,53,474841,473729]
[773,228,431935,433156]
[774,216,489212,489756]
[775,224,111992,113346]
[776,236,658047,659369]
[777,104,208668,209406]
[778,16,387838,389100]
[779,87,590905,590009]
[780,182,716349,716966]
[781,223,173425,172647]
[782,138,173697,173891]
[783,113,652181,651973]
[784,35,30588,29935]
[785,259,384239,383776]
[786,89,608427,607084]
[787,120,639922,640658]
[788,51,666149,665582]
[789,131,591575,590550]
[790,207,181235,179877]
[791,221,142263,142203]
[792,212,291645,292972]
[793,135,673082,672877]
[794,173,376147,375195]
[795,48,556517,556984]
