["head":"wrap","lpos","status"]
[155,18664,0]
["io count"]
[80]
["io":"id","wrap","startLpos","endLpos"]
[1,100,77731,78460]
[2,88,267340,268580]
[3,273,92602,91288]
[4,18,103949,104885]
[5,121,283413,283190]
[6,25,709814,708942]
[7,8,87925,89398]
[8,193,686970,686818]
[9,122,681634,682344]
[10,118,426610,427480]
[11,247,689832,689324]
[12,147,292771,291877]
[13,204,617103,617962]
[14,276,549463,550128]
[15,6,573238,573836]
[16,17,409786,408711]
[17,37,86638,85761]
[18,195,304590,304365]
[19,82,23566,24864]
[20,210,550177,550469]
[21,83,157060,156763]
[22,149,176405,175856]
[23,269,133629,132633]
[24,125,174403,173380]
[25,146,372921,373786]
[26,148,565668,566407]
[27,62,75347,76090]
[28,199,253105,251668]
[29,93,653534,652492]
[30,36,545037,546436]
[31,230,472923,474331]
[32,117,308361,307488]
[33,212,234287,234977]
[34,37,107999,107445]
[35,176,74238,74469]
[36,141,78580,77474]
[37,154,299412,300726]
[38,233,298594,298095]
[39,11,491081,489928]
[40,23,403969,403576]
[41,68,587635,588461]
[42,98,91767,92207]
[43,161,341769,340291]
[44,136,175808,176774]
[45,274,714730,715208]
[46,230,465558,466825]
[47,95,586084,584778]
[48,249,664878,663895]
[49,146,352824,354240]
[50,130,279200,279988]
[51,173,695307,694095]
[52,182,33364,33966]
[53,174,554235,555551]
[54,65,549339,548571]
[55,103,86736,85286]
[56,52,140172,140895]
[57,127,129091,128445]
[58,164,396353,397082]
[59,212,669776,670290]
[60,170,235833,236923]
[61,83,46769,46177]
[62,109,318982,318888]
[63,204,289987,290147]
[64,230,612395,612433]
[65,228,118733,118779]
[66,207,197155,196530]
[67,160,500739,501159]
[68,135,98661,97863]
[69,25,3359,3183]
[70,228,84698,85497]
[71,190,448002,448144]
[72,43,280398,280140]
[73,190,414118,414522]
[74,263,28327,27858]
[75,221,449454,448419]
[76,181,537298,536065]
[77,118,302977,303645]
[78,104,769,818]
[79,239,491501,490386]
[80,101,694438,692945]
