["head":"wrap","lpos","status"]
[165,53686,1]
["io count"]
[800]
["io":"id","wrap","startLpos","endLpos"]
[1,279,466012,464826]
[2,265,706431,706052]
[3,173,436166,435853]
[4,264,8208,8317]
[5,190,392613,392883]
[6,180,463663,464298]
[7,1,500894,500752]
[8,241,202946,202821]
[9,146,681260,681437]
[10,120,585565,585804]
[11,273,82499,82122]
[12,45,451660,450332]
[13,238,636132,636281]
[14,71,401715,401195]
[15,149,506803,506150]
[16,194,327605,328370]
[17,93,669734,669292]
[18,107,315180,314476]
[19,42,650079,650622]
[20,203,425817,424955]
[21,98,258623,260056]
[22,96,360231,361575]
[23,216,178788,179938]
[24,39,247798,247670]
[25,166,72061,73439]
[26,193,329624,328253]
[27,12,1899,2260]
[28,17,208526,207351]
[29,198,258709,259235]
[30,215,323606,323313]
[31,153,158212,157229]
[32,173,414101,413310]
[33,163,72037,71255]
[34,253,37025,36048]
[35,156,262561,263441]
[36,49,173040,172999]
[37,118,436274,436607]
[38,27,371757,371671]
[39,129,350296,349773]
[40,272,594324,594715]
[41,5,575077,574157]
[42,167,189095,188177]
[43,147,13360,12207]
[44,156,55792,57055]
[45,180,72564,73658]
[46,93,10352,9575]
[47,63,49046,47947]
[48,40,129806,131294]
[49,136,55038,56133]
[50,90,649447,650483]
[51,156,513091,513674]
[52,274,627768,629203]
[53,253,268411,268015]
[54,56,320380,321247]
[55,37,331160,330904]
[56,235,648300,647788]
[57,63,365715,364436]
[58,48,253630,254739]
[59,244,633390,634653]
[60,145,9542,8213]
[61,114,221921,222036]
[62,123,369705,368444]
[63,138,182782,182943]
[64,195,556312,555820]
[65,181,169097,168959]
[66,239,206018,205355]
[67,219,8153,8063]
[68,112,632785,634041]
[69,131,535524,535023]
[70,149,618531,617281]
[71,137,117541,116829]
[72,83,125127,123793]
[73,167,392310,391359]
[74,32,180613,181063]
[75,71,189008,187605]
[76,28,305442,306443]
[77,33,547741,547545]
[78,51,212278,211886]
[79,195,311167,310780]
[80,168,602813,602866]
[81,156,696958,697636]
[82,23,641371,640133]
[83,63,381372,380742]
[84,28,276679,277630]
[85,49,633472,633380]
[86,170,593375,593698]
[87,273,568945,567493]
[88,189,286685,285257]
[89,65,69033,67579]
[90,13,58300,57077]
[91,105,262581,262040]
[92,149,257716,256624]
[93,118,430961,431017]
[94,153,97945,97828]
[95,216,368418,369381]
[96,213,24144,22936]
[97,279,37656,37373]
[98,126,143667,144810]
[99,61,471029,469709]
[100,49,81517,81175]
[101,279,587040,586350]
[102,243,655684,654719]
[103,210,163429,163472]
[104,166,527115,528031]
[105,60,11356,11880]
[106,261,618170,617274]
[107,261,254193,253260]
[108,75,453489,452704]
[109,13,315023,313926]
[110,233,678353,677169]
[111,150,301629,302305]
[112,232,605366,606539]
[113,237,302220,301885]
[114,184,402273,403220]
[115,80,666257,667476]
[116,228,211455,212491]
[117,218,363582,364467]
[118,69,106362,106157]
[119,158,440589,440876]
[120,54,295483,296176]
[121,12,669086,670579]
[122,191,691528,691054]
[123,56,479375,479536]
[124,95,461291,460625]
[125,58,257723,259128]
[126,9,48239,48132]
[127,196,211900,212390]
[128,79,557796,557602]
[129,0,124168,125648]
[130,36,27017,27441]
[131,44,317294,318721]
[132,188,15308,16511]
[133,13,730269,729120]
[134,146,100108,100815]
[135,53,87149,86386]
[136,238,453012,453090]
[137,106,599645,600812]
[138,171,84089,83126]
[139,134,194961,196227]
[140,26,37867,39003]
[141,157,395440,395290]
[142,155,636926,635741]
[143,1,647861,646509]
[144,186,201178,202462]
[145,228,25749,26458]
[146,0,670205,671289]
[147,128,226100,227433]
[148,194,622258,623237]
[149,29,465284,464174]
[150,144,413857,414531]
[151,279,69793,68812]
[152,56,554003,554426]
[153,164,136328,136702]
[154,30,228948,229569]
[155,54,563502,564614]
[156,10,440012,441387]
[157,219,614591,613909]
[158,183,65388,64447]
[159,98,509833,510237]
[160,175,467418,466526]
[161,115,62695,62598]
[162,151,11140,10088]
[163,100,720554,721800]
[164,64,156610,156976]
[165,5,385278,384707]
[166,145,531911,530723]
[167,182,329630,330521]
[168,186,140714,141925]
[169,28,530307,530817]
[170,3,445638,444454]
[171,254,596421,597547]
[172,171,452400,450973]
[173,134,259684,260906]
[174,49,663050,661813]
[175,1,654832,654320]
[176,54,630241,631722]
[177,107,589687,588589]
[178,136,5449,5859]
[179,198,633720,635107]
[180,187,293670,292968]
[181,107,337032,336256]
[182,267,268186,267727]
[183,161,444842,443449]
[184,132,120661,121479]
[185,22,394025,395271]
[186,82,624070,624255]
[187,256,301383,301856]
[188,13,373638,372718]
[189,10,30164,31037]
[190,209,502410,501649]
[191,246,151450,152237]
[192,160,565875,566782]
[193,117,115680,115132]
[194,68,59505,59824]
[195,197,300685,299968]
[196,122,648717,649578]
[197,208,650510,650899]
[198,85,422549,421408]
[199,135,305578,305527]
[200,179,504099,503559]
[201,270,558026,559101]
[202,176,690160,691234]
[203,249,198595,197488]
[204,132,395656,396255]
[205,169,278174,277840]
[206,28,179264,179298]
[207,43,315833,314492]
[208,74,446696,447994]
[209,73,483897,482926]
[210,78,388399,388676]
[211,99,483529,482506]
[212,261,361307,360299]
[213,5,351782,351384]
[214,55,588013,587750]
[215,135,366414,365488]
[216,148,219782,220243]
[217,141,104038,103885]
[218,223,335001,334861]
[219,182,32073,32161]
[220,99,92715,92544]
[221,41,257673,257034]
[222,257,645270,644186]
[223,173,557000,555971]
[224,139,243907,242819]
[225,279,434613,433805]
[226,97,726316,725090]
[227,142,290575,291746]
[228,155,366212,365846]
[229,90,6312,7807]
[230,253,486995,486894]
[231,120,367307,368110]
[232,55,712315,711550]
[233,171,385592,384944]
[234,82,431272,431320]
[235,67,536783,536364]
[236,77,169846,169066]
[237,242,404904,404948]
[238,100,663231,664565]
[239,57,17202,16173]
[240,131,287452,286448]
[241,134,605166,605833]
[242,1,563907,562941]
[243,206,301043,302339]
[244,240,48384,49321]
[245,256,707471,708849]
[246,8,578697,578939]
[247,111,713056,712293]
[248,245,550800,550325]
[249,0,259459,260634]
[250,118,412454,413657]
[251,141,503750,503276]
[252,185,212208,210832]
[253,43,115898,115732]
[254,118,668026,669482]
[255,213,402482,402349]
[256,32,141902,143162]
[257,219,111351,110007]
[258,243,67942,66922]
[259,253,232344,232297]
[260,226,699912,701119]
[261,167,437080,436566]
[262,167,254738,253903]
[263,98,722727,723042]
[264,39,337432,336144]
[265,15,458514,458373]
[266,103,268988,268213]
[267,276,7282,8628]
[268,274,640307,640465]
[269,141,722708,722665]
[270,14,269310,270091]
[271,195,292031,290822]
[272,61,85927,84619]
[273,243,230212,229557]
[274,93,241785,241027]
[275,218,355194,355829]
[276,229,596355,596232]
[277,91,395489,394953]
[278,252,86596,87001]
[279,192,448374,448852]
[280,276,526198,526313]
[281,84,351920,352691]
[282,234,431280,432326]
[283,255,148476,147838]
[284,65,625860,625489]
[285,199,9966,9232]
[286,171,60409,59922]
[287,213,529212,527939]
[288,43,423468,423173]
[289,253,632904,632760]
[290,65,223494,223131]
[291,277,265219,264354]
[292,193,183841,183230]
[293,86,160069,160949]
[294,265,216512,215049]
[295,107,453884,452907]
[296,72,538786,540161]
[297,139,198702,198410]
[298,236,171003,171936]
[299,180,566518,566802]
[300,271,437930,436856]
[301,113,476281,476010]
[302,198,316022,316457]
[303,142,304614,305386]
[304,236,383656,384390]
[305,140,719895,721174]
[306,154,322429,323652]
[307,77,129572,128131]
[308,9,182375,181252]
[309,193,589884,588822]
[310,230,686488,687592]
[311,72,43096,43484]
[312,63,266651,266548]
[313,87,456345,455835]
[314,116,560731,560938]
[315,85,565362,564298]
[316,156,362821,363167]
[317,67,619040,618132]
[318,150,165832,166747]
[319,185,103229,101823]
[320,204,273623,274089]
[321,153,290590,289852]
[322,6,616455,617817]
[323,172,543807,544361]
[324,217,60346,59216]
[325,127,131729,130766]
[326,190,269155,269954]
[327,277,134214,133342]
[328,6,203012,203451]
[329,127,95216,93803]
[330,19,424301,423290]
[331,87,120895,120807]
[332,278,564429,564751]
[333,86,497033,498139]
[334,153,135104,134063]
[335,253,413251,413089]
[336,170,88919,89411]
[337,57,571338,569852]
[338,155,22783,21552]
[339,123,92434,92260]
[340,140,251055,251937]
[341,97,104509,103506]
[342,29,369443,367997]
[343,131,75023,73929]
[344,223,380451,379125]
[345,237,318673,318532]
[346,193,117796,117438]
[347,30,446736,447134]
[348,91,714063,713966]
[349,31,55756,54619]
[350,60,714310,715032]
[351,216,314403,315851]
[352,202,300081,300878]
[353,147,378919,378856]
[354,1,98267,98237]
[355,55,163768,162361]
[356,208,719845,720059]
[357,146,178714,179583]
[358,228,265964,266015]
[359,49,635182,634747]
[360,218,499022,499319]
[361,47,715171,714466]
[362,130,466964,468359]
[363,6,205012,205744]
[364,150,297714,298328]
[365,192,63663,63863]
[366,17,317274,315827]
[367,1,709060,707848]
[368,23,391495,390719]
[369,64,610567,611846]
[370,187,713415,713154]
[371,244,594155,595394]
[372,234,73433,74700]
[373,187,431784,430770]
[374,88,239454,240902]
[375,261,354638,354582]
[376,170,554872,555956]
[377,30,484840,486275]
[378,25,215419,213931]
[379,177,635975,634612]
[380,104,150356,151492]
[381,17,677076,676901]
[382,198,118,340]
[383,236,485109,485797]
[384,208,511750,512037]
[385,101,258198,257453]
[386,199,52786,51385]
[387,260,569277,569709]
[388,90,14512,15582]
[389,279,170705,169559]
[390,101,729027,727666]
[391,177,238497,237293]
[392,164,57572,58992]
[393,86,244875,245678]
[394,200,634651,635876]
[395,188,306151,306644]
[396,71,705133,704404]
[397,84,657128,658465]
[398,67,550031,549585]
[399,192,44003,44286]
[400,174,603855,604019]
[401,273,510553,509956]
[402,159,142005,141020]
[403,0,96461,97063]
[404,223,217088,216852]
[405,225,581968,581791]
[406,275,408038,407836]
[407,67,21663,21007]
[408,153,484565,483912]
[409,135,500808,500674]
[410,43,697667,696667]
[411,269,428637,427923]
[412,152,401936,402415]
[413,25,131410,130955]
[414,258,443786,443876]
[415,1,203017,202573]
[416,201,692295,690919]
[417,219,534552,534159]
[418,2,138506,139604]
[419,148,317943,318461]
[420,264,338678,339377]
[421,228,375399,375956]
[422,204,231648,231916]
[423,125,197569,196901]
[424,181,282159,280697]
[425,38,355848,356765]
[426,29,417877,416966]
[427,130,113913,115336]
[428,193,106812,106772]
[429,246,637449,638579]
[430,244,140485,141836]
[431,98,209817,210356]
[432,199,219176,218124]
[433,92,82000,83328]
[434,144,96793,97623]
[435,57,2455,2199]
[436,18,134702,135124]
[437,40,106269,106883]
[438,233,56139,55709]
[439,242,726894,727382]
[440,138,140406,141901]
[441,186,319649,320798]
[442,88,565866,566154]
[443,263,551991,551766]
[444,132,214813,215326]
[445,56,134185,134742]
[446,182,250626,251293]
[447,254,92053,92416]
[448,268,385184,385656]
[449,39,61499,60911]
[450,251,488193,486938]
[451,147,648214,647439]
[452,44,500784,501562]
[453,179,260115,259559]
[454,277,417502,416742]
[455,215,188237,187462]
[456,249,657110,655907]
[457,102,531605,532110]
[458,234,577895,578920]
[459,38,658444,659009]
[460,122,546843,548121]
[461,24,701502,702685]
[462,73,124508,123236]
[463,153,620710,619450]
[464,180,718180,719458]
[465,97,620217,619904]
[466,189,207708,206477]
[467,97,167742,166978]
[468,55,278200,277511]
[469,278,91608,91816]
[470,106,575910,576231]
[471,203,290077,289500]
[472,130,250268,251660]
[473,184,687550,687949]
[474,14,9414,10103]
[475,61,726926,725579]
[476,176,297790,297984]
[477,6,674766,675618]
[478,41,583857,583560]
[479,233,675268,674688]
[480,149,493174,492987]
[481,175,246318,245494]
[482,212,566313,566699]
[483,211,265156,264805]
[484,119,232641,231634]
[485,149,685927,684623]
[486,6,521221,521875]
[487,225,244913,243946]
[488,3,9154,9071]
[489,114,636306,636524]
[490,93,102285,102198]
[491,233,474415,474089]
[492,92,225072,226567]
[493,159,536401,535686]
[494,122,299375,299827]
[495,190,289449,289806]
[496,40,513922,514523]
[497,35,531596,531081]
[498,262,108407,108459]
[499,83,320396,319306]
[500,199,684280,683821]
[501,162,239165,239370]
[502,60,198101,199284]
[503,203,664229,663520]
[504,100,437369,437663]
[505,154,2669,3111]
[506,176,729375,729699]
[507,50,326230,326554]
[508,29,652772,651476]
[509,155,350938,349530]
[510,119,173655,172584]
[511,81,636324,635340]
[512,205,506756,505596]
[513,279,565858,565030]
[514,140,234121,234186]
[515,170,523394,523869]
[516,147,504810,504037]
[517,107,465150,464525]
[518,208,343548,344476]
[519,232,151760,152165]
[520,157,549981,549150]
[521,250,253574,255037]
[522,159,275474,274337]
[523,102,193188,194442]
[524,267,265423,265216]
[525,109,683611,682796]
[526,68,536583,538017]
[527,73,420204,419021]
[528,31,260211,259367]
[529,32,522385,522456]
[530,4,723097,724357]
[531,64,503967,504547]
[532,191,721447,720235]
[533,278,536891,537761]
[534,276,584437,585371]
[535,233,494322,493540]
[536,119,50630,49396]
[537,210,641941,642766]
[538,246,131074,131356]
[539,129,2809,1378]
[540,141,635550,634104]
[541,215,640044,639721]
[542,177,453753,453537]
[543,9,405560,405416]
[544,177,78788,77622]
[545,94,17791,17897]
[546,91,243659,242994]
[547,187,358614,358189]
[548,228,222043,222227]
[549,265,532341,531132]
[550,236,508677,509978]
[551,139,210658,209190]
[552,171,32652,31559]
[553,38,709278,709850]
[554,246,345536,346375]
[555,115,412766,412032]
[556,54,289933,290622]
[557,170,205869,207159]
[558,47,679369,678279]
[559,184,228143,228355]
[560,160,105889,107305]
[561,64,557287,557682]
[562,240,189388,189696]
[563,198,24747,25887]
[564,151,487305,486283]
[565,39,497679,497083]
[566,20,709671,709990]
[567,58,263899,264928]
[568,216,558980,560398]
[569,191,198501,197544]
[570,238,89957,90386]
[571,174,616406,616837]
[572,184,350824,351537]
[573,14,647317,648643]
[574,270,566749,567102]
[575,243,262711,261348]
[576,46,610158,610644]
[577,52,605111,606116]
[578,244,230335,230572]
[579,132,458611,458691]
[580,67,548842,548431]
[581,6,662546,663314]
[582,214,303696,304851]
[583,15,341331,341260]
[584,164,550234,551366]
[585,13,260592,260230]
[586,250,480875,481070]
[587,247,514970,513559]
[588,10,78572,78912]
[589,149,282986,281894]
[590,105,360077,359054]
[591,127,648735,648357]
[592,118,301464,301900]
[593,137,574342,573568]
[594,223,327041,325996]
[595,130,374734,374891]
[596,158,591392,591968]
[597,226,144535,145916]
[598,74,469884,470229]
[599,157,93509,92167]
[600,259,247037,246104]
[601,232,364587,365946]
[602,232,433786,434489]
[603,248,679983,680239]
[604,255,316681,315748]
[605,156,218579,219053]
[606,187,362586,362132]
[607,239,199990,199396]
[608,145,212408,211950]
[609,124,473045,473089]
[610,70,131797,132652]
[611,71,94774,94397]
[612,88,534149,535326]
[613,154,418482,419547]
[614,41,531468,530870]
[615,125,556361,555945]
[616,53,501915,500703]
[617,12,360302,361209]
[618,144,184338,185456]
[619,171,671366,670608]
[620,5,44106,42946]
[621,32,203378,204005]
[622,250,348610,349507]
[623,64,549740,551234]
[624,93,139469,139267]
[625,133,263339,262349]
[626,48,539732,540882]
[627,147,607380,606128]
[628,151,380398,379947]
[629,30,199435,200307]
[630,45,665674,665191]
[631,108,201195,202167]
[632,85,637350,635961]
[633,109,658710,657351]
[634,83,356406,355286]
[635,225,292815,291757]
[636,222,709282,710573]
[637,83,400470,399207]
[638,223,377489,377061]
[639,161,40804,40346]
[640,227,541252,540946]
[641,51,490263,489067]
[642,181,476498,476019]
[643,65,638412,637706]
[644,238,496240,497692]
[645,136,296682,296851]
[646,135,110506,110362]
[647,47,564438,563697]
[648,89,640116,639008]
[649,8,292305,293628]
[650,251,89874,88685]
[651,220,428613,429266]
[652,8,137463,137866]
[653,199,637912,637359]
[654,190,164780,165682]
[655,71,262977,261741]
[656,189,606368,606064]
[657,143,586612,585991]
[658,40,75121,76457]
[659,98,404175,404281]
[660,107,290573,289184]
[661,244,106773,107993]
[662,133,269590,268621]
[663,12,441010,441864]
[664,79,68488,68121]
[665,192,581881,581950]
[666,94,454469,455088]
[667,213,479926,478531]
[668,25,497175,496619]
[669,138,505849,506787]
[670,166,24882,25613]
[671,91,130323,128948]
[672,3,668367,667100]
[673,151,13927,12465]
[674,43,86217,85171]
[675,74,473858,474099]
[676,244,413048,414447]
[677,255,222552,221384]
[678,276,443834,444766]
[679,209,516620,515296]
[680,63,158527,157159]
[681,270,524373,524854]
[682,19,45985,45023]
[683,65,704228,703764]
[684,221,471658,471358]
[685,0,63220,63697]
[686,59,682912,682437]
[687,275,30260,29061]
[688,133,515804,515725]
[689,79,267578,267334]
[690,197,182054,180799]
[691,46,468202,468651]
[692,207,36868,36541]
[693,278,393131,393339]
[694,154,25084,26366]
[695,30,429551,429719]
[696,198,588000,588690]
[697,215,162412,161034]
[698,235,37722,36726]
[699,114,615291,616297]
[700,240,461970,462841]
[701,100,279244,280287]
[702,243,470225,468757]
[703,174,429192,430020]
[704,17,355842,354536]
[705,138,350270,350816]
[706,173,395408,395324]
[707,122,362921,364204]
[708,252,456927,457449]
[709,271,716041,715801]
[710,81,195831,194353]
[711,206,189250,190040]
[712,210,332909,332953]
[713,28,445294,446367]
[714,278,486442,486828]
[715,33,363854,363183]
[716,120,386620,386810]
[717,252,534842,535757]
[718,18,283078,284327]
[719,143,69716,69595]
[720,54,423995,425436]
[721,103,360495,360031]
[722,54,704970,706146]
[723,51,206122,205151]
[724,141,721007,720576]
[725,229,340914,340106]
[726,168,633,1705]
[727,170,332325,332707]
[728,144,451340,452513]
[729,6,302667,303151]
[730,25,634995,633663]
[731,6,115070,115647]
[732,104,25843,26206]
[733,72,462852,463876]
[734,80,104884,105777]
[735,253,320196,319931]
[736,75,280365,280297]
[737,169,362116,361947]
[738,54,362076,363087]
[739,162,630291,631183]
[740,160,335922,336345]
[741,114,61082,61140]
[742,130,694186,694487]
[743,186,557296,557837]
[744,251,446455,445966]
[745,122,694656,696016]
[746,220,9678,10595]
[747,15,648958,647979]
[748,6,449704,450311]
[749,169,646119,645296]
[750,184,225260,226630]
[751,9,403191,401730]
[752,195,133315,131915]
[753,149,25406,24760]
[754,24,48838,48889]
[755,60,587087,587875]
[756,19,518505,517077]
[757,121,108801,108464]
[758,271,206898,206346]
[759,188,340896,341083]
[760,181,449041,448686]
[761,5,335495,334797]
[762,144,454511,454913]
[763,62,436821,437143]
[764,117,85413,84061]
[765,274,430962,432167]
[766,266,95738,96563]
[767,35,340673,339605]
[768,10,541652,542177]
[769,140,272781,273781]
[770,12,658103,658664]
[771,84,481337,481852]
[772,16,128875,130063]
[773,131,622145,621508]
[774,89,223145,222633]
[775,112,667169,668213]
[776,163,618138,616838]
[777,68,407798,409115]
[778,2,231211,231700]
[779,49,48881,48063]
[780,73,624098,623131]
[781,84,59756,61194]
[782,156,341116,341943]
[783,169,62832,62508]
[784,241,566581,565792]
[785,104,504088,504679]
[786,252,329246,330493]
[787,71,203620,202397]
[788,117,86431,84964]
[789,167,87524,86470]
[790,111,199635,199055]
[791,38,626378,627818]
[792,194,333968,334449]
[793,163,400468,399756]
[794,249,521363,520433]
[795,242,549748,550837]
[796,11,504147,503516]
[797,142,356522,357595]
[798,81,110956,109622]
[799,224,324352,325242]
[800,50,251332,251627]
