["head":"wrap","lpos","status"]
[21,143115,0]
["io count"]
[805]
["io":"id","wrap","startLpos","endLpos"]
[1,125,146451,146094]
[2,132,315186,316147]
[3,117,337446,336158]
[4,70,434915,435059]
[5,80,165995,167493]
[6,39,199276,198637]
[7,273,496457,495276]
[8,30,481883,482656]
[9,271,129084,127649]
[10,235,487032,486743]
[11,38,325407,326724]
[12,159,672474,670977]
[13,25,144070,143492]
[14,251,356286,355392]
[15,32,406923,407749]
[16,178,467451,468722]
[17,175,195387,195067]
[18,71,403323,401858]
[19,251,143621,142289]
[20,135,198160,197186]
[21,148,670826,672234]
[22,22,523554,523812]
[23,223,457060,456111]
[24,59,468123,467921]
[25,26,418743,420155]
[26,160,170229,171285]
[27,65,367045,366361]
[28,87,321184,320684]
[29,86,22192,22675]
[30,110,157503,157773]
[31,138,57112,57157]
[32,67,328076,327915]
[33,45,368762,368199]
[34,156,32136,33226]
[35,270,521344,522266]
[36,87,302065,300628]
[37,175,614938,614137]
[38,128,79072,79576]
[39,68,296510,297724]
[40,90,31647,32978]
[41,214,276171,277518]
[42,271,219856,219467]
[43,107,268433,267277]
[44,152,628991,629619]
[45,45,716491,715492]
[46,200,540596,541110]
[47,105,232038,231645]
[48,236,297989,298307]
[49,73,82060,80892]
[50,209,287011,286954]
[51,158,223588,224955]
[52,246,647488,648336]
[53,276,698530,699579]
[54,43,720620,719883]
[55,85,160563,159889]
[56,208,265990,267444]
[57,246,440819,441119]
[58,8,231277,231615]
[59,219,283606,283018]
[60,149,104953,104147]
[61,120,279852,280839]
[62,113,610633,610370]
[63,75,375946,374457]
[64,260,188691,189064]
[65,79,165353,165017]
[66,34,620161,621014]
[67,175,717842,716915]
[68,25,490084,489863]
[69,28,23055,23672]
[70,204,180469,180621]
[71,41,651825,650807]
[72,165,221093,221013]
[73,245,582957,581994]
[74,61,476384,475282]
[75,73,56418,56214]
[76,47,445835,445298]
[77,277,125551,124979]
[78,243,293443,293196]
[79,277,428837,428175]
[80,141,557428,557252]
[81,75,247989,246757]
[82,147,329429,329355]
[83,25,35447,34628]
[84,174,444920,446267]
[85,66,452709,453563]
[86,251,611392,610402]
[87,3,118986,117664]
[88,40,170807,172142]
[89,8,88592,89832]
[90,8,541363,542180]
[91,117,172846,171911]
[92,16,281076,281180]
[93,221,220839,220765]
[94,116,456915,457239]
[95,172,581073,581287]
[96,261,621171,620834]
[97,213,722632,721732]
[98,151,72045,71015]
[99,3,145319,144948]
[100,56,660062,660576]
[101,96,586213,586968]
[102,266,274973,276325]
[103,126,357157,358343]
[104,231,225068,224156]
[105,22,164155,164831]
[106,201,192822,191458]
[107,174,296800,297188]
[108,220,684085,684968]
[109,66,96552,96661]
[110,57,336338,335659]
[111,126,475965,476893]
[112,2,626818,628190]
[113,85,612112,611970]
[114,116,648148,648487]
[115,16,524896,526322]
[116,214,36809,37738]
[117,206,461390,462254]
[118,256,288430,289862]
[119,276,598724,600094]
[120,209,119280,118800]
[121,65,559428,558533]
[122,102,583239,583777]
[123,65,574927,573599]
[124,76,14993,15439]
[125,129,72082,71293]
[126,201,715917,714537]
[127,194,631639,632078]
[128,171,560911,560158]
[129,226,717998,718042]
[130,102,239449,239534]
[131,93,400762,399637]
[132,166,729878,730697]
[133,20,330749,332130]
[134,241,202059,201290]
[135,36,561091,561533]
[136,171,410849,410404]
[137,161,163443,162283]
[138,174,429337,430298]
[139,174,238359,238508]
[140,153,618936,618515]
[141,189,110676,109945]
[142,104,594686,595317]
[143,226,9495,10245]
[144,14,337782,339089]
[145,231,618319,618075]
[146,45,96348,95798]
[147,266,654831,655581]
[148,251,365080,363626]
[149,135,632698,631557]
[150,138,24948,25023]
[151,222,405725,406541]
[152,6,293776,293857]
[153,251,640774,640486]
[154,175,175052,173805]
[155,277,352010,351547]
[156,186,361213,361900]
[157,187,619975,618736]
[158,208,486907,487863]
[159,62,712285,713541]
[160,206,282476,283722]
[161,215,312638,311671]
[162,200,321920,322547]
[163,73,259079,258429]
[164,212,355355,356111]
[165,164,87316,87899]
[166,72,209595,210319]
[167,89,552751,551721]
[168,245,700123,698879]
[169,27,457475,456780]
[170,241,623285,622523]
[171,93,261242,259814]
[172,107,381103,380060]
[173,18,152615,152704]
[174,29,408927,407882]
[175,70,282811,284266]
[176,58,518435,518596]
[177,239,516297,516115]
[178,140,255906,256634]
[179,60,471181,472269]
[180,169,560207,559413]
[181,6,246796,246879]
[182,212,669773,669971]
[183,248,142513,143968]
[184,110,686444,686826]
[185,20,488756,488820]
[186,135,374406,373186]
[187,214,529143,530066]
[188,40,99367,100349]
[189,122,389388,389639]
[190,65,127881,127748]
[191,32,446451,447445]
[192,96,128391,128779]
[193,131,264963,264136]
[194,180,653819,654653]
[195,10,524155,525649]
[196,12,181272,181933]
[197,100,43442,44565]
[198,231,706855,705440]
[199,78,447410,447710]
[200,178,651545,651704]
[201,186,422455,422766]
[202,162,277767,278888]
[203,218,110053,110530]
[204,50,184907,185042]
[205,130,436734,437345]
[206,127,719504,719032]
[207,130,109446,110007]
[208,85,90305,88849]
[209,206,89565,89709]
[210,64,727274,728535]
[211,32,710925,711234]
[212,173,599719,598312]
[213,85,449192,448533]
[214,45,393269,392789]
[215,24,548155,548216]
[216,83,501955,501249]
[217,9,34800,34570]
[218,271,521560,521358]
[219,52,261400,262774]
[220,56,153796,154647]
[221,6,37858,38829]
[222,232,3111,4101]
[223,226,55766,55971]
[224,12,19026,19449]
[225,119,275834,274658]
[226,109,249064,248475]
[227,31,439978,438581]
[228,84,147995,148532]
[229,158,409977,411342]
[230,41,105477,104799]
[231,221,698048,697721]
[232,192,274272,275236]
[233,82,470598,471370]
[234,222,28628,29175]
[235,174,225933,226881]
[236,73,317035,315550]
[237,8,151111,152027]
[238,135,87712,86860]
[239,235,512411,511699]
[240,217,570035,569329]
[241,228,455614,455936]
[242,157,105475,104104]
[243,22,165834,167292]
[244,138,216949,217157]
[245,232,343327,344310]
[246,161,338576,337553]
[247,77,14458,12963]
[248,230,224708,225555]
[249,246,649205,649271]
[250,29,493464,492157]
[251,197,412696,411713]
[252,232,648663,648748]
[253,29,461865,461598]
[254,172,10913,11925]
[255,52,496253,497557]
[256,98,6116,7312]
[257,139,230149,228773]
[258,22,122771,123921]
[259,195,135765,134338]
[260,81,95563,94342]
[261,185,302212,300950]
[262,179,51298,50708]
[263,47,251940,251797]
[264,179,440023,439650]
[265,37,376524,376276]
[266,58,554786,555432]
[267,224,98190,99270]
[268,213,373346,372135]
[269,73,49420,49147]
[270,206,448754,449050]
[271,86,137061,138504]
[272,100,452721,452883]
[273,184,275848,276209]
[274,154,205756,207182]
[275,201,260853,259543]
[276,253,622195,621301]
[277,161,307353,306612]
[278,96,466955,467638]
[279,46,332564,333949]
[280,199,431137,430766]
[281,129,66009,65140]
[282,279,4327,3585]
[283,181,348004,347123]
[284,242,393438,394112]
[285,89,615533,614224]
[286,216,385762,386941]
[287,60,182887,183006]
[288,243,227465,226895]
[289,184,288466,289018]
[290,223,436065,435125]
[291,31,518344,517101]
[292,156,215879,216001]
[293,199,395790,394635]
[294,40,632994,633600]
[295,36,338826,339428]
[296,36,460490,461380]
[297,70,660412,660495]
[298,258,111832,112906]
[299,1,394229,392886]
[300,37,159524,159384]
[301,195,651270,650471]
[302,167,309070,308223]
[303,202,667213,668413]
[304,104,212561,213701]
[305,262,26264,27043]
[306,268,33914,35134]
[307,163,97924,96788]
[308,222,103949,105275]
[309,60,594529,595042]
[310,106,2243,2978]
[311,50,222980,223303]
[312,83,714623,714040]
[313,253,399388,397960]
[314,94,562845,562985]
[315,257,47915,47872]
[316,221,302376,301339]
[317,46,706501,706910]
[318,179,462707,462406]
[319,9,460598,459498]
[320,206,434497,435535]
[321,79,674451,673838]
[322,107,30319,28819]
[323,230,503178,503711]
[324,276,91994,92557]
[325,165,705240,704159]
[326,237,405294,404713]
[327,18,294680,295558]
[328,101,611509,610128]
[329,24,319324,320272]
[330,101,307741,307569]
[331,96,296680,297611]
[332,28,234323,235011]
[333,246,570795,572245]
[334,155,55329,54778]
[335,209,190364,189329]
[336,278,298814,300239]
[337,118,213986,214980]
[338,106,283464,284768]
[339,44,630838,632302]
[340,84,181370,182551]
[341,238,316694,317576]
[342,220,190350,190731]
[343,276,353044,353957]
[344,79,532493,532302]
[345,46,429513,430963]
[346,278,455312,456306]
[347,155,621181,621048]
[348,3,52723,52439]
[349,20,227777,228955]
[350,77,192450,191160]
[351,13,246319,245177]
[352,154,76667,76823]
[353,90,95436,95670]
[354,148,648794,650161]
[355,240,220407,221370]
[356,227,312146,311740]
[357,105,339823,338705]
[358,149,620167,619422]
[359,263,570019,568645]
[360,165,249080,248704]
[361,269,147073,146256]
[362,227,77501,76130]
[363,36,503617,504761]
[364,93,605145,603745]
[365,149,217174,216778]
[366,212,377484,378081]
[367,145,690050,689426]
[368,270,638978,640352]
[369,61,99747,98686]
[370,190,181184,181230]
[371,233,635684,634666]
[372,74,96454,97108]
[373,35,142938,142329]
[374,234,219802,221002]
[375,257,197650,196258]
[376,70,573469,573990]
[377,117,117744,117350]
[378,176,170041,170698]
[379,41,298569,297702]
[380,19,118017,116546]
[381,211,477479,477103]
[382,249,434311,433067]
[383,98,299235,299565]
[384,236,429519,430917]
[385,188,689366,690367]
[386,104,139946,140719]
[387,140,8905,9783]
[388,20,506693,506738]
[389,251,370272,369592]
[390,1,189993,189224]
[391,52,358491,358631]
[392,211,481501,481005]
[393,163,107622,107485]
[394,199,525868,524579]
[395,2,43574,44970]
[396,208,599314,600117]
[397,77,35069,34856]
[398,233,394160,392988]
[399,75,196545,196505]
[400,131,527784,527509]
[401,165,226377,226063]
[402,212,562872,564345]
[403,178,586083,586282]
[404,1,37351,36624]
[405,247,165686,165203]
[406,252,378801,379272]
[407,191,46158,45436]
[408,72,489613,490231]
[409,10,661825,661960]
[410,269,293467,293128]
[411,76,516768,517172]
[412,102,40049,40767]
[413,255,519443,518203]
[414,95,420044,419638]
[415,27,7209,6033]
[416,125,257547,257183]
[417,138,36428,36581]
[418,44,677733,679116]
[419,8,625309,626247]
[420,159,93088,92807]
[421,269,553633,553080]
[422,269,133699,133301]
[423,74,436295,436686]
[424,76,62301,63153]
[425,126,701022,701649]
[426,26,728082,728188]
[427,213,68749,68539]
[428,207,442997,442143]
[429,161,169100,167665]
[430,15,258039,256874]
[431,159,279008,277769]
[432,258,528353,528805]
[433,106,219499,220818]
[434,18,347352,347772]
[435,156,627514,628544]
[436,150,567680,568956]
[437,122,165497,166785]
[438,243,15123,13798]
[439,162,637798,638990]
[440,109,198324,197438]
[441,240,241800,241890]
[442,149,521416,521353]
[443,91,646895,646544]
[444,143,127833,126946]
[445,107,17534,16378]
[446,261,593803,593324]
[447,45,100430,99564]
[448,141,533761,532796]
[449,44,64001,64799]
[450,43,81570,81259]
[451,18,562358,563211]
[452,0,410914,411601]
[453,76,584991,586014]
[454,212,117044,118152]
[455,63,562117,561383]
[456,10,73227,73586]
[457,237,37390,37318]
[458,162,488081,488336]
[459,236,612427,613165]
[460,44,548341,549221]
[461,104,137783,138547]
[462,168,205775,206917]
[463,50,499429,500843]
[464,271,591593,590229]
[465,155,314179,313873]
[466,92,466535,467219]
[467,93,718659,718242]
[468,40,193952,194317]
[469,82,398208,398501]
[470,213,35392,34560]
[471,172,208493,209196]
[472,119,680991,680101]
[473,35,286773,286247]
[474,214,386182,386220]
[475,37,708847,708540]
[476,85,469920,468953]
[477,254,563046,563723]
[478,139,708402,707639]
[479,152,410519,411149]
[480,131,286735,285868]
[481,7,40680,39482]
[482,182,561627,563010]
[483,19,262916,261937]
[484,31,156807,155522]
[485,110,683021,684077]
[486,182,145253,146478]
[487,103,447980,447096]
[488,35,486739,486597]
[489,262,640413,641589]
[490,107,318981,318884]
[491,150,376578,377638]
[492,235,169640,168447]
[493,10,422792,423542]
[494,143,361086,360645]
[495,100,688222,689434]
[496,186,283382,283581]
[497,42,704973,705683]
[498,44,535729,536870]
[499,61,542138,541713]
[500,231,364203,362726]
[501,98,218221,218751]
[502,86,563579,563925]
[503,233,177571,176521]
[504,116,626294,627201]
[505,242,170442,171256]
[506,105,407956,406824]
[507,169,67666,67307]
[508,29,222082,222049]
[509,128,315497,316162]
[510,122,666567,668044]
[511,244,673497,674289]
[512,30,524643,525576]
[513,205,585300,585148]
[514,23,253223,252175]
[515,121,406185,405921]
[516,269,333395,332907]
[517,267,204908,204428]
[518,111,480350,479908]
[519,73,465993,465222]
[520,111,222819,222087]
[521,240,479634,480011]
[522,34,334081,334468]
[523,118,201952,202765]
[524,194,267302,267887]
[525,150,351160,351898]
[526,141,175141,174931]
[527,28,22621,23509]
[528,132,706439,707530]
[529,248,260240,260584]
[530,35,50633,50561]
[531,212,229503,230151]
[532,241,112998,112329]
[533,194,235339,235703]
[534,141,295856,294529]
[535,143,246644,245582]
[536,211,626581,626001]
[537,168,209877,210277]
[538,59,514104,513524]
[539,179,698170,697616]
[540,214,35969,36744]
[541,262,388301,389706]
[542,90,345000,345241]
[543,142,485139,486003]
[544,154,382576,384003]
[545,192,657018,658241]
[546,88,98315,98365]
[547,129,405498,405217]
[548,70,22966,23773]
[549,89,63051,62710]
[550,172,88368,88924]
[551,181,552551,551220]
[552,126,188504,189886]
[553,168,288076,289412]
[554,88,637715,638824]
[555,156,145985,147057]
[556,227,291280,291234]
[557,52,500806,502113]
[558,119,257215,256368]
[559,193,138265,136934]
[560,218,378053,379082]
[561,96,14565,14802]
[562,133,241635,241073]
[563,55,421848,420769]
[564,80,128684,129335]
[565,217,160315,159429]
[566,104,79608,80469]
[567,270,482716,483415]
[568,80,110596,111007]
[569,212,169643,170068]
[570,9,500041,499090]
[571,21,657915,657431]
[572,122,504179,504688]
[573,111,295021,293625]
[574,197,273916,273555]
[575,106,596550,597836]
[576,84,544949,546345]
[577,15,308601,307437]
[578,62,490450,491428]
[579,177,134161,133147]
[580,229,518517,517456]
[581,79,61252,59791]
[582,101,366024,365989]
[583,76,650508,651956]
[584,9,41495,40004]
[585,195,351882,351539]
[586,220,20402,20442]
[587,131,449771,448506]
[588,261,497179,496763]
[589,181,1487,894]
[590,278,164213,165324]
[591,21,252492,251128]
[592,196,7445,8083]
[593,165,111967,110875]
[594,138,183770,184539]
[595,85,588839,588476]
[596,133,599059,598417]
[597,137,295122,293832]
[598,65,27256,26699]
[599,149,382276,381337]
[600,100,45794,46629]
[601,15,108843,108542]
[602,47,123062,121740]
[603,1,65322,64081]
[604,54,181630,182980]
[605,68,350508,351022]
[606,162,149555,150203]
[607,264,93708,94226]
[608,103,97623,97321]
[609,42,103721,105073]
[610,145,705518,704698]
[611,31,565205,563809]
[612,155,220650,220171]
[613,74,599348,600458]
[614,138,449391,450249]
[615,48,648191,648424]
[616,262,138832,139377]
[617,212,291365,292159]
[618,61,85966,85887]
[619,37,230047,229035]
[620,43,219474,218320]
[621,152,556083,557215]
[622,216,612130,612391]
[623,198,114100,115511]
[624,62,208460,208543]
[625,211,371330,371009]
[626,212,293328,294491]
[627,8,387996,388032]
[628,108,305013,306453]
[629,15,252451,252304]
[630,17,153739,152408]
[631,191,680583,679338]
[632,101,431169,429741]
[633,257,23479,23316]
[634,184,118320,118710]
[635,187,241474,240942]
[636,22,704831,705024]
[637,202,6482,6790]
[638,270,593391,594771]
[639,213,217662,216208]
[640,266,342307,342630]
[641,155,391895,390773]
[642,135,138359,137617]
[643,63,467883,467594]
[644,29,228672,227253]
[645,169,429283,428502]
[646,168,432617,433733]
[647,204,554428,555002]
[648,144,728269,729362]
[649,242,558059,559303]
[650,12,446637,447871]
[651,277,713711,712484]
[652,261,483891,483727]
[653,11,68261,66919]
[654,250,287185,287566]
[655,132,644636,644899]
[656,87,329167,327735]
[657,130,394322,395231]
[658,131,433366,432151]
[659,279,375429,373937]
[660,103,331914,331289]
[661,145,679145,678304]
[662,236,470942,471045]
[663,241,65636,64563]
[664,148,707204,707596]
[665,218,618755,619392]
[666,38,660147,661392]
[667,183,100266,99000]
[668,167,729837,729030]
[669,110,187511,187909]
[670,249,58803,57967]
[671,241,437424,436452]
[672,18,211417,212818]
[673,169,712299,710859]
[674,130,214379,215697]
[675,193,570158,569219]
[676,34,100799,101074]
[677,279,450778,449471]
[678,5,245838,244352]
[679,102,16825,17170]
[680,228,132149,132514]
[681,108,700538,701797]
[682,70,379419,380118]
[683,201,443243,442699]
[684,208,46884,46996]
[685,54,147971,148894]
[686,108,462259,463003]
[687,115,160723,159433]
[688,98,137018,137353]
[689,116,363361,363762]
[690,79,623564,622487]
[691,129,642449,642175]
[692,239,727751,726739]
[693,51,258549,257934]
[694,20,243934,245339]
[695,185,528263,526888]
[696,221,66391,66016]
[697,235,445999,445889]
[698,181,303260,302831]
[699,11,698235,697537]
[700,186,570350,570862]
[701,270,239157,239455]
[702,101,369243,369011]
[703,88,343777,344921]
[704,109,285394,284334]
[705,61,313420,312489]
[706,55,220447,220131]
[707,199,332342,332239]
[708,12,694602,695663]
[709,46,361751,362586]
[710,125,399153,398286]
[711,225,567771,566689]
[712,34,342313,343426]
[713,254,152811,153724]
[714,28,703877,704435]
[715,64,446977,448361]
[716,55,127329,126411]
[717,55,245273,244171]
[718,203,556915,556204]
[719,223,578208,578072]
[720,123,228430,227255]
[721,202,304904,306301]
[722,15,625393,624046]
[723,55,293489,292889]
[724,119,548810,548768]
[725,107,691218,690175]
[726,208,378080,378696]
[727,19,515422,514328]
[728,44,594033,595097]
[729,93,688982,688260]
[730,264,651290,651500]
[731,94,496546,497919]
[732,177,495865,495357]
[733,250,166342,167030]
[734,175,520198,518975]
[735,90,726749,727948]
[736,83,405979,404702]
[737,43,559511,558467]
[738,191,296157,296125]
[739,113,82995,82221]
[740,268,90106,90820]
[741,148,678361,678601]
[742,145,359424,358393]
[743,266,642399,643639]
[744,50,624531,624802]
[745,181,91617,91041]
[746,97,194761,193262]
[747,3,477504,476358]
[748,206,710313,711038]
[749,236,546916,547001]
[750,253,656389,656221]
[751,126,469246,469966]
[752,175,427336,427078]
[753,100,408757,409509]
[754,195,40805,40536]
[755,205,465164,464655]
[756,252,119978,121304]
[757,75,433432,433150]
[758,214,91207,92204]
[759,103,688388,688247]
[760,19,675113,674822]
[761,99,463754,463544]
[762,264,106349,107620]
[763,197,600966,600866]
[764,2,475319,476153]
[765,146,595543,596863]
[766,57,157671,156252]
[767,231,559774,559474]
[768,224,672294,673372]
[769,45,440691,439211]
[770,95,210015,209676]
[771,152,591821,591851]
[772,132,340360,341634]
[773,279,504738,503710]
[774,146,456860,457271]
[775,169,609107,608922]
[776,69,229212,228145]
[777,278,244293,245316]
[778,48,138958,139483]
[779,245,326887,326531]
[780,229,530173,528800]
[781,147,346625,345793]
[782,179,236662,235334]
[783,68,533515,534634]
[784,79,643386,642660]
[785,27,49217,48224]
[786,131,122845,121797]
[787,179,368200,366706]
[788,82,721649,722894]
[789,254,536994,537969]
[790,27,314576,314291]
[791,110,356225,357258]
[792,201,416130,415276]
[793,171,125824,124606]
[794,103,138278,138217]
[795,270,423535,424780]
[796,77,382786,382562]
[797,106,400547,401832]
[798,234,162609,162860]
[799,86,46498,47708]
[800,53,563277,563229]
[801,187,580772,579517]
[802,6,281535,281960]
[803,13,151175,150086]
[804,274,272383,273432]
[805,84,99990,101317]
