["head":"wrap","lpos","status"]
[73,5805,0]
["io count"]
[810]
["io":"id","wrap","startLpos","endLpos"]
[1,74,195021,196044]
[2,196,586026,587342]
[3,207,36799,36547]
[4,92,548581,549992]
[5,182,123823,123901]
[6,132,598655,598925]
[7,20,575813,575950]
[8,147,11522,10646]
[9,47,48245,47909]
[10,124,520988,522377]
[11,153,562165,561392]
[12,28,367600,368709]
[13,0,236861,237184]
[14,254,468876,469092]
[15,241,254304,254222]
[16,171,323977,323877]
[17,243,50220,49433]
[18,78,322032,322932]
[19,242,474542,475446]
[20,272,279036,279580]
[21,74,620237,620741]
[22,243,123564,122975]
[23,239,246670,245295]
[24,249,271183,269897]
[25,47,152744,151702]
[26,97,703716,702972]
[27,111,231944,231292]
[28,20,299823,301007]
[29,261,206549,205448]
[30,72,282098,282981]
[31,185,362378,362077]
[32,266,53798,55029]
[33,167,576931,576364]
[34,132,125015,125715]
[35,172,263527,264419]
[36,47,661106,660351]
[37,151,648243,647222]
[38,279,581426,581292]
[39,249,531884,530500]
[40,159,574089,573139]
[41,137,136934,136021]
[42,157,130537,130274]
[43,70,565663,566728]
[44,250,729094,729882]
[45,276,311553,312883]
[46,196,395943,396949]
[47,270,213066,213388]
[48,239,216738,216517]
[49,190,276722,276785]
[50,223,186674,185274]
[51,186,404419,405894]
[52,47,431296,431189]
[53,210,677785,678042]
[54,190,508248,509561]
[55,59,383636,383473]
[56,122,439766,440794]
[57,35,260878,260502]
[58,15,677626,677375]
[59,111,64361,63320]
[60,244,261740,262153]
[61,26,43565,44230]
[62,26,648979,650125]
[63,164,615411,616571]
[64,121,658627,658300]
[65,49,339560,339459]
[66,48,555638,556648]
[67,183,675457,674878]
[68,55,384749,384344]
[69,140,531072,532085]
[70,32,660236,661483]
[71,82,240239,241085]
[72,266,644621,646077]
[73,33,510935,509651]
[74,6,304333,305112]
[75,191,629839,628364]
[76,186,346866,347194]
[77,147,10994,10963]
[78,234,436712,437542]
[79,232,712660,713921]
[80,167,19730,18985]
[81,268,640756,641161]
[82,73,275285,274161]
[83,210,647778,649096]
[84,15,415824,414541]
[85,145,96749,95803]
[86,224,207594,208453]
[87,159,444502,443350]
[88,122,175351,175817]
[89,86,142486,143569]
[90,270,602764,603678]
[91,160,404218,405009]
[92,221,367363,366568]
[93,84,70627,72070]
[94,110,38334,39360]
[95,143,1841,437]
[96,224,463425,464895]
[97,101,697643,696751]
[98,106,659799,659857]
[99,237,525975,525881]
[100,177,399633,398644]
[101,206,184867,185815]
[102,228,7439,7806]
[103,119,261873,260920]
[104,243,673142,671713]
[105,234,661644,662202]
[106,121,272487,271441]
[107,77,570788,569821]
[108,236,421920,422294]
[109,55,210292,210003]
[110,253,556420,555852]
[111,90,408317,409545]
[112,47,521542,520491]
[113,236,194644,194794]
[114,168,528272,528319]
[115,208,677189,678180]
[116,100,159375,159555]
[117,168,178319,179487]
[118,25,641651,641557]
[119,147,219377,219053]
[120,127,398621,398016]
[121,238,497041,497962]
[122,239,653431,652508]
[123,76,470216,471032]
[124,236,215050,215972]
[125,71,520354,519163]
[126,254,542656,543378]
[127,45,282383,281625]
[128,231,73009,72126]
[129,189,30957,29569]
[130,229,476764,475833]
[131,25,520386,519003]
[132,137,1954,1886]
[133,195,634806,634620]
[134,170,652910,653123]
[135,66,694821,694870]
[136,86,394805,395029]
[137,246,197746,199122]
[138,137,704465,704117]
[139,251,216328,215122]
[140,175,631167,630142]
[141,198,561852,562587]
[142,249,687955,687306]
[143,6,436264,436893]
[144,54,716897,717968]
[145,139,475361,474272]
[146,228,647381,647830]
[147,100,299996,300514]
[148,38,62262,63612]
[149,28,614592,616058]
[150,64,250745,251817]
[151,220,464067,465374]
[152,245,299713,299305]
[153,10,441284,441931]
[154,255,153918,152779]
[155,135,637753,636763]
[156,141,701774,701301]
[157,31,273508,272357]
[158,261,646955,645890]
[159,28,168016,168515]
[160,244,250244,250795]
[161,255,605097,604942]
[162,246,59852,60718]
[163,260,694315,695069]
[164,135,359421,358939]
[165,176,312698,312741]
[166,239,175675,175324]
[167,59,672341,670881]
[168,140,315079,315725]
[169,273,106155,105132]
[170,33,423888,423492]
[171,271,639992,639823]
[172,167,101432,100266]
[173,153,27638,26876]
[174,227,583735,582442]
[175,224,366550,366817]
[176,279,50225,49667]
[177,17,563661,562853]
[178,172,643291,644560]
[179,179,601847,601777]
[180,200,328801,330047]
[181,83,614797,614177]
[182,269,656969,655648]
[183,129,35288,33890]
[184,14,479464,480433]
[185,99,613561,612468]
[186,10,519549,520225]
[187,278,64186,64884]
[188,133,167663,166871]
[189,62,454491,455739]
[190,253,138154,138048]
[191,271,308036,307131]
[192,180,601544,602832]
[193,39,291356,291301]
[194,134,9630,10923]
[195,243,646126,645522]
[196,7,92576,91944]
[197,159,166960,166301]
[198,87,413871,412642]
[199,252,677956,678755]
[200,279,402843,402569]
[201,105,671119,670167]
[202,120,642264,642899]
[203,278,321997,322071]
[204,138,574254,574442]
[205,154,236834,237489]
[206,22,538377,538757]
[207,115,243687,243607]
[208,272,18786,19633]
[209,134,660548,661602]
[210,135,78637,77774]
[211,131,482114,481009]
[212,61,522168,521711]
[213,219,553945,553285]
[214,180,647453,648202]
[215,251,216118,215510]
[216,69,304925,304870]
[217,168,198736,199319]
[218,59,364143,363164]
[219,89,345140,344986]
[220,229,609075,608232]
[221,99,636338,634976]
[222,148,328591,329824]
[223,260,237174,238665]
[224,6,469894,470700]
[225,131,251468,251433]
[226,37,85735,84469]
[227,80,465973,466415]
[228,174,697763,698083]
[229,194,619241,619649]
[230,182,352343,352500]
[231,149,472205,471993]
[232,86,43341,44369]
[233,92,679431,680898]
[234,276,185437,185766]
[235,204,117175,118037]
[236,193,492352,491479]
[237,151,16984,15898]
[238,164,410263,410735]
[239,42,135075,135828]
[240,181,493807,493630]
[241,208,726621,726738]
[242,109,490294,489202]
[243,186,203861,205000]
[244,15,594368,594178]
[245,188,478058,478787]
[246,244,481378,482683]
[247,244,646494,646947]
[248,105,427159,426690]
[249,99,32918,32014]
[250,144,359637,360210]
[251,181,605611,604367]
[252,62,242494,243098]
[253,162,111202,111540]
[254,235,246874,245850]
[255,84,96720,97232]
[256,46,435843,436827]
[257,189,242488,241184]
[258,1,383046,382902]
[259,83,700886,699947]
[260,41,62919,61464]
[261,189,18066,17464]
[262,51,528131,527082]
[263,167,415445,414674]
[264,14,479467,480610]
[265,75,559359,558570]
[266,107,423741,423076]
[267,172,495036,496417]
[268,235,499207,498870]
[269,275,710592,709487]
[270,30,200815,200882]
[271,124,250486,251174]
[272,261,300697,299485]
[273,213,707191,706571]
[274,235,703254,701998]
[275,60,337066,338200]
[276,3,314037,313892]
[277,137,408643,408365]
[278,124,171228,171396]
[279,120,105720,106716]
[280,195,303655,303011]
[281,167,698663,697562]
[282,97,691010,690592]
[283,136,502734,503306]
[284,202,501721,502406]
[285,278,386447,386677]
[286,155,489055,487769]
[287,119,486071,485474]
[288,139,603133,602780]
[289,236,547835,547914]
[290,246,237126,238254]
[291,119,557264,556571]
[292,26,529568,530644]
[293,80,69025,69624]
[294,106,549329,550547]
[295,252,69696,71149]
[296,138,43766,44342]
[297,74,525161,525382]
[298,43,604121,603395]
[299,47,507229,506225]
[300,49,579349,578488]
[301,124,416958,417831]
[302,184,728767,728919]
[303,269,444089,443781]
[304,237,237011,236894]
[305,207,382364,381424]
[306,222,394892,396174]
[307,52,546621,548032]
[308,176,368230,368940]
[309,135,34696,34057]
[310,48,355115,355657]
[311,47,459577,458660]
[312,196,13569,13718]
[313,224,284350,285253]
[314,72,146078,146863]
[315,140,677497,677776]
[316,148,698256,699112]
[317,187,294535,294378]
[318,115,239657,238355]
[319,22,419574,419819]
[320,16,667423,668657]
[321,88,546733,546990]
[322,201,239709,238493]
[323,271,539554,538533]
[324,104,422157,422616]
[325,74,455378,456080]
[326,36,546465,547947]
[327,86,18630,19643]
[328,37,460954,459850]
[329,121,626348,625093]
[330,192,218397,218795]
[331,88,298287,298357]
[332,99,123873,122427]
[333,50,105712,107208]
[334,194,547508,548952]
[335,22,143891,145129]
[336,43,174863,174195]
[337,27,495830,495076]
[338,110,199512,199895]
[339,227,275123,273920]
[340,96,206536,206763]
[341,93,172643,172457]
[342,123,260341,258873]
[343,77,115283,113859]
[344,41,587111,586023]
[345,141,595141,594991]
[346,147,221263,219893]
[347,266,543473,544605]
[348,261,466012,465123]
[349,99,363078,362050]
[350,211,305494,305218]
[351,9,238563,237252]
[352,224,549378,550319]
[353,97,485339,484250]
[354,166,176580,177407]
[355,174,457560,458637]
[356,5,67670,66485]
[357,12,153249,154458]
[358,9,34156,34009]
[359,261,578324,577798]
[360,41,173597,172198]
[361,65,677552,676420]
[362,44,653285,654112]
[363,206,527434,528025]
[364,41,638274,637693]
[365,23,657826,657770]
[366,98,290865,291616]
[367,190,347631,347974]
[368,92,329865,330501]
[369,268,188341,188701]
[370,238,500639,501761]
[371,156,241692,242004]
[372,273,726583,725888]
[373,195,704467,703850]
[374,128,279186,280049]
[375,223,436537,436314]
[376,36,672828,673849]
[377,121,570874,569552]
[378,154,181515,182162]
[379,56,171153,171723]
[380,105,20879,20200]
[381,71,297182,296235]
[382,184,661525,662200]
[383,111,185323,184726]
[384,250,345068,345813]
[385,3,448785,447774]
[386,1,379931,379766]
[387,235,73200,73049]
[388,266,139663,140506]
[389,117,236110,235187]
[390,36,147652,149018]
[391,5,7233,6001]
[392,261,84427,83415]
[393,246,490090,491122]
[394,120,601942,602953]
[395,107,519333,519164]
[396,274,106721,107315]
[397,93,257864,256762]
[398,158,305268,306143]
[399,9,342448,342228]
[400,27,716052,715523]
[401,236,123821,124159]
[402,198,452635,454134]
[403,159,260971,259666]
[404,240,447093,448383]
[405,181,297593,297222]
[406,195,553942,552467]
[407,266,612867,613385]
[408,92,237522,237912]
[409,86,381045,381092]
[410,154,78218,78390]
[411,92,678705,679617]
[412,162,408153,409222]
[413,80,592234,593624]
[414,51,376475,375683]
[415,103,274364,273576]
[416,97,202044,201722]
[417,238,534351,534737]
[418,169,254862,253909]
[419,182,60710,61077]
[420,162,478469,479470]
[421,53,109816,108896]
[422,218,60968,61408]
[423,152,612626,612940]
[424,100,204767,206049]
[425,279,172445,171983]
[426,267,664972,663728]
[427,55,178668,177832]
[428,42,620659,621499]
[429,226,401014,401453]
[430,185,672737,672412]
[431,227,667329,666787]
[432,170,370809,371747]
[433,199,521914,520723]
[434,97,109696,109250]
[435,73,167888,167336]
[436,66,22152,22455]
[437,62,590814,591301]
[438,233,127749,127164]
[439,246,160130,160740]
[440,226,600459,601282]
[441,237,47139,46896]
[442,5,243128,242008]
[443,258,349394,350424]
[444,14,545645,546969]
[445,278,487364,488245]
[446,69,138974,138024]
[447,279,691905,690419]
[448,30,115108,115270]
[449,94,57285,58356]
[450,12,344989,345524]
[451,103,513409,512474]
[452,251,645914,645250]
[453,46,560400,560856]
[454,44,531614,532343]
[455,111,262988,262718]
[456,69,241179,239871]
[457,151,362265,360887]
[458,41,31120,29964]
[459,180,626528,627904]
[460,200,26500,27279]
[461,131,251025,250450]
[462,249,71146,69846]
[463,78,3152,3785]
[464,170,506901,507471]
[465,20,63891,65199]
[466,163,278724,277813]
[467,47,488147,486818]
[468,51,590545,589517]
[469,266,175938,176360]
[470,212,225331,226320]
[471,274,407243,407936]
[472,51,44973,43984]
[473,267,127345,127040]
[474,30,107523,108151]
[475,201,478004,476891]
[476,98,3613,4055]
[477,58,56670,57659]
[478,128,329982,331021]
[479,212,310859,310915]
[480,62,403271,403528]
[481,20,425962,426151]
[482,113,417847,416769]
[483,52,367985,369430]
[484,147,48259,47875]
[485,136,659100,659786]
[486,185,435795,435115]
[487,46,641127,641224]
[488,126,661876,662591]
[489,96,169386,169549]
[490,121,476142,475777]
[491,73,652288,651107]
[492,216,120517,120791]
[493,69,140164,139831]
[494,234,88428,89662]
[495,72,449144,450326]
[496,110,529928,531174]
[497,245,306910,306671]
[498,197,686614,685622]
[499,67,88486,88043]
[500,184,85471,86344]
[501,117,359436,359306]
[502,18,252395,253638]
[503,191,536616,535831]
[504,155,670995,670469]
[505,138,641292,642120]
[506,153,221652,220407]
[507,1,340446,340080]
[508,47,69866,68752]
[509,130,606978,607144]
[510,233,478386,477318]
[511,151,7393,6970]
[512,162,23897,24259]
[513,175,679153,678656]
[514,204,415414,416566]
[515,70,261974,263032]
[516,70,324863,325931]
[517,129,70411,70227]
[518,224,611440,611993]
[519,119,439647,438181]
[520,241,196799,195897]
[521,16,163046,164162]
[522,119,681620,681352]
[523,202,714298,715270]
[524,243,249381,247929]
[525,228,601189,602156]
[526,17,551013,550525]
[527,19,347042,345945]
[528,197,224052,223102]
[529,138,689111,689434]
[530,19,276850,275749]
[531,80,111096,112130]
[532,17,205710,205617]
[533,261,112157,112087]
[534,22,427694,429085]
[535,133,394635,394257]
[536,40,511227,511474]
[537,53,438204,437274]
[538,182,652946,654427]
[539,27,208447,207684]
[540,205,706918,705974]
[541,56,5713,5953]
[542,226,530362,531849]
[543,131,479135,478559]
[544,265,690967,689851]
[545,35,209292,208407]
[546,212,271706,273203]
[547,253,9336,8702]
[548,166,367055,368204]
[549,202,673480,673793]
[550,21,577553,576160]
[551,63,166765,166378]
[552,59,347840,347284]
[553,242,526867,528127]
[554,188,147265,148008]
[555,61,593010,591612]
[556,95,376894,376601]
[557,249,462793,461385]
[558,144,381299,382214]
[559,200,192535,193445]
[560,9,460369,459886]
[561,24,35202,35624]
[562,267,397465,396548]
[563,44,483871,485064]
[564,94,398309,399809]
[565,222,110677,111526]
[566,258,683706,683803]
[567,34,680827,682141]
[568,50,377193,378692]
[569,132,507758,508016]
[570,38,239763,240814]
[571,24,174774,175015]
[572,264,424260,424692]
[573,2,638658,639040]
[574,229,35464,34678]
[575,146,385885,387294]
[576,64,555027,555272]
[577,122,342021,343144]
[578,32,407931,408587]
[579,54,24586,24947]
[580,119,91338,90983]
[581,278,204053,204364]
[582,256,227559,228136]
[583,42,327179,327895]
[584,126,446416,447575]
[585,50,303283,303719]
[586,62,75312,76158]
[587,95,498333,497853]
[588,82,664401,665103]
[589,103,295911,295068]
[590,43,113159,112714]
[591,214,507533,508504]
[592,155,664007,663139]
[593,48,283822,284390]
[594,74,331969,333185]
[595,0,666467,667790]
[596,260,660759,661529]
[597,4,691732,693077]
[598,88,380931,381924]
[599,247,508794,508227]
[600,9,229930,228818]
[601,256,54571,55820]
[602,46,198596,199460]
[603,30,74989,76440]
[604,74,28315,28825]
[605,174,140115,141426]
[606,49,238902,238176]
[607,179,166221,164754]
[608,161,425660,425438]
[609,81,584772,583832]
[610,129,179806,178704]
[611,67,461346,459886]
[612,197,132294,132116]
[613,79,608462,607215]
[614,199,1698,550]
[615,187,650959,650296]
[616,71,408302,407592]
[617,202,153691,155104]
[618,204,94110,94251]
[619,154,439419,440914]
[620,171,368671,367661]
[621,117,339175,338538]
[622,218,188177,188931]
[623,171,384107,383399]
[624,209,217655,216693]
[625,183,478335,478102]
[626,150,363006,363981]
[627,78,491791,492718]
[628,259,323304,322087]
[629,38,186253,187304]
[630,209,123685,122579]
[631,192,292961,293125]
[632,221,193808,193431]
[633,54,46382,46442]
[634,136,247622,247921]
[635,50,129166,129787]
[636,88,297291,298061]
[637,181,648960,647584]
[638,3,45866,44749]
[639,242,49772,50067]
[640,227,323783,323083]
[641,237,503753,503323]
[642,124,221762,221868]
[643,132,449777,451080]
[644,141,103922,102730]
[645,67,239800,239450]
[646,243,611895,611139]
[647,65,720135,719421]
[648,154,488349,489146]
[649,255,92270,91116]
[650,95,198195,196847]
[651,188,154505,155652]
[652,181,561343,559975]
[653,243,668490,667477]
[654,162,434681,435556]
[655,137,493880,492741]
[656,196,139136,139668]
[657,262,619291,620469]
[658,129,193982,192960]
[659,168,16777,17218]
[660,233,701268,700499]
[661,66,548147,548351]
[662,236,727958,729168]
[663,59,489629,488456]
[664,129,632981,632194]
[665,187,409545,409261]
[666,126,329102,329614]
[667,263,170489,170010]
[668,217,143300,142484]
[669,186,413506,414789]
[670,261,85962,84616]
[671,257,607652,606403]
[672,277,481635,481602]
[673,82,174244,174748]
[674,275,636543,635626]
[675,223,197528,197322]
[676,250,672739,673028]
[677,194,102325,102659]
[678,179,503354,502132]
[679,20,436726,436992]
[680,184,727940,728837]
[681,176,268736,269768]
[682,99,464091,463616]
[683,191,335324,334219]
[684,126,265643,266978]
[685,242,606601,607681]
[686,27,540366,539035]
[687,227,721327,721020]
[688,250,586158,586880]
[689,96,393963,394008]
[690,276,27910,27989]
[691,48,528696,528894]
[692,85,198168,197124]
[693,90,539309,539709]
[694,11,172376,171064]
[695,118,199956,200794]
[696,163,244815,244638]
[697,272,489019,490274]
[698,210,18916,19100]
[699,57,194577,193759]
[700,138,159693,160763]
[701,137,128755,128608]
[702,35,654134,653728]
[703,28,315954,316776]
[704,241,352294,352232]
[705,57,632950,632395]
[706,206,382867,383422]
[707,13,102067,101868]
[708,242,615620,616694]
[709,41,574307,572842]
[710,117,504607,504028]
[711,111,440200,439907]
[712,225,73340,73137]
[713,61,366797,365938]
[714,177,498943,497536]
[715,152,403184,404149]
[716,163,393869,392432]
[717,257,292435,291758]
[718,160,352313,352873]
[719,266,381877,382975]
[720,101,599235,598257]
[721,206,290472,290544]
[722,272,524700,524846]
[723,215,626811,625402]
[724,228,497405,498320]
[725,97,99523,99145]
[726,149,672696,671450]
[727,49,567969,567450]
[728,141,48941,47634]
[729,234,331581,332716]
[730,47,81019,80567]
[731,175,242720,241357]
[732,229,134762,134682]
[733,52,675116,676472]
[734,114,491300,492264]
[735,220,670854,670977]
[736,27,679195,679040]
[737,73,492645,492006]
[738,111,454870,454811]
[739,172,50051,50547]
[740,97,303126,301985]
[741,136,250036,250996]
[742,197,672901,672532]
[743,67,555285,554677]
[744,130,167914,169011]
[745,97,369118,367965]
[746,136,654785,655273]
[747,164,217699,218479]
[748,261,101188,100712]
[749,114,41672,42766]
[750,44,628750,630209]
[751,259,64269,62938]
[752,139,679253,678655]
[753,35,108125,107577]
[754,55,557747,556456]
[755,207,538581,538184]
[756,17,230942,229586]
[757,66,97256,98679]
[758,139,463001,462815]
[759,203,360844,360488]
[760,186,327946,328964]
[761,247,346715,345604]
[762,214,507656,508154]
[763,76,638598,638910]
[764,70,210501,211151]
[765,78,502450,503227]
[766,252,243315,244076]
[767,203,634253,633130]
[768,278,98614,99754]
[769,25,11933,11590]
[770,103,524344,523326]
[771,57,390562,389448]
[772,100,600879,601292]
[773,218,151094,151533]
[774,191,180770,179424]
[775,80,424004,424961]
[776,135,278188,276873]
[777,37,546721,546465]
[778,23,12791,11574]
[779,30,125083,126509]
[780,128,340892,342012]
[781,53,47073,46404]
[782,36,391605,392022]
[783,56,431268,432063]
[784,157,401321,399988]
[785,211,138075,136903]
[786,137,170088,169867]
[787,190,284216,285085]
[788,70,687110,687581]
[789,45,633785,632977]
[790,75,495331,494781]
[791,213,574592,574239]
[792,9,393434,392380]
[793,228,591115,591655]
[794,268,260945,261107]
[795,45,441570,440924]
[796,22,459420,460639]
[797,235,593242,591998]
[798,227,498146,497393]
[799,184,507828,508078]
[800,264,344832,345188]
[801,184,172451,172796]
[802,236,32464,33471]
[803,6,389092,390363]
[804,136,409269,409543]
[805,112,373561,374459]
[806,268,498672,499000]
[807,218,669192,670610]
[808,51,324026,323218]
[809,208,555894,556123]
[810,134,505161,505416]
