["head":"wrap","lpos","status"]
[155,565694,1]
["io count"]
[815]
["io":"id","wrap","startLpos","endLpos"]
[1,166,258360,259374]
[2,213,719271,718728]
[3,205,360622,359454]
[4,65,346748,345488]
[5,197,450916,449798]
[6,75,64997,63862]
[7,118,442043,443490]
[8,153,252034,250624]
[9,59,123553,122575]
[10,133,14983,14834]
[11,179,243044,242450]
[12,243,101408,100592]
[13,168,347917,348964]
[14,182,239353,240774]
[15,146,235843,236820]
[16,176,57453,58089]
[17,177,384451,383789]
[18,174,713349,714683]
[19,61,225180,225120]
[20,279,236753,236352]
[21,185,413202,411990]
[22,170,111607,113044]
[23,41,76831,76548]
[24,153,166537,165890]
[25,259,599548,599273]
[26,189,84547,83315]
[27,20,231679,232230]
[28,104,394286,395197]
[29,101,92528,92340]
[30,141,473724,472289]
[31,254,490127,490456]
[32,276,531621,532068]
[33,257,561853,561285]
[34,4,116444,117471]
[35,225,377245,376809]
[36,125,259176,258286]
[37,7,72040,71308]
[38,30,513554,514035]
[39,111,609833,609649]
[40,77,595254,594959]
[41,223,655669,654805]
[42,220,164201,165071]
[43,139,508983,508324]
[44,268,160969,161897]
[45,197,247553,247203]
[46,214,673880,673945]
[47,207,261043,260520]
[48,62,354597,355872]
[49,146,644822,645514]
[50,189,420594,420067]
[51,183,276224,275914]
[52,165,535829,534458]
[53,200,708651,709452]
[54,52,209470,210921]
[55,9,530511,530434]
[56,258,385622,386687]
[57,220,209603,210272]
[58,175,217933,216865]
[59,104,620984,621753]
[60,212,466831,468070]
[61,201,497933,497449]
[62,191,726677,725355]
[63,100,279139,280614]
[64,229,680483,680207]
[65,186,42138,43580]
[66,279,485001,484815]
[67,120,98504,99660]
[68,67,422575,421313]
[69,31,68917,68474]
[70,207,89687,88787]
[71,158,399883,400880]
[72,240,449081,450110]
[73,191,184412,184295]
[74,99,82879,81995]
[75,83,24017,23239]
[76,194,199108,200192]
[77,277,611786,611239]
[78,20,522990,523035]
[79,70,261092,262403]
[80,120,482930,483993]
[81,83,432661,432590]
[82,19,247905,247702]
[83,190,76823,76859]
[84,110,308356,309453]
[85,236,158761,158979]
[86,252,195437,195518]
[87,29,437598,437561]
[88,176,717521,717577]
[89,78,550803,551403]
[90,161,106955,106570]
[91,81,78977,78778]
[92,234,401371,402136]
[93,248,393808,394640]
[94,155,352447,351106]
[95,228,213596,213693]
[96,66,560135,561560]
[97,57,31852,30690]
[98,218,47090,47946]
[99,164,261847,262724]
[100,8,632926,634058]
[101,176,329617,330860]
[102,271,151413,151089]
[103,55,532241,531097]
[104,39,50294,50036]
[105,146,462436,463465]
[106,172,402671,403914]
[107,5,639944,638743]
[108,210,57758,58253]
[109,259,603176,602334]
[110,87,347561,346348]
[111,153,131901,131786]
[112,97,121072,119701]
[113,138,289473,289596]
[114,206,141286,141363]
[115,193,120657,119374]
[116,36,111110,111816]
[117,110,170610,170982]
[118,234,140187,140474]
[119,201,555859,554553]
[120,240,656381,656654]
[121,242,538309,539052]
[122,193,266168,265095]
[123,79,24744,23384]
[124,267,304706,303871]
[125,134,551686,551827]
[126,209,711265,710191]
[127,51,145260,144393]
[128,245,342691,341582]
[129,149,658976,658315]
[130,195,51986,51613]
[131,186,571369,572800]
[132,7,557426,556173]
[133,80,575955,576953]
[134,172,491020,491913]
[135,39,93161,92210]
[136,238,427574,427720]
[137,127,159794,158706]
[138,8,491424,492872]
[139,133,515520,515221]
[140,278,140372,141835]
[141,97,249474,248092]
[142,142,178461,179527]
[143,174,89970,91393]
[144,63,427007,426406]
[145,229,651646,651299]
[146,93,474470,473737]
[147,90,569865,570987]
[148,106,600315,601233]
[149,207,331798,330474]
[150,45,45839,45574]
[151,165,706606,705897]
[152,23,428395,426965]
[153,209,214210,213281]
[154,176,357908,358155]
[155,220,586816,587253]
[156,123,353590,352610]
[157,249,375291,374843]
[158,196,607348,608319]
[159,251,477170,476554]
[160,134,125367,125736]
[161,104,384197,385414]
[162,180,299502,300968]
[163,207,357120,356755]
[164,260,31450,31576]
[165,100,88353,89368]
[166,257,289613,288429]
[167,76,515290,516360]
[168,176,41878,43106]
[169,212,330476,331801]
[170,265,651863,650607]
[171,55,470527,470223]
[172,267,280739,280473]
[173,32,656000,656573]
[174,225,121826,120674]
[175,83,57090,55797]
[176,201,611114,610399]
[177,25,427545,427342]
[178,195,339822,338614]
[179,185,338031,337420]
[180,62,665109,666585]
[181,126,377362,377413]
[182,122,160704,160878]
[183,54,582917,584341]
[184,10,308554,309240]
[185,143,666233,665561]
[186,62,62295,62537]
[187,243,177281,176597]
[188,66,356559,356632]
[189,165,330150,329415]
[190,227,280826,280025]
[191,256,463573,464136]
[192,186,301301,301499]
[193,234,182788,184145]
[194,18,10542,11395]
[195,163,491771,490640]
[196,43,549981,549482]
[197,191,467387,466504]
[198,208,271975,272245]
[199,196,217783,219159]
[200,171,550766,550403]
[201,151,546698,546403]
[202,58,37416,38664]
[203,81,148046,147769]
[204,104,62499,63185]
[205,277,581407,580999]
[206,178,449775,449894]
[207,18,654069,655054]
[208,78,231145,232626]
[209,134,377802,378287]
[210,11,105088,104213]
[211,275,622933,622576]
[212,221,91773,91309]
[213,7,336163,335315]
[214,178,287187,287552]
[215,49,223176,222065]
[216,38,634296,634956]
[217,251,284966,284469]
[218,237,98855,97958]
[219,225,391240,390670]
[220,115,336290,335803]
[221,172,401731,402505]
[222,164,458158,458332]
[223,103,554692,553479]
[224,209,293377,292408]
[225,3,360836,360207]
[226,237,633604,633331]
[227,162,459822,459880]
[228,263,303617,302506]
[229,95,339132,337778]
[230,25,650005,648697]
[231,159,184916,184228]
[232,137,216357,215232]
[233,105,399932,398658]
[234,218,364832,365250]
[235,60,533812,534014]
[236,123,570141,569491]
[237,39,435403,435297]
[238,6,533452,534268]
[239,232,584482,585650]
[240,163,660801,660378]
[241,253,590512,589127]
[242,57,550783,549544]
[243,144,312523,312783]
[244,189,584603,584301]
[245,189,429657,429608]
[246,125,548668,547799]
[247,100,555386,556163]
[248,112,721267,722592]
[249,122,419956,420393]
[250,223,436087,435624]
[251,265,660959,660810]
[252,131,24502,23263]
[253,201,296011,295538]
[254,84,241829,242012]
[255,262,249678,250299]
[256,69,582857,581902]
[257,224,667069,667554]
[258,232,714606,715567]
[259,175,199128,198141]
[260,236,463602,464394]
[261,150,343747,344025]
[262,172,403372,403737]
[263,166,368893,368924]
[264,218,464410,465300]
[265,74,82258,83361]
[266,0,637355,638705]
[267,25,568416,567258]
[268,44,724393,725133]
[269,231,301094,300331]
[270,135,663724,663024]
[271,110,396383,397295]
[272,6,94571,95993]
[273,93,234259,233117]
[274,21,127148,126521]
[275,45,85201,84141]
[276,92,194614,195936]
[277,53,400273,399716]
[278,226,252508,253069]
[279,241,90726,89594]
[280,163,237407,236614]
[281,2,366737,366984]
[282,234,91836,91897]
[283,251,587541,586884]
[284,24,157375,157886]
[285,0,131103,131311]
[286,70,241635,243073]
[287,165,184852,184712]
[288,133,35050,34134]
[289,240,700173,701433]
[290,228,715809,716938]
[291,16,379201,380311]
[292,234,395874,396494]
[293,64,341556,342611]
[294,40,382831,384036]
[295,205,14588,13578]
[296,263,420034,419337]
[297,101,527710,527203]
[298,63,630737,630577]
[299,217,132102,131199]
[300,78,278100,279084]
[301,44,616385,617248]
[302,114,277473,277831]
[303,201,277612,276175]
[304,14,437108,438252]
[305,7,683678,682506]
[306,98,38022,38066]
[307,78,611171,612544]
[308,29,5198,3934]
[309,76,279866,281044]
[310,208,685221,686631]
[311,118,618264,618689]
[312,33,511342,510474]
[313,119,328138,326801]
[314,129,102103,101347]
[315,66,468125,468672]
[316,229,71380,70104]
[317,250,474865,476005]
[318,202,30805,31345]
[319,226,256560,256919]
[320,228,314338,315382]
[321,23,116850,115658]
[322,40,252428,253553]
[323,51,182221,181254]
[324,164,607541,608121]
[325,234,129516,130627]
[326,195,255036,254375]
[327,33,158984,158233]
[328,108,553673,553956]
[329,36,196363,196587]
[330,120,444832,446149]
[331,35,9039,8709]
[332,47,274508,273060]
[333,78,557591,559032]
[334,85,47441,46993]
[335,218,610541,611553]
[336,139,185066,184516]
[337,71,254796,253471]
[338,6,2554,3524]
[339,69,570849,570736]
[340,5,324905,324490]
[341,206,565552,566027]
[342,196,654140,655184]
[343,160,321126,321550]
[344,149,260908,259680]
[345,7,677207,675902]
[346,45,147625,147319]
[347,114,177243,178394]
[348,184,614150,614250]
[349,59,6091,5763]
[350,197,375744,375179]
[351,124,600315,600676]
[352,26,36133,36413]
[353,16,304277,305522]
[354,223,120795,120175]
[355,0,309179,310530]
[356,221,363349,363197]
[357,121,454652,453161]
[358,260,494109,495273]
[359,116,710462,710830]
[360,194,384457,385381]
[361,83,186355,185393]
[362,219,325338,324025]
[363,92,672084,673166]
[364,194,120163,120253]
[365,149,11486,11239]
[366,278,334173,335147]
[367,216,720731,720829]
[368,196,379602,380590]
[369,242,295518,296281]
[370,199,672766,671318]
[371,4,431646,432723]
[372,66,126405,127560]
[373,121,340566,340306]
[374,57,277833,277519]
[375,121,579777,578747]
[376,139,528810,527611]
[377,54,239948,241210]
[378,155,625709,624381]
[379,126,135082,136214]
[380,93,42580,41872]
[381,15,717098,716888]
[382,251,385578,385187]
[383,3,669675,668848]
[384,221,725656,724428]
[385,261,273269,273126]
[386,94,237430,238580]
[387,151,665812,665392]
[388,55,110952,110253]
[389,160,45622,46381]
[390,97,538479,537017]
[391,103,694875,694285]
[392,206,608552,609970]
[393,143,308867,307416]
[394,227,620134,619669]
[395,217,14432,13338]
[396,121,462429,461761]
[397,105,17561,16599]
[398,15,678499,677524]
[399,69,386942,385618]
[400,99,466729,466410]
[401,192,334409,335537]
[402,182,250177,250980]
[403,152,170022,170176]
[404,141,613998,613365]
[405,140,76720,77393]
[406,26,147497,148844]
[407,169,278188,277120]
[408,111,477751,476758]
[409,254,214610,215463]
[410,254,341210,342463]
[411,190,378259,379171]
[412,175,42233,41243]
[413,44,596577,597831]
[414,195,103214,101903]
[415,117,548977,548486]
[416,197,268891,267839]
[417,266,115836,116219]
[418,128,599488,600294]
[419,248,139398,139998]
[420,27,490094,488929]
[421,56,326712,327021]
[422,88,671289,671568]
[423,119,391643,391606]
[424,39,584981,584641]
[425,266,210731,211670]
[426,16,566068,566182]
[427,175,707484,706951]
[428,55,459032,458352]
[429,172,643870,645070]
[430,175,262151,261386]
[431,261,314254,314061]
[432,122,3919,5409]
[433,100,167886,168302]
[434,234,241191,242500]
[435,219,77091,76962]
[436,260,492779,493448]
[437,178,323951,324561]
[438,64,300229,300522]
[439,150,124029,124406]
[440,247,42593,42485]
[441,181,382306,380980]
[442,59,684242,682884]
[443,132,192095,192725]
[444,21,672611,671352]
[445,132,315574,317011]
[446,24,218381,219868]
[447,268,602980,603976]
[448,48,485609,486178]
[449,189,483625,482620]
[450,173,453507,453097]
[451,133,683939,683355]
[452,235,118923,118418]
[453,170,526814,527104]
[454,194,411820,412603]
[455,279,522175,520900]
[456,135,8619,7463]
[457,272,359960,361106]
[458,37,15930,15060]
[459,204,242747,243689]
[460,11,377432,377081]
[461,45,211381,210431]
[462,143,603412,602494]
[463,191,505003,504781]
[464,241,50316,49694]
[465,277,130283,130020]
[466,101,260022,259545]
[467,135,482256,481995]
[468,161,157648,157317]
[469,224,434274,435212]
[470,42,496840,496960]
[471,194,162293,162671]
[472,169,326431,324979]
[473,267,302161,301871]
[474,240,691551,692776]
[475,267,412405,411032]
[476,26,527241,527566]
[477,193,576201,575104]
[478,22,672027,672914]
[479,111,321484,320421]
[480,106,413224,413611]
[481,175,118559,118130]
[482,162,444646,445415]
[483,212,276955,277350]
[484,192,15097,15479]
[485,13,232166,231123]
[486,141,388185,386854]
[487,130,572559,573608]
[488,191,332609,332242]
[489,203,373329,372740]
[490,168,568645,570132]
[491,174,56666,57547]
[492,8,20479,21589]
[493,240,717216,718427]
[494,38,45949,46703]
[495,78,197658,198418]
[496,65,19679,18812]
[497,270,487025,488356]
[498,19,138820,138122]
[499,10,279262,279740]
[500,153,396989,396510]
[501,148,2781,3241]
[502,12,670155,670414]
[503,194,217962,219040]
[504,186,221927,222974]
[505,151,372548,371583]
[506,89,116884,116277]
[507,62,204256,205725]
[508,276,65750,67122]
[509,152,209317,210489]
[510,28,545979,547365]
[511,274,227574,228319]
[512,169,709457,708180]
[513,40,398499,399487]
[514,40,410052,411547]
[515,97,483238,482414]
[516,90,478532,479387]
[517,31,137531,136463]
[518,2,244858,246281]
[519,48,515912,516632]
[520,138,373467,374666]
[521,126,515971,516335]
[522,30,259436,259860]
[523,187,58748,57781]
[524,106,511681,511908]
[525,200,257108,257689]
[526,224,606454,607799]
[527,117,290658,289595]
[528,152,558813,559728]
[529,270,406613,407055]
[530,261,415262,413928]
[531,186,103263,104716]
[532,29,253551,253050]
[533,203,60466,60085]
[534,168,670024,671173]
[535,245,703191,702296]
[536,249,183501,182431]
[537,101,32504,32084]
[538,146,87910,89002]
[539,228,423827,424636]
[540,5,209799,208387]
[541,278,424268,424324]
[542,77,338401,337591]
[543,115,395792,395060]
[544,249,675382,673959]
[545,127,212529,212457]
[546,13,442232,441524]
[547,126,486788,487910]
[548,24,217785,218624]
[549,161,679205,678997]
[550,236,573011,574036]
[551,221,436375,435500]
[552,6,132716,133975]
[553,70,585370,585569]
[554,255,324179,322763]
[555,186,719678,719882]
[556,8,401588,402633]
[557,95,563809,562804]
[558,199,431860,431327]
[559,230,539657,540984]
[560,76,678865,678938]
[561,179,250921,250638]
[562,74,399843,400177]
[563,167,452357,452259]
[564,246,554071,554526]
[565,229,113744,112247]
[566,112,36449,36605]
[567,209,599172,598213]
[568,89,327501,327438]
[569,141,63197,63074]
[570,80,450622,450835]
[571,53,94499,93759]
[572,272,715601,715870]
[573,145,536823,536720]
[574,211,479754,478942]
[575,251,660124,659847]
[576,17,610109,610011]
[577,177,631143,630601]
[578,65,611512,610948]
[579,43,524517,524062]
[580,16,95479,96648]
[581,90,615487,616515]
[582,146,372635,372727]
[583,43,385198,384400]
[584,208,588147,589575]
[585,75,502508,501075]
[586,83,220513,219639]
[587,265,646710,645386]
[588,77,280515,280109]
[589,38,420021,421497]
[590,120,15485,15573]
[591,59,65070,64237]
[592,35,612764,611989]
[593,102,129934,130854]
[594,37,269523,269010]
[595,47,506277,504883]
[596,30,214814,215324]
[597,176,546610,547732]
[598,252,405387,406322]
[599,252,146856,147198]
[600,145,504481,504209]
[601,63,278740,277354]
[602,39,721841,720953]
[603,140,211605,212466]
[604,74,269629,269770]
[605,131,578014,576657]
[606,257,370741,370051]
[607,11,478554,477552]
[608,154,496168,497220]
[609,66,659807,660059]
[610,179,269571,268807]
[611,237,721972,721931]
[612,268,170828,171223]
[613,255,122916,122034]
[614,26,198555,198758]
[615,32,192859,193799]
[616,236,689499,690062]
[617,57,701390,701235]
[618,168,23562,24110]
[619,19,85967,85516]
[620,94,516750,517036]
[621,42,392693,394161]
[622,162,186489,186929]
[623,261,13134,11763]
[624,159,472485,471737]
[625,232,612969,613490]
[626,277,34629,34443]
[627,143,423811,423408]
[628,49,669992,669839]
[629,64,181330,181904]
[630,74,685901,686611]
[631,187,520585,519532]
[632,116,179553,180927]
[633,178,686075,686682]
[634,92,63741,64436]
[635,74,723605,724747]
[636,100,507972,508838]
[637,274,361742,362554]
[638,218,255518,256314]
[639,89,96036,95863]
[640,100,85375,86518]
[641,244,9097,9888]
[642,77,452281,451608]
[643,37,517867,517404]
[644,208,730274,730451]
[645,245,620378,619572]
[646,30,596911,597240]
[647,3,632704,632309]
[648,265,416190,415915]
[649,127,209830,209403]
[650,251,544496,543990]
[651,193,51955,51420]
[652,60,520514,521370]
[653,252,385418,385495]
[654,69,377633,377412]
[655,190,366959,367813]
[656,269,169923,169056]
[657,83,362530,361442]
[658,153,727137,726649]
[659,248,341196,341570]
[660,164,325569,326605]
[661,148,698604,698981]
[662,113,476744,475311]
[663,215,589635,588836]
[664,97,319668,319018]
[665,50,10062,10374]
[666,190,422471,423293]
[667,106,236355,236935]
[668,259,678396,678263]
[669,218,121285,121385]
[670,274,355161,356180]
[671,125,16564,16118]
[672,137,522338,522074]
[673,203,287342,286350]
[674,223,479898,478596]
[675,163,85728,84496]
[676,59,701946,700821]
[677,43,38666,38216]
[678,205,200154,200099]
[679,89,316782,315355]
[680,148,673459,673873]
[681,40,123912,124962]
[682,180,692767,693419]
[683,116,115773,116430]
[684,75,293607,293008]
[685,211,457761,456823]
[686,19,530077,528778]
[687,258,653439,654788]
[688,56,689879,690316]
[689,248,8007,8471]
[690,185,205811,204732]
[691,256,679753,680396]
[692,176,272443,272539]
[693,217,278139,277327]
[694,128,568218,569245]
[695,135,408236,407684]
[696,22,141337,142439]
[697,190,41757,42034]
[698,216,572885,573820]
[699,270,676042,677382]
[700,209,522950,521619]
[701,198,59783,59859]
[702,100,579628,580229]
[703,205,575832,575579]
[704,53,114604,114299]
[705,68,217809,218077]
[706,39,53159,52660]
[707,161,154740,153424]
[708,171,452636,451779]
[709,139,56880,56637]
[710,128,38138,39128]
[711,69,539701,539426]
[712,80,68978,69753]
[713,69,395011,394643]
[714,34,227522,227810]
[715,58,358088,358983]
[716,73,257819,256868]
[717,259,634047,632774]
[718,261,690793,689297]
[719,93,498907,497898]
[720,172,445166,445576]
[721,218,444564,445186]
[722,220,508102,508428]
[723,106,446410,447216]
[724,73,582110,581939]
[725,149,335652,334224]
[726,62,103189,103576]
[727,218,384146,384640]
[728,2,146541,147754]
[729,190,201914,202778]
[730,273,337807,336886]
[731,190,573264,573377]
[732,219,117385,116052]
[733,242,562894,563304]
[734,242,342345,343529]
[735,37,363201,361915]
[736,209,64435,63539]
[737,154,29067,29948]
[738,35,23355,23242]
[739,95,476980,476521]
[740,78,44962,45305]
[741,166,457138,458202]
[742,84,557616,558600]
[743,51,75411,74949]
[744,107,208693,208024]
[745,159,35843,34666]
[746,242,209378,210264]
[747,109,81015,80858]
[748,82,458982,459977]
[749,72,414112,414251]
[750,34,21784,22105]
[751,211,633483,632736]
[752,259,158460,157418]
[753,151,357270,356101]
[754,127,253986,253096]
[755,32,663460,664339]
[756,156,283522,284864]
[757,16,272905,273235]
[758,246,399901,400873]
[759,84,527988,528931]
[760,62,201599,203018]
[761,118,623530,624571]
[762,8,339270,339991]
[763,169,457405,456276]
[764,51,479304,478260]
[765,75,532175,530921]
[766,164,214829,215953]
[767,63,307360,306195]
[768,155,415206,414321]
[769,279,682454,681148]
[770,152,295550,296845]
[771,204,590234,591052]
[772,77,691346,690153]
[773,27,588905,587801]
[774,30,39639,40002]
[775,234,665437,665537]
[776,48,393315,393760]
[777,140,578788,578894]
[778,170,323605,324483]
[779,34,167966,168090]
[780,77,573411,572269]
[781,99,535245,534615]
[782,132,465519,465823]
[783,265,242972,241647]
[784,133,366951,365938]
[785,41,71491,70466]
[786,114,475880,476315]
[787,46,375122,375946]
[788,96,311936,312925]
[789,47,597932,597425]
[790,153,673243,672770]
[791,81,104170,103784]
[792,136,337818,338983]
[793,253,141270,141235]
[794,27,621296,620139]
[795,53,529453,528938]
[796,252,396419,397798]
[797,256,39623,40004]
[798,30,147761,148367]
[799,133,305490,304127]
[800,52,607312,608761]
[801,43,359317,357940]
[802,267,716433,716026]
[803,126,23582,24409]
[804,244,160795,161795]
[805,215,254586,253261]
[806,57,108505,107281]
[807,144,625004,625879]
[808,165,424907,423582]
[809,259,459278,457949]
[810,225,270603,269703]
[811,18,325929,327284]
[812,255,196928,195742]
[813,109,611886,611697]
[814,8,66093,66302]
[815,137,132584,131733]
