["head":"wrap","lpos","status"]
[270,122067,0]
["io count"]
[820]
["io":"id","wrap","startLpos","endLpos"]
[1,249,226210,225420]
[2,75,381397,380757]
[3,69,349730,348263]
[4,262,608836,609991]
[5,81,25414,24460]
[6,55,488264,487857]
[7,69,548824,548763]
[8,180,20267,21594]
[9,278,641654,642294]
[10,8,158079,158141]
[11,241,452453,452300]
[12,43,51008,49784]
[13,216,284696,285725]
[14,90,279855,280033]
[15,234,709622,711060]
[16,142,315528,315722]
[17,147,428864,428586]
[18,230,616273,617540]
[19,173,36838,35559]
[20,213,65958,65254]
[21,187,122276,121446]
[22,2,81418,82326]
[23,158,680456,681801]
[24,37,348231,346973]
[25,93,572543,571325]
[26,233,40012,38951]
[27,181,223661,222439]
[28,54,34268,34662]
[29,248,440374,441595]
[30,89,458888,457774]
[31,7,668742,667311]
[32,199,362933,362662]
[33,33,708540,708318]
[34,57,448725,447653]
[35,217,559213,558165]
[36,131,681503,680945]
[37,136,366432,367042]
[38,1,216429,216348]
[39,236,619310,620429]
[40,150,80563,82043]
[41,262,8782,10055]
[42,220,712352,712829]
[43,67,346619,345681]
[44,177,363856,363713]
[45,249,104159,103332]
[46,208,568346,569145]
[47,43,107924,106672]
[48,236,435117,435968]
[49,194,406581,407199]
[50,166,278461,279331]
[51,219,528439,526994]
[52,11,711538,711138]
[53,180,680654,681443]
[54,7,112563,112383]
[55,191,727920,727402]
[56,166,633134,634324]
[57,272,651673,652448]
[58,165,629471,628810]
[59,229,73744,72341]
[60,11,87676,87591]
[61,128,371855,372597]
[62,168,61159,62029]
[63,106,44608,45115]
[64,65,310396,309506]
[65,237,529943,529267]
[66,140,253098,253511]
[67,246,359022,360490]
[68,130,710852,712159]
[69,11,83690,83388]
[70,242,614294,615336]
[71,236,351597,352708]
[72,223,189857,189702]
[73,54,458199,458240]
[74,14,626063,627307]
[75,235,534702,533439]
[76,260,423514,424548]
[77,4,507367,507473]
[78,219,523293,522998]
[79,25,251081,250995]
[80,72,81223,81810]
[81,177,125691,124550]
[82,209,605508,605126]
[83,182,662723,663053]
[84,162,645982,647015]
[85,51,47166,45983]
[86,118,356211,356293]
[87,16,696605,697575]
[88,158,323532,324953]
[89,221,20233,19722]
[90,103,229983,228854]
[91,213,64076,62719]
[92,217,717353,716658]
[93,108,391400,391569]
[94,230,465025,466230]
[95,185,676831,675518]
[96,157,234997,234740]
[97,212,673921,674541]
[98,263,11806,11700]
[99,130,50006,50970]
[100,104,616784,617632]
[101,150,536307,536764]
[102,109,407113,406545]
[103,46,641447,642252]
[104,265,175300,174309]
[105,135,640098,638789]
[106,223,340390,340123]
[107,163,592019,591390]
[108,85,154256,154045]
[109,35,513495,513029]
[110,163,537747,537217]
[111,259,303783,302482]
[112,62,176597,177470]
[113,274,278564,279818]
[114,30,496427,497492]
[115,148,411928,412386]
[116,204,73066,73600]
[117,57,71468,70592]
[118,8,603643,604687]
[119,100,554355,555073]
[120,231,327983,327160]
[121,278,700015,701294]
[122,270,172904,173445]
[123,185,312343,311656]
[124,40,237888,238876]
[125,17,575185,574456]
[126,172,125494,125717]
[127,2,345965,346553]
[128,45,282858,281909]
[129,185,415699,415389]
[130,218,149867,151201]
[131,248,297619,298342]
[132,158,62286,63455]
[133,69,154957,153973]
[134,234,497064,497902]
[135,109,119176,118589]
[136,47,162929,162007]
[137,279,408006,407693]
[138,100,393642,394480]
[139,144,138818,139043]
[140,152,528936,530116]
[141,215,219936,219720]
[142,222,651875,652740]
[143,259,553890,553255]
[144,96,329940,330143]
[145,34,720131,721367]
[146,172,519088,519559]
[147,186,427306,427410]
[148,74,214756,214869]
[149,166,175210,176667]
[150,105,100937,99962]
[151,188,432958,433602]
[152,233,390361,389122]
[153,123,374075,373114]
[154,263,486025,484701]
[155,235,285773,284760]
[156,198,275526,276113]
[157,69,218245,216922]
[158,226,675418,676112]
[159,275,94967,94300]
[160,68,434841,435495]
[161,179,74555,73797]
[162,233,565367,564350]
[163,107,606703,605296]
[164,234,404660,405332]
[165,121,436895,436237]
[166,125,705602,704902]
[167,71,532776,531513]
[168,187,145354,144983]
[169,48,260679,261582]
[170,87,725109,724238]
[171,194,397213,398440]
[172,70,425398,425738]
[173,193,464607,464534]
[174,251,27396,26206]
[175,223,197839,197747]
[176,47,223695,222338]
[177,159,442152,441869]
[178,214,526881,528347]
[179,190,132634,132972]
[180,51,8236,7965]
[181,222,249163,249400]
[182,181,302397,301857]
[183,137,658985,658408]
[184,221,286671,286538]
[185,19,165396,165190]
[186,84,709317,709542]
[187,35,626643,625604]
[188,175,237838,237012]
[189,147,97984,96799]
[190,235,128655,128454]
[191,84,636116,636904]
[192,126,15221,16504]
[193,184,652159,652230]
[194,212,302674,304170]
[195,256,577952,578903]
[196,24,129047,129745]
[197,38,530579,531791]
[198,94,65102,65406]
[199,271,117822,117009]
[200,2,612898,613540]
[201,130,66990,68210]
[202,108,631894,632942]
[203,95,667616,666919]
[204,238,373818,374184]
[205,237,254335,253342]
[206,179,122801,121839]
[207,140,684191,684463]
[208,263,602290,601325]
[209,129,363152,363069]
[210,187,614444,613413]
[211,65,174095,173385]
[212,14,46032,47378]
[213,271,185081,183842]
[214,188,674148,675087]
[215,159,131351,130738]
[216,180,303364,304085]
[217,221,192384,191586]
[218,115,642107,641370]
[219,94,468574,469476]
[220,274,145820,147201]
[221,92,226831,227890]
[222,185,65358,64080]
[223,62,32080,32486]
[224,216,721302,722567]
[225,212,453047,454276]
[226,196,323786,324348]
[227,25,266786,266003]
[228,64,638298,639463]
[229,50,662574,663585]
[230,47,228879,228387]
[231,125,94140,93688]
[232,97,702083,700734]
[233,216,340463,341761]
[234,172,37395,38588]
[235,138,342849,343785]
[236,52,565650,565890]
[237,90,573647,573822]
[238,49,205404,205190]
[239,80,142073,143307]
[240,269,46370,45758]
[241,194,354916,355814]
[242,75,538554,537564]
[243,177,539648,539499]
[244,71,560713,560671]
[245,132,283735,284320]
[246,94,698216,698791]
[247,266,136040,136204]
[248,262,650260,651580]
[249,220,469309,469808]
[250,65,17363,16843]
[251,93,636053,635087]
[252,1,52650,51977]
[253,9,135661,135497]
[254,50,224786,225988]
[255,11,593638,592714]
[256,87,490672,490429]
[257,269,204145,203087]
[258,55,429004,428903]
[259,47,309133,308278]
[260,241,389679,389596]
[261,62,140590,141793]
[262,6,122292,123714]
[263,215,422688,422597]
[264,272,225085,226003]
[265,94,22385,23852]
[266,153,458834,458472]
[267,92,534284,535362]
[268,260,88855,89475]
[269,57,495258,494929]
[270,236,529981,530877]
[271,98,366789,367216]
[272,170,258893,260330]
[273,75,44705,44146]
[274,136,272583,273568]
[275,215,17892,17223]
[276,220,265254,266569]
[277,276,613436,613990]
[278,163,154817,153944]
[279,184,420503,421883]
[280,249,515544,515414]
[281,78,497133,498178]
[282,181,347790,347281]
[283,215,431302,430365]
[284,72,689681,690736]
[285,144,266305,266519]
[286,277,539555,539119]
[287,55,608764,608547]
[288,184,177334,177753]
[289,274,220951,221866]
[290,52,226131,227198]
[291,1,725838,725198]
[292,151,700279,700124]
[293,75,601607,600137]
[294,41,428059,427714]
[295,194,57680,58696]
[296,247,587557,587298]
[297,136,704071,704778]
[298,151,606754,605378]
[299,208,238830,239574]
[300,99,341631,341231]
[301,20,43068,44357]
[302,24,651399,652030]
[303,243,63051,62868]
[304,43,691362,690120]
[305,116,89756,90801]
[306,134,9053,9342]
[307,86,255242,256349]
[308,175,331414,330342]
[309,57,280155,279368]
[310,93,407078,405993]
[311,12,415339,416441]
[312,241,390590,389546]
[313,193,38196,37956]
[314,120,545440,545778]
[315,153,412762,411311]
[316,42,564153,565595]
[317,205,291007,289804]
[318,1,306630,305315]
[319,66,14212,15209]
[320,195,336366,335228]
[321,23,109337,109198]
[322,106,375562,375799]
[323,246,134640,135321]
[324,57,331607,330492]
[325,112,626717,627820]
[326,245,353079,351935]
[327,3,241867,241574]
[328,253,110311,109018]
[329,47,7526,6159]
[330,122,371859,373272]
[331,245,160724,160486]
[332,4,394385,395133]
[333,111,232166,232088]
[334,28,482976,483908]
[335,60,94150,95032]
[336,118,546034,546341]
[337,212,147651,149150]
[338,173,558928,558464]
[339,102,387077,387581]
[340,154,242052,242631]
[341,125,9177,8795]
[342,188,591704,592932]
[343,261,25386,24799]
[344,17,104457,104395]
[345,13,87301,86313]
[346,174,3920,4709]
[347,32,112407,113453]
[348,139,689499,688862]
[349,36,615938,617434]
[350,48,220204,220422]
[351,140,491137,491813]
[352,121,370465,369585]
[353,215,490075,489200]
[354,161,573333,573137]
[355,50,126559,127668]
[356,245,206483,205007]
[357,255,51804,50382]
[358,24,294340,295641]
[359,59,426763,425396]
[360,114,14882,15365]
[361,12,157957,158907]
[362,182,479088,479582]
[363,169,41831,40922]
[364,74,275427,275853]
[365,124,687490,688109]
[366,205,513250,512316]
[367,203,688922,688779]
[368,15,643420,642478]
[369,254,313178,313278]
[370,54,77532,78076]
[371,121,255574,254104]
[372,47,444981,443843]
[373,210,721325,722498]
[374,39,565088,563646]
[375,80,147543,148170]
[376,39,405221,404696]
[377,32,286614,287433]
[378,277,609542,608417]
[379,265,583433,582014]
[380,73,9242,8547]
[381,95,584757,583367]
[382,254,429516,430393]
[383,32,18883,19715]
[384,98,727215,728415]
[385,164,687443,688084]
[386,256,428130,429084]
[387,259,570558,569751]
[388,271,377505,376353]
[389,207,72131,72030]
[390,5,98131,97139]
[391,198,382428,382993]
[392,106,145559,145985]
[393,182,513259,513428]
[394,263,262576,262400]
[395,46,561145,561806]
[396,243,419889,419548]
[397,62,685675,686009]
[398,148,565522,566025]
[399,1,14740,14456]
[400,222,374781,375222]
[401,230,155183,156570]
[402,12,117259,117973]
[403,125,484456,483831]
[404,225,165727,165271]
[405,227,617386,617018]
[406,135,603145,601897]
[407,140,395421,396056]
[408,216,614743,615998]
[409,150,162824,163896]
[410,52,475965,477226]
[411,211,720368,719013]
[412,131,274821,274774]
[413,144,63310,64301]
[414,46,189434,189639]
[415,131,690115,688619]
[416,194,722539,723127]
[417,15,547342,546706]
[418,5,199034,197715]
[419,10,105054,106272]
[420,66,7993,8918]
[421,119,725625,725139]
[422,249,220202,218731]
[423,206,553374,553592]
[424,200,73956,74441]
[425,194,417565,417998]
[426,37,479743,479312]
[427,74,113938,115355]
[428,247,89846,89723]
[429,61,199565,198944]
[430,122,239906,241358]
[431,220,448022,448889]
[432,96,639535,640385]
[433,196,677944,678194]
[434,273,54652,53502]
[435,139,720566,719632]
[436,32,178831,179409]
[437,244,311244,311429]
[438,4,474128,475528]
[439,218,446825,447340]
[440,3,661583,660895]
[441,235,425944,425505]
[442,116,474450,475160]
[443,209,273584,273379]
[444,82,49770,50251]
[445,89,92053,91170]
[446,209,724001,723791]
[447,38,12975,14413]
[448,241,522711,521332]
[449,28,215871,216880]
[450,72,364912,365033]
[451,13,587190,586899]
[452,105,79412,79088]
[453,44,15099,15781]
[454,107,693325,692366]
[455,170,491521,492991]
[456,205,510985,509791]
[457,229,313778,312977]
[458,118,207349,207441]
[459,227,510671,509514]
[460,20,449721,449927]
[461,70,600179,601646]
[462,93,206637,206067]
[463,269,507088,506565]
[464,208,830,1214]
[465,119,17192,16110]
[466,227,92167,90915]
[467,136,727466,728719]
[468,148,583107,583545]
[469,134,549996,550454]
[470,114,263059,264272]
[471,273,26403,26026]
[472,75,285874,284887]
[473,28,122435,123384]
[474,246,90506,91711]
[475,46,541296,542192]
[476,36,327159,327976]
[477,87,220934,219500]
[478,130,261310,261807]
[479,184,211357,211953]
[480,45,557982,557411]
[481,11,634244,633143]
[482,111,374242,373555]
[483,87,281591,280616]
[484,265,504082,502769]
[485,222,359085,359554]
[486,108,336196,336514]
[487,198,490763,491261]
[488,179,421230,420528]
[489,125,528526,527782]
[490,203,451138,450741]
[491,171,641141,640884]
[492,65,686611,686401]
[493,74,635641,636718]
[494,72,414843,415003]
[495,136,524123,524938]
[496,278,637319,638203]
[497,241,289332,288214]
[498,115,514623,514307]
[499,208,327805,328314]
[500,90,281058,281582]
[501,131,365656,364895]
[502,274,456397,456817]
[503,19,21277,20981]
[504,245,376353,376284]
[505,143,161879,161676]
[506,119,381780,381410]
[507,264,172143,172410]
[508,3,467380,466393]
[509,197,661901,660814]
[510,90,365592,365740]
[511,19,156338,155282]
[512,170,526880,528031]
[513,68,719759,720854]
[514,117,442855,441753]
[515,6,59957,60218]
[516,225,708704,707593]
[517,256,126598,127833]
[518,164,41117,41501]
[519,5,457345,455889]
[520,221,618181,617999]
[521,15,634694,633369]
[522,6,163877,165215]
[523,50,17122,18318]
[524,34,154069,155254]
[525,195,470546,469251]
[526,264,281223,281604]
[527,196,555522,556452]
[528,16,333791,333981]
[529,250,143083,143380]
[530,158,180126,180672]
[531,249,357604,356760]
[532,135,197856,197509]
[533,132,247697,248899]
[534,215,598645,597149]
[535,254,371154,372146]
[536,176,5855,6326]
[537,266,377612,378917]
[538,207,614183,613025]
[539,26,620143,620392]
[540,255,133774,133491]
[541,4,502085,503385]
[542,128,337107,338602]
[543,260,82594,83460]
[544,229,539316,538746]
[545,119,120071,119853]
[546,239,389192,388630]
[547,117,242801,242700]
[548,230,118710,119291]
[549,72,85216,85547]
[550,75,201569,200223]
[551,195,215077,213919]
[552,236,192855,193061]
[553,220,431541,432238]
[554,35,45191,44046]
[555,223,377832,377095]
[556,204,381222,381808]
[557,52,326169,327471]
[558,246,126433,127550]
[559,264,178177,178586]
[560,2,626760,627226]
[561,45,120331,119720]
[562,137,525845,525307]
[563,253,231464,230188]
[564,17,405397,404222]
[565,279,14084,13642]
[566,123,659746,659505]
[567,171,665985,664889]
[568,74,275149,275279]
[569,214,558554,559268]
[570,277,162760,161611]
[571,190,148163,148682]
[572,88,60206,61082]
[573,192,297720,299009]
[574,209,452222,451024]
[575,49,397169,396280]
[576,190,529282,529812]
[577,31,275608,274154]
[578,147,141159,140470]
[579,58,718133,719092]
[580,49,306063,304689]
[581,110,322336,323286]
[582,260,342484,342996]
[583,69,646768,646544]
[584,74,645818,646710]
[585,45,550737,550134]
[586,160,452325,453556]
[587,41,500228,500142]
[588,230,536114,536325]
[589,96,650025,650562]
[590,14,25266,25346]
[591,179,61936,60738]
[592,147,382790,382406]
[593,248,229197,229559]
[594,58,416045,416109]
[595,146,452956,454029]
[596,74,673269,674416]
[597,236,9524,9603]
[598,167,304008,302600]
[599,182,202457,203913]
[600,63,491921,491250]
[601,190,384327,385325]
[602,34,50833,52053]
[603,40,221355,221604]
[604,68,372595,372756]
[605,97,110516,110118]
[606,16,542280,543028]
[607,64,573859,575252]
[608,80,337549,337864]
[609,216,118811,118887]
[610,34,355435,355927]
[611,266,283196,283328]
[612,199,228132,227361]
[613,150,465060,465961]
[614,247,18988,18209]
[615,219,35283,35252]
[616,195,551226,550597]
[617,210,273512,273921]
[618,150,281815,282797]
[619,187,298561,298505]
[620,21,672552,672266]
[621,258,649035,650229]
[622,201,286944,285520]
[623,31,391929,390770]
[624,271,694452,694034]
[625,196,449988,451021]
[626,225,719498,719378]
[627,94,447623,448363]
[628,129,474140,472821]
[629,29,306287,305754]
[630,29,194562,193268]
[631,64,688343,689718]
[632,250,392700,393017]
[633,246,691839,692450]
[634,201,719794,718843]
[635,157,100256,99160]
[636,118,685678,686237]
[637,264,184942,185753]
[638,55,612889,612324]
[639,101,319202,318658]
[640,143,262655,261326]
[641,160,375398,376104]
[642,194,454169,455175]
[643,65,269344,267868]
[644,52,224828,224888]
[645,200,331550,332156]
[646,117,478706,477445]
[647,37,348821,347327]
[648,99,673225,672189]
[649,169,132067,131682]
[650,6,273637,274773]
[651,162,649600,649926]
[652,144,691974,693089]
[653,242,206659,207627]
[654,92,409254,409452]
[655,230,303079,304026]
[656,105,250418,250014]
[657,184,302376,303026]
[658,168,527779,528077]
[659,67,304895,304828]
[660,158,663546,664656]
[661,44,132523,132877]
[662,231,365872,365674]
[663,131,225734,224365]
[664,13,698767,698237]
[665,210,180773,180883]
[666,240,444493,445347]
[667,98,428974,429023]
[668,222,414676,415238]
[669,20,722068,722830]
[670,223,431554,431206]
[671,206,391925,392678]
[672,106,75670,76813]
[673,122,374166,375361]
[674,32,536860,537787]
[675,236,479359,480247]
[676,2,292401,293577]
[677,228,28860,29336]
[678,55,133374,132216]
[679,236,306760,306959]
[680,129,180731,180690]
[681,168,100970,101977]
[682,231,656000,655446]
[683,145,256172,256022]
[684,247,209349,208385]
[685,82,586261,587265]
[686,19,456137,455215]
[687,249,479927,478907]
[688,195,549372,548428]
[689,229,434346,434079]
[690,152,727368,728314]
[691,106,729195,730207]
[692,117,656600,656537]
[693,187,133962,133892]
[694,45,497857,497270]
[695,161,219180,218914]
[696,230,666958,668431]
[697,41,650056,649467]
[698,188,150358,150661]
[699,244,517142,517468]
[700,181,548903,548417]
[701,165,627781,627571]
[702,211,204239,202785]
[703,233,298487,297982]
[704,147,609021,608521]
[705,112,184946,185993]
[706,171,287401,287091]
[707,253,591898,591207]
[708,20,126021,127436]
[709,268,226554,227487]
[710,134,27544,28186]
[711,224,612546,612804]
[712,56,617093,617853]
[713,17,105403,105328]
[714,13,659293,658813]
[715,56,198498,199815]
[716,261,686631,685948]
[717,213,677480,676377]
[718,179,716288,715063]
[719,249,390929,390370]
[720,13,219658,218914]
[721,86,333256,333598]
[722,266,552019,552858]
[723,205,222647,222018]
[724,85,373659,372847]
[725,221,426904,426115]
[726,118,345415,346574]
[727,26,380312,380977]
[728,101,136296,136163]
[729,151,388251,387446]
[730,239,553672,553250]
[731,224,480827,481545]
[732,140,397214,397560]
[733,16,56824,57001]
[734,87,570876,570370]
[735,76,259138,260439]
[736,18,639105,639358]
[737,57,599244,598174]
[738,186,250109,250200]
[739,186,718871,719038]
[740,69,156392,155417]
[741,217,337807,337369]
[742,208,725112,725604]
[743,21,186136,185854]
[744,98,242948,243407]
[745,140,18694,19545]
[746,121,680515,679394]
[747,37,587477,587371]
[748,80,585580,585676]
[749,187,15843,15339]
[750,10,423049,423631]
[751,65,299948,299675]
[752,83,63547,63031]
[753,91,265107,264424]
[754,141,415211,414864]
[755,60,398049,399066]
[756,24,520931,522393]
[757,120,408185,409367]
[758,213,609328,609047]
[759,8,154363,155291]
[760,208,456141,456413]
[761,73,338624,337128]
[762,65,440133,439436]
[763,149,547501,546824]
[764,235,523574,522955]
[765,221,728464,728339]
[766,130,9241,10057]
[767,25,307177,306456]
[768,197,498295,497078]
[769,235,683808,682788]
[770,43,230893,230416]
[771,31,221111,219966]
[772,136,131519,132417]
[773,273,336385,335887]
[774,9,554199,552889]
[775,39,674633,673448]
[776,158,227000,228018]
[777,164,706413,706782]
[778,206,237259,238039]
[779,68,14888,15651]
[780,128,139453,139839]
[781,38,383100,383364]
[782,50,522741,523209]
[783,2,384167,384618]
[784,190,282451,283268]
[785,31,692349,691490]
[786,136,130366,130477]
[787,114,339749,340886]
[788,202,700208,700471]
[789,261,221269,220467]
[790,119,293822,292706]
[791,272,300910,302130]
[792,267,539027,538982]
[793,87,420884,420542]
[794,175,663543,662721]
[795,226,14488,14660]
[796,73,203819,203776]
[797,51,251543,251036]
[798,57,220027,218740]
[799,62,110923,111287]
[800,232,449164,450107]
[801,170,384207,384830]
[802,104,491666,492144]
[803,102,598404,599104]
[804,8,275416,276335]
[805,275,481445,481046]
[806,195,149745,148956]
[807,43,236233,235462]
[808,132,139423,140466]
[809,202,481980,483099]
[810,205,279147,277878]
[811,274,507542,508798]
[812,62,552061,552141]
[813,2,73784,74036]
[814,23,559987,558994]
[815,137,251987,251338]
[816,183,691609,690550]
[817,271,520366,520068]
[818,82,485303,486656]
[819,144,150114,151577]
[820,105,494657,494359]
