["head":"wrap","lpos","status"]
[31,379157,1]
["io count"]
[825]
["io":"id","wrap","startLpos","endLpos"]
[1,95,170153,169547]
[2,113,14818,13788]
[3,139,204853,204340]
[4,275,507373,505899]
[5,167,60511,59077]
[6,234,160004,160438]
[7,253,395467,395197]
[8,212,132379,132749]
[9,139,221835,221020]
[10,121,472279,471049]
[11,41,695361,695221]
[12,116,25523,26095]
[13,132,488405,488713]
[14,51,273789,272792]
[15,279,478967,478577]
[16,143,521485,521374]
[17,208,609556,610440]
[18,78,296776,297632]
[19,222,549931,551280]
[20,126,631622,632504]
[21,269,437092,436034]
[22,277,370012,368628]
[23,54,472413,473010]
[24,196,183137,184181]
[25,15,270270,269429]
[26,49,484434,483603]
[27,134,683324,683617]
[28,98,560895,561374]
[29,74,266930,267194]
[30,197,353175,352042]
[31,185,435281,434237]
[32,100,461882,462929]
[33,179,206963,206640]
[34,114,110926,112398]
[35,123,609550,608090]
[36,225,404928,404300]
[37,2,138905,139481]
[38,225,625145,624090]
[39,118,402280,402540]
[40,144,130167,130394]
[41,259,322830,322264]
[42,148,107369,108246]
[43,39,159118,157824]
[44,48,91665,92659]
[45,157,687903,687568]
[46,261,167703,167292]
[47,108,533073,533318]
[48,209,666227,664916]
[49,176,644268,645380]
[50,121,488289,486877]
[51,216,472317,473003]
[52,117,447040,446354]
[53,238,480747,481780]
[54,18,263204,263828]
[55,7,37834,36392]
[56,216,533717,534998]
[57,105,433190,432420]
[58,84,205450,206638]
[59,18,242817,243856]
[60,112,475180,475268]
[61,74,482755,483955]
[62,67,302119,301825]
[63,223,279083,277858]
[64,223,28524,28187]
[65,204,715098,716450]
[66,104,337588,338385]
[67,190,504314,505419]
[68,114,670394,670984]
[69,43,497911,497231]
[70,251,92634,92057]
[71,35,137848,136841]
[72,193,686423,685022]
[73,112,636635,637918]
[74,0,336944,338377]
[75,27,344157,343964]
[76,227,726477,726364]
[77,247,173852,173359]
[78,241,628102,626937]
[79,15,59376,58049]
[80,20,188455,189583]
[81,0,471199,471515]
[82,29,220312,219031]
[83,276,460268,460872]
[84,156,157627,157714]
[85,249,700477,700422]
[86,99,595504,594808]
[87,162,132947,133025]
[88,196,195763,196848]
[89,102,712951,713628]
[90,161,614142,613452]
[91,257,526259,525626]
[92,258,420407,421073]
[93,56,710141,711316]
[94,99,553518,552260]
[95,245,5927,4718]
[96,198,29408,30539]
[97,16,7672,8536]
[98,191,188799,188634]
[99,264,507421,508053]
[100,109,656024,655512]
[101,104,656148,656437]
[102,29,91721,90226]
[103,23,59664,58766]
[104,94,177700,178983]
[105,214,686573,687187]
[106,1,726920,725817]
[107,139,90499,90359]
[108,32,547126,547372]
[109,277,427151,425793]
[110,24,552176,552714]
[111,35,25986,24668]
[112,67,32516,32061]
[113,164,454508,455546]
[114,183,121402,120379]
[115,257,681936,681155]
[116,9,374779,374307]
[117,243,710509,709463]
[118,19,141503,141119]
[119,132,350452,351003]
[120,231,200774,200028]
[121,228,458178,459088]
[122,80,212075,212764]
[123,235,345603,344148]
[124,45,173480,172298]
[125,53,76322,76147]
[126,180,555983,556719]
[127,11,558782,558289]
[128,243,120951,119703]
[129,211,719295,718489]
[130,66,379287,379503]
[131,253,584894,583396]
[132,43,447182,446382]
[133,155,527031,526991]
[134,226,720624,721307]
[135,48,327969,328263]
[136,110,393796,394409]
[137,95,716543,715060]
[138,19,623391,623103]
[139,25,276081,275551]
[140,150,245511,246081]
[141,50,556116,557349]
[142,163,345471,345355]
[143,51,106558,106106]
[144,267,61114,60037]
[145,85,218246,216874]
[146,5,451668,451241]
[147,134,317909,318803]
[148,138,599504,599635]
[149,75,719799,718817]
[150,85,241574,240565]
[151,102,12181,13571]
[152,139,514683,514542]
[153,8,441156,442301]
[154,83,388316,387363]
[155,139,416577,415292]
[156,273,695845,695766]
[157,149,514112,512627]
[158,30,416920,418300]
[159,256,699471,699843]
[160,129,287517,287014]
[161,144,427382,428434]
[162,26,3838,4503]
[163,1,641078,639605]
[164,278,250085,250976]
[165,161,713415,712270]
[166,170,472519,473745]
[167,129,176225,174906]
[168,191,683967,683841]
[169,73,420411,419057]
[170,171,314386,313226]
[171,162,314452,315316]
[172,35,491193,490309]
[173,246,60195,61540]
[174,259,425907,424621]
[175,57,649332,649201]
[176,221,157756,156790]
[177,3,10185,9081]
[178,168,277183,277640]
[179,0,422724,423832]
[180,191,276625,275741]
[181,227,328731,327465]
[182,200,150239,151364]
[183,71,699163,699033]
[184,75,610961,609930]
[185,154,57568,58811]
[186,1,250019,249269]
[187,142,469143,469894]
[188,135,435584,435539]
[189,25,51032,49875]
[190,88,456891,457938]
[191,134,214260,215448]
[192,161,607611,606963]
[193,58,591301,592326]
[194,10,560065,560917]
[195,179,261642,261281]
[196,42,702675,704155]
[197,91,490895,489919]
[198,12,417400,417885]
[199,275,72158,71175]
[200,224,714213,715703]
[201,209,41089,41026]
[202,84,655484,655615]
[203,64,695333,696077]
[204,174,52221,52972]
[205,195,407222,406004]
[206,240,178766,179580]
[207,42,646884,647858]
[208,274,319737,319806]
[209,104,10451,11186]
[210,109,266422,265422]
[211,247,160110,158804]
[212,155,461607,460347]
[213,246,415748,415786]
[214,50,670296,670588]
[215,70,631814,632317]
[216,192,631579,631969]
[217,122,371097,371130]
[218,256,51897,53376]
[219,244,395435,395585]
[220,268,29871,30053]
[221,243,370665,369818]
[222,133,202829,202516]
[223,244,327367,328012]
[224,15,104904,103669]
[225,229,206734,205830]
[226,189,253726,253514]
[227,226,340441,340796]
[228,221,327594,327349]
[229,220,394818,395727]
[230,256,653769,655142]
[231,184,97072,97424]
[232,137,249000,247934]
[233,84,14127,15615]
[234,73,494617,494567]
[235,159,607687,607114]
[236,179,120918,120535]
[237,97,27679,27559]
[238,80,26530,27991]
[239,232,12505,13950]
[240,29,549164,547974]
[241,134,527617,528408]
[242,82,156813,157448]
[243,190,307591,308437]
[244,40,463797,464404]
[245,220,473693,474778]
[246,264,359432,360265]
[247,183,555059,554581]
[248,90,15128,16425]
[249,174,178031,178442]
[250,273,579358,578024]
[251,80,159512,159801]
[252,195,419913,418644]
[253,234,127158,127928]
[254,18,241283,242335]
[255,226,405316,406431]
[256,122,402827,403228]
[257,118,482557,483974]
[258,42,653073,653273]
[259,99,651165,650408]
[260,41,343747,342948]
[261,27,336583,336121]
[262,168,545648,546676]
[263,60,410562,412007]
[264,209,138436,137180]
[265,241,594919,593759]
[266,213,113057,112424]
[267,117,560566,560046]
[268,211,511302,511163]
[269,43,572469,572258]
[270,109,277425,276021]
[271,151,70604,69735]
[272,28,499057,499548]
[273,47,541940,541303]
[274,84,468888,469642]
[275,14,432764,433472]
[276,192,466208,466269]
[277,5,697774,696579]
[278,32,629008,630410]
[279,178,353273,353565]
[280,90,620460,620976]
[281,186,104488,105304]
[282,206,599897,601065]
[283,211,341145,340062]
[284,234,8149,8630]
[285,39,685083,684587]
[286,184,624341,624824]
[287,119,406460,405865]
[288,163,142303,141997]
[289,276,383169,383786]
[290,71,617617,617227]
[291,156,325105,326161]
[292,34,195432,196891]
[293,8,258261,258436]
[294,90,373736,374765]
[295,241,287319,286904]
[296,93,386218,385971]
[297,150,401453,402131]
[298,178,212902,213838]
[299,222,225919,226307]
[300,9,279541,278949]
[301,262,528232,529648]
[302,76,570960,571505]
[303,146,24767,26093]
[304,117,575225,574706]
[305,27,31499,30372]
[306,63,43378,43136]
[307,186,19117,19729]
[308,250,308608,309835]
[309,244,576010,576716]
[310,151,33997,33152]
[311,63,677244,676796]
[312,196,227685,228634]
[313,204,28959,30296]
[314,204,475908,477137]
[315,48,134810,135890]
[316,56,578515,579874]
[317,238,347542,347898]
[318,51,362087,361665]
[319,254,566111,567450]
[320,30,129649,129801]
[321,72,729131,729298]
[322,115,306228,305351]
[323,221,172032,171327]
[324,152,366270,366447]
[325,199,248778,248408]
[326,11,303339,303059]
[327,174,93851,95265]
[328,222,406796,407156]
[329,70,27123,27630]
[330,217,416663,415194]
[331,195,99422,97983]
[332,213,181536,181125]
[333,217,726475,725321]
[334,83,46877,46529]
[335,12,572135,572566]
[336,64,396134,397605]
[337,159,68529,67080]
[338,118,372391,372925]
[339,206,257079,258265]
[340,194,624117,625510]
[341,78,726687,726981]
[342,263,328093,327896]
[343,192,703044,703284]
[344,30,265985,267006]
[345,7,45953,44985]
[346,239,444236,444123]
[347,69,343709,343641]
[348,158,150724,150987]
[349,217,593413,592228]
[350,177,10437,9061]
[351,218,312212,312318]
[352,88,185026,186089]
[353,185,649536,648706]
[354,231,423708,422947]
[355,60,184588,185027]
[356,144,354660,355569]
[357,95,696858,696807]
[358,215,495556,494510]
[359,153,266591,266040]
[360,15,429559,428928]
[361,54,37383,37423]
[362,57,78947,77866]
[363,170,244321,244727]
[364,78,43356,44448]
[365,138,578303,578765]
[366,17,276556,276346]
[367,244,325714,325830]
[368,150,391310,392501]
[369,56,124493,125841]
[370,61,727894,727329]
[371,13,619708,619376]
[372,98,524714,525060]
[373,106,51394,51539]
[374,182,457632,458895]
[375,51,171878,170537]
[376,31,614158,613231]
[377,68,120856,121776]
[378,242,520277,520926]
[379,138,44719,44915]
[380,258,258999,260234]
[381,17,609822,609640]
[382,41,400046,398751]
[383,7,208067,207036]
[384,273,224432,223298]
[385,249,445850,445048]
[386,86,535838,536868]
[387,114,225043,226427]
[388,158,608038,608280]
[389,16,55831,56338]
[390,211,286460,285060]
[391,199,433704,432973]
[392,115,420453,419332]
[393,20,188463,189484]
[394,175,230962,230356]
[395,46,185786,186870]
[396,10,376741,377621]
[397,95,342527,341999]
[398,32,286258,286789]
[399,237,34843,33936]
[400,154,216978,218134]
[401,212,512479,513785]
[402,101,205613,205155]
[403,135,404358,404114]
[404,54,379151,380233]
[405,132,559278,560105]
[406,105,625341,624045]
[407,275,274534,273227]
[408,135,569123,568734]
[409,269,716963,716537]
[410,182,99267,100177]
[411,83,53448,52163]
[412,58,217222,217859]
[413,157,239833,239791]
[414,71,129579,129489]
[415,28,392165,393495]
[416,146,385833,386740]
[417,0,378265,378921]
[418,114,165573,166787]
[419,7,525673,525511]
[420,196,544809,545926]
[421,76,342665,342963]
[422,69,357365,355893]
[423,9,451576,451411]
[424,78,367671,367783]
[425,94,676830,677803]
[426,153,89847,89292]
[427,223,417769,416729]
[428,72,239423,240689]
[429,12,593183,593375]
[430,52,379990,381230]
[431,148,14854,15250]
[432,4,35273,35456]
[433,34,102252,102475]
[434,216,394707,395355]
[435,163,413011,412935]
[436,164,538126,539540]
[437,7,339773,338477]
[438,154,46433,47456]
[439,273,730932,729799]
[440,232,521690,522804]
[441,110,715059,716294]
[442,236,610287,611778]
[443,152,543582,544694]
[444,203,320196,318991]
[445,35,97654,96177]
[446,24,606574,607611]
[447,170,620716,621328]
[448,225,266567,265648]
[449,248,305809,306850]
[450,268,266865,267183]
[451,23,508160,507388]
[452,119,4654,3931]
[453,1,58057,57579]
[454,48,453537,454235]
[455,189,664334,664271]
[456,231,252575,251223]
[457,12,610823,611348]
[458,166,241343,241425]
[459,20,430853,432285]
[460,109,571506,570371]
[461,259,644054,643376]
[462,131,98782,98748]
[463,130,673394,674481]
[464,234,414366,415533]
[465,63,2161,1148]
[466,164,298754,299579]
[467,112,126424,126627]
[468,220,98946,99612]
[469,84,517393,518117]
[470,9,705273,704565]
[471,245,338110,337033]
[472,93,419817,418726]
[473,118,467882,468170]
[474,147,149432,148980]
[475,99,193599,193007]
[476,213,404446,403630]
[477,263,505819,504463]
[478,65,415978,415355]
[479,150,353807,354919]
[480,164,704227,705490]
[481,60,29409,29636]
[482,228,23573,24112]
[483,181,422227,421918]
[484,137,648592,647463]
[485,107,236482,235420]
[486,78,618234,619504]
[487,273,239741,239150]
[488,116,726743,727817]
[489,36,648673,649038]
[490,129,554136,553023]
[491,241,463096,462441]
[492,239,267618,267475]
[493,95,500525,499615]
[494,11,617829,617681]
[495,42,262089,262764]
[496,164,618038,619415]
[497,110,602811,603555]
[498,52,505153,506295]
[499,86,429552,430282]
[500,199,192180,191656]
[501,104,401771,402626]
[502,123,377059,375980]
[503,247,655060,654124]
[504,16,228568,229493]
[505,27,81731,81314]
[506,101,107519,107182]
[507,169,170871,169717]
[508,152,221295,222237]
[509,32,193810,193969]
[510,85,305602,305078]
[511,118,292530,293152]
[512,26,333942,334144]
[513,223,558361,557072]
[514,207,60825,60282]
[515,78,403624,404353]
[516,127,137227,136678]
[517,278,477728,479121]
[518,91,248289,247559]
[519,88,277617,277876]
[520,3,272405,272231]
[521,207,141063,140101]
[522,248,570894,571975]
[523,254,386982,387494]
[524,161,116805,115363]
[525,57,599734,599234]
[526,192,300048,301202]
[527,268,331198,331820]
[528,60,162202,162972]
[529,19,702822,702113]
[530,56,461497,462235]
[531,265,40332,39231]
[532,113,512038,511394]
[533,8,129000,130010]
[534,273,250216,249344]
[535,210,186154,187095]
[536,47,174162,172943]
[537,89,176704,176585]
[538,273,71871,70872]
[539,209,129283,129039]
[540,205,180361,178924]
[541,113,333658,333469]
[542,246,615461,616793]
[543,112,85596,85896]
[544,74,206785,207301]
[545,207,82989,81680]
[546,184,118455,119920]
[547,83,278904,277532]
[548,44,634465,635782]
[549,250,207582,207959]
[550,80,472207,472873]
[551,137,335876,334891]
[552,21,32455,31335]
[553,74,155272,155519]
[554,72,423720,424540]
[555,44,223750,224928]
[556,9,312476,311377]
[557,233,559491,559284]
[558,171,662092,660663]
[559,119,649974,648570]
[560,102,541302,541948]
[561,195,285931,284763]
[562,58,17650,18201]
[563,228,590588,590957]
[564,122,630386,630490]
[565,145,255480,254934]
[566,214,249620,250231]
[567,103,719870,719533]
[568,147,67700,66919]
[569,252,469008,470206]
[570,0,650917,652029]
[571,78,708407,709495]
[572,74,601846,602681]
[573,76,249683,250915]
[574,12,90414,91414]
[575,119,284174,282717]
[576,46,381513,381673]
[577,169,59786,58660]
[578,255,527564,526606]
[579,245,705638,704431]
[580,2,674292,674322]
[581,51,579655,579444]
[582,29,477226,476522]
[583,206,67972,68344]
[584,158,197125,197633]
[585,8,622410,622664]
[586,254,330709,332056]
[587,253,516809,516565]
[588,182,222974,223662]
[589,254,271494,272925]
[590,278,508180,509366]
[591,237,442952,442700]
[592,210,136587,136977]
[593,132,355259,355344]
[594,144,502184,502227]
[595,59,439502,438646]
[596,34,360563,361228]
[597,208,64141,65514]
[598,216,137860,138602]
[599,81,105065,104002]
[600,263,432819,432576]
[601,51,132081,131795]
[602,27,576840,575453]
[603,224,71436,72184]
[604,251,30820,30714]
[605,11,695057,694160]
[606,31,624988,624037]
[607,96,43982,45207]
[608,159,238237,237293]
[609,57,281340,280059]
[610,104,111622,112690]
[611,15,50052,48713]
[612,109,613411,612670]
[613,109,279072,277787]
[614,162,79921,80158]
[615,123,103743,103177]
[616,42,80346,80420]
[617,201,564738,564177]
[618,190,12820,13186]
[619,34,245635,245772]
[620,31,610067,609730]
[621,159,21390,20942]
[622,1,114218,113546]
[623,96,269932,270202]
[624,64,526376,527431]
[625,134,336808,336969]
[626,256,595095,596003]
[627,111,298331,297240]
[628,42,258047,258159]
[629,19,631752,630507]
[630,268,571144,571356]
[631,101,445912,445865]
[632,228,173909,174650]
[633,87,482734,482039]
[634,24,606203,606385]
[635,58,52365,53372]
[636,135,116786,116221]
[637,184,450782,451800]
[638,272,339029,339514]
[639,170,311316,311566]
[640,208,94507,95358]
[641,178,173656,174126]
[642,116,341470,342136]
[643,197,360028,359992]
[644,64,111820,113164]
[645,75,492184,490716]
[646,44,485734,486645]
[647,217,688375,688025]
[648,59,486766,486319]
[649,209,174434,173171]
[650,31,75188,74174]
[651,235,536666,535377]
[652,209,697092,695801]
[653,197,234922,234565]
[654,65,408639,407873]
[655,105,130988,130592]
[656,131,63473,62259]
[657,115,294003,292893]
[658,203,479458,479019]
[659,135,119638,119315]
[660,73,465685,464204]
[661,113,183981,183526]
[662,42,727766,728708]
[663,121,109858,108727]
[664,267,191726,190459]
[665,100,340702,341735]
[666,170,679326,680577]
[667,150,600144,600325]
[668,11,401096,399728]
[669,118,42453,42834]
[670,186,426167,427179]
[671,99,696222,694824]
[672,229,117005,115889]
[673,63,682382,681845]
[674,41,374697,374636]
[675,158,98655,99230]
[676,272,118867,120264]
[677,173,661751,660504]
[678,29,16033,14580]
[679,279,175876,175127]
[680,174,439402,440375]
[681,29,15893,15141]
[682,198,577297,578057]
[683,176,644165,644997]
[684,236,512619,513730]
[685,228,412972,413305]
[686,82,633130,633601]
[687,216,710177,711335]
[688,258,414564,415138]
[689,69,323364,323107]
[690,149,429529,428742]
[691,87,108213,107273]
[692,45,667626,666650]
[693,124,228456,229153]
[694,82,171887,172322]
[695,109,372381,371200]
[696,117,437523,437097]
[697,243,48379,47692]
[698,252,627919,629258]
[699,187,433437,433286]
[700,1,418754,417448]
[701,140,87309,88409]
[702,16,660130,660808]
[703,153,180287,179614]
[704,214,483455,483837]
[705,52,698282,699252]
[706,16,646734,646785]
[707,80,90639,90976]
[708,27,199389,198801]
[709,29,313124,311639]
[710,251,618725,617330]
[711,262,696395,696762]
[712,273,165605,164859]
[713,112,120553,121224]
[714,77,341875,341223]
[715,16,569937,570504]
[716,262,287235,288197]
[717,101,10012,8932]
[718,131,131989,131542]
[719,27,456388,455135]
[720,104,699619,699978]
[721,204,706994,708315]
[722,114,298999,299928]
[723,175,573496,572900]
[724,76,541062,541762]
[725,117,639081,638317]
[726,266,632904,634397]
[727,252,232714,233573]
[728,202,231056,231102]
[729,10,267325,267776]
[730,26,151371,152494]
[731,278,163329,164601]
[732,167,340867,339886]
[733,122,569554,570040]
[734,181,640142,639775]
[735,97,452298,451052]
[736,153,70863,69953]
[737,136,588384,588534]
[738,17,593154,591825]
[739,242,428816,429009]
[740,28,228331,228895]
[741,192,63311,64478]
[742,63,176809,175751]
[743,213,108133,106832]
[744,77,654282,653531]
[745,247,462510,462363]
[746,43,267656,266944]
[747,268,381343,382505]
[748,193,493043,492428]
[749,264,42992,43038]
[750,186,360788,361728]
[751,270,556513,556713]
[752,53,36109,35690]
[753,7,459729,459576]
[754,25,23698,23289]
[755,240,307715,307902]
[756,160,297241,297716]
[757,220,85297,85704]
[758,145,355952,354753]
[759,21,16554,15417]
[760,91,330028,329698]
[761,102,503372,504601]
[762,156,65650,67143]
[763,193,639400,638519]
[764,114,333214,333692]
[765,27,144863,144346]
[766,189,524921,524687]
[767,80,559883,560491]
[768,158,570337,570832]
[769,24,660665,662077]
[770,119,709698,708649]
[771,146,550374,550930]
[772,85,240691,240099]
[773,180,649358,649435]
[774,98,80678,81920]
[775,145,505872,504443]
[776,70,223766,223992]
[777,147,285651,284356]
[778,231,293455,293298]
[779,239,552057,550623]
[780,235,1663,956]
[781,157,42286,41075]
[782,219,455832,455601]
[783,62,366059,367123]
[784,211,402454,401244]
[785,242,418159,418531]
[786,250,703645,704502]
[787,84,362013,362726]
[788,33,715079,714815]
[789,203,699362,697915]
[790,35,198633,198595]
[791,238,455641,457136]
[792,134,605090,606367]
[793,0,424827,426326]
[794,18,45627,45949]
[795,91,431083,430987]
[796,232,212171,212860]
[797,258,708414,708753]
[798,66,685853,686850]
[799,198,674934,676432]
[800,247,298959,297635]
[801,149,396368,396024]
[802,140,556128,556652]
[803,99,531842,531675]
[804,118,720449,721533]
[805,11,558446,557846]
[806,56,675931,676507]
[807,44,598649,600010]
[808,265,697148,695797]
[809,67,92408,91506]
[810,275,122909,122860]
[811,110,301117,302003]
[812,94,155424,156609]
[813,41,603750,603282]
[814,161,355254,353881]
[815,144,52683,53240]
[816,32,644010,644653]
[817,37,275222,274612]
[818,110,275982,276424]
[819,191,286893,286153]
[820,62,334512,335872]
[821,3,183733,182516]
[822,201,529744,529668]
[823,226,623848,624850]
[824,146,5574,6380]
[825,216,70413,70891]
