["head":"wrap","lpos","status"]
[173,473042,1]
["io count"]
[830]
["io":"id","wrap","startLpos","endLpos"]
[1,276,419682,420857]
[2,123,590627,589667]
[3,217,328316,327598]
[4,37,524234,522939]
[5,66,227762,228338]
[6,121,22598,21132]
[7,42,410396,411229]
[8,213,334349,333584]
[9,221,218919,218777]
[10,193,380218,379005]
[11,172,20296,20514]
[12,169,562800,561337]
[13,137,302349,301335]
[14,275,667848,667549]
[15,56,197137,198245]
[16,8,133201,134550]
[17,205,455991,455039]
[18,201,435212,433873]
[19,246,543496,543728]
[20,74,199240,199504]
[21,240,42547,43004]
[22,152,644505,645789]
[23,107,671335,670161]
[24,44,118343,118841]
[25,117,694348,693749]
[26,190,639902,640435]
[27,266,99532,99763]
[28,179,193210,191828]
[29,198,632803,632906]
[30,192,618010,619223]
[31,228,687086,687252]
[32,77,8994,7988]
[33,248,192971,193196]
[34,69,254718,254218]
[35,182,682594,683982]
[36,170,88740,89979]
[37,175,250088,249397]
[38,134,643193,643564]
[39,142,652024,652699]
[40,126,615104,615785]
[41,134,549641,550200]
[42,263,124292,123944]
[43,0,361851,362179]
[44,184,163422,164730]
[45,18,179012,179630]
[46,279,436945,436270]
[47,53,21239,20996]
[48,233,299849,298435]
[49,228,500885,501359]
[50,276,501662,502966]
[51,71,392897,391627]
[52,241,127573,127495]
[53,53,720608,719626]
[54,46,266386,266772]
[55,152,450023,451100]
[56,166,639118,640168]
[57,78,64384,65542]
[58,66,416334,417798]
[59,5,315260,315121]
[60,235,170303,168928]
[61,91,395344,394885]
[62,60,599607,601000]
[63,279,257148,256739]
[64,205,648622,647694]
[65,235,182410,182241]
[66,47,112856,112408]
[67,249,563794,563482]
[68,255,180957,180836]
[69,243,325573,324268]
[70,5,535845,534564]
[71,37,80604,79953]
[72,179,454383,453713]
[73,20,145250,145785]
[74,4,490122,490863]
[75,150,25687,26763]
[76,237,326580,326275]
[77,78,112358,113736]
[78,5,537389,537160]
[79,74,440074,440531]
[80,115,546535,546186]
[81,78,473670,475121]
[82,87,20141,18681]
[83,51,410303,409668]
[84,134,430034,431269]
[85,35,622013,621532]
[86,191,667282,666475]
[87,178,32229,32309]
[88,86,528645,529958]
[89,58,517012,517108]
[90,74,661125,661843]
[91,248,434109,434162]
[92,19,386916,386072]
[93,162,615346,616525]
[94,201,550845,549533]
[95,144,250713,251427]
[96,136,406336,407525]
[97,173,527179,527135]
[98,21,249415,249032]
[99,4,411995,413208]
[100,61,81341,80189]
[101,36,657557,658488]
[102,46,186081,187494]
[103,177,31700,30897]
[104,5,454355,453730]
[105,143,710299,710116]
[106,63,394512,393261]
[107,55,70515,70083]
[108,83,282988,281982]
[109,50,150047,151084]
[110,71,639874,638902]
[111,183,494210,493352]
[112,148,617146,618005]
[113,260,381860,383074]
[114,223,369820,368391]
[115,139,360987,360834]
[116,271,587291,586762]
[117,158,633734,634395]
[118,6,88777,90251]
[119,47,406770,406615]
[120,127,366356,366081]
[121,116,9427,10579]
[122,79,449839,449761]
[123,171,247221,246394]
[124,55,114350,113191]
[125,15,21189,20189]
[126,172,171398,172056]
[127,66,709170,709890]
[128,14,162828,162876]
[129,167,206052,205365]
[130,18,428193,428870]
[131,32,38988,40150]
[132,121,246537,246209]
[133,225,685535,684777]
[134,9,375706,375398]
[135,138,52045,52378]
[136,92,18464,19265]
[137,69,604706,604244]
[138,226,329317,329542]
[139,175,6410,4949]
[140,203,215214,214358]
[141,115,123452,123320]
[142,90,112405,113337]
[143,157,96697,95847]
[144,122,9491,9895]
[145,53,318475,318033]
[146,225,685684,684236]
[147,30,299225,299829]
[148,101,473176,471733]
[149,233,528734,528002]
[150,154,607507,607945]
[151,236,631346,632199]
[152,220,620591,621249]
[153,265,375664,374295]
[154,211,464635,463274]
[155,210,613461,614565]
[156,155,681221,680887]
[157,207,582901,582867]
[158,148,116369,117084]
[159,35,36496,35183]
[160,42,659956,660060]
[161,73,645744,645626]
[162,59,437372,436428]
[163,61,584658,583177]
[164,33,69106,68308]
[165,222,100754,101407]
[166,239,510109,509518]
[167,209,36384,35834]
[168,252,11718,12840]
[169,279,157241,155777]
[170,111,656977,655756]
[171,89,382648,382176]
[172,83,180708,179933]
[173,228,13723,13975]
[174,64,661858,663234]
[175,123,266874,265611]
[176,228,103239,104500]
[177,2,13148,13803]
[178,182,606257,607143]
[179,4,709125,709775]
[180,171,562485,561956]
[181,161,615491,614119]
[182,217,386862,386211]
[183,85,517309,516295]
[184,195,497484,496395]
[185,97,669762,669685]
[186,105,636584,636231]
[187,171,337866,337026]
[188,160,340339,340855]
[189,129,637990,637501]
[190,144,192129,193450]
[191,266,23185,24491]
[192,37,286575,285917]
[193,39,355283,354947]
[194,250,400397,400718]
[195,174,579735,580580]
[196,254,392544,392835]
[197,111,562778,561727]
[198,111,536046,534604]
[199,222,88760,90174]
[200,169,606253,604915]
[201,6,532451,533452]
[202,17,727588,727068]
[203,154,106200,107324]
[204,160,664044,664820]
[205,208,573232,574134]
[206,96,93805,94818]
[207,11,318332,317302]
[208,207,98579,97319]
[209,123,108570,107436]
[210,181,655641,654221]
[211,73,713934,713612]
[212,148,623334,624382]
[213,101,84148,83615]
[214,147,33475,32101]
[215,128,309079,310437]
[216,79,577515,576920]
[217,218,494062,494798]
[218,159,143485,143089]
[219,95,489106,488225]
[220,11,305764,304963]
[221,114,321832,322588]
[222,275,370563,369398]
[223,238,476032,476293]
[224,79,665558,664915]
[225,189,431431,431097]
[226,73,244636,244605]
[227,92,712793,713561]
[228,268,143670,143806]
[229,135,258490,257081]
[230,202,28730,29068]
[231,267,423375,422379]
[232,49,717957,716954]
[233,97,676068,674960]
[234,122,110601,110691]
[235,238,180848,181492]
[236,87,530323,529084]
[237,232,283374,283426]
[238,213,630153,630117]
[239,133,336350,335661]
[240,25,469202,468218]
[241,215,106953,105938]
[242,262,316156,316373]
[243,237,406258,405766]
[244,133,272434,272130]
[245,195,333982,332895]
[246,131,205163,204427]
[247,251,639329,638026]
[248,0,586350,587198]
[249,219,711968,710954]
[250,160,489377,489933]
[251,79,483400,481945]
[252,167,377924,377524]
[253,157,461717,461211]
[254,43,23598,22770]
[255,122,623627,623907]
[256,30,705169,706491]
[257,27,589334,588873]
[258,34,466339,466773]
[259,197,426583,425740]
[260,92,718812,719747]
[261,197,383411,382407]
[262,198,719067,720411]
[263,82,343395,344266]
[264,180,351934,352900]
[265,219,366034,365614]
[266,139,668587,667253]
[267,122,63136,64596]
[268,274,368401,368623]
[269,51,74375,73177]
[270,188,719304,719751]
[271,170,143822,145083]
[272,22,132379,133759]
[273,266,81401,82275]
[274,18,520814,521588]
[275,170,273084,273345]
[276,156,415909,416129]
[277,248,673973,674511]
[278,163,499689,499499]
[279,65,388798,387786]
[280,43,16360,15200]
[281,209,432541,431598]
[282,269,102188,101450]
[283,193,656616,655222]
[284,8,557133,558029]
[285,135,638388,637879]
[286,12,262065,263423]
[287,176,132626,133834]
[288,51,244480,243038]
[289,139,313470,311997]
[290,155,667693,667479]
[291,96,387091,388429]
[292,154,345043,345482]
[293,152,220847,221976]
[294,156,97750,99212]
[295,135,203489,202697]
[296,7,392483,391278]
[297,6,239127,239829]
[298,246,24993,25786]
[299,136,83259,84737]
[300,208,159902,161299]
[301,40,289506,290329]
[302,232,634651,635079]
[303,171,342398,342306]
[304,53,705994,705603]
[305,133,713984,712587]
[306,57,421464,421238]
[307,80,592247,593526]
[308,220,354643,355987]
[309,165,135316,134176]
[310,44,642354,643570]
[311,217,341229,340103]
[312,85,510349,509977]
[313,139,591073,590152]
[314,116,153209,153278]
[315,12,240653,241499]
[316,35,89479,88987]
[317,61,71924,70935]
[318,59,235059,233641]
[319,4,19426,20884]
[320,66,10149,11182]
[321,1,517985,517743]
[322,19,535315,534747]
[323,221,587350,587023]
[324,221,109882,108538]
[325,103,85068,84956]
[326,232,385791,386506]
[327,222,242256,242822]
[328,212,507352,508580]
[329,212,659789,660415]
[330,161,189697,188239]
[331,184,186114,186938]
[332,165,109244,108823]
[333,223,14004,12507]
[334,121,584788,583534]
[335,30,20959,22340]
[336,149,53701,52839]
[337,212,174165,174517]
[338,45,23917,23324]
[339,119,352131,350966]
[340,186,701703,702313]
[341,138,520913,521296]
[342,62,110034,110385]
[343,130,729001,729912]
[344,122,339804,340936]
[345,115,547142,546495]
[346,28,372184,373215]
[347,3,111800,110457]
[348,156,83653,83934]
[349,21,262640,261420]
[350,74,484989,486155]
[351,59,698248,697876]
[352,44,659745,660580]
[353,232,335970,337333]
[354,274,599748,601242]
[355,145,88692,88375]
[356,5,500240,499855]
[357,70,493972,494485]
[358,261,91167,90718]
[359,195,582568,581090]
[360,149,194039,193039]
[361,135,20580,20289]
[362,250,685935,686661]
[363,42,612505,612865]
[364,165,147212,146777]
[365,201,546778,546721]
[366,136,264983,266365]
[367,144,679180,679452]
[368,275,291884,291595]
[369,184,532664,533269]
[370,157,379009,378589]
[371,82,556912,557877]
[372,274,199557,200168]
[373,32,511028,512034]
[374,156,39667,40327]
[375,30,106389,107635]
[376,29,306565,305748]
[377,195,11757,11038]
[378,67,448368,447534]
[379,126,242504,243380]
[380,197,584002,583679]
[381,188,278218,279110]
[382,235,191654,190965]
[383,275,129148,127778]
[384,199,239630,239327]
[385,264,538208,538758]
[386,38,578314,579708]
[387,88,339157,340052]
[388,126,462895,463394]
[389,93,493498,492338]
[390,151,439838,438917]
[391,229,699852,699038]
[392,217,220251,220079]
[393,69,475022,473831]
[394,205,403525,403469]
[395,164,681527,681713]
[396,189,563324,562714]
[397,159,421927,421401]
[398,46,480155,480473]
[399,74,187664,188021]
[400,38,138236,138807]
[401,44,352544,353491]
[402,61,698822,697557]
[403,220,55046,55142]
[404,157,422557,421533]
[405,207,163754,162914]
[406,25,548231,547539]
[407,37,114483,113848]
[408,141,113288,112237]
[409,201,668042,667396]
[410,234,634145,634356]
[411,51,631670,630739]
[412,113,702607,701616]
[413,184,486236,486826]
[414,85,527572,527008]
[415,34,309560,309773]
[416,174,423712,423772]
[417,104,437523,437835]
[418,102,122646,122859]
[419,193,233552,232129]
[420,27,314071,313684]
[421,210,488014,488479]
[422,198,663906,664522]
[423,236,216493,217211]
[424,106,517236,518642]
[425,78,43867,45272]
[426,197,221917,220886]
[427,226,369706,370644]
[428,128,165078,166207]
[429,19,307242,306533]
[430,106,37656,38998]
[431,58,330711,331119]
[432,150,660050,660589]
[433,37,183882,182404]
[434,117,540663,540229]
[435,196,585237,585854]
[436,129,476956,476076]
[437,213,439566,439065]
[438,178,528852,528968]
[439,239,590637,589787]
[440,87,262860,261859]
[441,130,692930,693918]
[442,207,576803,575647]
[443,116,51612,53022]
[444,105,618618,617821]
[445,41,455178,454681]
[446,122,103593,104316]
[447,45,405955,404908]
[448,137,324308,323791]
[449,9,126070,125903]
[450,123,721544,721290]
[451,169,182065,181183]
[452,242,593065,594243]
[453,178,359567,360378]
[454,217,710179,708993]
[455,149,346436,345931]
[456,13,89594,89209]
[457,11,273165,271737]
[458,207,37513,37191]
[459,219,344486,343463]
[460,189,253797,253149]
[461,250,42404,43299]
[462,19,656775,655833]
[463,144,605395,606148]
[464,123,603840,603698]
[465,200,7571,8771]
[466,113,437019,435568]
[467,148,551663,551705]
[468,204,390934,392210]
[469,47,507902,507458]
[470,229,209821,209164]
[471,182,145084,145623]
[472,13,678852,677637]
[473,20,652009,652980]
[474,10,196730,197482]
[475,93,466848,466005]
[476,121,339539,339409]
[477,264,437287,438179]
[478,265,334008,333366]
[479,4,696745,697640]
[480,70,134482,135391]
[481,186,263570,264142]
[482,149,337971,337828]
[483,186,404157,404377]
[484,185,466939,466717]
[485,189,71324,71178]
[486,259,280767,280527]
[487,138,400636,401377]
[488,43,511083,510131]
[489,93,295562,294295]
[490,235,529010,527828]
[491,75,501190,501067]
[492,208,104626,105561]
[493,79,316045,314548]
[494,94,51046,51794]
[495,83,547504,546751]
[496,125,625772,624730]
[497,158,467777,467857]
[498,146,462202,462245]
[499,13,646164,645661]
[500,233,136257,135487]
[501,246,379529,380778]
[502,14,214969,215769]
[503,26,257453,258416]
[504,79,356886,355604]
[505,45,375585,374140]
[506,108,192187,192581]
[507,224,77023,77163]
[508,267,233698,232634]
[509,83,377867,377245]
[510,58,607049,608217]
[511,267,426592,425801]
[512,49,35153,34648]
[513,252,438893,439636]
[514,89,725470,724693]
[515,266,727186,727554]
[516,269,643110,642383]
[517,170,565385,566076]
[518,257,616419,615159]
[519,189,388252,387987]
[520,184,114380,114525]
[521,174,592207,593559]
[522,52,310985,312470]
[523,214,266851,267264]
[524,73,512909,512122]
[525,221,20430,19303]
[526,277,132941,131837]
[527,49,130085,129672]
[528,169,92961,91910]
[529,208,522325,523167]
[530,210,294076,294859]
[531,91,70993,69645]
[532,252,638973,640044]
[533,65,80467,79295]
[534,231,283329,282860]
[535,260,299456,299837]
[536,266,219284,220101]
[537,87,33850,33089]
[538,138,272342,273842]
[539,190,578105,579123]
[540,133,357181,355755]
[541,189,27760,26652]
[542,130,164244,165732]
[543,105,615049,614990]
[544,123,165123,164963]
[545,17,528269,527556]
[546,71,612632,612277]
[547,50,573504,573642]
[548,268,623013,623730]
[549,141,44949,44075]
[550,153,472337,472158]
[551,243,672665,672247]
[552,42,546373,547458]
[553,213,396538,395435]
[554,59,617063,616841]
[555,174,688226,689227]
[556,30,270419,270971]
[557,244,175332,175631]
[558,207,102236,102186]
[559,84,231341,232697]
[560,160,323977,324739]
[561,226,564494,564837]
[562,192,661115,661920]
[563,263,551881,551685]
[564,259,485404,484037]
[565,207,462147,461204]
[566,231,142139,141551]
[567,255,111092,110105]
[568,160,178045,179195]
[569,248,452418,453147]
[570,83,495770,495685]
[571,258,203151,203967]
[572,86,729714,729852]
[573,219,463643,462359]
[574,226,642629,643480]
[575,49,597017,596185]
[576,229,357901,357176]
[577,174,231173,232232]
[578,219,352893,352095]
[579,202,715117,716123]
[580,257,140397,139321]
[581,98,550846,551301]
[582,61,493587,493142]
[583,19,507360,506693]
[584,91,226429,226169]
[585,94,478607,478713]
[586,185,236649,235506]
[587,252,584104,585381]
[588,135,441832,441713]
[589,90,728374,729249]
[590,1,115634,114201]
[591,253,539539,538615]
[592,279,287323,285994]
[593,34,442433,443855]
[594,116,167395,168767]
[595,42,119866,121247]
[596,126,327884,328524]
[597,170,225164,225247]
[598,57,26369,24920]
[599,246,424956,425572]
[600,180,690373,690833]
[601,161,253988,253492]
[602,227,440801,439988]
[603,205,66695,66066]
[604,242,25669,25723]
[605,93,442211,441919]
[606,90,283155,284423]
[607,186,684737,685006]
[608,128,540475,541182]
[609,12,293696,294418]
[610,175,391367,391249]
[611,87,633002,631780]
[612,120,140856,141170]
[613,174,278902,280071]
[614,232,345837,346500]
[615,184,386281,387691]
[616,155,263375,263290]
[617,151,235480,235199]
[618,21,271204,270247]
[619,250,284156,285276]
[620,171,152278,151101]
[621,207,561461,560045]
[622,259,190244,189378]
[623,232,358158,359260]
[624,96,245705,246442]
[625,243,636956,635528]
[626,104,492314,493477]
[627,22,427874,429259]
[628,216,615583,616285]
[629,36,694700,695527]
[630,217,181416,180011]
[631,240,668995,669468]
[632,143,58620,57986]
[633,38,447079,447394]
[634,40,691291,691500]
[635,130,393015,393770]
[636,32,703176,704182]
[637,267,629645,628707]
[638,97,84216,82897]
[639,141,506955,505603]
[640,152,304634,304841]
[641,276,512659,512931]
[642,252,597905,599070]
[643,18,608855,609155]
[644,211,715108,714140]
[645,72,82387,83637]
[646,90,336509,337217]
[647,235,312390,312130]
[648,145,421585,421067]
[649,26,424180,425304]
[650,200,267963,269226]
[651,277,96663,96553]
[652,173,417328,415869]
[653,100,606415,607627]
[654,146,599139,599807]
[655,61,423760,423010]
[656,128,75449,75792]
[657,66,137206,138399]
[658,88,390530,391949]
[659,57,74010,73525]
[660,261,177647,176936]
[661,8,49161,49940]
[662,215,270715,269749]
[663,271,556404,555808]
[664,47,431073,429741]
[665,84,306607,307675]
[666,237,222579,221846]
[667,178,188737,189805]
[668,146,579046,580121]
[669,276,551418,551959]
[670,146,455886,457354]
[671,74,456453,457636]
[672,169,453275,453012]
[673,206,428977,430096]
[674,88,15442,16931]
[675,256,30469,30856]
[676,266,106559,107528]
[677,85,588834,587373]
[678,116,233962,234362]
[679,129,146298,144832]
[680,128,471998,473238]
[681,247,173572,173515]
[682,166,421206,421917]
[683,222,205232,205512]
[684,262,606877,607756]
[685,149,99036,98463]
[686,26,440018,440966]
[687,86,53227,54454]
[688,145,556369,555827]
[689,147,125400,124684]
[690,166,354834,355359]
[691,267,218792,218186]
[692,98,336967,338389]
[693,58,241023,242432]
[694,46,390538,391646]
[695,113,312044,310780]
[696,213,87919,86677]
[697,70,207086,207877]
[698,59,104903,103614]
[699,183,511900,511630]
[700,128,303288,304088]
[701,121,646079,645479]
[702,99,516064,515621]
[703,96,613452,613750]
[704,54,450330,451640]
[705,139,401576,400495]
[706,165,225681,224931]
[707,175,94589,94158]
[708,182,129867,130003]
[709,113,373022,372988]
[710,41,139260,138908]
[711,278,681377,681635]
[712,57,121810,121436]
[713,216,244965,245820]
[714,36,398294,398655]
[715,268,694356,695412]
[716,65,126165,125292]
[717,62,505028,505700]
[718,104,49791,50953]
[719,78,670168,670208]
[720,269,490114,488790]
[721,263,112529,111051]
[722,141,653705,652483]
[723,198,562985,563908]
[724,266,52812,53592]
[725,251,20929,20152]
[726,31,259020,258039]
[727,78,90318,90499]
[728,137,346344,344983]
[729,118,201136,201492]
[730,136,158832,159960]
[731,44,255100,255247]
[732,85,524597,523688]
[733,100,385495,386841]
[734,40,667651,668741]
[735,247,444114,442888]
[736,261,127358,126987]
[737,184,526126,526707]
[738,133,16679,15428]
[739,237,570972,570243]
[740,166,196875,197339]
[741,235,208311,207664]
[742,225,486487,485379]
[743,278,634526,635292]
[744,232,360795,360841]
[745,211,260281,260156]
[746,243,326761,326322]
[747,249,111021,109551]
[748,257,258712,257365]
[749,235,553462,552170]
[750,67,473418,472678]
[751,13,489417,487958]
[752,22,730421,730703]
[753,75,279612,278123]
[754,243,23176,21853]
[755,57,120885,120752]
[756,129,227978,227662]
[757,84,613338,614161]
[758,224,714017,715120]
[759,259,245693,245627]
[760,111,155498,154599]
[761,84,573010,573181]
[762,248,500271,500917]
[763,58,419865,420504]
[764,235,29154,28695]
[765,23,255004,254569]
[766,276,699171,699385]
[767,243,54500,53441]
[768,26,199003,200128]
[769,9,299769,298898]
[770,193,179963,179260]
[771,237,694270,693854]
[772,234,643572,644914]
[773,95,412054,411941]
[774,131,4138,3150]
[775,274,204027,204587]
[776,205,518471,518114]
[777,237,407387,406596]
[778,222,542560,543289]
[779,161,113669,112549]
[780,3,60833,60485]
[781,201,599885,598537]
[782,122,724359,725562]
[783,249,653634,652174]
[784,147,326228,325062]
[785,113,158651,157594]
[786,149,229516,228814]
[787,74,210714,212058]
[788,180,404216,404844]
[789,76,660966,662442]
[790,216,668491,668984]
[791,94,657804,658226]
[792,240,680614,680930]
[793,249,160966,160564]
[794,59,53803,52499]
[795,103,643340,642828]
[796,206,627876,628559]
[797,153,34092,33871]
[798,71,591068,590154]
[799,126,13450,14170]
[800,173,304946,304138]
[801,33,356015,354760]
[802,44,379738,380830]
[803,23,681915,681368]
[804,154,2073,3260]
[805,121,104413,104291]
[806,221,99329,98060]
[807,125,689488,689354]
[808,230,422633,422983]
[809,195,12951,12095]
[810,187,360212,360057]
[811,112,670585,671913]
[812,102,325962,326732]
[813,48,45565,46946]
[814,29,205917,205091]
[815,263,91461,91309]
[816,60,222392,223193]
[817,53,373978,373705]
[818,74,113114,114285]
[819,21,692081,690592]
[820,246,89233,90073]
[821,115,93435,92941]
[822,150,37634,37882]
[823,191,123053,121817]
[824,203,376927,376225]
[825,145,71458,70207]
[826,208,497599,499072]
[827,250,86676,87357]
[828,221,643673,642560]
[829,204,486048,487225]
[830,200,371439,372273]
