["head":"wrap","lpos","status"]
[122,28007,0]
["io count"]
[835]
["io":"id","wrap","startLpos","endLpos"]
[1,101,544485,543063]
[2,43,333280,332136]
[3,9,47415,46222]
[4,133,466748,466542]
[5,0,571629,572001]
[6,20,10323,11632]
[7,235,714696,714178]
[8,187,703423,702122]
[9,179,128921,128664]
[10,144,579267,580387]
[11,279,452877,452598]
[12,266,369816,370213]
[13,217,178947,178261]
[14,261,102115,100970]
[15,43,616315,615792]
[16,131,391912,391421]
[17,166,160530,161231]
[18,189,582872,582590]
[19,254,254840,255042]
[20,160,649403,649746]
[21,45,446151,445136]
[22,148,554654,555587]
[23,217,458506,457454]
[24,198,243955,245296]
[25,41,163957,162747]
[26,16,302034,302466]
[27,212,325000,325980]
[28,121,185102,184304]
[29,248,393821,393890]
[30,103,195935,195544]
[31,106,33735,35126]
[32,9,294689,293984]
[33,97,149048,148181]
[34,53,140601,139249]
[35,220,239246,239707]
[36,195,343872,342641]
[37,237,692576,692254]
[38,124,547318,548582]
[39,180,403218,404408]
[40,41,498068,496924]
[41,107,39942,39897]
[42,151,552686,552324]
[43,149,321015,319807]
[44,18,712539,713154]
[45,41,101330,99952]
[46,3,227669,226803]
[47,69,556903,556397]
[48,42,550775,551683]
[49,20,318442,319081]
[50,62,29829,29999]
[51,263,630693,630502]
[52,214,419427,419618]
[53,130,29860,29959]
[54,221,607669,606429]
[55,82,462907,463160]
[56,149,517577,517268]
[57,52,46590,48090]
[58,35,507135,506508]
[59,31,633609,632398]
[60,53,518789,517715]
[61,235,267763,267092]
[62,144,56294,56941]
[63,177,679073,678355]
[64,57,279252,278121]
[65,127,177831,177474]
[66,123,601265,599785]
[67,124,429886,430030]
[68,126,675482,676232]
[69,257,675350,675093]
[70,9,717824,716781]
[71,246,299413,300842]
[72,45,676403,676022]
[73,255,472783,471949]
[74,240,650581,651420]
[75,87,256325,255333]
[76,50,153580,153964]
[77,230,706260,707536]
[78,139,287605,286293]
[79,236,209841,210068]
[80,152,344520,345218]
[81,7,75770,75050]
[82,59,261091,260155]
[83,87,320853,320423]
[84,87,360740,359310]
[85,174,290755,291358]
[86,186,337272,338277]
[87,9,471014,469877]
[88,136,409225,409285]
[89,63,213420,212465]
[90,245,260732,259283]
[91,15,607264,606623]
[92,74,369281,369733]
[93,99,296842,296066]
[94,90,585546,586802]
[95,87,222305,221966]
[96,151,6699,5297]
[97,96,273160,274215]
[98,229,71289,70942]
[99,14,475604,476587]
[100,268,152176,152481]
[101,214,179180,179729]
[102,269,648039,647789]
[103,233,725181,724415]
[104,190,40181,41425]
[105,44,414096,415469]
[106,204,75822,77016]
[107,257,223339,222197]
[108,194,118305,118913]
[109,222,403039,403851]
[110,64,341800,342460]
[111,10,623513,624289]
[112,2,381161,381507]
[113,269,183861,183454]
[114,196,724337,725802]
[115,191,356338,355386]
[116,43,205877,204722]
[117,17,201915,200891]
[118,72,29427,29692]
[119,233,263139,261824]
[120,111,591994,591584]
[121,260,139430,139490]
[122,70,286867,288134]
[123,221,213374,212804]
[124,160,472601,473975]
[125,189,675530,674225]
[126,42,146377,147301]
[127,83,241625,241139]
[128,10,467065,467125]
[129,10,349446,350826]
[130,186,298028,298682]
[131,88,504855,505576]
[132,235,493151,491828]
[133,179,327439,326791]
[134,126,517094,518051]
[135,66,207524,207844]
[136,133,703576,702389]
[137,32,230488,231190]
[138,113,680346,679512]
[139,64,501599,501756]
[140,64,566999,567247]
[141,118,480702,481229]
[142,187,679635,679150]
[143,96,7391,7726]
[144,146,359624,360390]
[145,262,114953,115198]
[146,264,153964,154612]
[147,59,34036,32536]
[148,35,58849,58232]
[149,229,558640,557774]
[150,74,656906,657150]
[151,47,572837,572074]
[152,156,302332,302697]
[153,226,208769,210266]
[154,24,672388,672754]
[155,82,400406,401259]
[156,57,713603,713401]
[157,231,535532,535033]
[158,85,690788,689769]
[159,256,564294,565090]
[160,272,479338,480229]
[161,238,523753,524149]
[162,151,504319,504233]
[163,229,426081,425477]
[164,57,455866,455141]
[165,185,624365,624006]
[166,174,407020,408422]
[167,96,92101,93472]
[168,205,526674,525438]
[169,118,218660,219062]
[170,262,349865,350854]
[171,156,693399,693509]
[172,252,586144,586931]
[173,182,421544,422045]
[174,107,366687,365944]
[175,161,225004,224923]
[176,235,490958,490413]
[177,21,314249,312759]
[178,7,570206,569937]
[179,98,165779,166357]
[180,130,613438,614767]
[181,98,347972,349054]
[182,214,471573,471715]
[183,132,216437,217120]
[184,46,48922,49202]
[185,13,229079,228263]
[186,62,652722,652767]
[187,36,576252,576595]
[188,16,371415,371964]
[189,234,209833,210076]
[190,209,199001,198269]
[191,106,192387,193866]
[192,204,43467,43840]
[193,189,439178,438623]
[194,8,311038,311250]
[195,56,396095,397236]
[196,250,361270,361737]
[197,106,148090,148405]
[198,104,589291,589527]
[199,44,111649,112902]
[200,216,108039,109502]
[201,15,708688,708039]
[202,42,209065,209779]
[203,21,460410,459985]
[204,23,466376,465253]
[205,55,214591,213195]
[206,278,389355,389895]
[207,195,625928,624446]
[208,129,593255,592024]
[209,64,139283,140502]
[210,72,63346,63771]
[211,134,692538,692968]
[212,124,157282,158360]
[213,238,280049,281455]
[214,132,461527,461701]
[215,258,249821,251267]
[216,203,613238,613003]
[217,26,496629,497516]
[218,121,45226,44821]
[219,266,343187,343530]
[220,126,366680,367162]
[221,116,302917,303919]
[222,215,636073,635847]
[223,183,553271,552929]
[224,97,705000,704481]
[225,267,150024,148579]
[226,201,279337,278745]
[227,194,91346,91940]
[228,249,412241,411571]
[229,115,404051,403426]
[230,114,317956,319231]
[231,19,326021,325349]
[232,129,118812,117824]
[233,115,465256,465144]
[234,278,268413,269630]
[235,104,114276,115488]
[236,129,622902,622083]
[237,95,132000,131487]
[238,142,264403,265125]
[239,3,687099,686975]
[240,57,40204,39029]
[241,42,511042,511979]
[242,90,138755,139332]
[243,108,369717,370695]
[244,209,207848,206476]
[245,4,611461,612802]
[246,94,447795,448680]
[247,230,706082,707532]
[248,111,114216,113990]
[249,68,457628,459068]
[250,272,34948,35451]
[251,208,263549,264005]
[252,148,412643,413598]
[253,7,591333,589918]
[254,233,62249,61328]
[255,134,94980,95464]
[256,250,373750,374916]
[257,133,330279,329222]
[258,83,264981,264802]
[259,15,497893,496936]
[260,161,100071,99987]
[261,119,526162,525286]
[262,174,396502,397747]
[263,44,470943,472246]
[264,228,214939,215191]
[265,223,697399,696736]
[266,68,2728,3639]
[267,160,582441,582989]
[268,23,303206,301954]
[269,236,134923,136110]
[270,128,562548,562581]
[271,132,68971,69209]
[272,175,224679,224039]
[273,206,473679,474882]
[274,264,289402,290267]
[275,223,455779,455232]
[276,166,13827,14158]
[277,240,134639,134946]
[278,13,209927,209749]
[279,174,266392,267813]
[280,252,286775,287025]
[281,170,27349,27415]
[282,55,470164,469297]
[283,273,105445,104140]
[284,52,553460,553640]
[285,45,610292,609307]
[286,100,583357,583928]
[287,192,569277,569423]
[288,248,611725,612001]
[289,223,57982,57047]
[290,68,575140,576158]
[291,254,447947,448509]
[292,193,322748,322248]
[293,82,588999,589671]
[294,227,578930,577817]
[295,216,396019,396192]
[296,124,360642,361525]
[297,7,523209,523123]
[298,90,172076,172952]
[299,266,297058,298551]
[300,253,231352,230476]
[301,7,140234,138911]
[302,30,455304,456780]
[303,41,461886,460759]
[304,218,727876,729203]
[305,101,332204,332012]
[306,121,48615,47213]
[307,37,117918,117629]
[308,143,260176,259726]
[309,237,427934,427408]
[310,272,104779,105787]
[311,165,412903,411898]
[312,112,76835,77534]
[313,38,136503,136724]
[314,16,91831,92095]
[315,146,345545,346938]
[316,111,46577,46218]
[317,73,136796,135388]
[318,248,355863,356987]
[319,262,521529,521820]
[320,5,130326,129546]
[321,128,249240,250354]
[322,73,209677,209025]
[323,23,177590,176300]
[324,139,371980,371543]
[325,132,56672,58072]
[326,255,277506,277342]
[327,202,162811,164308]
[328,68,594957,595399]
[329,82,498589,498749]
[330,234,130711,131175]
[331,199,414180,414090]
[332,17,480340,480246]
[333,91,36384,35520]
[334,47,152596,152126]
[335,247,497681,497258]
[336,84,121591,121986]
[337,63,616457,615269]
[338,202,213438,214176]
[339,18,503216,503454]
[340,202,10509,11635]
[341,52,523017,523474]
[342,108,571792,572223]
[343,132,373909,374576]
[344,81,335036,333638]
[345,187,347785,346906]
[346,227,89518,88073]
[347,2,709689,709853]
[348,34,134453,135273]
[349,107,574357,573352]
[350,55,95813,95033]
[351,254,657237,658592]
[352,130,531899,532494]
[353,21,359888,359134]
[354,94,235806,236054]
[355,197,479808,479026]
[356,131,105260,104630]
[357,271,534486,533562]
[358,268,457028,458264]
[359,30,730641,730916]
[360,3,600738,599470]
[361,1,24705,23922]
[362,55,467603,467375]
[363,26,29578,30044]
[364,128,545029,545622]
[365,51,150386,150192]
[366,194,85909,86773]
[367,207,472483,472383]
[368,26,51438,52468]
[369,52,566700,567910]
[370,267,518463,517855]
[371,119,582540,581460]
[372,237,554130,553503]
[373,146,86423,86475]
[374,194,466047,466680]
[375,32,368079,368405]
[376,118,422561,422884]
[377,152,422983,423016]
[378,150,572148,573188]
[379,203,461627,461293]
[380,128,255356,256103]
[381,179,122079,121987]
[382,204,347140,347898]
[383,259,324954,324174]
[384,29,51564,51164]
[385,192,415790,416990]
[386,171,77172,76857]
[387,165,268563,267544]
[388,35,322702,321647]
[389,252,363543,364693]
[390,184,726094,726522]
[391,218,308037,308252]
[392,83,370940,370415]
[393,89,261349,260201]
[394,159,640778,640460]
[395,262,420920,421810]
[396,123,626937,625730]
[397,214,243064,243549]
[398,143,637390,636657]
[399,78,424908,425212]
[400,148,113524,115017]
[401,32,560763,561954]
[402,40,625731,626851]
[403,39,375081,374946]
[404,28,178000,178638]
[405,94,318758,319197]
[406,115,489317,489122]
[407,226,131989,132552]
[408,166,581386,582174]
[409,51,369501,369044]
[410,251,97400,96173]
[411,277,88284,87751]
[412,31,555467,555031]
[413,78,513044,513263]
[414,65,237566,236381]
[415,116,1200,2649]
[416,9,343351,342220]
[417,62,168607,168653]
[418,9,506065,504751]
[419,187,696283,695231]
[420,186,272986,274044]
[421,249,433431,432258]
[422,27,623189,622848]
[423,240,369961,371455]
[424,95,553578,552398]
[425,208,594311,594563]
[426,59,584424,584046]
[427,190,329044,329334]
[428,49,417809,417455]
[429,218,22261,23483]
[430,114,635909,637040]
[431,68,146004,147171]
[432,79,151427,150285]
[433,201,489805,488821]
[434,171,417095,416820]
[435,190,411972,412687]
[436,200,709704,711081]
[437,96,2294,3574]
[438,59,296845,295511]
[439,258,133692,133888]
[440,211,265380,265316]
[441,169,43413,42838]
[442,119,691066,690096]
[443,194,282063,282716]
[444,13,637071,636635]
[445,64,88517,89282]
[446,55,200231,199760]
[447,165,619714,619572]
[448,251,345094,343971]
[449,104,579185,580607]
[450,117,584858,584279]
[451,55,112061,111206]
[452,271,277886,277239]
[453,199,21645,20680]
[454,245,531055,530680]
[455,167,625332,624588]
[456,10,37277,38453]
[457,149,653984,653245]
[458,61,189639,189230]
[459,230,167798,168881]
[460,170,560710,560945]
[461,49,663642,662464]
[462,57,579358,578666]
[463,220,115580,116979]
[464,185,402132,402029]
[465,223,47303,46810]
[466,238,336445,337091]
[467,59,250862,249439]
[468,112,375157,376327]
[469,88,567929,569280]
[470,101,320940,320708]
[471,101,538968,538552]
[472,256,317720,318870]
[473,156,54319,54961]
[474,13,63942,62456]
[475,54,580866,582063]
[476,12,200054,201021]
[477,248,98406,99781]
[478,128,514207,515215]
[479,8,480052,480873]
[480,177,260977,259962]
[481,171,44570,43583]
[482,168,76473,76884]
[483,26,557419,558091]
[484,102,729200,729579]
[485,144,210259,211215]
[486,228,570921,570997]
[487,215,171702,171145]
[488,255,269166,268900]
[489,159,513537,512480]
[490,221,655651,654195]
[491,36,631636,632628]
[492,121,357602,356279]
[493,184,346578,346807]
[494,115,622879,622063]
[495,219,630344,630229]
[496,254,286348,287537]
[497,83,184654,183753]
[498,41,105138,104692]
[499,242,303714,304850]
[500,62,596847,597596]
[501,245,446481,445261]
[502,129,283652,283360]
[503,164,100097,100669]
[504,240,7556,8653]
[505,252,481418,481969]
[506,163,29435,28101]
[507,276,49788,51189]
[508,212,473326,474096]
[509,246,425946,426597]
[510,271,25042,24171]
[511,235,398267,397581]
[512,184,303590,304206]
[513,83,671659,670495]
[514,248,561945,562208]
[515,82,223357,224073]
[516,12,116963,117635]
[517,222,522524,523181]
[518,157,661633,660335]
[519,122,471374,472726]
[520,250,650539,651061]
[521,272,573560,574530]
[522,191,512912,511827]
[523,210,214019,215464]
[524,137,727919,727732]
[525,72,468617,468676]
[526,104,639268,640700]
[527,268,344798,345912]
[528,25,101519,101311]
[529,121,303109,302916]
[530,144,504436,504601]
[531,57,372643,372031]
[532,46,715338,716035]
[533,53,23698,22262]
[534,258,589712,590480]
[535,234,162044,162840]
[536,68,670400,671154]
[537,37,526196,525268]
[538,188,295755,296869]
[539,254,272734,274101]
[540,133,686684,686284]
[541,124,42252,42567]
[542,190,526435,527001]
[543,19,327838,326385]
[544,239,99859,99261]
[545,145,667996,667680]
[546,122,246558,246880]
[547,120,654570,655858]
[548,94,114613,115147]
[549,205,450524,449869]
[550,32,42668,43138]
[551,54,193824,194421]
[552,217,192975,192079]
[553,167,62486,61897]
[554,171,547694,546668]
[555,227,266359,265251]
[556,9,492184,491834]
[557,14,80468,81723]
[558,133,340335,339367]
[559,109,679835,678680]
[560,182,245608,246389]
[561,150,34003,34986]
[562,164,708498,709424]
[563,242,285187,285747]
[564,180,46271,46643]
[565,21,450185,449343]
[566,39,548051,547898]
[567,214,682972,683350]
[568,59,461090,460436]
[569,197,703786,703740]
[570,37,398625,397308]
[571,265,501,72]
[572,151,323201,322637]
[573,7,57150,56720]
[574,118,22245,22280]
[575,183,658436,657560]
[576,82,230329,230860]
[577,18,143779,144781]
[578,55,372962,372883]
[579,203,342311,341502]
[580,275,4199,3081]
[581,225,69971,69717]
[582,251,142390,141632]
[583,149,37517,36152]
[584,218,439150,440040]
[585,245,243096,242241]
[586,123,521889,520542]
[587,38,388467,388855]
[588,117,677490,676686]
[589,202,533823,534774]
[590,118,153474,153814]
[591,55,64104,62814]
[592,31,419252,418565]
[593,170,162001,162639]
[594,241,583084,581964]
[595,63,428899,428003]
[596,18,330079,331094]
[597,39,388945,387650]
[598,116,495845,496609]
[599,13,711832,711639]
[600,48,13919,15160]
[601,83,608056,607522]
[602,210,577294,577732]
[603,204,493271,493545]
[604,275,684183,683805]
[605,182,159190,160553]
[606,67,329320,328678]
[607,178,190462,191428]
[608,149,122682,122107]
[609,124,513654,514288]
[610,129,435837,434716]
[611,58,411790,412118]
[612,119,542731,542257]
[613,228,382037,382554]
[614,236,155059,155540]
[615,219,100506,100186]
[616,196,109087,110121]
[617,56,166435,167237]
[618,126,593038,593739]
[619,69,144736,143944]
[620,0,247974,248152]
[621,16,630926,632274]
[622,195,494810,494429]
[623,31,620704,620312]
[624,257,5585,4305]
[625,133,143199,142060]
[626,221,564473,564085]
[627,57,601441,600450]
[628,187,261929,261580]
[629,42,371195,372072]
[630,252,15288,15934]
[631,132,193420,194324]
[632,86,155964,156699]
[633,204,240458,241010]
[634,136,332716,334123]
[635,165,183606,183300]
[636,59,388431,388198]
[637,89,673869,672927]
[638,59,658169,657971]
[639,126,314141,315503]
[640,115,640371,639379]
[641,32,701866,703113]
[642,159,652511,652191]
[643,21,106928,106798]
[644,260,269602,270183]
[645,169,6474,5836]
[646,68,535915,536586]
[647,196,693344,694101]
[648,41,141568,140069]
[649,113,353980,352492]
[650,88,650943,651997]
[651,31,215402,214185]
[652,127,412346,411365]
[653,200,628716,629281]
[654,84,131120,131249]
[655,56,315767,316316]
[656,147,397511,397398]
[657,202,371901,373175]
[658,97,600450,599152]
[659,222,143086,143441]
[660,125,136714,135327]
[661,145,196582,195354]
[662,139,486930,486467]
[663,75,239427,238251]
[664,117,277732,276581]
[665,140,608703,609587]
[666,70,724614,725055]
[667,259,78585,77604]
[668,190,230492,231857]
[669,40,670434,671218]
[670,41,6829,5601]
[671,16,491602,492941]
[672,61,192582,191677]
[673,74,250822,251819]
[674,73,602253,601294]
[675,140,465670,466581]
[676,34,575078,575300]
[677,106,29257,30535]
[678,182,598027,598520]
[679,104,590249,591320]
[680,43,469157,468986]
[681,234,120059,121220]
[682,14,471130,471486]
[683,42,56762,57326]
[684,23,82222,80980]
[685,183,368885,367606]
[686,29,242030,241765]
[687,276,339973,341272]
[688,30,642544,643125]
[689,234,455131,455229]
[690,180,324271,325567]
[691,223,394416,394245]
[692,130,598653,599536]
[693,78,77013,77879]
[694,244,174085,174127]
[695,86,725921,726757]
[696,19,701508,701154]
[697,43,169397,168588]
[698,0,695255,695967]
[699,15,540913,539713]
[700,126,59085,60432]
[701,101,95390,94154]
[702,116,316957,318213]
[703,197,544623,544218]
[704,204,454509,454844]
[705,39,50789,50700]
[706,47,656103,656056]
[707,149,464034,462684]
[708,257,319654,318294]
[709,90,538922,539736]
[710,183,684808,683533]
[711,278,171120,171883]
[712,268,448551,448841]
[713,48,100525,101832]
[714,253,178797,177301]
[715,167,352925,352862]
[716,65,261169,260098]
[717,248,175920,177103]
[718,107,29589,28142]
[719,12,252095,253201]
[720,59,660595,659585]
[721,35,368209,367450]
[722,110,728786,729438]
[723,200,672289,672484]
[724,49,244364,243817]
[725,100,33170,34209]
[726,252,390533,391502]
[727,254,141177,141586]
[728,85,131605,131555]
[729,110,93141,93919]
[730,220,65724,66079]
[731,190,297930,298046]
[732,200,40999,42220]
[733,69,294178,292950]
[734,109,224861,224133]
[735,101,395100,394904]
[736,66,6604,7533]
[737,167,450990,450282]
[738,92,538383,539871]
[739,103,607859,607256]
[740,194,185735,186227]
[741,169,559622,559579]
[742,206,49836,50768]
[743,58,623289,624637]
[744,75,238693,238591]
[745,185,665083,664320]
[746,234,29403,30063]
[747,137,235750,235634]
[748,262,620036,620418]
[749,30,263618,264638]
[750,270,496298,497199]
[751,0,713538,714899]
[752,190,508656,508920]
[753,201,716754,716482]
[754,239,156161,154962]
[755,25,273892,272619]
[756,155,501071,499714]
[757,260,254189,254511]
[758,27,164227,163624]
[759,178,133088,133220]
[760,120,229044,230379]
[761,173,253354,252774]
[762,112,172384,173571]
[763,2,694345,694833]
[764,196,676267,676653]
[765,151,489279,488894]
[766,153,78629,77280]
[767,226,664502,664674]
[768,162,104295,105449]
[769,36,165631,166231]
[770,204,660839,661097]
[771,107,9900,9596]
[772,275,338025,336881]
[773,5,211897,210682]
[774,66,572071,573043]
[775,37,721560,720312]
[776,188,307766,308771]
[777,242,129081,129808]
[778,74,582583,583431]
[779,176,722592,723783]
[780,83,686043,684802]
[781,277,421066,419737]
[782,189,307994,307855]
[783,209,54752,54465]
[784,165,376116,374793]
[785,71,181122,180525]
[786,154,245277,246594]
[787,49,246048,245256]
[788,72,145861,147349]
[789,25,190967,190763]
[790,198,519440,519569]
[791,222,378993,380047]
[792,187,615022,614188]
[793,122,722235,722567]
[794,74,138872,139331]
[795,137,475124,473878]
[796,191,541640,540964]
[797,127,421041,420829]
[798,123,339313,338927]
[799,13,225752,225213]
[800,119,25503,24637]
[801,254,582578,583991]
[802,176,66646,66980]
[803,17,636341,635736]
[804,254,642262,643474]
[805,47,630695,629944]
[806,99,580310,580272]
[807,191,483087,482521]
[808,236,599270,600663]
[809,232,296780,297802]
[810,237,234843,234177]
[811,184,14163,14759]
[812,204,99585,100475]
[813,198,93631,94813]
[814,11,539958,539187]
[815,169,434423,433913]
[816,170,424520,425517]
[817,62,28720,29289]
[818,29,492737,492218]
[819,68,549315,550071]
[820,90,601576,602524]
[821,232,311666,313088]
[822,164,394895,395480]
[823,218,752,2064]
[824,107,34564,34463]
[825,150,92902,93062]
[826,258,395351,395801]
[827,199,458558,458317]
[828,112,321539,322854]
[829,40,498656,500038]
[830,142,604075,604826]
[831,230,333967,334939]
[832,128,406883,407282]
[833,54,511974,512469]
[834,55,476537,475099]
[835,68,72770,73994]
