["head":"wrap","lpos","status"]
[89,328549,0]
["io count"]
[840]
["io":"id","wrap","startLpos","endLpos"]
[1,11,66786,66491]
[2,44,321397,322654]
[3,277,234827,233828]
[4,158,149288,150160]
[5,255,682742,681483]
[6,79,304244,304166]
[7,12,77234,78700]
[8,96,26716,27513]
[9,65,603433,602020]
[10,14,722092,722723]
[11,250,393247,394724]
[12,213,434825,433640]
[13,13,188819,187815]
[14,85,561822,560781]
[15,183,443030,442950]
[16,249,18368,17802]
[17,112,631841,632669]
[18,130,383896,384291]
[19,170,225406,225870]
[20,113,384609,383910]
[21,45,237394,236380]
[22,212,125781,126808]
[23,106,408383,408789]
[24,10,328102,328288]
[25,90,665080,665911]
[26,151,628962,627488]
[27,111,425488,424915]
[28,251,569787,568924]
[29,245,353864,353518]
[30,255,497528,496477]
[31,167,367075,366702]
[32,7,107809,106672]
[33,101,570120,568839]
[34,52,96745,96911]
[35,62,139900,140647]
[36,21,38521,37478]
[37,277,335326,334703]
[38,151,665289,664826]
[39,207,726925,726541]
[40,68,613301,614372]
[41,276,637498,638434]
[42,157,389469,388642]
[43,37,213889,213495]
[44,155,188297,187753]
[45,96,204823,205044]
[46,239,120532,119317]
[47,258,425278,425356]
[48,193,249049,248938]
[49,104,137604,138524]
[50,201,166739,166451]
[51,127,83192,82072]
[52,253,356993,355708]
[53,63,402641,401341]
[54,278,620743,621271]
[55,98,281489,281792]
[56,264,406113,406979]
[57,255,240447,239727]
[58,38,694533,695518]
[59,124,351848,352503]
[60,146,441048,442482]
[61,262,245188,246039]
[62,104,302197,303204]
[63,241,670989,670320]
[64,60,440872,441999]
[65,256,703661,704268]
[66,37,696851,696166]
[67,81,228086,227373]
[68,78,664859,666292]
[69,258,547200,548181]
[70,244,466644,467021]
[71,252,429516,430199]
[72,4,261625,262463]
[73,13,64150,63671]
[74,31,492863,492028]
[75,278,203809,203972]
[76,241,313394,313090]
[77,121,423064,421788]
[78,141,361020,360210]
[79,255,369482,368266]
[80,100,235106,236427]
[81,83,22579,21827]
[82,216,327447,327914]
[83,241,665089,664381]
[84,53,356955,356720]
[85,132,142888,143721]
[86,254,29533,29742]
[87,172,69981,71412]
[88,180,612452,613934]
[89,88,564866,565285]
[90,6,387613,389026]
[91,140,643825,644800]
[92,140,163114,164598]
[93,275,216616,215835]
[94,8,37937,38946]
[95,233,643316,641935]
[96,71,346280,345886]
[97,218,272796,273651]
[98,132,310000,311169]
[99,279,656395,655709]
[100,69,23908,23505]
[101,56,625125,625514]
[102,166,223727,224956]
[103,194,139641,140136]
[104,220,360935,361349]
[105,13,359767,359188]
[106,13,605362,605305]
[107,192,218638,219392]
[108,186,365483,366341]
[109,26,493657,494092]
[110,11,652424,651887]
[111,205,338984,337846]
[112,218,627176,628114]
[113,244,366841,367219]
[114,103,480226,479301]
[115,180,394810,395496]
[116,33,492951,492321]
[117,43,513925,513330]
[118,128,946,2362]
[119,39,55999,54919]
[120,60,97688,97920]
[121,213,178658,177864]
[122,88,701441,701855]
[123,3,156465,155109]
[124,76,720805,721989]
[125,121,700030,699580]
[126,126,348593,348660]
[127,185,235204,235107]
[128,24,600615,601842]
[129,46,576257,577429]
[130,98,176576,177353]
[131,127,323454,322857]
[132,24,546527,546868]
[133,83,326483,326069]
[134,246,579198,579603]
[135,249,673264,672191]
[136,160,728442,729766]
[137,176,665082,665797]
[138,48,720561,720759]
[139,159,23284,22912]
[140,147,363428,362887]
[141,132,497933,498837]
[142,49,394612,393884]
[143,269,207653,206533]
[144,204,312473,313463]
[145,156,392813,393331]
[146,264,696408,697161]
[147,272,149189,149660]
[148,216,303634,304323]
[149,190,159477,160786]
[150,278,91195,91801]
[151,47,26539,25796]
[152,268,453170,453890]
[153,201,476027,474690]
[154,164,651560,652981]
[155,122,51708,52330]
[156,33,406581,406446]
[157,153,622744,621669]
[158,269,92002,91916]
[159,120,578800,580219]
[160,212,247538,248320]
[161,264,404244,404471]
[162,278,699460,699918]
[163,22,231848,232277]
[164,138,235194,236666]
[165,58,497834,499119]
[166,202,635051,635469]
[167,186,538374,538648]
[168,30,556677,558049]
[169,275,289651,288904]
[170,167,372545,372378]
[171,185,383522,382209]
[172,59,344423,343423]
[173,275,67933,66625]
[174,2,248909,249170]
[175,226,342438,342972]
[176,12,714271,714916]
[177,112,654554,655630]
[178,51,97454,96288]
[179,180,642837,644151]
[180,118,79685,79904]
[181,202,426187,427538]
[182,25,383220,382663]
[183,230,455101,455240]
[184,261,449553,448479]
[185,257,479524,479056]
[186,257,397846,397129]
[187,97,270315,270235]
[188,80,291769,293018]
[189,227,295088,294522]
[190,70,296932,297615]
[191,167,594135,592902]
[192,83,222290,220904]
[193,77,11290,11205]
[194,83,566736,565807]
[195,156,218897,219286]
[196,125,229935,229815]
[197,39,728147,727621]
[198,249,211679,211423]
[199,82,425945,426773]
[200,97,145282,144362]
[201,206,172860,174146]
[202,201,505067,504641]
[203,83,506617,506042]
[204,251,434003,433114]
[205,94,558396,559322]
[206,15,624200,622827]
[207,107,605796,604724]
[208,255,434063,432568]
[209,250,254923,255792]
[210,221,243432,242044]
[211,204,435035,435983]
[212,118,226661,226948]
[213,269,330883,329752]
[214,248,322038,322351]
[215,65,213466,212212]
[216,183,261196,259764]
[217,274,266996,267579]
[218,227,389440,388621]
[219,47,453220,452339]
[220,240,721221,722524]
[221,201,107511,106369]
[222,140,457562,458267]
[223,226,426661,426760]
[224,4,442384,443374]
[225,132,498044,498462]
[226,136,459414,460795]
[227,201,48034,46841]
[228,48,561879,562618]
[229,203,74382,73835]
[230,116,568983,569179]
[231,195,373827,372902]
[232,245,81869,81624]
[233,134,36897,38099]
[234,254,424261,425075]
[235,143,207407,206037]
[236,247,644851,644569]
[237,267,124632,123832]
[238,160,690109,690950]
[239,172,404201,404702]
[240,121,207531,207447]
[241,142,499489,500767]
[242,141,126392,125291]
[243,125,109324,108508]
[244,211,141676,140589]
[245,30,557337,558604]
[246,32,599638,600311]
[247,41,314519,314108]
[248,79,369247,368702]
[249,2,274164,275559]
[250,123,639347,639276]
[251,45,607802,607384]
[252,84,226252,227508]
[253,3,54200,53602]
[254,121,205734,205586]
[255,96,198594,200066]
[256,156,205955,206123]
[257,113,599021,598484]
[258,263,215974,215802]
[259,11,359749,359662]
[260,83,222469,221784]
[261,176,249476,250856]
[262,173,699118,698992]
[263,90,447448,448743]
[264,261,92501,91473]
[265,117,600698,599968]
[266,226,586788,587833]
[267,26,517745,519169]
[268,83,393254,392122]
[269,83,397830,397663]
[270,1,48344,48121]
[271,59,571865,571017]
[272,49,247271,246225]
[273,195,673311,672641]
[274,125,340408,340217]
[275,171,534673,533842]
[276,194,539601,540758]
[277,206,295170,296468]
[278,5,449445,448859]
[279,223,326684,325539]
[280,34,74827,76209]
[281,146,344600,345647]
[282,72,504513,505179]
[283,227,89221,88703]
[284,127,584806,583496]
[285,220,276077,277115]
[286,28,423075,423352]
[287,67,562418,562044]
[288,41,549913,548740]
[289,19,606654,605452]
[290,266,256441,257181]
[291,87,8290,6957]
[292,180,23200,24401]
[293,119,386955,386775]
[294,150,186416,187735]
[295,35,723382,722638]
[296,268,545334,546666]
[297,85,672467,672377]
[298,124,119088,120003]
[299,53,558990,558902]
[300,175,88358,86901]
[301,203,61162,60866]
[302,226,38117,38972]
[303,111,92889,92223]
[304,52,270745,271732]
[305,185,648279,647521]
[306,162,169929,170486]
[307,54,391445,392531]
[308,81,147167,146888]
[309,111,539632,538380]
[310,145,533601,532447]
[311,142,598758,599525]
[312,223,413090,412775]
[313,198,218294,218405]
[314,46,722661,722781]
[315,15,140805,140268]
[316,103,499951,499528]
[317,141,557481,557065]
[318,115,311856,310438]
[319,39,594596,594338]
[320,116,438056,438439]
[321,134,653577,654895]
[322,231,306975,306353]
[323,256,273380,273896]
[324,134,470908,471721]
[325,87,367370,366160]
[326,132,354904,356004]
[327,33,640349,639579]
[328,96,251654,252137]
[329,44,271491,271651]
[330,228,79737,79951]
[331,100,84839,85076]
[332,146,172409,173280]
[333,31,374556,373078]
[334,151,202822,202484]
[335,197,531132,530823]
[336,137,117352,116269]
[337,257,713060,712351]
[338,97,231235,230897]
[339,33,115881,115204]
[340,40,477663,478586]
[341,96,541211,542643]
[342,172,50265,50394]
[343,93,407874,406618]
[344,117,7475,6532]
[345,60,622429,623475]
[346,89,503618,502856]
[347,172,429409,429956]
[348,276,683415,684030]
[349,115,89519,89209]
[350,197,300817,300475]
[351,228,580307,581141]
[352,202,118984,119860]
[353,275,203051,202189]
[354,260,478458,478740]
[355,98,597663,598720]
[356,167,555965,554635]
[357,133,28637,28104]
[358,54,475882,475982]
[359,260,564054,564621]
[360,59,698522,697592]
[361,241,226532,226418]
[362,117,580663,579286]
[363,98,396280,396605]
[364,148,138867,139081]
[365,81,555134,554715]
[366,157,86412,86100]
[367,186,413681,414590]
[368,151,534124,533012]
[369,73,19499,19238]
[370,261,234081,232640]
[371,151,120444,120210]
[372,53,401440,400490]
[373,182,2177,2967]
[374,80,543343,544303]
[375,48,289433,289635]
[376,232,714585,715152]
[377,244,245572,245690]
[378,270,194057,194998]
[379,231,728233,727971]
[380,58,398966,399730]
[381,97,534747,534440]
[382,210,428782,429568]
[383,150,415678,415813]
[384,260,11836,12363]
[385,97,69888,68796]
[386,247,586840,585712]
[387,269,495492,495421]
[388,263,520990,520398]
[389,65,188405,187874]
[390,238,34893,35670]
[391,127,135689,134398]
[392,121,196048,195084]
[393,41,272122,271671]
[394,251,355406,353958]
[395,26,715854,716358]
[396,225,707653,707464]
[397,186,209746,210741]
[398,1,357247,357053]
[399,139,162950,162204]
[400,144,153391,154143]
[401,87,94539,94267]
[402,232,516249,516359]
[403,237,72627,72066]
[404,20,56738,56796]
[405,209,285920,285437]
[406,83,307487,306925]
[407,95,470402,470021]
[408,218,125201,125717]
[409,187,380991,380278]
[410,21,13512,12580]
[411,93,526795,526043]
[412,219,259822,258513]
[413,101,540108,539523]
[414,9,135934,135581]
[415,55,204235,203435]
[416,231,665830,665651]
[417,133,657451,656789]
[418,249,256002,254652]
[419,124,711414,711990]
[420,9,165627,164887]
[421,106,678577,679910]
[422,169,48771,48067]
[423,177,474990,474526]
[424,155,171256,171061]
[425,56,523003,524438]
[426,166,377209,377878]
[427,184,710086,710361]
[428,23,522785,522139]
[429,252,257237,258196]
[430,118,235725,236578]
[431,206,194240,194703]
[432,218,366770,367188]
[433,202,560473,561401]
[434,47,347676,346233]
[435,165,408999,407527]
[436,32,509630,510992]
[437,209,293870,292394]
[438,170,488137,488901]
[439,164,335220,336401]
[440,132,94366,95606]
[441,140,697824,698743]
[442,89,415991,415695]
[443,98,348153,348535]
[444,145,702556,701134]
[445,89,670391,668952]
[446,70,148706,149469]
[447,18,661596,662732]
[448,176,219842,220794]
[449,74,230496,230536]
[450,133,413113,412450]
[451,257,344471,344397]
[452,268,621740,622482]
[453,266,444196,444609]
[454,239,100634,99609]
[455,67,277913,277779]
[456,271,455146,454883]
[457,214,293677,294937]
[458,170,316345,317606]
[459,197,27460,26963]
[460,27,340336,339153]
[461,173,239191,239120]
[462,47,166687,165404]
[463,3,314725,313973]
[464,218,292576,292815]
[465,246,431537,432527]
[466,163,401669,400982]
[467,37,540818,540282]
[468,50,12073,12550]
[469,65,524162,524060]
[470,170,265725,266640]
[471,258,147608,148394]
[472,5,449960,449010]
[473,96,174555,174684]
[474,223,518583,517936]
[475,58,400867,401538]
[476,212,238388,239595]
[477,214,475290,476269]
[478,183,635692,634911]
[479,228,24415,24627]
[480,275,41829,40427]
[481,112,312835,313908]
[482,15,631841,630617]
[483,233,456704,455691]
[484,272,627696,628420]
[485,216,666069,666740]
[486,86,78631,79922]
[487,182,478260,478381]
[488,275,168397,168278]
[489,151,401492,400825]
[490,22,18731,19803]
[491,16,592429,593865]
[492,64,703890,704873]
[493,22,373860,374096]
[494,217,725241,724041]
[495,182,518972,519883]
[496,255,94670,94166]
[497,193,254247,253180]
[498,69,695979,695022]
[499,140,278753,279653]
[500,151,357670,356796]
[501,48,320569,320699]
[502,85,244676,243482]
[503,172,622045,622572]
[504,103,275422,274944]
[505,160,319420,319733]
[506,277,373288,371941]
[507,53,37629,36781]
[508,179,540374,539533]
[509,92,160774,161892]
[510,264,404988,406129]
[511,179,74033,73837]
[512,239,74586,73951]
[513,154,659414,660557]
[514,16,619962,621460]
[515,59,244949,244403]
[516,138,111509,112357]
[517,170,727285,727873]
[518,206,212442,212844]
[519,167,133787,132415]
[520,18,297312,297362]
[521,183,728761,728484]
[522,126,106785,107935]
[523,107,64471,64070]
[524,19,646393,645314]
[525,255,249235,248993]
[526,70,622641,622898]
[527,124,459472,460671]
[528,166,544326,544373]
[529,165,639550,638514]
[530,160,612291,612383]
[531,14,5016,5678]
[532,139,92757,91373]
[533,30,492872,493337]
[534,255,295461,295301]
[535,26,146481,147747]
[536,241,62735,61444]
[537,104,151956,153113]
[538,79,400180,398978]
[539,112,106796,107545]
[540,221,446252,446029]
[541,176,274628,274883]
[542,197,234247,233991]
[543,135,670264,669732]
[544,206,306981,308108]
[545,240,450783,451839]
[546,266,552608,553340]
[547,167,267002,266133]
[548,101,108627,107855]
[549,222,235634,236596]
[550,177,715391,714699]
[551,186,31683,32233]
[552,86,522903,524175]
[553,142,654050,655108]
[554,165,377528,377469]
[555,123,422765,421300]
[556,152,713972,714605]
[557,100,337944,338793]
[558,59,350737,350257]
[559,128,596348,596749]
[560,105,467601,467320]
[561,103,711978,711595]
[562,248,129883,130784]
[563,95,544169,543676]
[564,197,471886,471619]
[565,38,124670,126147]
[566,44,560115,561149]
[567,46,295063,295171]
[568,147,187597,186801]
[569,73,407275,405806]
[570,262,235807,237097]
[571,213,157706,157603]
[572,135,537665,536805]
[573,175,406248,404955]
[574,18,134913,136116]
[575,225,362860,361939]
[576,18,344931,346362]
[577,153,364967,364731]
[578,237,153049,152771]
[579,80,411284,412557]
[580,226,626123,627499]
[581,257,262847,261378]
[582,48,168170,169122]
[583,1,389698,389314]
[584,271,494454,493409]
[585,102,612244,613702]
[586,69,492264,491307]
[587,209,29986,28884]
[588,277,595083,594649]
[589,249,525193,523751]
[590,172,39180,39908]
[591,225,725567,724787]
[592,228,678551,678932]
[593,276,485634,485873]
[594,220,75802,76903]
[595,103,251971,251592]
[596,52,547894,549306]
[597,17,93938,93235]
[598,84,266885,267582]
[599,194,363221,364407]
[600,159,418893,417786]
[601,131,77751,77107]
[602,101,404621,403566]
[603,184,410689,410920]
[604,44,348001,348186]
[605,279,467710,467320]
[606,251,722733,721866]
[607,224,372118,373470]
[608,192,705165,705427]
[609,102,86583,86931]
[610,267,685120,684370]
[611,277,17361,16068]
[612,106,326727,328071]
[613,190,390273,391142]
[614,166,235880,236882]
[615,269,217252,217189]
[616,173,86084,84644]
[617,117,665488,664592]
[618,91,542983,542579]
[619,50,186964,188244]
[620,221,606402,605220]
[621,148,550305,551620]
[622,189,88995,88811]
[623,37,490722,490310]
[624,118,468245,469556]
[625,172,217731,218739]
[626,260,355083,355122]
[627,239,275111,274369]
[628,221,23586,23183]
[629,49,689875,688880]
[630,102,330910,331230]
[631,237,604588,603908]
[632,249,10178,8964]
[633,117,339215,338527]
[634,50,135419,135466]
[635,64,611479,611837]
[636,199,150385,150309]
[637,43,653813,653222]
[638,135,445812,444357]
[639,117,4937,4673]
[640,28,239778,239990]
[641,72,372531,372855]
[642,198,422037,423120]
[643,196,58849,59813]
[644,132,45617,46313]
[645,119,33346,33262]
[646,50,266787,267453]
[647,66,483964,484431]
[648,265,283808,283168]
[649,22,684881,684965]
[650,177,139781,139627]
[651,190,657549,658607]
[652,73,377930,376736]
[653,86,690862,691823]
[654,105,582423,581269]
[655,167,599336,597847]
[656,161,395022,393629]
[657,43,366708,366492]
[658,143,209260,208315]
[659,109,304425,303081]
[660,79,629955,629125]
[661,35,286046,285947]
[662,115,111366,110637]
[663,203,596955,596015]
[664,168,39583,40206]
[665,240,156421,157564]
[666,253,349782,349077]
[667,1,55559,55077]
[668,277,98059,97149]
[669,242,499665,500334]
[670,73,656761,655384]
[671,105,626128,625816]
[672,269,410585,409117]
[673,18,192681,192989]
[674,40,17427,18076]
[675,262,280013,280139]
[676,70,524388,524872]
[677,186,610352,611182]
[678,38,12653,13329]
[679,182,500376,501876]
[680,252,154720,155267]
[681,239,468428,467749]
[682,250,419420,420272]
[683,35,694070,693140]
[684,201,51425,51278]
[685,43,124221,122779]
[686,135,165317,164715]
[687,120,552663,553581]
[688,134,468027,469133]
[689,125,70145,69173]
[690,7,128942,128005]
[691,96,433735,434111]
[692,154,73806,74798]
[693,109,593562,592987]
[694,274,121366,122058]
[695,73,227930,226888]
[696,113,325971,325920]
[697,278,372094,372296]
[698,92,411716,412223]
[699,37,283777,282519]
[700,186,577296,577541]
[701,27,142374,141465]
[702,250,665305,665737]
[703,67,91988,91139]
[704,2,263617,264686]
[705,271,663037,662273]
[706,127,480463,479549]
[707,134,22542,23810]
[708,239,183091,182287]
[709,187,353809,353238]
[710,237,664643,663419]
[711,183,413164,412989]
[712,247,273933,273639]
[713,130,407879,408486]
[714,84,88697,89515]
[715,260,630715,631741]
[716,255,245856,244389]
[717,185,661196,659794]
[718,176,162102,162719]
[719,156,698726,700011]
[720,63,381355,380998]
[721,271,379788,379226]
[722,256,383612,383789]
[723,273,473163,472296]
[724,247,96713,95248]
[725,265,392619,391734]
[726,175,650553,650341]
[727,99,691440,690325]
[728,210,331569,332764]
[729,139,536704,535882]
[730,11,227330,226310]
[731,165,568937,567652]
[732,256,148903,150289]
[733,129,260189,259129]
[734,44,285236,285367]
[735,27,97662,96975]
[736,64,612071,613462]
[737,8,698656,699420]
[738,270,49131,49341]
[739,229,114863,114003]
[740,101,188215,186933]
[741,83,605296,604073]
[742,277,263549,262935]
[743,174,109282,109742]
[744,237,630328,629168]
[745,129,161960,160620]
[746,42,230175,230577]
[747,211,156751,155747]
[748,130,123930,125141]
[749,61,710218,709405]
[750,221,6410,5070]
[751,176,603613,605109]
[752,236,532954,533318]
[753,3,542380,541175]
[754,26,612005,613126]
[755,188,714233,715059]
[756,195,165012,163524]
[757,127,391979,391229]
[758,5,526198,525804]
[759,58,27126,28355]
[760,273,50785,49459]
[761,11,507930,507136]
[762,181,406349,406055]
[763,128,160345,161830]
[764,104,53758,54640]
[765,174,257139,258333]
[766,94,323230,324486]
[767,135,470237,470204]
[768,152,585147,586462]
[769,170,499354,500224]
[770,29,557472,556967]
[771,102,362099,363210]
[772,0,176187,177016]
[773,264,368947,370363]
[774,179,179827,178786]
[775,272,488342,488537]
[776,140,66622,68109]
[777,253,476389,475749]
[778,276,670943,671168]
[779,167,174687,173760]
[780,256,249616,250918]
[781,63,407967,407777]
[782,72,165122,165716]
[783,62,189973,190195]
[784,175,86884,85567]
[785,67,594093,593404]
[786,221,447543,446753]
[787,40,321962,323239]
[788,111,2316,2159]
[789,44,166729,167545]
[790,210,268760,269101]
[791,158,606641,607828]
[792,124,646494,647705]
[793,192,586385,587280]
[794,141,237709,237089]
[795,244,363550,364726]
[796,104,80122,80216]
[797,103,163618,162767]
[798,52,361437,361583]
[799,278,57321,58106]
[800,95,205622,204583]
[801,243,220338,219445]
[802,77,336921,336511]
[803,17,216563,216057]
[804,265,482095,481007]
[805,97,175036,174259]
[806,166,99470,100380]
[807,262,575396,576546]
[808,245,156212,155881]
[809,74,408855,408913]
[810,119,243208,242370]
[811,10,393499,394211]
[812,196,175046,176347]
[813,168,153360,153901]
[814,88,115497,115967]
[815,245,709399,708230]
[816,132,669960,670172]
[817,201,533699,532404]
[818,121,383443,382732]
[819,62,715352,715943]
[820,70,722084,723130]
[821,245,725210,723791]
[822,187,404806,404643]
[823,141,403002,402942]
[824,240,638788,639728]
[825,149,646125,646023]
[826,47,242038,241876]
[827,204,460143,460252]
[828,60,563082,564402]
[829,144,77713,78525]
[830,1,79600,78195]
[831,83,340897,340271]
[832,138,439458,440471]
[833,234,93981,95146]
[834,160,580036,580814]
[835,129,348495,347558]
[836,93,544470,543697]
[837,12,614359,615499]
[838,134,333778,333855]
[839,48,146484,147257]
[840,153,591907,591635]
