["head":"wrap","lpos","status"]
[8,466202,0]
["io count"]
[845]
["io":"id","wrap","startLpos","endLpos"]
[1,220,425999,426788]
[2,142,122094,122429]
[3,255,435768,435334]
[4,242,563311,563981]
[5,89,361091,359983]
[6,217,566100,565313]
[7,45,572314,571163]
[8,265,276860,276692]
[9,119,230011,228920]
[10,274,303822,304424]
[11,265,301369,301207]
[12,43,549541,548291]
[13,22,399070,399221]
[14,2,695042,695832]
[15,226,550121,550715]
[16,49,17337,16484]
[17,253,666489,666003]
[18,274,513035,513659]
[19,153,673449,672057]
[20,153,101475,100692]
[21,236,697872,698843]
[22,172,141456,141966]
[23,102,330020,331327]
[24,225,190539,189310]
[25,80,506523,506834]
[26,208,252356,252853]
[27,104,275150,275400]
[28,217,554900,553745]
[29,145,688968,688447]
[30,160,279547,279957]
[31,224,259114,259179]
[32,106,109782,110851]
[33,4,215122,215550]
[34,121,516969,515755]
[35,240,607412,608312]
[36,0,379660,380273]
[37,29,456936,455981]
[38,220,260212,260560]
[39,16,125513,125808]
[40,123,209380,209057]
[41,49,80620,79257]
[42,200,66441,67775]
[43,277,435006,434393]
[44,128,304221,304674]
[45,261,555317,554473]
[46,83,625081,624377]
[47,250,524731,525232]
[48,143,401685,401073]
[49,42,33032,33780]
[50,39,500282,499845]
[51,242,509549,509854]
[52,140,651086,651418]
[53,40,391404,391707]
[54,96,443646,444001]
[55,125,295394,294778]
[56,152,84833,85039]
[57,191,298114,297384]
[58,192,729801,730034]
[59,29,88564,87075]
[60,204,368158,368323]
[61,28,354457,355581]
[62,154,590380,591344]
[63,264,604239,604305]
[64,78,293976,294605]
[65,30,36888,38376]
[66,188,186326,187415]
[67,55,215766,214761]
[68,185,365695,364689]
[69,65,664387,662888]
[70,250,189439,190719]
[71,78,376519,377687]
[72,148,252211,252962]
[73,120,57369,58540]
[74,161,337433,336633]
[75,81,460748,460136]
[76,129,517727,516336]
[77,230,513549,514999]
[78,269,160324,159952]
[79,25,437990,437275]
[80,48,62720,63508]
[81,88,242918,243820]
[82,71,508141,507826]
[83,134,661196,662418]
[84,194,25370,26128]
[85,264,677540,678531]
[86,96,225306,225388]
[87,29,257256,256933]
[88,271,338474,337579]
[89,232,550538,551043]
[90,169,334482,333753]
[91,150,230195,230735]
[92,125,516571,516400]
[93,221,16788,16114]
[94,69,551539,550387]
[95,83,681645,680215]
[96,191,682992,681621]
[97,250,623609,624874]
[98,84,304153,305261]
[99,111,368905,367670]
[100,241,677155,676312]
[101,218,700418,700702]
[102,126,618220,618542]
[103,95,5270,4702]
[104,150,89659,90826]
[105,125,385013,384163]
[106,5,16723,16085]
[107,119,140961,140522]
[108,56,674610,675100]
[109,79,546549,545176]
[110,127,638022,636723]
[111,143,702966,701755]
[112,54,416083,416502]
[113,58,364851,365086]
[114,141,352457,350960]
[115,237,492717,491424]
[116,197,709158,707929]
[117,257,46199,45099]
[118,135,79352,79312]
[119,18,537143,537237]
[120,113,440662,439994]
[121,148,109718,110088]
[122,243,329650,328779]
[123,268,337476,337718]
[124,45,407285,406357]
[125,230,682560,683636]
[126,31,386801,386081]
[127,215,321351,320789]
[128,131,149482,148591]
[129,47,147359,146152]
[130,37,249729,248859]
[131,131,343027,341818]
[132,4,342119,342513]
[133,181,580256,579577]
[134,95,573060,571925]
[135,155,725042,723692]
[136,186,599612,600586]
[137,275,631787,631136]
[138,12,654859,655588]
[139,59,198784,197292]
[140,106,132201,132980]
[141,194,32253,32625]
[142,22,237997,239033]
[143,95,53307,52810]
[144,238,268253,269376]
[145,153,617811,616944]
[146,206,575218,576522]
[147,103,282360,281955]
[148,208,41325,42690]
[149,27,476049,475882]
[150,145,212197,211635]
[151,249,385187,384017]
[152,27,176232,175500]
[153,86,182351,182431]
[154,209,213295,212022]
[155,88,197347,198487]
[156,99,550318,548907]
[157,231,32781,31387]
[158,147,456468,455813]
[159,138,170434,171263]
[160,206,368996,369161]
[161,103,35886,35011]
[162,190,516339,517226]
[163,12,480514,481460]
[164,61,395913,394814]
[165,40,230160,230892]
[166,146,139694,140398]
[167,44,507438,507687]
[168,259,342694,342344]
[169,18,691057,692542]
[170,218,293675,294143]
[171,279,601569,600470]
[172,264,110243,111043]
[173,228,594838,596171]
[174,38,657247,658140]
[175,49,352206,352127]
[176,78,432682,433825]
[177,263,23670,23524]
[178,104,673164,674545]
[179,230,88012,88207]
[180,229,677408,676387]
[181,136,712557,713882]
[182,36,524794,525903]
[183,45,638226,637731]
[184,100,632419,633316]
[185,66,571267,572473]
[186,52,42752,43918]
[187,140,251920,252752]
[188,161,111078,110509]
[189,91,465104,465061]
[190,86,332506,333847]
[191,40,198946,199377]
[192,200,660098,660282]
[193,4,590514,591324]
[194,108,581651,583020]
[195,189,192907,191628]
[196,3,406681,405378]
[197,220,170146,170660]
[198,85,251632,251179]
[199,166,626072,626927]
[200,179,303893,302535]
[201,79,636624,636261]
[202,181,499120,498019]
[203,241,696788,695774]
[204,50,433158,434378]
[205,149,644100,643528]
[206,28,397185,397817]
[207,120,18902,20086]
[208,151,435088,434961]
[209,147,181677,181546]
[210,276,273612,275049]
[211,261,432642,431279]
[212,53,307089,306413]
[213,200,525252,526292]
[214,41,447859,447429]
[215,114,721672,722237]
[216,47,382312,381622]
[217,47,351116,349795]
[218,179,115113,114831]
[219,235,57842,57093]
[220,125,620294,618838]
[221,244,466468,467773]
[222,253,152584,151502]
[223,270,314795,314926]
[224,98,635664,636673]
[225,200,709358,710651]
[226,157,560009,559975]
[227,23,668180,667186]
[228,275,601719,600639]
[229,103,163961,163152]
[230,188,3081,3461]
[231,230,308095,309170]
[232,27,168476,166981]
[233,242,306793,307439]
[234,0,392471,393167]
[235,84,373371,374533]
[236,146,582864,583273]
[237,132,560024,560149]
[238,196,598993,599232]
[239,189,153309,152624]
[240,195,715736,714648]
[241,242,428987,429915]
[242,91,247441,246969]
[243,61,146666,146581]
[244,278,400862,401149]
[245,279,408053,407994]
[246,79,437869,436439]
[247,81,45327,44302]
[248,180,478115,479152]
[249,169,204170,203130]
[250,236,452479,453821]
[251,130,38356,38466]
[252,36,606588,607784]
[253,245,477061,475619]
[254,61,117426,116492]
[255,261,728596,727757]
[256,121,583239,581910]
[257,7,623980,622604]
[258,4,580013,581338]
[259,117,450260,449627]
[260,208,29242,30134]
[261,79,153400,152672]
[262,92,667501,668556]
[263,255,628579,627319]
[264,113,556793,556603]
[265,267,242827,242681]
[266,130,214644,215678]
[267,160,133748,134481]
[268,255,526379,525770]
[269,16,417466,418337]
[270,126,378919,379857]
[271,228,56157,57469]
[272,158,198651,199117]
[273,186,550895,551306]
[274,239,397749,396840]
[275,123,12420,11885]
[276,169,592484,592139]
[277,252,7984,9029]
[278,21,121626,121128]
[279,171,469829,469297]
[280,117,319881,319258]
[281,187,150592,150409]
[282,165,386310,385016]
[283,111,68743,67722]
[284,219,503185,502217]
[285,175,692598,692089]
[286,69,670947,669621]
[287,266,725106,725176]
[288,61,429082,428279]
[289,203,668993,668664]
[290,144,467311,467540]
[291,253,506745,506351]
[292,147,282725,282140]
[293,146,711193,711360]
[294,31,186863,186202]
[295,5,19998,19654]
[296,203,449508,448364]
[297,149,167820,166861]
[298,25,178815,177709]
[299,97,111231,110091]
[300,7,122459,121868]
[301,139,452618,451818]
[302,127,274787,273679]
[303,69,668514,667032]
[304,198,717316,718721]
[305,60,90534,91278]
[306,147,691327,691110]
[307,157,589354,587998]
[308,58,157048,157433]
[309,167,718899,718277]
[310,261,308778,307959]
[311,222,605540,606478]
[312,144,36819,37013]
[313,226,286401,287667]
[314,108,112762,112941]
[315,87,491251,490377]
[316,235,385877,385065]
[317,52,442308,442537]
[318,162,92147,93369]
[319,192,472601,473662]
[320,29,658193,657389]
[321,206,619240,620609]
[322,210,235111,235164]
[323,247,97659,96304]
[324,246,68469,68855]
[325,118,254008,255000]
[326,109,310237,309931]
[327,203,510307,510017]
[328,45,208332,207702]
[329,138,79795,81220]
[330,48,427513,427934]
[331,168,727474,728620]
[332,164,68311,68488]
[333,155,228330,228005]
[334,271,218517,217295]
[335,52,710431,711081]
[336,156,578613,578670]
[337,42,51797,52907]
[338,156,294915,295640]
[339,228,560847,560928]
[340,130,633925,634823]
[341,162,396860,397238]
[342,275,98820,97916]
[343,133,401174,400175]
[344,145,620811,620357]
[345,241,728279,727873]
[346,45,503378,503327]
[347,138,599115,600301]
[348,44,211998,212177]
[349,66,504169,505650]
[350,153,271145,269705]
[351,97,104241,103198]
[352,186,81795,82137]
[353,78,447371,448107]
[354,65,332312,331640]
[355,51,60590,59817]
[356,140,559911,560342]
[357,259,676415,675853]
[358,127,155833,155196]
[359,78,190451,190672]
[360,37,649717,648532]
[361,4,71761,73037]
[362,99,278224,278002]
[363,186,447320,447409]
[364,97,719088,717940]
[365,63,304203,302731]
[366,260,344466,345412]
[367,107,323214,321978]
[368,185,172236,171410]
[369,223,352130,351279]
[370,3,49796,49129]
[371,6,286386,287553]
[372,267,382164,381935]
[373,212,612252,613580]
[374,147,727925,727360]
[375,157,585216,584080]
[376,242,333358,334714]
[377,114,271545,271623]
[378,211,708725,707278]
[379,39,291940,291867]
[380,3,571422,571031]
[381,158,593575,594491]
[382,278,111219,112541]
[383,1,507855,507392]
[384,226,651065,652341]
[385,186,716208,716558]
[386,265,583406,582104]
[387,125,113337,112024]
[388,153,12493,11066]
[389,35,183415,182357]
[390,94,19721,20011]
[391,66,644454,645015]
[392,236,128381,128470]
[393,258,167609,168850]
[394,153,305970,305096]
[395,235,698905,698487]
[396,234,100731,101833]
[397,44,261117,262221]
[398,134,624214,624623]
[399,262,378215,379152]
[400,120,676839,676974]
[401,187,345192,344561]
[402,123,340988,339882]
[403,162,52036,52367]
[404,125,174517,173471]
[405,69,578667,578528]
[406,248,678872,679326]
[407,115,79349,79248]
[408,114,148248,149650]
[409,211,274229,273248]
[410,199,698473,698197]
[411,191,584660,583914]
[412,171,379758,378504]
[413,279,288508,287795]
[414,59,193512,192331]
[415,89,283208,282940]
[416,18,533478,534424]
[417,153,467344,466334]
[418,88,423704,424824]
[419,147,689421,688693]
[420,13,259559,258951]
[421,189,365128,364695]
[422,133,155573,154866]
[423,139,23419,22145]
[424,114,89523,90168]
[425,97,599811,598387]
[426,98,125804,127057]
[427,9,713991,713308]
[428,211,502824,501561]
[429,151,159600,158793]
[430,247,305079,303787]
[431,210,579487,579517]
[432,169,60828,60543]
[433,101,178214,177384]
[434,73,369226,368504]
[435,30,457003,458425]
[436,256,119539,120405]
[437,140,212428,213220]
[438,201,252139,251733]
[439,52,676625,677824]
[440,63,423594,423450]
[441,257,631422,630075]
[442,30,705202,705823]
[443,180,150879,151765]
[444,78,218941,219535]
[445,158,165644,165825]
[446,270,347569,348716]
[447,154,100177,101256]
[448,62,53780,53880]
[449,231,659456,659222]
[450,203,505540,504930]
[451,65,287866,287437]
[452,160,237763,238374]
[453,146,487921,488473]
[454,144,43531,43600]
[455,261,570148,569530]
[456,108,14905,16073]
[457,172,161147,161652]
[458,100,385883,387372]
[459,77,97130,96342]
[460,8,483840,484815]
[461,172,483661,484110]
[462,124,279661,280357]
[463,254,97652,98625]
[464,113,488200,486915]
[465,158,392856,393369]
[466,7,492752,491665]
[467,251,430048,430001]
[468,186,219981,220438]
[469,78,91484,91994]
[470,278,137011,137723]
[471,178,291927,292884]
[472,270,418726,418927]
[473,279,222867,221651]
[474,170,629699,630176]
[475,150,623629,624920]
[476,13,497672,496967]
[477,7,92200,91000]
[478,170,420033,420772]
[479,21,307602,307105]
[480,71,700685,699675]
[481,0,103393,104302]
[482,101,443929,443273]
[483,102,407570,408781]
[484,227,721090,720557]
[485,135,149699,148277]
[486,176,48939,49250]
[487,28,548916,550339]
[488,186,416466,417681]
[489,157,61342,60620]
[490,16,142282,142904]
[491,24,64172,64533]
[492,207,56420,55666]
[493,268,613418,614376]
[494,70,434717,435513]
[495,29,163939,163453]
[496,95,515776,515581]
[497,68,257269,257665]
[498,140,79680,80888]
[499,229,613022,611622]
[500,261,656298,654869]
[501,129,729783,728755]
[502,260,76284,76973]
[503,141,598254,597495]
[504,266,204192,205118]
[505,170,708651,709768]
[506,14,577293,577834]
[507,25,82062,81980]
[508,266,448174,448796]
[509,210,587329,588785]
[510,35,575510,574949]
[511,80,231842,233152]
[512,148,554717,555822]
[513,3,679204,678117]
[514,161,385241,384535]
[515,44,12248,12301]
[516,211,716923,716048]
[517,195,523330,523034]
[518,271,290971,290324]
[519,13,59730,58825]
[520,160,233354,234843]
[521,247,630005,629367]
[522,114,689497,690676]
[523,96,442456,443689]
[524,48,445634,446620]
[525,70,109027,109606]
[526,39,173951,173258]
[527,89,66560,66307]
[528,233,98535,97706]
[529,145,685332,685275]
[530,46,290560,290711]
[531,126,444241,445210]
[532,235,714042,712544]
[533,158,724596,725303]
[534,201,333370,332409]
[535,37,500734,499894]
[536,5,268618,268425]
[537,187,654898,653795]
[538,224,728296,729212]
[539,189,563332,561935]
[540,216,198983,200447]
[541,42,540757,540851]
[542,167,166230,165296]
[543,142,339830,340880]
[544,102,156954,158345]
[545,272,728696,729512]
[546,18,40066,40872]
[547,74,39505,40146]
[548,197,244181,243296]
[549,113,195414,195243]
[550,35,228145,227966]
[551,53,498730,497447]
[552,237,684113,683125]
[553,67,346043,344856]
[554,211,7633,6302]
[555,274,86168,86361]
[556,41,722982,721996]
[557,162,470049,471061]
[558,269,576158,575083]
[559,229,498730,497530]
[560,196,611512,612845]
[561,182,498808,499638]
[562,37,359131,358315]
[563,53,642605,641131]
[564,124,143346,144667]
[565,73,196362,195714]
[566,251,85835,85639]
[567,161,312809,311481]
[568,260,402966,403026]
[569,228,368218,368422]
[570,203,624272,623677]
[571,81,6712,6245]
[572,101,298997,298031]
[573,95,706630,706572]
[574,238,320533,321543]
[575,3,396177,395809]
[576,58,175149,176350]
[577,71,361445,361248]
[578,17,320932,320010]
[579,81,373358,372306]
[580,151,382917,382178]
[581,267,682825,682341]
[582,272,163985,164231]
[583,227,147219,147046]
[584,60,133262,134637]
[585,225,310479,309387]
[586,146,7742,8285]
[587,121,599907,598573]
[588,60,134683,134940]
[589,117,355814,355554]
[590,109,643239,641864]
[591,24,676210,676521]
[592,114,146653,147342]
[593,53,231868,230784]
[594,199,375116,374748]
[595,41,688518,687248]
[596,177,483982,482912]
[597,143,650836,650014]
[598,260,553403,554076]
[599,136,484747,485881]
[600,274,189066,189240]
[601,205,511746,511351]
[602,108,400328,401134]
[603,235,599942,599731]
[604,255,521529,521224]
[605,217,318404,317247]
[606,34,468968,470306]
[607,204,388635,389270]
[608,14,401735,401997]
[609,218,617632,618263]
[610,165,269697,268384]
[611,217,564635,563631]
[612,48,509106,510363]
[613,72,645494,646567]
[614,89,656463,655064]
[615,268,353520,354071]
[616,11,304916,304738]
[617,27,634458,634345]
[618,53,363277,362054]
[619,86,112814,113450]
[620,61,141729,140684]
[621,121,207346,206446]
[622,200,416584,417485]
[623,225,608845,608746]
[624,163,729596,728554]
[625,158,604494,604551]
[626,247,372168,371177]
[627,196,193322,194765]
[628,67,432083,430826]
[629,276,279754,279787]
[630,279,209048,208146]
[631,230,157983,158034]
[632,199,557174,556688]
[633,79,676082,675554]
[634,137,414640,413980]
[635,88,11878,13246]
[636,130,155458,156076]
[637,114,530938,531539]
[638,126,438335,439010]
[639,228,337169,337366]
[640,57,364687,363716]
[641,218,336522,337525]
[642,267,261043,260898]
[643,229,299121,298857]
[644,173,371771,370681]
[645,189,666342,664868]
[646,9,282115,280964]
[647,178,534392,534854]
[648,135,180349,179049]
[649,259,159758,159351]
[650,187,388518,387348]
[651,185,545633,545248]
[652,90,227445,228065]
[653,54,64575,65284]
[654,191,404475,403131]
[655,198,115519,116784]
[656,9,710722,710514]
[657,80,437124,438134]
[658,229,263140,262274]
[659,5,472889,471929]
[660,131,509720,508993]
[661,52,495890,496210]
[662,201,102749,101814]
[663,69,31166,30206]
[664,246,81642,82337]
[665,237,498704,497969]
[666,24,400623,401967]
[667,233,568625,568501]
[668,213,634082,632897]
[669,174,575476,576186]
[670,19,357475,356357]
[671,97,652667,651913]
[672,121,571626,570698]
[673,122,555896,556758]
[674,150,193832,194483]
[675,164,266473,267185]
[676,251,83387,82626]
[677,238,548012,549234]
[678,115,365253,364014]
[679,137,606512,605689]
[680,116,243623,244343]
[681,139,315422,314167]
[682,44,279126,280583]
[683,265,716521,715644]
[684,268,677070,678492]
[685,200,407365,408795]
[686,239,323248,322381]
[687,1,686066,685942]
[688,143,447954,446716]
[689,89,391811,391122]
[690,225,622692,622033]
[691,1,425812,425041]
[692,244,277165,277635]
[693,165,611341,610279]
[694,92,155623,155715]
[695,226,102546,103245]
[696,17,575288,574305]
[697,23,711605,710837]
[698,143,131143,130544]
[699,134,145037,145458]
[700,28,581425,581598]
[701,170,375586,376961]
[702,270,412494,413687]
[703,62,500368,501828]
[704,144,619438,620894]
[705,35,131259,130979]
[706,38,588260,589605]
[707,20,490338,491762]
[708,67,720797,719609]
[709,202,168106,169442]
[710,20,177213,178004]
[711,185,693491,692625]
[712,141,91935,91832]
[713,24,58092,58322]
[714,115,456317,455776]
[715,103,326713,325664]
[716,138,70270,71451]
[717,191,85476,85126]
[718,148,251834,252266]
[719,138,96334,97463]
[720,96,563187,563671]
[721,112,259418,260742]
[722,193,634569,633138]
[723,108,187440,188411]
[724,103,476736,475462]
[725,128,191120,191681]
[726,97,64964,64906]
[727,170,277046,278256]
[728,77,510848,509732]
[729,247,505729,504668]
[730,254,452600,452697]
[731,109,504526,503211]
[732,255,602378,602242]
[733,133,91268,90100]
[734,260,426072,426460]
[735,150,299649,299799]
[736,242,368348,368801]
[737,256,285249,285607]
[738,208,388185,388421]
[739,7,176228,175713]
[740,4,104060,104181]
[741,234,544916,545442]
[742,193,613841,612672]
[743,268,528197,529195]
[744,139,164506,163205]
[745,259,133244,132435]
[746,258,42798,43841]
[747,116,461526,462283]
[748,172,184603,185963]
[749,213,218071,217366]
[750,148,639446,639796]
[751,72,179583,179983]
[752,233,224299,223838]
[753,90,132149,132805]
[754,257,717494,717284]
[755,51,208064,207834]
[756,226,545798,546775]
[757,89,237559,236635]
[758,94,552056,552936]
[759,132,51141,51994]
[760,208,204856,205010]
[761,134,174019,175082]
[762,81,415152,415063]
[763,122,195563,196146]
[764,0,529257,529720]
[765,214,352188,353491]
[766,16,550105,551109]
[767,228,322,1544]
[768,267,274015,273214]
[769,30,141807,143060]
[770,240,296070,296624]
[771,203,657819,657213]
[772,253,611961,611440]
[773,270,82645,83632]
[774,50,35957,37266]
[775,16,4882,5861]
[776,23,518501,518010]
[777,200,333780,334494]
[778,178,241201,241769]
[779,209,424139,423940]
[780,5,445563,445307]
[781,22,187345,187631]
[782,53,385491,384440]
[783,94,386411,387709]
[784,11,328512,327687]
[785,80,521851,521894]
[786,42,488923,488953]
[787,33,112617,111499]
[788,263,188254,186773]
[789,87,57200,56865]
[790,184,359677,360073]
[791,137,606370,605989]
[792,96,615597,616026]
[793,218,636797,638176]
[794,268,4705,5405]
[795,90,102901,103062]
[796,135,393277,391961]
[797,102,314412,315629]
[798,1,362022,361763]
[799,114,655703,657087]
[800,232,690458,691145]
[801,273,251657,250550]
[802,69,206661,206294]
[803,63,489714,489452]
[804,12,513693,515103]
[805,120,321326,322097]
[806,158,540548,541422]
[807,245,90556,89629]
[808,17,52661,51576]
[809,148,146215,147444]
[810,4,75044,75238]
[811,97,114083,113739]
[812,89,261048,259702]
[813,41,140053,139588]
[814,160,282369,283805]
[815,37,439978,439835]
[816,244,500970,502392]
[817,236,317182,318042]
[818,111,534743,534130]
[819,235,274361,273631]
[820,101,663855,662510]
[821,129,368577,368154]
[822,150,454376,454849]
[823,26,312848,313953]
[824,125,230395,229402]
[825,95,714878,714461]
[826,263,708395,707420]
[827,215,600578,599544]
[828,23,10470,10167]
[829,220,28363,29396]
[830,261,91283,90328]
[831,41,638416,637225]
[832,141,482537,482082]
[833,246,588359,589451]
[834,215,715723,714984]
[835,63,259762,258385]
[836,134,336840,337663]
[837,13,195590,194605]
[838,133,473394,472039]
[839,75,66492,66424]
[840,267,336781,336155]
[841,276,278906,279680]
[842,190,679445,680260]
[843,251,201225,200473]
[844,55,699478,699305]
[845,235,480606,480375]
