["head":"wrap","lpos","status"]
[238,567197,1]
["io count"]
[85]
["io":"id","wrap","startLpos","endLpos"]
[1,203,118712,117914]
[2,81,244445,244083]
[3,177,665999,664947]
[4,82,300906,302121]
[5,192,31549,31585]
[6,196,461026,462106]
[7,267,318156,317247]
[8,271,362737,361314]
[9,156,446523,447602]
[10,66,113808,114883]
[11,223,359236,357950]
[12,162,40793,41801]
[13,180,142149,142773]
[14,226,690581,691008]
[15,26,548842,549959]
[16,225,430513,429325]
[17,209,544941,544128]
[18,30,402074,403361]
[19,181,338272,337049]
[20,112,127158,127623]
[21,72,304950,306266]
[22,176,11118,12178]
[23,157,340405,339707]
[24,154,301996,303280]
[25,107,701569,701457]
[26,233,526798,526286]
[27,223,586392,586320]
[28,59,706482,706267]
[29,40,145438,145802]
[30,126,662098,662680]
[31,15,388835,387432]
[32,96,590146,590628]
[33,34,350563,351043]
[34,218,238196,239156]
[35,38,412518,413332]
[36,131,463810,462495]
[37,205,270127,269869]
[38,137,158786,158027]
[39,266,212081,212930]
[40,237,683529,682777]
[41,279,43158,41757]
[42,189,419740,419282]
[43,107,452846,451464]
[44,276,536988,537476]
[45,61,146462,145143]
[46,22,638954,639672]
[47,78,360476,361427]
[48,118,410151,410554]
[49,207,415729,415373]
[50,8,223595,223742]
[51,44,472,1772]
[52,163,353090,352915]
[53,25,429072,428924]
[54,28,477532,479017]
[55,161,194044,192841]
[56,8,346485,347929]
[57,62,272082,272185]
[58,144,374281,375273]
[59,88,685842,687141]
[60,188,222236,222772]
[61,279,306931,305749]
[62,78,38743,40141]
[63,237,245163,244976]
[64,131,439131,437836]
[65,123,63357,63061]
[66,18,105817,106178]
[67,197,401648,401426]
[68,88,232251,232967]
[69,268,680610,681814]
[70,55,85728,85469]
[71,142,78843,80178]
[72,144,92743,93613]
[73,157,342210,342085]
[74,116,674321,674876]
[75,214,267738,268407]
[76,77,657205,657003]
[77,263,33570,32420]
[78,156,69378,70273]
[79,178,626570,627900]
[80,152,201705,202227]
[81,85,474801,473537]
[82,166,282605,283320]
[83,121,515196,515094]
[84,21,1992,610]
[85,133,296691,296319]
