["head":"wrap","lpos","status"]
[33,318146,1]
["io count"]
[850]
["io":"id","wrap","startLpos","endLpos"]
[1,242,642818,644192]
[2,41,643280,643100]
[3,79,463536,462348]
[4,236,184827,185025]
[5,165,471926,471771]
[6,266,500373,500570]
[7,66,638320,639574]
[8,261,61290,60034]
[9,210,392018,392915]
[10,128,307059,308472]
[11,193,238751,237637]
[12,32,86770,87482]
[13,204,24074,25254]
[14,113,429560,429025]
[15,85,707166,706818]
[16,106,24936,25451]
[17,143,90178,90102]
[18,75,416058,416012]
[19,125,500819,499438]
[20,71,38972,38242]
[21,239,76075,75333]
[22,220,282581,283858]
[23,179,523811,522476]
[24,227,354843,354242]
[25,261,720078,718657]
[26,35,355191,354137]
[27,208,51455,52909]
[28,70,643885,644457]
[29,147,680920,679645]
[30,239,347213,346553]
[31,22,252118,253078]
[32,168,306743,306796]
[33,84,133800,134580]
[34,6,220201,221255]
[35,182,694407,695740]
[36,125,703706,702296]
[37,193,467270,466803]
[38,76,543197,544318]
[39,154,382300,383168]
[40,0,640959,641013]
[41,14,482911,483688]
[42,39,575953,574863]
[43,143,299783,299733]
[44,206,379907,380640]
[45,170,58608,59641]
[46,48,286418,287362]
[47,183,637396,635916]
[48,45,685325,684542]
[49,31,514042,513213]
[50,74,725283,726151]
[51,122,107565,107902]
[52,193,729600,728623]
[53,133,345498,345186]
[54,152,571755,572881]
[55,186,390339,390541]
[56,5,16242,16045]
[57,230,376864,377421]
[58,32,348911,349708]
[59,261,97671,96342]
[60,161,642924,641494]
[61,156,628023,628128]
[62,232,124980,125234]
[63,103,134847,133804]
[64,29,382085,382055]
[65,133,252443,252104]
[66,37,274798,273881]
[67,166,22537,23885]
[68,75,361709,361090]
[69,90,378531,379261]
[70,230,315902,317347]
[71,254,651438,652770]
[72,231,426498,426410]
[73,227,271012,270356]
[74,149,443424,442404]
[75,186,112856,113589]
[76,251,509628,508230]
[77,187,66570,65590]
[78,202,494135,494169]
[79,256,123019,123456]
[80,116,82435,82484]
[81,168,171300,171886]
[82,253,55730,54786]
[83,5,351307,350331]
[84,61,630932,629635]
[85,270,585064,585270]
[86,273,131279,130726]
[87,29,473965,473102]
[88,262,243325,244588]
[89,74,40477,40958]
[90,225,302300,301192]
[91,31,396830,396748]
[92,44,471028,471564]
[93,177,101897,100972]
[94,59,388693,387610]
[95,256,545022,545942]
[96,184,551649,552030]
[97,180,415753,415904]
[98,41,629966,629528]
[99,141,192479,192318]
[100,123,613767,612692]
[101,230,561763,562382]
[102,39,405558,404922]
[103,82,492796,493044]
[104,137,273951,272756]
[105,239,385059,384485]
[106,129,551317,550961]
[107,47,484919,483902]
[108,0,469161,469447]
[109,6,669342,669584]
[110,157,568181,567983]
[111,180,486067,487010]
[112,137,644808,644440]
[113,129,48382,47110]
[114,275,644851,644130]
[115,231,164395,163626]
[116,169,703651,702677]
[117,109,512487,511110]
[118,122,222065,222524]
[119,90,436932,438226]
[120,158,28536,29934]
[121,88,721369,722361]
[122,143,189110,187778]
[123,146,71206,72447]
[124,125,434335,433385]
[125,17,287648,287435]
[126,102,383130,383599]
[127,186,19249,20706]
[128,109,210971,209992]
[129,214,593540,593625]
[130,28,559061,559734]
[131,67,632948,632486]
[132,199,676222,675883]
[133,16,260572,261188]
[134,243,704929,704419]
[135,81,628145,627803]
[136,64,238678,238858]
[137,93,343272,341961]
[138,16,652215,652965]
[139,46,581030,582454]
[140,208,257877,259099]
[141,65,269925,268495]
[142,120,43867,44038]
[143,58,438434,439902]
[144,205,344757,343976]
[145,253,425006,424194]
[146,222,465288,466444]
[147,93,55075,54664]
[148,174,101358,101806]
[149,5,101398,100304]
[150,252,555403,555828]
[151,26,173656,174308]
[152,13,595584,595460]
[153,105,184859,184414]
[154,87,29848,29661]
[155,141,45473,44347]
[156,274,321837,322696]
[157,63,613895,612850]
[158,183,414852,414200]
[159,53,385477,385117]
[160,110,302094,302761]
[161,278,106331,106362]
[162,169,241852,240624]
[163,133,293329,293029]
[164,203,551314,550752]
[165,103,163670,162935]
[166,171,356466,355120]
[167,76,509548,509936]
[168,195,296427,296285]
[169,279,722688,721737]
[170,154,505378,505843]
[171,157,92514,92077]
[172,269,426835,425866]
[173,108,65120,65785]
[174,55,384807,383592]
[175,1,563145,562891]
[176,211,386228,386002]
[177,177,192659,191515]
[178,123,491670,490424]
[179,163,607132,606248]
[180,66,422487,423457]
[181,204,65137,65838]
[182,148,496635,497630]
[183,177,555287,555040]
[184,175,554927,554758]
[185,224,674070,674605]
[186,98,112236,113513]
[187,6,262401,263457]
[188,232,579507,580114]
[189,114,145794,147089]
[190,220,175716,175930]
[191,19,70604,70513]
[192,264,518057,518365]
[193,207,175398,175320]
[194,153,636139,635103]
[195,93,241009,240071]
[196,176,273421,274859]
[197,10,358675,359671]
[198,25,674974,673772]
[199,247,636718,635324]
[200,230,70770,71965]
[201,153,223196,222288]
[202,89,697246,696601]
[203,131,370783,369680]
[204,261,149865,149419]
[205,176,59751,59974]
[206,78,648600,649903]
[207,16,601650,601812]
[208,180,254183,254507]
[209,143,528666,527602]
[210,191,164092,162655]
[211,158,577124,578088]
[212,101,522716,521318]
[213,16,50,1481]
[214,134,173893,174846]
[215,134,627680,629050]
[216,138,414998,416161]
[217,173,60166,59051]
[218,248,564410,565287]
[219,23,584214,583742]
[220,40,661730,662548]
[221,61,728216,728115]
[222,181,313063,312360]
[223,164,646926,646973]
[224,205,9878,9259]
[225,232,212950,214227]
[226,218,119336,120817]
[227,4,211335,212802]
[228,77,93303,92977]
[229,106,388033,389233]
[230,7,147051,146199]
[231,190,219500,219611]
[232,112,412818,412996]
[233,208,31597,31652]
[234,262,271259,272388]
[235,191,362166,361486]
[236,66,680019,681315]
[237,267,521716,520678]
[238,75,386621,386326]
[239,135,80437,79963]
[240,177,247842,246817]
[241,88,629910,631250]
[242,123,536172,535059]
[243,264,293492,293652]
[244,32,661982,663141]
[245,149,290550,289558]
[246,28,81833,82073]
[247,189,666793,666169]
[248,45,457332,456289]
[249,128,654886,656118]
[250,65,385258,384529]
[251,163,271205,270738]
[252,36,409942,411374]
[253,138,646761,646924]
[254,132,288989,289862]
[255,279,350833,350739]
[256,171,297558,296093]
[257,183,525548,524592]
[258,75,335787,335569]
[259,238,723185,724311]
[260,174,170823,172064]
[261,113,716417,716048]
[262,108,88991,89036]
[263,252,592596,592921]
[264,13,40700,39766]
[265,58,73035,74523]
[266,108,309089,309815]
[267,199,386713,385977]
[268,272,492034,493264]
[269,40,115962,116820]
[270,85,109981,109941]
[271,122,456678,458113]
[272,256,719474,720944]
[273,279,464770,464408]
[274,166,444156,444667]
[275,194,684530,684649]
[276,88,339290,339448]
[277,64,377631,379025]
[278,15,511797,511506]
[279,245,375455,375082]
[280,254,227284,228134]
[281,250,672064,673461]
[282,98,191974,193431]
[283,105,534615,533365]
[284,218,412209,412276]
[285,107,395526,394064]
[286,202,308382,308603]
[287,56,241627,242907]
[288,193,717873,716709]
[289,213,453064,452732]
[290,61,322870,322449]
[291,118,295265,296373]
[292,29,272224,272080]
[293,48,451224,452022]
[294,20,40586,42003]
[295,187,325736,324643]
[296,181,61506,60267]
[297,170,388393,389463]
[298,56,318990,319053]
[299,185,289659,288708]
[300,117,452289,451885]
[301,86,155920,156759]
[302,229,343788,343496]
[303,56,461910,462344]
[304,31,96289,95118]
[305,119,72691,72223]
[306,74,362853,363709]
[307,128,386023,387109]
[308,265,238081,236622]
[309,218,574532,574942]
[310,49,641089,640811]
[311,184,340933,342297]
[312,39,197589,197413]
[313,56,561265,562314]
[314,48,520153,520650]
[315,16,449554,449888]
[316,20,235133,235993]
[317,113,423423,422463]
[318,84,207102,208556]
[319,64,635491,636016]
[320,49,570684,570360]
[321,221,441307,440368]
[322,17,35683,34206]
[323,76,601500,601849]
[324,247,441414,441339]
[325,106,498252,498476]
[326,232,435638,436356]
[327,270,336720,337399]
[328,161,251831,251790]
[329,7,544157,542997]
[330,134,688385,689298]
[331,81,270722,269654]
[332,12,725038,726259]
[333,268,161020,162408]
[334,263,421274,420034]
[335,94,280105,281020]
[336,243,402229,402029]
[337,228,597716,597766]
[338,162,613872,614952]
[339,214,309945,310250]
[340,197,445042,444533]
[341,253,560770,560232]
[342,78,625985,626319]
[343,203,653496,653274]
[344,179,367130,365994]
[345,103,711718,711041]
[346,81,715244,714526]
[347,121,570737,569992]
[348,102,472126,473119]
[349,57,132192,131128]
[350,108,586201,586665]
[351,16,78891,79399]
[352,8,517342,518455]
[353,137,578776,577304]
[354,5,345719,344993]
[355,264,720075,720373]
[356,199,68438,67823]
[357,174,623777,624527]
[358,143,610799,609362]
[359,129,360107,359942]
[360,153,429931,429012]
[361,117,567714,566567]
[362,113,257268,256398]
[363,181,401873,401030]
[364,276,119366,119458]
[365,164,215476,215767]
[366,250,548904,549865]
[367,44,385471,386102]
[368,142,606146,607111]
[369,39,162052,161792]
[370,175,396725,396126]
[371,227,531207,530660]
[372,171,433556,433376]
[373,81,336354,335369]
[374,240,67680,67756]
[375,83,442363,441137]
[376,137,362364,361585]
[377,119,692166,692110]
[378,50,354350,355270]
[379,181,73636,72959]
[380,226,615808,616490]
[381,178,685129,686101]
[382,213,277929,277796]
[383,9,476798,476652]
[384,83,547923,546986]
[385,223,723525,723458]
[386,20,404035,405348]
[387,159,93578,92267]
[388,60,129860,130563]
[389,13,68576,68089]
[390,192,602290,603083]
[391,69,364315,364168]
[392,219,63298,62991]
[393,225,453019,451807]
[394,175,425750,424838]
[395,267,226793,225574]
[396,121,642768,642477]
[397,236,55629,56465]
[398,80,713250,713450]
[399,73,106334,106263]
[400,1,608881,608762]
[401,79,251399,250130]
[402,165,448515,448098]
[403,148,280086,281336]
[404,151,313733,313648]
[405,166,490028,490865]
[406,276,136213,137331]
[407,128,623108,623379]
[408,180,475905,476067]
[409,66,309851,310171]
[410,52,35452,36857]
[411,95,499134,497994]
[412,111,235131,233736]
[413,15,62404,61587]
[414,98,463510,464287]
[415,234,563183,564371]
[416,31,427498,427186]
[417,270,381462,381930]
[418,53,522369,521545]
[419,140,316921,317873]
[420,260,343207,344277]
[421,75,132389,132164]
[422,48,218861,218976]
[423,164,36396,36554]
[424,90,484434,485167]
[425,240,204876,205455]
[426,276,695929,696822]
[427,127,460267,459080]
[428,49,297251,296570]
[429,143,208217,207001]
[430,107,253172,252220]
[431,184,263029,264079]
[432,122,225722,226603]
[433,198,37847,39341]
[434,94,95723,96190]
[435,245,414570,413961]
[436,181,48273,47820]
[437,164,160271,160424]
[438,220,137160,137443]
[439,161,123924,123828]
[440,263,42093,41612]
[441,76,620982,621065]
[442,32,358212,358309]
[443,74,550384,550789]
[444,17,697975,696888]
[445,0,272490,273437]
[446,247,456125,454931]
[447,65,407438,406853]
[448,277,496764,495946]
[449,223,245865,244846]
[450,196,573380,574843]
[451,61,693681,693301]
[452,184,724038,724122]
[453,227,692289,691074]
[454,136,426654,427813]
[455,175,611817,611626]
[456,161,704419,703859]
[457,232,660309,660455]
[458,113,121021,120030]
[459,5,708210,707552]
[460,138,126856,127375]
[461,160,17731,18135]
[462,138,210170,211500]
[463,212,64038,64980]
[464,50,582752,583784]
[465,38,90795,91716]
[466,138,541548,542185]
[467,238,437030,437983]
[468,174,630157,630564]
[469,272,648676,648878]
[470,127,256180,255448]
[471,103,140412,139811]
[472,265,82900,82265]
[473,196,331523,332118]
[474,45,215440,215228]
[475,149,684719,684677]
[476,58,620671,621274]
[477,149,71555,70962]
[478,101,117682,116971]
[479,259,185617,184629]
[480,35,218879,218794]
[481,171,486241,485677]
[482,20,666892,667111]
[483,135,206573,205991]
[484,242,161668,163123]
[485,89,512251,512143]
[486,52,489148,490221]
[487,72,117744,118296]
[488,1,265884,264387]
[489,267,403522,402399]
[490,199,654584,653867]
[491,20,293675,294526]
[492,149,579505,578317]
[493,97,193990,192701]
[494,228,529504,530190]
[495,252,147396,148744]
[496,33,245356,244401]
[497,267,339538,339111]
[498,202,42842,43222]
[499,79,431106,430184]
[500,110,557651,558744]
[501,232,662763,663792]
[502,12,305537,305693]
[503,69,487380,486007]
[504,244,456462,456748]
[505,11,646980,646521]
[506,238,279116,280151]
[507,100,701585,702377]
[508,47,371516,370593]
[509,163,478773,478677]
[510,254,178187,179463]
[511,225,25511,25350]
[512,71,674095,672630]
[513,179,297826,297418]
[514,260,710563,711876]
[515,177,347653,346876]
[516,112,2669,3469]
[517,188,186954,188080]
[518,254,484262,485570]
[519,89,24487,23191]
[520,190,271032,272070]
[521,13,96394,96261]
[522,113,509609,508700]
[523,127,573333,572669]
[524,57,561338,559910]
[525,20,605829,606066]
[526,65,282977,282050]
[527,80,399989,400781]
[528,254,211742,212176]
[529,33,634156,633593]
[530,240,367602,368822]
[531,121,358085,356935]
[532,210,35644,36273]
[533,264,577185,577553]
[534,193,14547,14513]
[535,90,443455,444223]
[536,16,708720,709994]
[537,176,471898,472508]
[538,232,347619,348088]
[539,154,479002,480275]
[540,2,86142,86677]
[541,204,392751,393737]
[542,261,199880,199657]
[543,40,434758,436229]
[544,56,429179,429998]
[545,69,134088,132935]
[546,17,446722,446088]
[547,79,627666,627558]
[548,225,266628,266322]
[549,106,599689,600360]
[550,108,729391,729531]
[551,53,41469,40300]
[552,23,568167,567179]
[553,267,579174,578796]
[554,53,239616,238990]
[555,13,337105,336188]
[556,157,216567,215854]
[557,13,602335,601872]
[558,106,419585,420710]
[559,184,107359,108137]
[560,168,674023,674120]
[561,101,332084,331440]
[562,166,32604,34053]
[563,71,596826,595407]
[564,230,132933,133182]
[565,186,122633,123911]
[566,224,133609,134287]
[567,261,191012,190057]
[568,215,100384,99094]
[569,235,697766,697646]
[570,20,430651,432017]
[571,41,247831,246366]
[572,278,721393,721658]
[573,125,146283,146077]
[574,129,348211,348126]
[575,182,276851,277061]
[576,119,631778,631299]
[577,131,131923,131474]
[578,166,663454,664165]
[579,194,608229,608794]
[580,270,715455,716384]
[581,279,294933,293525]
[582,273,316871,315695]
[583,261,134967,133550]
[584,23,726270,725556]
[585,257,226926,226406]
[586,95,22454,21034]
[587,269,670982,670905]
[588,132,319165,319200]
[589,234,579452,579844]
[590,107,507868,507348]
[591,246,585335,586067]
[592,211,510776,509336]
[593,100,268231,268657]
[594,227,598013,597505]
[595,241,661739,661661]
[596,141,152233,150930]
[597,146,598594,599716]
[598,188,618315,618840]
[599,239,8667,7624]
[600,45,596346,596096]
[601,233,454697,453779]
[602,274,95966,96175]
[603,240,590978,591142]
[604,44,300031,300712]
[605,200,248231,249337]
[606,64,560989,561082]
[607,222,542276,542359]
[608,30,73836,74234]
[609,151,84959,84357]
[610,18,335935,336161]
[611,217,476805,475978]
[612,277,490899,489936]
[613,150,438353,439552]
[614,164,534623,535427]
[615,200,593038,593078]
[616,41,482832,482088]
[617,185,255217,253827]
[618,181,285780,285048]
[619,272,224793,225147]
[620,194,595600,596148]
[621,278,460679,460764]
[622,161,38653,37584]
[623,155,91742,90442]
[624,94,1000,2460]
[625,199,114689,114512]
[626,19,550363,549365]
[627,215,74846,73881]
[628,246,507552,508882]
[629,84,171388,172587]
[630,48,593502,594650]
[631,31,547536,546539]
[632,189,678443,677446]
[633,100,684739,685976]
[634,224,34342,34745]
[635,194,128926,129018]
[636,46,305407,306391]
[637,212,105319,105949]
[638,64,695102,695304]
[639,93,671080,669701]
[640,14,322508,323660]
[641,143,223849,223576]
[642,169,146756,145514]
[643,74,94081,94399]
[644,260,488894,489554]
[645,260,489002,490006]
[646,20,572532,573783]
[647,215,596075,595172]
[648,163,283534,282069]
[649,45,461471,459994]
[650,239,225291,224343]
[651,202,35447,36249]
[652,231,7168,5670]
[653,195,554642,554538]
[654,26,221188,221851]
[655,124,234414,234459]
[656,14,268944,269212]
[657,22,621515,621900]
[658,263,531407,531316]
[659,84,28907,29735]
[660,10,157785,158390]
[661,200,563479,564743]
[662,183,379609,378523]
[663,151,386129,385727]
[664,46,200759,201919]
[665,114,98719,99151]
[666,49,333272,331779]
[667,103,332110,330834]
[668,278,249148,249786]
[669,70,491836,492757]
[670,46,25409,26202]
[671,260,611762,612139]
[672,49,80906,79603]
[673,101,181190,180206]
[674,158,678672,678776]
[675,154,135588,136945]
[676,168,657115,657648]
[677,133,65187,64112]
[678,155,150408,149446]
[679,219,365758,364669]
[680,32,19253,20092]
[681,185,344562,343117]
[682,112,493871,493901]
[683,242,632507,632857]
[684,4,70080,70151]
[685,48,229045,229696]
[686,74,105247,105470]
[687,184,345728,346372]
[688,98,472234,473576]
[689,236,191106,191573]
[690,57,374167,374091]
[691,13,304490,303986]
[692,235,467143,467109]
[693,101,162434,162111]
[694,237,379765,379507]
[695,78,261645,261726]
[696,205,311916,311580]
[697,63,635375,634585]
[698,39,273803,273418]
[699,49,224220,223333]
[700,17,210196,208738]
[701,90,186490,187967]
[702,242,4451,5526]
[703,212,305462,305688]
[704,238,604119,605543]
[705,32,551937,552341]
[706,253,168672,167173]
[707,248,546655,547385]
[708,25,543720,542678]
[709,162,99472,100701]
[710,132,589897,590805]
[711,47,154078,153465]
[712,65,242376,241177]
[713,141,707542,706699]
[714,9,469853,468353]
[715,176,228089,228284]
[716,93,257286,257146]
[717,37,155204,154820]
[718,92,282088,282999]
[719,242,409415,409570]
[720,209,189410,188375]
[721,45,231497,231202]
[722,5,724144,723787]
[723,77,174273,173318]
[724,178,221631,221678]
[725,102,241546,241882]
[726,191,272517,272136]
[727,245,679474,678700]
[728,82,47919,48343]
[729,3,384273,383960]
[730,7,393946,393070]
[731,93,95991,94844]
[732,238,380494,381568]
[733,253,495516,494850]
[734,156,482467,483824]
[735,15,340826,340065]
[736,102,58956,59538]
[737,119,629227,628421]
[738,179,693357,692772]
[739,167,564222,563563]
[740,229,716777,716685]
[741,64,277129,277330]
[742,185,325483,324960]
[743,111,430776,429422]
[744,105,126828,125505]
[745,277,502593,502487]
[746,39,145580,145152]
[747,90,317969,318411]
[748,212,595024,595589]
[749,159,204231,203982]
[750,268,614279,615013]
[751,64,417175,418236]
[752,34,693470,694904]
[753,41,121401,121018]
[754,142,319859,321159]
[755,70,568645,570056]
[756,106,260357,260708]
[757,160,547592,548878]
[758,32,595184,596366]
[759,84,531071,532144]
[760,205,101792,100994]
[761,23,145109,144041]
[762,24,215158,215336]
[763,168,591667,592187]
[764,276,184215,184276]
[765,26,579771,580699]
[766,159,366481,365235]
[767,181,646388,645146]
[768,157,693252,693165]
[769,53,551586,550588]
[770,38,59996,60122]
[771,218,340068,341347]
[772,271,671927,670630]
[773,162,196240,196978]
[774,195,257650,257492]
[775,159,271842,271738]
[776,53,165868,165380]
[777,212,667928,668428]
[778,175,77437,77269]
[779,106,431530,432611]
[780,41,52410,52304]
[781,173,557303,556248]
[782,71,76237,75559]
[783,183,177039,176680]
[784,106,706289,706869]
[785,31,42684,42636]
[786,262,604602,604792]
[787,181,192854,191616]
[788,2,664988,666326]
[789,40,482744,484107]
[790,52,243160,244194]
[791,93,712503,711656]
[792,258,99610,101044]
[793,68,22018,22551]
[794,251,500989,500378]
[795,59,66289,65983]
[796,82,416153,417366]
[797,180,543875,545130]
[798,7,154312,153969]
[799,29,2647,2096]
[800,226,692424,693136]
[801,5,14560,14044]
[802,55,686109,685098]
[803,192,428282,429779]
[804,87,647878,647552]
[805,135,284482,283338]
[806,249,327785,327369]
[807,263,13401,12529]
[808,221,266188,265126]
[809,74,166196,166498]
[810,275,525523,524746]
[811,257,146401,145649]
[812,171,389874,389680]
[813,71,412540,411284]
[814,184,412270,413177]
[815,242,159420,159767]
[816,65,690452,689811]
[817,207,13619,12621]
[818,32,215986,216062]
[819,7,304419,303496]
[820,256,205202,206082]
[821,75,32217,30819]
[822,222,119670,120263]
[823,236,560925,562051]
[824,12,130307,131563]
[825,220,412607,413044]
[826,272,629157,629712]
[827,14,102901,103487]
[828,180,164743,164776]
[829,190,675913,677338]
[830,239,200615,200575]
[831,142,249113,249194]
[832,204,637776,637988]
[833,126,116699,117826]
[834,183,323401,322758]
[835,148,665087,665384]
[836,188,677258,678018]
[837,50,688820,689115]
[838,129,10309,9941]
[839,19,680939,679962]
[840,49,201708,200552]
[841,147,450734,449771]
[842,209,265346,264501]
[843,271,587287,587161]
[844,255,344637,343392]
[845,113,365471,364481]
[846,85,145460,145158]
[847,240,568106,568415]
[848,127,443937,443027]
[849,166,699998,700356]
[850,163,317878,316554]
