["head":"wrap","lpos","status"]
[183,109150,1]
["io count"]
[855]
["io":"id","wrap","startLpos","endLpos"]
[1,90,230207,230429]
[2,38,447775,448996]
[3,68,472919,473013]
[4,183,267355,266190]
[5,161,232913,232184]
[6,50,619357,619445]
[7,23,193388,192724]
[8,159,683324,682985]
[9,109,405454,404836]
[10,85,708727,707398]
[11,79,189562,188189]
[12,185,665724,664847]
[13,84,348404,348694]
[14,227,321623,320661]
[15,157,152307,151684]
[16,132,77354,77743]
[17,262,67098,67656]
[18,157,686201,686074]
[19,276,595193,595858]
[20,200,424383,424816]
[21,48,407597,408554]
[22,46,368395,368892]
[23,61,307746,306688]
[24,224,638174,639564]
[25,270,128341,129581]
[26,34,578935,580394]
[27,125,523394,522367]
[28,155,244175,243297]
[29,224,503181,504591]
[30,226,119407,120499]
[31,33,630814,630315]
[32,97,652069,651808]
[33,265,563131,561790]
[34,277,702331,701107]
[35,147,140035,138954]
[36,89,13778,13371]
[37,42,328003,328287]
[38,164,121642,121677]
[39,77,374862,373368]
[40,183,323590,322831]
[41,121,328636,328535]
[42,258,33675,33832]
[43,137,70497,70274]
[44,242,34128,34210]
[45,53,146073,145009]
[46,170,189680,190861]
[47,278,503416,503780]
[48,46,245536,246347]
[49,65,75993,74817]
[50,174,60898,61949]
[51,7,281821,280397]
[52,66,478450,479107]
[53,195,356842,355353]
[54,259,482925,482796]
[55,79,178527,178097]
[56,27,78324,77812]
[57,122,340590,341691]
[58,234,443635,443886]
[59,8,373530,373602]
[60,279,475785,475107]
[61,262,82206,82950]
[62,228,206806,207325]
[63,150,659302,660100]
[64,187,717280,716449]
[65,230,169442,170525]
[66,175,280944,280310]
[67,46,450875,452040]
[68,38,685746,686180]
[69,5,380278,380208]
[70,104,337585,338123]
[71,121,699807,698405]
[72,47,287240,285794]
[73,160,683581,684481]
[74,173,502389,501824]
[75,110,616144,616972]
[76,64,277667,279164]
[77,191,537731,536418]
[78,117,272353,272213]
[79,10,672632,673094]
[80,183,541320,540409]
[81,232,379810,381229]
[82,181,122717,121699]
[83,215,324752,324215]
[84,257,695153,694970]
[85,119,640059,639103]
[86,66,52692,53645]
[87,153,431622,430509]
[88,237,468161,467607]
[89,98,8216,9358]
[90,244,586164,587558]
[91,55,253583,253256]
[92,253,17574,17037]
[93,93,701875,701085]
[94,236,51680,52566]
[95,155,585920,585851]
[96,248,625671,626583]
[97,208,515556,516343]
[98,277,53361,52513]
[99,234,625146,626102]
[100,101,152533,151051]
[101,181,405759,405023]
[102,86,201736,202208]
[103,134,173991,175015]
[104,146,373862,374703]
[105,166,209630,210847]
[106,140,581841,583212]
[107,59,616122,615057]
[108,170,647565,647804]
[109,61,711559,710254]
[110,56,647691,648030]
[111,276,124432,125642]
[112,172,531792,532494]
[113,2,172071,173122]
[114,9,725842,725148]
[115,150,296020,297171]
[116,69,412829,412116]
[117,7,691430,690693]
[118,130,357224,357757]
[119,158,512331,512701]
[120,91,175246,175051]
[121,88,357382,357677]
[122,52,23360,24446]
[123,168,35205,35794]
[124,105,423136,422691]
[125,72,469022,469119]
[126,250,382590,383404]
[127,80,113147,114160]
[128,192,604770,606083]
[129,209,199712,198463]
[130,15,533705,532608]
[131,142,281914,282578]
[132,34,27353,28735]
[133,241,450919,450430]
[134,210,701012,702123]
[135,59,234918,233565]
[136,37,62904,61985]
[137,205,614577,613365]
[138,114,498377,498629]
[139,245,80910,79931]
[140,189,343426,342115]
[141,134,191639,192376]
[142,269,536836,535787]
[143,232,211885,213355]
[144,206,667165,667649]
[145,66,703457,704268]
[146,101,454453,453392]
[147,94,172182,173367]
[148,217,652317,651034]
[149,59,60789,59529]
[150,166,599379,600569]
[151,201,476692,475867]
[152,246,343234,344436]
[153,134,38814,38875]
[154,3,412490,411365]
[155,74,192909,193124]
[156,246,119545,120276]
[157,125,700740,700010]
[158,158,302801,302837]
[159,88,550697,550728]
[160,198,26288,27146]
[161,227,382593,382222]
[162,96,371580,372659]
[163,270,617227,617552]
[164,258,636925,637316]
[165,276,442011,442820]
[166,94,588309,589135]
[167,131,625171,624564]
[168,97,645744,645496]
[169,278,357482,358713]
[170,83,346004,345788]
[171,192,306623,307586]
[172,209,457528,457296]
[173,147,324010,323590]
[174,132,706810,708309]
[175,144,66588,67506]
[176,225,118190,116850]
[177,14,501703,503054]
[178,233,591215,590174]
[179,26,425006,426027]
[180,57,516553,516364]
[181,222,352360,353263]
[182,154,465812,467067]
[183,265,99821,99604]
[184,271,535302,535229]
[185,163,696323,696011]
[186,14,394839,396115]
[187,180,590296,591036]
[188,12,166101,166237]
[189,203,196614,196328]
[190,196,293150,293988]
[191,20,650889,652302]
[192,88,417142,417696]
[193,6,306949,307017]
[194,18,211020,212142]
[195,139,230761,230279]
[196,100,182902,183215]
[197,64,373608,374275]
[198,230,96481,97823]
[199,181,549366,549173]
[200,57,228294,228225]
[201,155,664443,663765]
[202,69,700019,699124]
[203,260,226838,227966]
[204,234,188489,188640]
[205,37,493340,492105]
[206,111,461522,460546]
[207,263,17877,17347]
[208,117,426281,425530]
[209,163,179797,178985]
[210,12,436614,437312]
[211,90,630930,631170]
[212,272,237594,237799]
[213,162,436634,437717]
[214,68,490235,491147]
[215,239,370994,369931]
[216,230,341955,342273]
[217,172,118847,120008]
[218,204,520426,521747]
[219,17,361495,361141]
[220,208,575875,576959]
[221,184,254991,255551]
[222,144,661141,661882]
[223,140,241613,242225]
[224,262,126029,127295]
[225,164,453973,455422]
[226,239,185373,185250]
[227,262,464843,465210]
[228,151,176799,176211]
[229,178,648533,649070]
[230,261,100799,99986]
[231,217,370450,370222]
[232,85,361476,360103]
[233,207,617524,616106]
[234,1,321131,320611]
[235,200,404338,405048]
[236,144,103358,104101]
[237,230,548971,550316]
[238,177,608701,607735]
[239,35,211820,211355]
[240,39,621248,620640]
[241,15,585920,584871]
[242,182,438965,439741]
[243,203,495399,493933]
[244,185,28346,27542]
[245,145,720078,719454]
[246,97,408426,407397]
[247,248,729262,729366]
[248,277,486251,484823]
[249,164,405453,406309]
[250,228,28166,28985]
[251,55,32026,31289]
[252,226,564804,565948]
[253,156,418616,419527]
[254,50,218442,219649]
[255,271,657613,656814]
[256,270,589364,589773]
[257,203,153856,152860]
[258,195,188348,187241]
[259,255,186080,185486]
[260,211,423662,422402]
[261,238,267588,268142]
[262,230,564562,564921]
[263,271,564411,564313]
[264,179,147884,147429]
[265,169,146446,145677]
[266,86,364317,365143]
[267,98,402661,403039]
[268,96,132486,133343]
[269,254,573726,574778]
[270,268,688059,688140]
[271,35,52579,51626]
[272,241,636686,635745]
[273,208,72373,73020]
[274,13,28677,27455]
[275,113,291458,291090]
[276,163,527817,526766]
[277,146,50350,50574]
[278,109,345171,343875]
[279,22,598680,598995]
[280,110,331122,332090]
[281,274,224891,226214]
[282,261,452667,451224]
[283,272,14402,15354]
[284,175,659513,658594]
[285,223,63934,63064]
[286,235,256228,255761]
[287,205,636045,634668]
[288,48,93560,94387]
[289,239,88504,88096]
[290,243,488138,486885]
[291,259,485959,485420]
[292,67,646964,645760]
[293,73,105034,104244]
[294,11,588160,587274]
[295,210,10176,10353]
[296,156,11487,12038]
[297,29,426055,424579]
[298,276,142743,143813]
[299,121,68051,67456]
[300,197,353025,351839]
[301,224,118974,119297]
[302,32,644700,645008]
[303,53,470540,469096]
[304,57,262331,261139]
[305,132,302094,303044]
[306,29,718516,717292]
[307,79,157463,156924]
[308,216,542297,542535]
[309,68,77357,78081]
[310,164,91189,92481]
[311,269,446547,445671]
[312,150,684592,685887]
[313,101,116422,115955]
[314,44,703746,704170]
[315,54,285344,286262]
[316,223,637440,636492]
[317,262,278606,278842]
[318,245,132598,131891]
[319,55,81240,80002]
[320,154,585855,587246]
[321,241,418294,417780]
[322,69,682533,681254]
[323,64,443064,443133]
[324,189,51137,50710]
[325,174,66971,67488]
[326,275,631725,631200]
[327,122,332670,333819]
[328,250,410004,410085]
[329,118,405755,407243]
[330,199,696653,695711]
[331,187,203451,202948]
[332,124,28302,29584]
[333,270,164051,165532]
[334,31,399608,399472]
[335,212,296010,296280]
[336,116,82726,83191]
[337,48,547553,547865]
[338,166,244288,245192]
[339,2,590190,590726]
[340,9,344981,344042]
[341,257,327734,326840]
[342,159,297352,296142]
[343,205,344131,343777]
[344,139,340538,339135]
[345,99,229282,227974]
[346,135,2456,1397]
[347,110,358486,359522]
[348,269,70291,69480]
[349,49,132202,131587]
[350,73,302225,301610]
[351,37,23707,23137]
[352,158,371739,372572]
[353,231,316466,315690]
[354,1,461248,460101]
[355,232,649903,650742]
[356,88,157450,157765]
[357,270,468198,468304]
[358,211,296526,296289]
[359,3,62872,62066]
[360,261,123738,122666]
[361,124,1654,2821]
[362,203,65950,64954]
[363,144,669713,669936]
[364,76,393342,393829]
[365,86,204198,205537]
[366,149,107908,107586]
[367,25,427424,426944]
[368,23,195652,194565]
[369,177,89896,88781]
[370,117,620127,619877]
[371,165,7828,7438]
[372,180,679680,679903]
[373,179,50165,48943]
[374,148,667515,668190]
[375,219,368734,368530]
[376,158,10610,11503]
[377,175,47808,46791]
[378,243,384612,383756]
[379,56,86331,86681]
[380,62,361392,362449]
[381,138,232762,233163]
[382,76,612093,613145]
[383,235,358995,358380]
[384,127,378730,377655]
[385,136,511711,512551]
[386,92,503235,504360]
[387,170,486464,487898]
[388,236,114145,115514]
[389,76,96137,96313]
[390,27,601142,600969]
[391,66,422788,423021]
[392,268,475319,476175]
[393,39,436353,435759]
[394,38,600231,600591]
[395,111,523018,522834]
[396,233,220360,219839]
[397,247,104549,103122]
[398,67,363624,363360]
[399,202,631388,632419]
[400,58,233480,234858]
[401,32,245588,246021]
[402,179,458517,457653]
[403,113,719212,718263]
[404,225,696843,696708]
[405,43,455536,454676]
[406,273,225894,224426]
[407,190,144608,145174]
[408,107,664150,663626]
[409,266,462571,462711]
[410,166,601917,602116]
[411,249,703992,702949]
[412,73,495915,495445]
[413,153,310279,309069]
[414,128,20241,21305]
[415,15,75511,74937]
[416,144,518662,519009]
[417,19,62412,61550]
[418,111,632964,632064]
[419,80,364179,364515]
[420,159,525850,524563]
[421,260,648244,649715]
[422,58,228815,229301]
[423,45,417634,417464]
[424,100,422607,422648]
[425,260,659718,661125]
[426,134,234983,236274]
[427,63,415614,415571]
[428,219,133146,132810]
[429,96,40656,42009]
[430,78,406401,407714]
[431,223,34817,33552]
[432,212,603248,604102]
[433,192,89429,89639]
[434,258,26526,26708]
[435,97,360518,359979]
[436,162,483249,483848]
[437,169,546632,545748]
[438,72,507589,508884]
[439,199,527570,526590]
[440,154,231994,232305]
[441,219,384133,382925]
[442,81,643458,642794]
[443,152,220422,221442]
[444,220,648614,650024]
[445,34,251090,251803]
[446,91,421232,419845]
[447,251,614849,614642]
[448,243,353265,352691]
[449,260,308101,308793]
[450,145,111615,111547]
[451,124,377007,377740]
[452,162,681289,682558]
[453,129,410649,409501]
[454,249,429932,429794]
[455,279,397444,396716]
[456,254,506430,507395]
[457,171,161466,161177]
[458,75,524255,523713]
[459,221,720170,719631]
[460,55,221435,220187]
[461,76,186051,187262]
[462,231,245367,244834]
[463,94,8636,9692]
[464,33,240308,240001]
[465,58,499884,500865]
[466,62,56472,57727]
[467,214,317554,317676]
[468,56,95919,96353]
[469,241,119816,119667]
[470,271,222798,221521]
[471,204,394085,394222]
[472,220,406508,406615]
[473,239,332008,331707]
[474,29,175845,174989]
[475,118,58226,58786]
[476,145,418822,417754]
[477,98,322890,323806]
[478,32,352261,353475]
[479,158,669390,669806]
[480,236,193960,195403]
[481,140,256206,257659]
[482,131,514139,513696]
[483,7,263430,262485]
[484,5,693731,693401]
[485,211,125026,124470]
[486,269,435407,434712]
[487,78,536940,537444]
[488,22,611409,612863]
[489,30,424001,425051]
[490,6,700953,701343]
[491,26,263114,264039]
[492,234,244961,245366]
[493,54,282766,283354]
[494,230,688351,688495]
[495,6,532363,533816]
[496,18,591986,593229]
[497,118,43314,43662]
[498,221,135040,134306]
[499,166,448866,449846]
[500,212,231640,231696]
[501,154,382376,383631]
[502,86,669339,669547]
[503,14,467923,468094]
[504,208,8822,10097]
[505,137,110962,109820]
[506,194,61899,63222]
[507,218,301571,302330]
[508,239,711960,711007]
[509,14,641153,642430]
[510,177,729403,729248]
[511,22,516455,516549]
[512,102,83288,84355]
[513,45,522047,521659]
[514,224,642208,642668]
[515,41,671949,670718]
[516,257,571882,570584]
[517,113,219609,218304]
[518,94,288957,289109]
[519,97,354075,353413]
[520,253,124984,124915]
[521,259,462767,462263]
[522,278,224753,225596]
[523,183,548860,548425]
[524,56,700939,701236]
[525,196,232280,232685]
[526,70,356185,356598]
[527,137,712640,711299]
[528,126,440993,441199]
[529,101,454714,454102]
[530,222,337762,338174]
[531,260,337392,338365]
[532,9,437024,436668]
[533,185,596439,596187]
[534,223,5337,4080]
[535,265,166589,165450]
[536,130,101466,101555]
[537,220,656549,657333]
[538,212,272103,273218]
[539,10,351847,352855]
[540,24,503691,504955]
[541,84,686441,686690]
[542,95,71977,71839]
[543,129,596575,595884]
[544,7,670832,670351]
[545,215,32409,31104]
[546,16,506805,507854]
[547,177,477683,476257]
[548,173,367769,367621]
[549,200,630404,631711]
[550,171,616185,615016]
[551,13,38492,38122]
[552,60,61373,62472]
[553,59,476349,475129]
[554,105,318074,317282]
[555,51,6552,5840]
[556,32,677619,678427]
[557,12,192616,193314]
[558,15,508219,507499]
[559,94,445954,446895]
[560,157,156328,155409]
[561,183,106917,105548]
[562,162,22133,22376]
[563,90,313872,314416]
[564,263,320612,319247]
[565,272,276106,276315]
[566,100,523753,523949]
[567,182,582671,584119]
[568,211,658143,657887]
[569,0,638247,638505]
[570,49,616879,616786]
[571,269,70522,70390]
[572,91,222357,220957]
[573,274,702833,704019]
[574,51,478814,478229]
[575,236,173734,175086]
[576,266,273553,274407]
[577,3,161002,160059]
[578,74,207061,207577]
[579,212,665539,666730]
[580,49,146427,145878]
[581,256,36971,37408]
[582,38,101715,102714]
[583,73,222612,222009]
[584,73,182752,181258]
[585,86,469449,470858]
[586,196,513257,513391]
[587,238,113698,114678]
[588,216,568659,569152]
[589,52,596145,597000]
[590,266,15760,16411]
[591,143,514993,514224]
[592,84,588918,589785]
[593,198,59266,59490]
[594,185,185117,184763]
[595,278,568750,569611]
[596,154,619708,620945]
[597,7,11279,10381]
[598,99,404529,403936]
[599,236,559093,559249]
[600,73,298692,298373]
[601,111,222648,221340]
[602,144,518276,518528]
[603,259,301536,301214]
[604,51,333024,331769]
[605,166,575272,575952]
[606,141,673916,673711]
[607,184,515912,516158]
[608,150,195803,195976]
[609,174,462189,462224]
[610,18,250263,251551]
[611,55,187870,187630]
[612,51,315152,314258]
[613,83,270292,270102]
[614,207,13359,12501]
[615,29,430284,428937]
[616,194,421246,422338]
[617,7,387900,386591]
[618,270,660370,660892]
[619,31,156080,155544]
[620,87,656466,656154]
[621,204,210186,211178]
[622,227,496072,495137]
[623,82,189128,189209]
[624,58,640875,641656]
[625,77,562552,562336]
[626,97,436742,435918]
[627,61,298637,298515]
[628,152,218715,219454]
[629,226,91373,92856]
[630,246,367655,368782]
[631,271,202863,201919]
[632,199,10966,10068]
[633,238,612553,613640]
[634,149,318954,318249]
[635,139,288124,287134]
[636,46,269166,269642]
[637,137,411724,410473]
[638,203,49445,48472]
[639,238,162626,164068]
[640,29,591918,591852]
[641,146,602216,602541]
[642,46,389071,390398]
[643,181,410625,410456]
[644,166,36064,36371]
[645,264,689723,690983]
[646,122,219216,219925]
[647,55,113231,113098]
[648,83,628683,627830]
[649,27,589256,588078]
[650,115,204585,203373]
[651,178,695970,696380]
[652,63,10595,10022]
[653,220,571779,573063]
[654,207,639577,638559]
[655,164,536438,537769]
[656,51,57281,56065]
[657,118,302200,303657]
[658,188,162784,163753]
[659,233,634486,633165]
[660,109,552778,552100]
[661,188,553105,553196]
[662,56,626002,627316]
[663,3,581047,580728]
[664,21,611959,611470]
[665,261,503641,502455]
[666,130,387712,388032]
[667,1,369978,369439]
[668,34,706842,707807]
[669,41,538560,537151]
[670,56,559141,559572]
[671,127,593020,592173]
[672,74,422486,423208]
[673,141,162455,161432]
[674,145,693255,692524]
[675,142,339774,340793]
[676,172,387830,388357]
[677,175,328309,327687]
[678,274,129559,129962]
[679,181,60763,59847]
[680,187,304263,303784]
[681,182,30791,32017]
[682,209,452752,451595]
[683,120,282695,283877]
[684,109,239103,238951]
[685,237,699678,699264]
[686,149,251468,250461]
[687,138,256670,256919]
[688,52,166429,167370]
[689,107,696812,695580]
[690,10,614564,615073]
[691,210,245641,245881]
[692,178,419803,420451]
[693,159,128506,127300]
[694,250,689860,690906]
[695,56,632731,632948]
[696,235,489435,488145]
[697,178,55896,56252]
[698,169,595690,594470]
[699,200,687894,688254]
[700,12,113294,114441]
[701,98,257337,258751]
[702,244,271912,273247]
[703,239,586088,585385]
[704,200,639701,640978]
[705,167,589163,587783]
[706,59,315892,315468]
[707,90,406960,407802]
[708,26,601602,602666]
[709,244,262317,263757]
[710,72,406490,407154]
[711,224,50436,51905]
[712,236,461672,462724]
[713,234,362864,364281]
[714,123,109896,109740]
[715,26,62073,62703]
[716,93,130679,129398]
[717,206,701492,702650]
[718,9,418322,417277]
[719,200,453777,454908]
[720,93,303314,303223]
[721,114,391349,392469]
[722,6,638242,639524]
[723,2,560254,560859]
[724,108,129450,129493]
[725,124,126705,127279]
[726,256,176587,177590]
[727,27,200185,199678]
[728,7,58191,57015]
[729,135,339893,339414]
[730,17,311258,310047]
[731,248,51514,52454]
[732,102,480930,481728]
[733,189,713276,712128]
[734,277,655193,654045]
[735,152,407465,408918]
[736,196,683657,683872]
[737,200,20654,21827]
[738,25,180268,180062]
[739,99,421766,421638]
[740,173,287015,286842]
[741,177,703539,702105]
[742,84,38466,39255]
[743,137,99584,98621]
[744,40,375446,376572]
[745,37,125152,123984]
[746,196,94200,94682]
[747,265,256005,255875]
[748,70,548366,549058]
[749,220,94976,95297]
[750,53,546307,544940]
[751,133,497487,497403]
[752,196,59145,59985]
[753,135,574107,572796]
[754,226,636993,638451]
[755,257,31536,31249]
[756,274,42650,42764]
[757,67,210493,209536]
[758,34,138587,139257]
[759,41,175793,174583]
[760,208,502016,502831]
[761,150,221487,221546]
[762,108,572532,573003]
[763,174,305298,306789]
[764,83,235310,234902]
[765,186,228010,228198]
[766,67,612593,611369]
[767,176,604874,605518]
[768,246,145431,146920]
[769,114,354786,356251]
[770,60,129522,130844]
[771,253,15724,14600]
[772,90,229996,230828]
[773,98,681977,682858]
[774,200,654944,655006]
[775,95,601457,600486]
[776,153,579367,578184]
[777,224,46178,46378]
[778,51,109783,109621]
[779,182,34556,35399]
[780,84,485198,486175]
[781,84,705096,705425]
[782,56,380472,381053]
[783,258,239115,240599]
[784,122,115503,116985]
[785,171,195131,194145]
[786,19,576133,574925]
[787,113,201452,199987]
[788,196,490834,491413]
[789,221,29880,28873]
[790,124,661748,662142]
[791,253,581743,580933]
[792,213,653961,653464]
[793,134,513665,513739]
[794,194,19127,20340]
[795,23,714856,713803]
[796,183,496504,495299]
[797,239,418081,416808]
[798,103,362438,361210]
[799,251,192827,191437]
[800,136,309057,309100]
[801,183,527177,526976]
[802,193,456870,456216]
[803,156,152676,153016]
[804,258,528200,528337]
[805,279,50540,49350]
[806,63,230519,229528]
[807,61,616661,615323]
[808,88,677985,678031]
[809,232,277694,278825]
[810,174,711461,711649]
[811,96,459900,460807]
[812,8,136978,137625]
[813,248,517550,518607]
[814,124,331603,332054]
[815,129,191096,190102]
[816,194,419328,419684]
[817,240,509668,510096]
[818,125,384002,383277]
[819,46,270788,271188]
[820,120,102141,102848]
[821,152,435610,436147]
[822,46,23648,23808]
[823,207,640433,639338]
[824,23,234761,234730]
[825,130,562864,563399]
[826,209,252643,252583]
[827,111,690103,689372]
[828,266,452753,453703]
[829,254,611223,611667]
[830,171,85701,84671]
[831,63,650894,650234]
[832,250,643373,644243]
[833,55,678520,677695]
[834,130,197371,198186]
[835,166,356833,358108]
[836,255,502926,502226]
[837,237,532041,530641]
[838,185,319595,318305]
[839,152,237439,238839]
[840,48,266133,266693]
[841,127,254666,253285]
[842,134,706714,707038]
[843,14,548337,549716]
[844,206,109572,110145]
[845,134,16544,17579]
[846,185,55748,54794]
[847,104,350024,350942]
[848,134,349158,349377]
[849,184,663249,664734]
[850,260,682295,682726]
[851,263,278013,277757]
[852,75,136897,136481]
[853,24,71034,71143]
[854,44,551980,552715]
[855,264,258247,259572]
