["head":"wrap","lpos","status"]
[49,568606,0]
["io count"]
[860]
["io":"id","wrap","startLpos","endLpos"]
[1,22,246695,246930]
[2,62,284796,286009]
[3,133,87364,86350]
[4,43,81198,79729]
[5,263,143885,142608]
[6,114,372358,372893]
[7,61,154031,153138]
[8,12,313031,314219]
[9,132,3588,4571]
[10,31,688514,688474]
[11,220,590979,592344]
[12,77,574066,573891]
[13,58,190964,191149]
[14,104,684482,684835]
[15,126,371834,371936]
[16,163,703144,701683]
[17,213,569028,567685]
[18,266,165908,167030]
[19,126,490454,491380]
[20,155,175115,175039]
[21,161,573916,572506]
[22,23,236527,235968]
[23,184,457197,457774]
[24,56,447362,448773]
[25,139,121105,119716]
[26,43,162075,161933]
[27,251,386441,385393]
[28,198,604190,604282]
[29,88,124445,125189]
[30,238,669475,670112]
[31,139,7909,7001]
[32,156,575348,575979]
[33,73,141964,140811]
[34,44,377012,377493]
[35,148,269988,270368]
[36,69,261372,260209]
[37,171,265680,265079]
[38,93,656767,656427]
[39,210,628952,629910]
[40,8,269058,269531]
[41,258,264865,264945]
[42,159,237642,236318]
[43,15,378207,376970]
[44,275,656381,655115]
[45,28,215326,216597]
[46,167,418252,417921]
[47,237,269682,268517]
[48,44,279131,279467]
[49,51,287757,287194]
[50,24,100422,100640]
[51,149,692018,690659]
[52,221,400631,399599]
[53,192,318989,319241]
[54,180,566815,567978]
[55,260,576264,577222]
[56,275,156210,155472]
[57,25,533715,532720]
[58,184,327615,328751]
[59,101,37914,36944]
[60,211,323925,322682]
[61,274,13649,14394]
[62,129,179790,178889]
[63,172,543527,543746]
[64,51,441014,440663]
[65,275,462410,461212]
[66,19,441311,440156]
[67,275,126442,125518]
[68,181,607066,606178]
[69,256,60186,60283]
[70,74,643841,644085]
[71,19,117149,116134]
[72,103,579829,579361]
[73,251,236441,235416]
[74,175,508708,508532]
[75,10,388482,389857]
[76,151,598743,597431]
[77,207,253189,251942]
[78,192,463407,463865]
[79,212,615369,616788]
[80,246,563105,564399]
[81,25,487379,486831]
[82,61,582231,580887]
[83,195,507814,506344]
[84,221,696235,695081]
[85,113,118876,118131]
[86,183,644040,642718]
[87,29,649540,648636]
[88,124,129859,130097]
[89,189,626219,626075]
[90,106,296964,297117]
[91,78,33099,34595]
[92,122,95515,96196]
[93,250,505101,506582]
[94,58,45295,45439]
[95,47,158742,157549]
[96,125,179329,179011]
[97,208,607135,607214]
[98,266,141754,142940]
[99,221,104812,103996]
[100,28,377496,377543]
[101,172,361688,362594]
[102,250,10105,11357]
[103,70,497131,497596]
[104,86,519167,519796]
[105,57,618024,617797]
[106,131,262028,261145]
[107,85,19283,18099]
[108,89,197970,197345]
[109,193,548070,547371]
[110,75,176008,175896]
[111,108,29432,30558]
[112,256,694754,695058]
[113,12,2297,2520]
[114,48,349017,349682]
[115,59,487336,486229]
[116,213,344881,344808]
[117,203,145512,144166]
[118,184,210317,210855]
[119,177,453777,453564]
[120,36,632695,633970]
[121,90,532081,532523]
[122,219,354065,352635]
[123,166,634591,635392]
[124,263,387071,387040]
[125,74,556953,558059]
[126,86,15484,16721]
[127,10,639674,640359]
[128,61,408200,406913]
[129,132,425354,426284]
[130,106,165364,165482]
[131,216,699910,700032]
[132,260,615705,616294]
[133,199,343596,342988]
[134,216,104673,104939]
[135,57,220532,219161]
[136,167,590478,589935]
[137,276,398412,399076]
[138,121,287372,286310]
[139,116,125612,126316]
[140,196,46152,47391]
[141,93,249488,248603]
[142,104,502553,503276]
[143,275,231325,231082]
[144,124,142955,144383]
[145,173,556105,554837]
[146,9,617384,616168]
[147,77,485696,484873]
[148,117,696227,695805]
[149,200,82197,82918]
[150,250,379106,380123]
[151,178,488746,489415]
[152,128,697620,698256]
[153,69,150857,149394]
[154,185,399435,398413]
[155,212,437322,437387]
[156,209,546715,546585]
[157,233,299053,297665]
[158,22,89320,90570]
[159,269,228303,227631]
[160,224,56335,57416]
[161,265,628863,628003]
[162,33,337875,337174]
[163,140,45517,46038]
[164,248,126372,127499]
[165,85,332001,330935]
[166,1,359056,358886]
[167,11,358969,357737]
[168,180,194951,195630]
[169,275,384354,383922]
[170,146,593850,594187]
[171,156,40504,41045]
[172,196,304157,304774]
[173,143,5694,5492]
[174,261,512577,512202]
[175,31,164275,163535]
[176,121,168310,167768]
[177,170,582586,583539]
[178,28,250736,251341]
[179,150,301532,301925]
[180,2,634900,636101]
[181,49,366323,365010]
[182,115,464244,463990]
[183,67,123284,122768]
[184,100,609303,610360]
[185,208,359356,359993]
[186,173,447659,446798]
[187,93,679214,678191]
[188,278,537498,538087]
[189,194,556061,557462]
[190,214,470408,471553]
[191,119,253473,253251]
[192,188,659800,660867]
[193,185,199979,198800]
[194,231,300801,299812]
[195,215,343272,342255]
[196,183,137080,136207]
[197,102,653749,654894]
[198,248,356890,357108]
[199,222,262939,262975]
[200,179,654382,653232]
[201,102,381976,382017]
[202,201,538373,538113]
[203,113,525622,525045]
[204,22,53492,54397]
[205,34,162593,163446]
[206,129,311935,310793]
[207,107,311470,310948]
[208,3,356540,355546]
[209,68,541900,542257]
[210,255,574133,573114]
[211,159,50714,49884]
[212,18,337635,338324]
[213,18,217346,217635]
[214,5,185603,184222]
[215,137,315457,314200]
[216,36,52912,54238]
[217,114,107767,108611]
[218,255,296413,295292]
[219,122,88109,89404]
[220,145,242120,242078]
[221,115,227108,226671]
[222,216,162085,163257]
[223,109,125736,125370]
[224,11,329463,328467]
[225,43,599923,599265]
[226,61,528621,527774]
[227,229,440693,440099]
[228,278,544893,544949]
[229,183,584177,583319]
[230,9,157067,156664]
[231,222,47160,47868]
[232,236,85305,86006]
[233,189,616331,615547]
[234,101,514605,513786]
[235,103,107993,107490]
[236,18,57011,57053]
[237,255,690442,689602]
[238,208,370568,371749]
[239,228,579002,580337]
[240,179,241607,240337]
[241,217,639255,638317]
[242,0,668173,669092]
[243,219,629445,629140]
[244,65,11387,10149]
[245,235,47511,46290]
[246,172,100249,100870]
[247,110,246400,246520]
[248,78,650748,651174]
[249,184,470941,471250]
[250,117,378981,377685]
[251,31,682981,681636]
[252,209,429436,428377]
[253,252,391100,391294]
[254,178,324884,325254]
[255,274,569725,570548]
[256,132,296114,296275]
[257,130,314101,314557]
[258,48,479212,480053]
[259,4,289037,289972]
[260,23,101371,100937]
[261,233,500391,499170]
[262,34,314675,314931]
[263,195,30814,29931]
[264,117,709081,708481]
[265,74,5075,6348]
[266,258,681965,682743]
[267,276,338272,339629]
[268,17,259631,259566]
[269,112,343047,344381]
[270,118,500079,501536]
[271,198,185184,186044]
[272,111,95475,94014]
[273,66,495189,496432]
[274,19,564022,563605]
[275,120,705960,707425]
[276,232,258561,259322]
[277,48,514523,515145]
[278,222,397952,398917]
[279,117,337140,336987]
[280,187,229468,228914]
[281,127,123442,123068]
[282,148,221701,222344]
[283,217,721166,720326]
[284,190,615492,615835]
[285,267,457462,456060]
[286,109,183977,182552]
[287,193,247744,246249]
[288,255,162175,160870]
[289,4,267020,267064]
[290,233,104463,103594]
[291,124,479186,479586]
[292,223,475503,475137]
[293,203,632546,632289]
[294,161,518587,518283]
[295,164,658476,659152]
[296,52,61956,63285]
[297,267,474346,472853]
[298,262,667910,668006]
[299,245,406280,405377]
[300,120,337602,337848]
[301,212,81986,82678]
[302,31,185771,185222]
[303,253,612977,612940]
[304,117,345087,344641]
[305,85,569874,569077]
[306,144,207387,207819]
[307,26,296194,296952]
[308,87,721091,720258]
[309,227,416328,416249]
[310,60,187768,187957]
[311,32,393018,394235]
[312,227,72533,72494]
[313,137,145184,144083]
[314,90,447027,447495]
[315,115,171328,171291]
[316,107,590893,590511]
[317,118,546075,546519]
[318,8,70660,70978]
[319,84,90456,90856]
[320,13,403299,402707]
[321,108,399271,400071]
[322,260,721718,722164]
[323,118,569152,570199]
[324,240,382573,383544]
[325,64,600983,601401]
[326,101,415090,414370]
[327,248,26129,27295]
[328,190,207012,207975]
[329,96,103602,103803]
[330,149,565794,565751]
[331,130,137511,138317]
[332,251,158774,158092]
[333,275,346848,346283]
[334,98,488905,489235]
[335,164,504707,505318]
[336,183,81999,80559]
[337,66,215803,216052]
[338,192,262825,263455]
[339,28,165346,166220]
[340,225,250991,250485]
[341,132,727898,728253]
[342,164,699109,699506]
[343,259,459770,458673]
[344,234,429532,429578]
[345,4,670475,671436]
[346,65,183033,182827]
[347,31,663275,662496]
[348,146,334597,335755]
[349,50,27867,28887]
[350,179,418345,417006]
[351,44,426462,427643]
[352,1,630089,629494]
[353,225,582600,581237]
[354,143,396557,395767]
[355,267,322621,321546]
[356,8,269914,270552]
[357,80,142072,143162]
[358,195,214690,214030]
[359,130,286130,287443]
[360,177,519110,518449]
[361,45,198401,196945]
[362,118,67756,68968]
[363,246,578290,579588]
[364,191,304666,304252]
[365,9,673530,672662]
[366,232,232,1047]
[367,5,561703,560395]
[368,277,302163,301279]
[369,76,108672,109989]
[370,12,324877,325285]
[371,138,235850,236870]
[372,173,539191,538792]
[373,103,671800,671202]
[374,108,473223,473285]
[375,176,413509,414982]
[376,210,71331,72571]
[377,147,453625,453385]
[378,211,13682,12367]
[379,54,469007,470166]
[380,97,378070,377495]
[381,20,526824,526934]
[382,13,693032,692303]
[383,122,411595,412785]
[384,219,690676,690046]
[385,131,680307,678909]
[386,9,207539,206618]
[387,191,105514,104047]
[388,235,297689,296623]
[389,48,411687,411870]
[390,172,13890,14096]
[391,208,381469,382262]
[392,76,456588,458069]
[393,272,651013,651808]
[394,128,27985,28248]
[395,231,550208,550036]
[396,240,258701,259781]
[397,48,494883,495685]
[398,223,129966,129272]
[399,38,480604,481140]
[400,112,246618,247013]
[401,100,523449,524805]
[402,112,581265,581831]
[403,48,174023,175044]
[404,5,196373,194892]
[405,168,109889,111324]
[406,249,200935,199823]
[407,60,439507,440975]
[408,106,335799,336329]
[409,111,513764,513190]
[410,14,531902,532731]
[411,199,158840,157944]
[412,198,119820,121275]
[413,197,394963,394452]
[414,227,114993,114827]
[415,275,145543,144947]
[416,159,124649,124204]
[417,241,227677,227606]
[418,104,68347,69133]
[419,263,245031,244420]
[420,265,398435,397652]
[421,13,672773,671388]
[422,91,165359,164256]
[423,121,624739,624510]
[424,92,6576,8054]
[425,7,251886,251159]
[426,117,715827,714648]
[427,169,654505,654321]
[428,14,120451,121568]
[429,87,672903,672697]
[430,39,170189,169278]
[431,168,549028,549753]
[432,99,279543,279482]
[433,276,195627,196246]
[434,39,466978,466581]
[435,276,708601,709012]
[436,111,258148,256834]
[437,279,437340,436974]
[438,187,451626,451328]
[439,222,226313,227744]
[440,258,712976,714073]
[441,162,189297,190537]
[442,167,197066,196119]
[443,137,587668,586340]
[444,96,246183,246607]
[445,88,578024,578260]
[446,162,94843,96022]
[447,233,652353,651667]
[448,26,700040,700523]
[449,185,104679,104519]
[450,151,554205,552861]
[451,91,41908,41291]
[452,65,271714,270994]
[453,110,562173,562217]
[454,37,193487,192708]
[455,81,245810,244532]
[456,195,396196,395166]
[457,228,107312,107353]
[458,173,297623,297302]
[459,126,412295,412444]
[460,95,332848,332028]
[461,22,675518,676234]
[462,120,121243,122068]
[463,171,448628,447410]
[464,261,389974,389594]
[465,225,530449,530419]
[466,53,239068,238873]
[467,58,262687,264071]
[468,203,437857,437679]
[469,39,230887,230846]
[470,274,375873,376530]
[471,9,16603,15116]
[472,216,682046,682709]
[473,78,324839,326047]
[474,41,217939,216855]
[475,108,4800,5858]
[476,59,214970,214699]
[477,260,164304,165366]
[478,94,557121,557861]
[479,16,233489,234496]
[480,215,57662,56750]
[481,50,710574,710921]
[482,165,646767,646479]
[483,95,384675,383606]
[484,72,173029,173704]
[485,72,20805,21362]
[486,211,248108,246802]
[487,109,523204,522906]
[488,148,529155,529697]
[489,36,416729,417250]
[490,142,688986,689870]
[491,180,497145,498035]
[492,57,561170,559906]
[493,53,593257,592426]
[494,169,710671,709280]
[495,104,66088,66607]
[496,12,379618,380626]
[497,212,305228,306601]
[498,153,700729,699400]
[499,56,344730,345200]
[500,241,463451,462130]
[501,131,403994,403612]
[502,114,650010,651079]
[503,25,511590,510941]
[504,254,28894,29010]
[505,185,195886,195785]
[506,56,106684,107906]
[507,274,463000,463976]
[508,26,361107,361848]
[509,150,564172,564943]
[510,207,110265,109383]
[511,189,166677,165488]
[512,126,431142,431543]
[513,0,696710,697561]
[514,155,186420,185114]
[515,219,150734,149578]
[516,264,728833,729859]
[517,1,639764,638407]
[518,162,199065,200480]
[519,101,257858,257134]
[520,247,194823,194445]
[521,208,432494,433483]
[522,45,489027,488643]
[523,162,219324,220148]
[524,211,564749,563289]
[525,46,121395,121456]
[526,161,353793,353176]
[527,7,448257,448224]
[528,131,133349,132899]
[529,275,509782,508592]
[530,133,16272,16233]
[531,71,170090,169994]
[532,276,212521,212681]
[533,250,370570,371063]
[534,199,408814,407877]
[535,178,473400,473765]
[536,109,537720,537255]
[537,22,341627,342080]
[538,213,547381,546638]
[539,155,421111,420658]
[540,192,359737,360164]
[541,208,65721,67209]
[542,33,561765,561088]
[543,46,700515,701940]
[544,35,249862,249624]
[545,256,383798,384772]
[546,186,586811,587279]
[547,91,316769,316398]
[548,184,581970,583003]
[549,241,375780,375738]
[550,69,113909,112507]
[551,85,337995,337829]
[552,184,25517,26414]
[553,173,354451,353656]
[554,54,464493,464689]
[555,167,353923,353798]
[556,111,453624,453371]
[557,239,501572,501468]
[558,221,59256,58845]
[559,201,409235,408276]
[560,49,175016,174493]
[561,67,290259,290144]
[562,132,671499,672777]
[563,112,514439,514961]
[564,217,41880,40767]
[565,271,360228,359995]
[566,152,532511,533539]
[567,247,322460,321654]
[568,166,426169,426351]
[569,165,157383,156896]
[570,221,287181,286981]
[571,34,74433,75588]
[572,166,566386,566729]
[573,71,454983,454555]
[574,152,275677,275822]
[575,54,214757,215349]
[576,39,659713,658643]
[577,43,636323,635103]
[578,275,582122,581872]
[579,251,387260,387138]
[580,102,233812,235310]
[581,152,136475,136597]
[582,42,321646,322675]
[583,265,468923,468544]
[584,111,511415,510084]
[585,218,14503,15033]
[586,95,193262,192629]
[587,62,446848,447789]
[588,49,183378,181940]
[589,72,290620,290894]
[590,272,696319,697764]
[591,45,303558,302852]
[592,17,673470,672041]
[593,206,61686,62478]
[594,239,156706,155476]
[595,270,345443,345959]
[596,38,695368,696460]
[597,79,19444,18188]
[598,7,146194,145732]
[599,138,433435,434378]
[600,163,485766,484812]
[601,132,668443,669258]
[602,108,702756,703182]
[603,106,234321,234818]
[604,124,460519,461135]
[605,81,582208,581639]
[606,158,124748,124891]
[607,251,210468,209429]
[608,54,430669,430703]
[609,76,616947,618148]
[610,244,312174,312354]
[611,106,412711,412962]
[612,229,495585,494288]
[613,132,354100,354166]
[614,166,158840,160064]
[615,184,702499,702932]
[616,164,159906,160865]
[617,226,217609,218095]
[618,78,489749,490848]
[619,227,87815,87373]
[620,195,3939,3660]
[621,248,135065,136117]
[622,82,80163,81091]
[623,113,616954,616105]
[624,221,129727,128755]
[625,245,592026,591353]
[626,34,598987,599532]
[627,148,415938,416951]
[628,271,313304,313270]
[629,193,718125,718002]
[630,96,703585,704713]
[631,184,543442,544753]
[632,273,374978,373488]
[633,186,149171,149387]
[634,19,72411,70951]
[635,268,460898,462250]
[636,35,469253,468593]
[637,162,174813,175906]
[638,262,450088,451217]
[639,135,396005,395054]
[640,46,485753,486720]
[641,79,86019,85105]
[642,48,545704,545861]
[643,126,572332,573691]
[644,11,298315,298252]
[645,44,125745,126442]
[646,136,284040,285518]
[647,238,486405,486638]
[648,164,219576,219829]
[649,91,523858,523002]
[650,247,665807,665515]
[651,114,261905,262244]
[652,174,230787,231722]
[653,181,301081,300463]
[654,154,234945,235873]
[655,226,597379,597798]
[656,155,639753,639069]
[657,175,541853,541007]
[658,205,180653,180057]
[659,220,308711,309904]
[660,269,207419,206939]
[661,276,114887,116240]
[662,18,534192,535689]
[663,47,434289,432794]
[664,130,580788,581091]
[665,96,676620,678064]
[666,227,532580,532081]
[667,71,90945,90817]
[668,77,402640,402246]
[669,164,637613,637815]
[670,148,380006,380681]
[671,218,587536,587946]
[672,33,37135,36506]
[673,251,303898,303010]
[674,15,124287,123091]
[675,272,438435,439877]
[676,32,627122,628017]
[677,47,177278,176140]
[678,7,171782,170980]
[679,37,174844,173430]
[680,122,668730,668945]
[681,272,251543,251912]
[682,261,644994,643886]
[683,43,95891,95763]
[684,37,526156,525863]
[685,147,261359,260951]
[686,226,699564,699826]
[687,263,624699,624369]
[688,132,159649,159903]
[689,266,215397,216050]
[690,182,205434,205566]
[691,271,706476,706253]
[692,205,583733,582248]
[693,43,238309,237270]
[694,65,174301,174212]
[695,218,137259,137884]
[696,203,316931,316525]
[697,267,301212,300943]
[698,181,556235,554839]
[699,274,529477,530620]
[700,266,95558,96453]
[701,256,201544,201783]
[702,227,613785,613488]
[703,92,611669,612568]
[704,65,24900,23591]
[705,67,516262,516201]
[706,223,361730,361309]
[707,35,82965,82862]
[708,95,1447,591]
[709,17,77529,76608]
[710,220,201399,202249]
[711,274,521322,522517]
[712,11,151095,150066]
[713,51,678378,677455]
[714,192,289878,290035]
[715,164,92220,92411]
[716,159,135669,135243]
[717,34,449129,449492]
[718,109,110498,109851]
[719,175,70108,69879]
[720,13,496013,494647]
[721,264,373234,374476]
[722,137,413014,412811]
[723,231,24802,24260]
[724,56,346995,347119]
[725,51,563298,562241]
[726,66,702393,703415]
[727,214,725442,725677]
[728,279,728865,727446]
[729,10,288389,288549]
[730,107,592665,591687]
[731,269,362707,361294]
[732,69,725853,724960]
[733,116,431220,432434]
[734,25,357805,356356]
[735,61,199876,199599]
[736,47,115054,114547]
[737,220,100750,101106]
[738,38,259948,260808]
[739,81,31259,30298]
[740,154,49692,49876]
[741,28,598975,600171]
[742,251,278855,277979]
[743,261,664762,664000]
[744,213,458441,458089]
[745,238,507765,508592]
[746,48,395546,395655]
[747,4,321587,322652]
[748,70,91858,92913]
[749,267,238432,238308]
[750,27,219595,218200]
[751,253,715501,715370]
[752,186,359475,359744]
[753,245,376001,375399]
[754,247,123692,122934]
[755,155,130961,129775]
[756,234,122146,123281]
[757,98,9705,10676]
[758,230,466757,468223]
[759,244,700685,701858]
[760,33,517103,515812]
[761,177,20003,18917]
[762,183,244515,243409]
[763,115,606561,605605]
[764,166,297153,297504]
[765,132,151716,152196]
[766,151,537209,536493]
[767,161,299188,298710]
[768,90,55786,56217]
[769,44,281564,282957]
[770,58,516973,517574]
[771,156,252699,252986]
[772,198,117749,118329]
[773,113,568854,567874]
[774,54,382233,383445]
[775,54,613677,614099]
[776,261,444020,442803]
[777,145,153021,152929]
[778,214,301702,301733]
[779,246,525425,525549]
[780,134,499285,499652]
[781,44,478970,479566]
[782,120,595156,596411]
[783,235,16645,15871]
[784,218,267889,268457]
[785,115,611850,611055]
[786,147,690544,689950]
[787,33,141479,140087]
[788,278,331677,332405]
[789,48,74902,75737]
[790,3,472895,472263]
[791,100,314851,315535]
[792,83,135394,134754]
[793,101,357109,356895]
[794,11,86395,85830]
[795,188,719108,719785]
[796,95,466563,466533]
[797,245,527733,526434]
[798,25,659389,659074]
[799,20,93458,93981]
[800,275,80101,78858]
[801,21,309808,308405]
[802,23,618042,616675]
[803,272,524212,525498]
[804,187,66596,65291]
[805,148,701091,702271]
[806,243,65324,64830]
[807,163,623011,622618]
[808,59,401362,400514]
[809,63,689460,689030]
[810,2,320227,321699]
[811,5,636126,635492]
[812,100,595324,596188]
[813,191,601330,600802]
[814,261,209326,207962]
[815,8,442969,443889]
[816,233,304581,303337]
[817,168,176934,177407]
[818,107,730843,730241]
[819,271,178341,177316]
[820,207,428791,427753]
[821,51,23473,23372]
[822,89,356287,355727]
[823,224,402719,403654]
[824,185,373059,372487]
[825,205,711027,710291]
[826,67,295664,294735]
[827,171,646153,645721]
[828,139,533364,533257]
[829,35,721178,720629]
[830,55,584102,583287]
[831,146,507311,508221]
[832,201,255939,255479]
[833,262,184510,185770]
[834,232,727101,727712]
[835,211,76169,74922]
[836,153,267825,267622]
[837,199,428455,428040]
[838,244,35222,35827]
[839,35,469597,468125]
[840,233,341813,341233]
[841,190,668914,669509]
[842,66,312298,313204]
[843,251,669559,668157]
[844,28,568631,569509]
[845,43,141694,140860]
[846,261,221765,220924]
[847,227,122065,121236]
[848,262,175584,176629]
[849,6,298771,300023]
[850,39,203368,202393]
[851,190,432018,433053]
[852,24,655391,655721]
[853,42,659679,660756]
[854,271,293170,292946]
[855,215,402960,401905]
[856,1,296474,296144]
[857,39,518076,517520]
[858,77,449520,449197]
[859,180,515258,515902]
[860,188,318191,318558]
