["head":"wrap","lpos","status"]
[187,730049,1]
["io count"]
[865]
["io":"id","wrap","startLpos","endLpos"]
[1,49,361837,361746]
[2,167,193057,192111]
[3,54,381580,382573]
[4,193,133247,132895]
[5,216,115051,115348]
[6,35,344909,343539]
[7,181,277095,276197]
[8,258,109572,109999]
[9,260,123568,124574]
[10,201,374837,373944]
[11,223,244945,244455]
[12,88,616114,616524]
[13,264,439119,440287]
[14,83,153848,153620]
[15,174,466169,466397]
[16,44,93777,93868]
[17,123,53348,52716]
[18,178,327100,328067]
[19,104,114527,115121]
[20,273,227536,227091]
[21,263,92981,92604]
[22,160,457480,458200]
[23,228,321919,323340]
[24,229,667577,667494]
[25,240,428424,428785]
[26,168,116642,118097]
[27,262,451221,452052]
[28,193,623012,621552]
[29,44,579736,580839]
[30,10,469051,470534]
[31,195,310636,310598]
[32,2,20182,21205]
[33,68,258217,258422]
[34,59,483839,483050]
[35,244,448884,449343]
[36,220,195535,196044]
[37,136,465512,466813]
[38,80,427561,428899]
[39,77,724692,724633]
[40,218,487884,489353]
[41,257,10382,10180]
[42,144,488230,489496]
[43,176,265811,266911]
[44,138,371388,372150]
[45,26,652598,653472]
[46,145,142951,142297]
[47,5,724373,723512]
[48,52,114357,115610]
[49,87,427139,425848]
[50,132,64496,64629]
[51,144,499801,499958]
[52,221,443122,441803]
[53,156,233308,234186]
[54,23,705265,704233]
[55,104,617989,618719]
[56,225,501915,501777]
[57,189,173610,173254]
[58,245,700337,699095]
[59,92,287500,288945]
[60,21,102134,101974]
[61,131,151432,150364]
[62,223,43392,42569]
[63,108,378829,379148]
[64,10,69596,69678]
[65,266,489890,490207]
[66,37,6874,5415]
[67,45,385837,385731]
[68,7,330469,329813]
[69,222,432410,433249]
[70,80,695678,695816]
[71,117,167735,167490]
[72,189,433005,432592]
[73,36,59983,60106]
[74,43,616091,615841]
[75,261,40387,39529]
[76,111,616739,615632]
[77,279,16145,15800]
[78,212,559866,560551]
[79,68,186210,187211]
[80,99,193912,193471]
[81,242,140975,141352]
[82,72,612821,613370]
[83,274,93581,94433]
[84,84,727023,727361]
[85,132,142277,143326]
[86,118,455370,455883]
[87,197,575694,574520]
[88,279,308909,307415]
[89,260,693427,694163]
[90,21,686712,686307]
[91,147,55004,54226]
[92,150,687292,687625]
[93,164,299412,300442]
[94,266,633813,635067]
[95,265,138399,137376]
[96,99,117491,116478]
[97,235,346987,346944]
[98,112,32245,32991]
[99,59,464428,463398]
[100,249,512722,512091]
[101,132,584906,585221]
[102,46,557037,558315]
[103,46,372414,372524]
[104,30,698847,699808]
[105,245,36006,35068]
[106,207,683586,682593]
[107,140,56250,56978]
[108,30,241712,241909]
[109,117,344081,343186]
[110,183,268095,267260]
[111,72,673166,673318]
[112,110,383289,383893]
[113,68,130374,131177]
[114,97,716514,715473]
[115,276,539708,539848]
[116,92,207043,208064]
[117,265,5616,4901]
[118,23,340081,338966]
[119,4,122240,122514]
[120,23,150012,149946]
[121,216,113790,114541]
[122,123,369978,369648]
[123,169,285602,285123]
[124,96,363433,364546]
[125,184,429033,430169]
[126,61,554847,554785]
[127,225,408923,407483]
[128,15,17427,17320]
[129,56,555515,556153]
[130,242,558811,559787]
[131,3,168848,168227]
[132,3,5118,4818]
[133,95,143176,143031]
[134,3,690710,689313]
[135,114,628788,628974]
[136,233,390060,389465]
[137,262,557211,557548]
[138,10,283615,283759]
[139,8,514074,515519]
[140,258,141731,143144]
[141,83,312647,312210]
[142,207,229993,229273]
[143,6,168258,169433]
[144,164,236662,237556]
[145,89,237710,236990]
[146,174,674419,675459]
[147,247,483305,482284]
[148,130,122571,123716]
[149,224,696941,697630]
[150,215,605921,604610]
[151,176,275879,276414]
[152,172,243070,244460]
[153,58,593808,595246]
[154,5,192457,191865]
[155,198,488999,489729]
[156,135,59125,58805]
[157,249,441757,441016]
[158,80,391005,392138]
[159,246,271107,271382]
[160,2,583641,584128]
[161,136,152928,153912]
[162,208,220049,220721]
[163,37,236549,235245]
[164,181,96277,96094]
[165,104,458759,458939]
[166,47,559713,559440]
[167,136,676136,677293]
[168,186,517203,517815]
[169,104,515876,516357]
[170,242,23060,24048]
[171,109,607047,606723]
[172,127,348599,347164]
[173,240,374339,374574]
[174,65,495944,494992]
[175,80,276995,277766]
[176,123,544521,543332]
[177,142,305518,306451]
[178,77,324941,323441]
[179,72,51437,51555]
[180,89,689604,688258]
[181,7,259437,258998]
[182,277,577562,577303]
[183,198,187843,188992]
[184,21,185596,184895]
[185,129,234196,233474]
[186,177,717072,716099]
[187,158,46438,46648]
[188,152,403723,404979]
[189,213,497294,495979]
[190,252,442258,442668]
[191,185,650525,649917]
[192,254,600486,601893]
[193,37,205342,204330]
[194,268,553802,554773]
[195,51,495307,494862]
[196,51,207505,206562]
[197,251,385896,385765]
[198,125,445521,444172]
[199,218,361374,362139]
[200,152,457907,458597]
[201,278,483206,483502]
[202,236,2597,2671]
[203,193,396738,395847]
[204,42,270742,271760]
[205,98,662410,662792]
[206,48,596389,596727]
[207,51,140960,140876]
[208,78,424020,424690]
[209,61,718746,717864]
[210,278,209838,210500]
[211,72,464789,464998]
[212,99,539570,539056]
[213,9,637350,636322]
[214,69,138845,137539]
[215,53,640092,639385]
[216,83,405844,404740]
[217,67,441162,440830]
[218,146,263786,265053]
[219,101,183039,182335]
[220,129,147735,147280]
[221,47,409501,409160]
[222,198,513804,514830]
[223,123,399889,399716]
[224,191,688139,686746]
[225,131,573867,573659]
[226,107,157015,156407]
[227,132,382354,383846]
[228,38,152238,152706]
[229,48,218213,219265]
[230,237,329691,328337]
[231,81,547407,546597]
[232,264,378134,379113]
[233,243,604393,604127]
[234,154,132160,133017]
[235,74,353058,353093]
[236,42,194518,195036]
[237,248,349612,349886]
[238,8,202049,203342]
[239,246,134778,135213]
[240,97,446800,446591]
[241,269,157991,157345]
[242,253,133123,132899]
[243,21,172512,171956]
[244,157,387212,386981]
[245,214,385283,385356]
[246,270,172822,173903]
[247,141,99006,98029]
[248,35,632983,632115]
[249,163,103373,102205]
[250,174,663332,664281]
[251,154,122103,123401]
[252,203,424040,423380]
[253,52,440541,441402]
[254,76,323745,323829]
[255,84,601179,602370]
[256,67,22385,21673]
[257,182,109531,110588]
[258,120,125570,126206]
[259,96,457340,458246]
[260,171,20892,19521]
[261,13,723677,722381]
[262,100,106915,107488]
[263,90,137500,138708]
[264,204,381210,382600]
[265,2,412462,413665]
[266,230,245948,247170]
[267,115,244862,243631]
[268,171,635731,634917]
[269,15,109825,108588]
[270,184,565956,566326]
[271,278,20387,21133]
[272,145,413470,412049]
[273,47,301305,301054]
[274,262,314402,314726]
[275,97,715505,714703]
[276,16,373389,373893]
[277,84,15169,16215]
[278,137,651792,651410]
[279,233,155543,155288]
[280,43,610137,609505]
[281,57,146384,145597]
[282,49,137245,136679]
[283,40,478309,479509]
[284,254,588174,589404]
[285,240,190859,191942]
[286,231,375831,375117]
[287,269,504299,502925]
[288,208,484018,484794]
[289,7,463597,462343]
[290,200,346780,347935]
[291,11,21069,20512]
[292,118,363959,364098]
[293,214,174776,175558]
[294,5,635328,634462]
[295,229,593544,593434]
[296,74,91545,92668]
[297,168,534140,534532]
[298,251,134036,132882]
[299,160,19951,21369]
[300,196,552025,553364]
[301,91,317623,317523]
[302,147,588273,587290]
[303,96,168857,170098]
[304,219,344725,343711]
[305,146,375963,376015]
[306,231,131412,130564]
[307,70,705222,706344]
[308,150,516801,518060]
[309,140,594908,596402]
[310,82,386574,388056]
[311,267,588070,587409]
[312,148,164791,165147]
[313,62,214524,215264]
[314,68,483779,485007]
[315,20,97545,97822]
[316,258,348421,348701]
[317,144,71554,72648]
[318,156,677703,678804]
[319,149,558532,558317]
[320,106,54215,54271]
[321,196,38631,38986]
[322,244,290929,291788]
[323,77,725104,723842]
[324,203,224541,223766]
[325,67,466088,464598]
[326,94,581088,581414]
[327,265,414738,414215]
[328,37,179083,177805]
[329,272,723117,723268]
[330,178,254146,254551]
[331,265,60250,59305]
[332,258,114851,116120]
[333,202,619735,620721]
[334,223,450114,449939]
[335,184,650614,651933]
[336,106,330053,330585]
[337,0,515994,517406]
[338,34,452326,452900]
[339,255,663588,662703]
[340,158,3658,4219]
[341,114,320934,322148]
[342,38,56025,57176]
[343,229,490464,489640]
[344,230,706614,706819]
[345,20,487201,488224]
[346,209,235523,235072]
[347,245,429666,428776]
[348,216,50634,51387]
[349,248,377366,378211]
[350,18,51318,52315]
[351,146,710666,712040]
[352,118,569706,570283]
[353,100,118641,119790]
[354,120,339370,340329]
[355,39,179086,178384]
[356,275,19523,18652]
[357,131,353543,353456]
[358,66,230458,231027]
[359,64,344854,345273]
[360,157,171370,170551]
[361,273,165568,165378]
[362,68,127631,128100]
[363,41,420547,419771]
[364,278,406336,406905]
[365,24,103015,104256]
[366,119,704496,703340]
[367,169,726342,725858]
[368,32,271644,273051]
[369,92,336456,336753]
[370,196,62124,62873]
[371,119,369200,368678]
[372,46,420410,420905]
[373,4,46968,48322]
[374,70,650162,650787]
[375,68,279639,280269]
[376,82,469281,470159]
[377,261,202170,201322]
[378,194,7414,8580]
[379,85,489083,487848]
[380,241,479155,478901]
[381,89,333233,332778]
[382,224,323587,323877]
[383,147,576414,574990]
[384,191,677622,676885]
[385,222,601277,601995]
[386,23,683614,682554]
[387,169,421099,420373]
[388,155,141812,140612]
[389,198,465123,465923]
[390,245,75492,74845]
[391,191,71401,71205]
[392,131,474404,473311]
[393,259,343425,342867]
[394,217,186363,185819]
[395,208,21141,21943]
[396,136,149975,151105]
[397,214,173199,174655]
[398,65,630906,629897]
[399,272,637078,637525]
[400,189,177004,175578]
[401,116,221038,222343]
[402,168,262608,263987]
[403,223,394183,393486]
[404,235,154144,153567]
[405,183,162857,162034]
[406,67,272455,272178]
[407,260,348104,348961]
[408,174,499599,500412]
[409,179,466960,466026]
[410,67,154892,154433]
[411,270,398443,398628]
[412,206,4287,4644]
[413,3,463597,463261]
[414,197,200120,199899]
[415,255,4628,3660]
[416,180,552855,553825]
[417,98,67906,68953]
[418,233,211431,210055]
[419,101,288057,286868]
[420,277,628328,627734]
[421,160,606628,607582]
[422,37,302312,301026]
[423,210,680845,682062]
[424,81,722466,721915]
[425,278,72984,74061]
[426,28,200697,200996]
[427,256,117605,118473]
[428,116,710500,711744]
[429,156,31021,31526]
[430,42,443101,443395]
[431,279,623824,622519]
[432,168,124725,125546]
[433,115,306651,305702]
[434,256,128532,129466]
[435,224,421845,422299]
[436,33,453455,452482]
[437,147,314998,314555]
[438,139,379570,379231]
[439,33,234011,233158]
[440,101,193922,193754]
[441,210,618845,618962]
[442,272,652092,653368]
[443,144,723162,724200]
[444,233,331065,329975]
[445,116,395735,396233]
[446,138,557194,558005]
[447,216,637407,638252]
[448,43,117437,116350]
[449,26,132369,133377]
[450,191,505967,505679]
[451,142,262786,263625]
[452,250,126157,126268]
[453,167,467234,467116]
[454,89,696870,695823]
[455,97,479752,479357]
[456,206,319593,320866]
[457,245,659068,658320]
[458,5,592467,591219]
[459,204,558000,558854]
[460,157,187043,186097]
[461,0,533099,533281]
[462,228,59792,60844]
[463,200,445865,445940]
[464,12,392493,393718]
[465,40,557399,557741]
[466,53,408095,406706]
[467,188,217953,218484]
[468,228,147431,148021]
[469,92,35756,36817]
[470,80,398461,398791]
[471,239,251974,250787]
[472,92,116445,116754]
[473,1,71287,70673]
[474,174,719541,720754]
[475,112,420532,421233]
[476,166,172079,172387]
[477,262,38587,39847]
[478,223,491789,491365]
[479,271,519059,518596]
[480,79,494325,494150]
[481,173,995,852]
[482,139,660627,659986]
[483,98,616528,617136]
[484,29,104252,103224]
[485,184,81822,82819]
[486,220,653962,654256]
[487,108,325790,326840]
[488,210,362770,363490]
[489,120,393875,394208]
[490,105,283801,283404]
[491,267,239884,239850]
[492,47,280088,279173]
[493,153,470466,470026]
[494,110,208817,209203]
[495,244,139262,139831]
[496,192,153527,154690]
[497,212,724058,725258]
[498,62,546521,546762]
[499,60,642114,643379]
[500,159,298788,297388]
[501,23,137179,136188]
[502,239,391408,390468]
[503,85,535916,534541]
[504,15,23853,22748]
[505,267,391169,389978]
[506,119,59734,59281]
[507,143,439301,439226]
[508,196,674028,674832]
[509,201,595475,595262]
[510,177,513008,512865]
[511,7,335624,334933]
[512,18,582861,583099]
[513,90,721583,722698]
[514,49,356806,355325]
[515,187,499736,498457]
[516,216,528067,528342]
[517,261,531008,530235]
[518,55,437403,436144]
[519,63,226517,225344]
[520,131,282011,280697]
[521,157,623046,622541]
[522,52,144197,144347]
[523,203,707415,706913]
[524,40,209198,210685]
[525,249,369183,368071]
[526,58,373011,374128]
[527,53,350594,350017]
[528,181,99517,98211]
[529,127,65367,64677]
[530,214,514438,515072]
[531,202,275269,275389]
[532,120,496901,497556]
[533,107,561889,561294]
[534,105,73624,73396]
[535,242,470156,471593]
[536,258,224059,225184]
[537,110,364726,365473]
[538,122,708013,709001]
[539,101,188134,186718]
[540,111,27036,25602]
[541,149,85112,83660]
[542,196,494727,495129]
[543,269,249786,249039]
[544,134,10029,11272]
[545,121,9837,9591]
[546,76,541250,542653]
[547,9,240307,239763]
[548,10,492058,492466]
[549,130,310313,311566]
[550,37,149163,148809]
[551,259,25540,25426]
[552,114,32528,33890]
[553,88,572470,572638]
[554,207,507304,506581]
[555,127,467946,467354]
[556,27,59551,58100]
[557,264,22759,23382]
[558,256,317422,318213]
[559,158,454849,455841]
[560,24,538053,538650]
[561,81,675032,673740]
[562,267,506787,505662]
[563,63,526341,525495]
[564,69,604564,603082]
[565,128,602345,603175]
[566,202,433723,434468]
[567,160,604845,606296]
[568,279,327065,325924]
[569,168,218846,219869]
[570,210,713699,713954]
[571,100,298598,299829]
[572,257,355748,355175]
[573,158,621271,622659]
[574,67,696809,696087]
[575,178,14847,16298]
[576,73,721077,720007]
[577,54,333958,334130]
[578,121,464556,464369]
[579,212,297478,298620]
[580,258,250712,251844]
[581,109,870,346]
[582,270,468863,469060]
[583,156,65377,66288]
[584,274,395825,396175]
[585,264,521651,522833]
[586,242,232971,233400]
[587,119,321637,321571]
[588,155,220151,219879]
[589,39,716205,715649]
[590,65,544521,543966]
[591,160,91800,93038]
[592,231,386893,385869]
[593,102,560704,562178]
[594,224,18244,19629]
[595,165,208033,206678]
[596,26,303758,305110]
[597,43,179572,179194]
[598,3,594275,593506]
[599,72,548453,548727]
[600,85,243513,242104]
[601,102,642273,643378]
[602,89,272411,271656]
[603,51,221162,220126]
[604,236,208438,209651]
[605,253,650656,649937]
[606,183,212238,210790]
[607,202,381606,382878]
[608,247,334461,333368]
[609,33,363291,362209]
[610,16,551327,551969]
[611,121,8564,7296]
[612,181,25228,24107]
[613,89,136948,135793]
[614,255,9298,8519]
[615,140,217808,217876]
[616,122,234150,235141]
[617,72,675173,676670]
[618,35,98732,97721]
[619,196,264311,265429]
[620,159,505129,504397]
[621,89,244011,242517]
[622,34,309354,310803]
[623,46,153082,154245]
[624,106,268288,268860]
[625,75,699628,699338]
[626,177,306652,305969]
[627,259,652660,651498]
[628,201,568628,568178]
[629,74,110229,110785]
[630,265,65430,65152]
[631,269,325619,324947]
[632,229,405704,405122]
[633,274,568064,568101]
[634,18,431634,432954]
[635,164,244801,245909]
[636,141,185254,184099]
[637,75,629034,628088]
[638,88,487518,488612]
[639,59,108263,106859]
[640,277,611333,610517]
[641,24,426129,426578]
[642,207,472562,472408]
[643,146,12047,13201]
[644,150,260691,261328]
[645,233,626537,626004]
[646,159,611310,611070]
[647,229,418293,417594]
[648,79,53170,52930]
[649,108,55158,56050]
[650,233,706668,705888]
[651,192,710925,711282]
[652,272,259194,260194]
[653,71,521605,520696]
[654,3,605828,605651]
[655,26,360207,361405]
[656,150,348172,349658]
[657,47,639980,638673]
[658,164,628418,629502]
[659,78,518840,519227]
[660,148,277186,278383]
[661,206,521362,522702]
[662,164,552414,553273]
[663,161,540984,540689]
[664,58,599132,599796]
[665,74,261555,262921]
[666,77,579739,578856]
[667,70,356985,357698]
[668,268,78523,79563]
[669,0,630462,630522]
[670,114,9484,10477]
[671,56,22877,23947]
[672,120,122446,123940]
[673,178,20187,20492]
[674,40,352252,352830]
[675,256,88414,89814]
[676,51,339267,339017]
[677,156,390808,391295]
[678,57,243185,243019]
[679,114,325474,325700]
[680,188,106832,108092]
[681,133,657335,656273]
[682,124,325394,325928]
[683,37,382943,382856]
[684,263,191387,190443]
[685,139,179416,177980]
[686,130,209778,211052]
[687,6,700570,701709]
[688,233,299083,298167]
[689,8,353180,354315]
[690,86,29091,29734]
[691,82,91053,91163]
[692,72,135809,136187]
[693,230,400053,401139]
[694,277,580366,580323]
[695,218,306979,308241]
[696,65,564348,563179]
[697,262,56407,56738]
[698,153,257200,256634]
[699,231,37149,37058]
[700,269,423024,422832]
[701,256,253164,253327]
[702,50,564254,565005]
[703,250,23820,24441]
[704,82,517976,518828]
[705,127,15037,13918]
[706,109,124832,123769]
[707,5,556828,555576]
[708,199,487534,486603]
[709,262,306906,307099]
[710,73,384583,384371]
[711,249,692347,692228]
[712,237,124399,123024]
[713,215,46535,45139]
[714,2,348571,350019]
[715,192,309192,309374]
[716,37,33814,33280]
[717,248,68412,69762]
[718,229,234245,233395]
[719,240,250380,251386]
[720,203,139099,138187]
[721,159,394051,393917]
[722,223,265585,264732]
[723,16,596092,596970]
[724,24,138684,140106]
[725,39,585790,585659]
[726,234,487080,488244]
[727,154,185024,185563]
[728,31,209230,209191]
[729,271,39557,38763]
[730,228,203646,204143]
[731,125,211507,210473]
[732,34,549629,550582]
[733,157,440546,440319]
[734,234,427768,428260]
[735,115,414748,413724]
[736,222,100280,100381]
[737,153,278604,277882]
[738,278,4112,5268]
[739,61,237363,236062]
[740,62,276683,276913]
[741,82,269558,270275]
[742,10,705339,706746]
[743,68,205228,205813]
[744,49,709623,709554]
[745,100,644638,645137]
[746,23,184926,184622]
[747,152,569406,570511]
[748,191,379401,378724]
[749,278,216535,217631]
[750,25,66019,65898]
[751,9,559629,559325]
[752,222,666357,666743]
[753,109,532177,531197]
[754,42,588998,590376]
[755,51,354599,353797]
[756,164,493796,494663]
[757,119,474335,473511]
[758,11,46416,44960]
[759,222,25105,25831]
[760,154,585032,585214]
[761,39,376881,375781]
[762,32,526336,527697]
[763,0,491191,492454]
[764,16,128851,130314]
[765,203,343754,343309]
[766,248,174404,174939]
[767,108,632280,633405]
[768,254,517614,518382]
[769,25,415643,415532]
[770,265,71250,71003]
[771,272,262569,264060]
[772,90,449176,449717]
[773,119,533930,533113]
[774,193,720497,719594]
[775,55,74731,73244]
[776,187,417586,416886]
[777,67,232695,232402]
[778,24,320567,320982]
[779,221,712110,712044]
[780,2,494329,494412]
[781,2,582685,583590]
[782,136,393741,394173]
[783,19,424501,424060]
[784,134,455765,456595]
[785,26,43074,43398]
[786,256,600283,601348]
[787,228,126162,127379]
[788,146,318964,319843]
[789,188,597055,597466]
[790,109,724613,723525]
[791,250,516,1022]
[792,145,580390,579804]
[793,52,15384,16511]
[794,210,179367,180502]
[795,86,42766,43559]
[796,190,669816,670910]
[797,244,75734,75801]
[798,127,462461,462127]
[799,111,373657,372207]
[800,58,98414,98896]
[801,15,3800,3724]
[802,22,542743,543163]
[803,111,205775,205171]
[804,112,282340,282492]
[805,153,54553,53308]
[806,9,348269,347232]
[807,166,376693,377176]
[808,0,143137,144348]
[809,55,454546,454067]
[810,47,102479,101603]
[811,201,43774,42880]
[812,204,364666,365841]
[813,222,40699,41147]
[814,273,90116,89106]
[815,126,583672,583872]
[816,276,678109,678613]
[817,53,327645,327172]
[818,136,490396,491848]
[819,23,277656,277520]
[820,136,414492,414527]
[821,103,347160,346465]
[822,221,430722,429364]
[823,217,283618,282586]
[824,99,699468,699409]
[825,12,611669,612107]
[826,149,320357,319441]
[827,58,397481,397640]
[828,13,510370,509895]
[829,149,414866,414681]
[830,215,183366,182756]
[831,263,723945,723063]
[832,145,583141,582657]
[833,192,493136,494077]
[834,151,96886,95604]
[835,59,150812,150387]
[836,188,5025,5314]
[837,110,421375,422061]
[838,162,559337,560710]
[839,17,356257,355478]
[840,97,477539,477476]
[841,218,6398,7010]
[842,251,146765,146172]
[843,62,212085,213489]
[844,197,622752,622486]
[845,84,52211,52882]
[846,67,406291,406058]
[847,122,334966,335740]
[848,224,683767,683808]
[849,150,434337,434371]
[850,152,197069,197686]
[851,88,35652,36086]
[852,98,323472,324719]
[853,50,187147,187394]
[854,165,201813,201242]
[855,210,8118,9244]
[856,30,441853,441922]
[857,92,434827,435155]
[858,68,460736,461132]
[859,85,722152,721703]
[860,0,115117,115331]
[861,164,290529,291441]
[862,246,7040,7155]
[863,64,255394,255555]
[864,28,532112,533052]
[865,178,647492,647948]
