["head":"wrap","lpos","status"]
[0,502019,1]
["io count"]
[870]
["io":"id","wrap","startLpos","endLpos"]
[1,39,293152,292996]
[2,81,557751,557034]
[3,242,303420,304006]
[4,261,544064,543044]
[5,62,358718,358846]
[6,183,630190,630129]
[7,75,44916,43694]
[8,22,404186,405593]
[9,49,527045,526713]
[10,244,680265,680857]
[11,62,287098,288113]
[12,258,343314,343464]
[13,191,119744,118925]
[14,4,496740,498175]
[15,169,301292,300065]
[16,249,685083,684546]
[17,19,655852,654992]
[18,94,357855,358348]
[19,43,120498,119673]
[20,55,162068,161582]
[21,232,574342,574765]
[22,35,92281,91258]
[23,189,578305,577909]
[24,163,246708,246160]
[25,1,238315,237238]
[26,124,52264,52716]
[27,58,139205,139668]
[28,112,256794,257151]
[29,241,359821,358957]
[30,248,53407,53529]
[31,1,203916,203722]
[32,100,316749,317586]
[33,117,2246,1994]
[34,174,76525,77248]
[35,138,105717,106550]
[36,269,121924,121075]
[37,209,667427,667365]
[38,48,270304,271643]
[39,98,490023,491285]
[40,38,423527,424043]
[41,249,476222,475824]
[42,276,316617,317795]
[43,227,586402,586143]
[44,51,149543,148264]
[45,95,334111,333388]
[46,216,10054,10542]
[47,50,476371,477712]
[48,273,660378,659985]
[49,11,500401,498966]
[50,177,590463,589532]
[51,209,657972,656779]
[52,114,363609,364664]
[53,16,562111,562671]
[54,66,673982,674135]
[55,183,438359,437123]
[56,12,101493,101791]
[57,264,499883,500602]
[58,248,535952,536631]
[59,249,322887,321502]
[60,158,630807,631875]
[61,229,2804,1487]
[62,198,631651,632442]
[63,207,228045,226716]
[64,218,124013,124509]
[65,254,743,894]
[66,209,287607,286664]
[67,206,366576,366917]
[68,252,379854,380012]
[69,253,432645,432374]
[70,88,637248,638551]
[71,213,525716,525390]
[72,89,208432,208104]
[73,49,37476,37086]
[74,242,112296,113375]
[75,237,472655,471783]
[76,228,551477,551693]
[77,204,455315,456272]
[78,244,246859,247528]
[79,91,573013,571947]
[80,60,249662,250361]
[81,248,576743,577152]
[82,212,407571,407878]
[83,190,50847,51842]
[84,59,356151,355664]
[85,82,221005,221150]
[86,10,668233,669045]
[87,134,181428,181575]
[88,256,562119,562611]
[89,79,680949,679531]
[90,52,726730,727015]
[91,155,505264,504916]
[92,110,547966,548110]
[93,221,311226,310065]
[94,86,296766,298138]
[95,2,397531,397699]
[96,33,662912,662445]
[97,113,719624,718145]
[98,155,475794,475453]
[99,6,458197,459129]
[100,84,249005,249847]
[101,101,97847,97219]
[102,90,529002,529179]
[103,233,355523,355271]
[104,184,35511,36334]
[105,34,344136,344972]
[106,218,88114,88544]
[107,81,488345,487462]
[108,70,95901,96986]
[109,194,72019,73356]
[110,185,49840,49675]
[111,82,423563,424602]
[112,209,80469,79117]
[113,131,300442,299315]
[114,245,162948,162028]
[115,35,65648,65260]
[116,201,230285,229639]
[117,49,557165,556601]
[118,196,57825,58421]
[119,232,21969,22293]
[120,277,207177,206547]
[121,271,549129,547995]
[122,60,497636,498021]
[123,65,521153,519743]
[124,87,289510,288256]
[125,63,618350,617230]
[126,176,224576,225514]
[127,123,169210,168131]
[128,55,259355,258859]
[129,183,65151,64043]
[130,3,96740,96255]
[131,151,406627,406458]
[132,173,699794,699428]
[133,87,317866,317554]
[134,178,86,1370]
[135,32,688318,689490]
[136,171,51561,50992]
[137,206,720210,720537]
[138,121,605259,604160]
[139,8,453201,453436]
[140,97,358156,357842]
[141,189,629683,628779]
[142,132,682333,683273]
[143,171,267354,267120]
[144,190,52557,52753]
[145,193,361320,360445]
[146,79,104348,104284]
[147,38,491721,492179]
[148,156,121489,122782]
[149,147,416611,415197]
[150,217,729410,728683]
[151,192,31006,31164]
[152,223,100665,100022]
[153,162,423612,424910]
[154,238,687160,687695]
[155,22,274872,275861]
[156,131,75233,73965]
[157,89,504633,504033]
[158,185,718081,717587]
[159,77,52225,51781]
[160,15,131219,130581]
[161,153,563953,562862]
[162,137,94507,94153]
[163,1,102403,102268]
[164,226,337188,338435]
[165,22,38381,38617]
[166,271,718513,717596]
[167,168,16147,17150]
[168,96,585565,586851]
[169,104,531606,532208]
[170,80,211524,212113]
[171,58,341376,341775]
[172,42,70024,70804]
[173,179,506294,505727]
[174,72,514691,516183]
[175,202,408480,409126]
[176,50,473835,474437]
[177,177,161432,160755]
[178,95,44762,44321]
[179,124,322051,323265]
[180,40,438036,438893]
[181,266,262833,263994]
[182,197,682989,681765]
[183,159,341398,341331]
[184,90,179328,180675]
[185,7,289115,288383]
[186,130,421096,421765]
[187,38,548795,549713]
[188,136,165860,166860]
[189,153,286784,285823]
[190,159,124583,124208]
[191,39,634600,634465]
[192,173,284750,283560]
[193,188,599034,599747]
[194,231,359256,358240]
[195,113,340756,339792]
[196,172,239100,239270]
[197,74,398144,399402]
[198,1,557314,556303]
[199,80,470641,470872]
[200,232,101239,101578]
[201,218,10293,11246]
[202,236,170571,171885]
[203,8,288117,289073]
[204,52,115414,116127]
[205,112,197571,198487]
[206,13,292794,292009]
[207,194,431409,432495]
[208,102,206102,207312]
[209,267,527742,526554]
[210,268,520718,521653]
[211,158,18809,19286]
[212,237,518330,518055]
[213,176,317297,317413]
[214,99,509091,507878]
[215,56,466844,468123]
[216,115,508001,506617]
[217,262,311928,312758]
[218,273,394296,393908]
[219,243,269403,268864]
[220,89,207798,206641]
[221,49,661081,659949]
[222,143,28705,28318]
[223,221,667446,666901]
[224,45,277408,276503]
[225,232,281917,282575]
[226,161,570921,569729]
[227,182,40482,41677]
[228,39,682477,681111]
[229,146,496147,496609]
[230,224,74157,75284]
[231,60,61220,62671]
[232,23,87171,86776]
[233,209,236737,236357]
[234,32,412839,414088]
[235,142,329509,330620]
[236,228,624630,625501]
[237,74,723235,723771]
[238,170,125464,126378]
[239,249,119108,117739]
[240,155,168005,167066]
[241,19,168550,167739]
[242,134,533381,533906]
[243,256,66329,66998]
[244,250,245930,246822]
[245,9,111976,111244]
[246,20,177448,177756]
[247,227,380850,380226]
[248,128,43207,44319]
[249,148,702668,703146]
[250,80,401533,401718]
[251,251,337521,336023]
[252,189,671067,670012]
[253,29,664496,663217]
[254,34,381380,381826]
[255,258,660996,661343]
[256,253,670221,668817]
[257,260,226701,228130]
[258,178,652516,653121]
[259,59,686142,685076]
[260,160,93890,93922]
[261,267,359612,358488]
[262,233,480155,479767]
[263,193,8501,7628]
[264,23,647162,646460]
[265,114,673182,674610]
[266,90,581055,582501]
[267,167,506674,505663]
[268,74,396636,396991]
[269,178,511209,511992]
[270,243,307267,306204]
[271,136,683712,684032]
[272,85,113796,113247]
[273,174,585174,586009]
[274,257,696884,696281]
[275,145,5179,3916]
[276,208,629017,630216]
[277,121,47669,46957]
[278,259,707740,707154]
[279,24,509120,510481]
[280,72,73094,73656]
[281,262,512898,513100]
[282,210,140099,140602]
[283,265,508612,507387]
[284,12,250144,251081]
[285,179,320216,320045]
[286,100,435499,436878]
[287,205,51620,50873]
[288,141,151570,151004]
[289,143,64597,63250]
[290,184,612517,613755]
[291,128,323549,324112]
[292,161,512820,511809]
[293,0,335860,336351]
[294,21,494422,494201]
[295,133,178110,177826]
[296,39,386861,386037]
[297,106,472252,473479]
[298,242,179850,180737]
[299,33,125879,125192]
[300,162,631691,632545]
[301,148,62280,62932]
[302,194,464335,465317]
[303,218,586564,587511]
[304,174,513218,514636]
[305,104,534549,534752]
[306,113,266006,265449]
[307,0,237626,238072]
[308,98,146345,147776]
[309,237,578231,577559]
[310,86,521461,521941]
[311,145,626057,624864]
[312,256,475841,476490]
[313,46,684432,685776]
[314,109,15646,15099]
[315,75,180807,179751]
[316,24,459625,460392]
[317,208,549399,550811]
[318,14,695575,696648]
[319,179,712061,711981]
[320,168,145403,145522]
[321,100,703588,704607]
[322,241,519501,518478]
[323,123,345656,344176]
[324,63,33337,32143]
[325,21,251711,250988]
[326,217,187088,186476]
[327,64,145437,146376]
[328,22,205001,205165]
[329,114,493792,494317]
[330,249,49501,48675]
[331,21,226639,225507]
[332,154,202061,202522]
[333,14,20053,20701]
[334,140,147596,148304]
[335,150,582457,582677]
[336,28,85626,86989]
[337,272,583220,583253]
[338,72,417207,418294]
[339,108,619791,620385]
[340,191,287497,286314]
[341,170,645944,646727]
[342,68,22710,23653]
[343,3,26067,24963]
[344,41,14382,13414]
[345,82,280496,280924]
[346,166,405201,405344]
[347,188,185817,187265]
[348,47,494262,494186]
[349,213,590600,590295]
[350,189,598322,598275]
[351,41,169487,168109]
[352,275,156491,155157]
[353,7,661738,661638]
[354,108,587696,587934]
[355,213,375640,375415]
[356,241,594095,593697]
[357,129,132398,132126]
[358,48,441884,441933]
[359,236,159375,160714]
[360,2,563684,565070]
[361,22,486916,487978]
[362,224,481131,481630]
[363,128,41749,41810]
[364,268,688984,690380]
[365,128,23818,25241]
[366,107,476986,476628]
[367,271,540541,540452]
[368,248,122673,123265]
[369,19,387603,387437]
[370,217,514438,513378]
[371,154,281325,282185]
[372,121,533995,533397]
[373,94,510657,510729]
[374,46,385214,385580]
[375,1,453122,452967]
[376,119,317612,317030]
[377,26,325697,326346]
[378,246,612125,612367]
[379,230,576754,578077]
[380,74,702671,703390]
[381,7,253565,252106]
[382,193,467799,466506]
[383,258,27761,28021]
[384,5,360167,358817]
[385,28,90125,91505]
[386,119,262334,262030]
[387,35,698876,697669]
[388,102,410977,411139]
[389,7,658201,657525]
[390,218,387251,388157]
[391,68,719931,720995]
[392,91,353954,352721]
[393,74,278859,279889]
[394,5,561795,560782]
[395,61,355725,355600]
[396,250,214222,214625]
[397,194,111332,111782]
[398,131,441499,440432]
[399,202,204329,204609]
[400,15,563472,563376]
[401,220,675484,676855]
[402,103,329399,328837]
[403,30,310027,311285]
[404,83,379363,379002]
[405,139,528916,528260]
[406,148,501988,502441]
[407,114,455883,456562]
[408,132,381525,383020]
[409,185,639160,637986]
[410,241,332118,331692]
[411,156,254092,254643]
[412,136,6651,7426]
[413,33,468792,468137]
[414,23,319565,319045]
[415,208,243222,243386]
[416,42,665585,666097]
[417,247,714272,714101]
[418,2,292859,293785]
[419,86,411338,411734]
[420,86,599939,601054]
[421,176,271524,272204]
[422,134,253328,253760]
[423,31,406901,406414]
[424,255,302276,301630]
[425,260,649402,650438]
[426,170,395957,397406]
[427,106,431022,431882]
[428,58,61660,63033]
[429,51,398453,397836]
[430,111,182142,181835]
[431,72,437694,438419]
[432,72,126505,126570]
[433,38,133729,134381]
[434,277,410284,409795]
[435,213,160932,160520]
[436,196,720053,720831]
[437,26,606924,608200]
[438,150,544923,546205]
[439,123,429661,428817]
[440,24,478524,480017]
[441,116,390058,391073]
[442,128,376119,376329]
[443,37,187274,186271]
[444,81,188209,186750]
[445,188,325003,325132]
[446,118,75472,76049]
[447,202,704307,704401]
[448,254,429683,430056]
[449,115,251243,250284]
[450,17,110787,109849]
[451,121,54277,53339]
[452,275,700612,699713]
[453,247,2394,2175]
[454,122,396134,396429]
[455,29,607683,606816]
[456,116,666279,667177]
[457,27,199645,198474]
[458,186,513140,513412]
[459,95,5654,5391]
[460,231,167278,166089]
[461,130,27044,27800]
[462,211,130822,130357]
[463,74,538783,539249]
[464,3,406590,406306]
[465,166,705785,706165]
[466,172,291135,292180]
[467,228,710586,710688]
[468,89,639327,638006]
[469,83,443654,443401]
[470,260,589402,590281]
[471,197,44088,42746]
[472,139,175941,174450]
[473,129,300247,298847]
[474,188,427685,428730]
[475,150,579317,579752]
[476,202,310371,311165]
[477,176,493413,493814]
[478,225,438696,438565]
[479,68,724193,724369]
[480,172,384013,384800]
[481,270,585396,586364]
[482,67,51381,49885]
[483,235,402912,401711]
[484,120,193628,194878]
[485,116,305968,306363]
[486,116,188870,190303]
[487,42,461096,462488]
[488,232,170386,171811]
[489,160,711113,711374]
[490,256,152069,153380]
[491,185,35899,35388]
[492,46,698568,698675]
[493,131,100461,99759]
[494,262,422135,423071]
[495,198,495464,495722]
[496,232,531179,532182]
[497,158,169085,169204]
[498,272,216937,217484]
[499,159,316137,315597]
[500,46,235738,237120]
[501,46,263077,264304]
[502,84,641451,642543]
[503,275,88628,87485]
[504,122,579156,580600]
[505,171,135489,134318]
[506,117,494360,493440]
[507,74,23135,23572]
[508,93,198989,198422]
[509,114,198182,198846]
[510,115,525167,524023]
[511,96,110745,111958]
[512,201,263370,262728]
[513,35,87201,86840]
[514,26,562342,562581]
[515,219,443243,441897]
[516,132,418136,419408]
[517,69,29456,28799]
[518,163,61668,60464]
[519,266,513097,513819]
[520,147,156336,155717]
[521,90,556784,557319]
[522,262,203163,203628]
[523,145,259801,258458]
[524,75,301313,300278]
[525,66,305790,306220]
[526,84,387163,388381]
[527,213,467866,466713]
[528,279,706781,706479]
[529,261,39981,39544]
[530,222,635080,635302]
[531,54,293679,294892]
[532,125,35188,34650]
[533,140,326285,326909]
[534,234,716289,716571]
[535,157,701030,700821]
[536,187,169710,168812]
[537,236,284379,284768]
[538,32,403967,405422]
[539,48,224013,225108]
[540,241,338302,337278]
[541,124,278081,279269]
[542,107,510246,510119]
[543,157,187447,186729]
[544,33,373813,372439]
[545,248,300647,301803]
[546,8,170322,171016]
[547,15,214488,214058]
[548,120,275210,275850]
[549,253,184570,183760]
[550,46,273639,273879]
[551,255,364102,363955]
[552,96,29655,29742]
[553,36,403222,403319]
[554,110,190068,190479]
[555,134,298948,300012]
[556,151,400074,399981]
[557,196,540863,541411]
[558,122,168746,169880]
[559,85,278409,277622]
[560,68,350918,351482]
[561,256,20015,20881]
[562,81,39332,38677]
[563,223,400275,400048]
[564,11,340179,339595]
[565,117,287548,287193]
[566,247,397100,396795]
[567,25,549894,549283]
[568,162,696916,697855]
[569,194,481406,481437]
[570,30,179310,180524]
[571,57,631787,630572]
[572,87,191619,190890]
[573,173,608549,607118]
[574,37,146565,146269]
[575,102,636740,636879]
[576,234,141685,142241]
[577,140,277270,278571]
[578,134,403680,404458]
[579,21,191259,190644]
[580,52,57135,57606]
[581,32,224788,225849]
[582,104,284878,286293]
[583,53,338324,337901]
[584,25,205247,203951]
[585,163,476310,475413]
[586,206,191174,191459]
[587,79,462201,461455]
[588,124,132797,133861]
[589,16,34696,34860]
[590,1,332358,332293]
[591,276,619957,620661]
[592,247,21725,21098]
[593,0,159061,159549]
[594,87,294291,293171]
[595,61,32024,30760]
[596,12,704793,706247]
[597,101,556326,556243]
[598,166,116627,116736]
[599,134,274857,275468]
[600,83,359900,358826]
[601,139,45289,45125]
[602,156,620553,621268]
[603,95,218723,218638]
[604,112,268933,269183]
[605,45,567178,565829]
[606,56,289070,289319]
[607,69,121855,120893]
[608,25,364653,363541]
[609,237,673437,672658]
[610,131,475776,474807]
[611,132,105317,105623]
[612,213,278515,277227]
[613,97,347591,347015]
[614,141,210212,209743]
[615,142,620286,621446]
[616,118,21626,22136]
[617,49,270011,269933]
[618,216,101775,102573]
[619,164,162004,163314]
[620,168,495564,495897]
[621,191,680122,679876]
[622,241,412803,412133]
[623,199,235198,233715]
[624,224,683105,684390]
[625,180,261550,262051]
[626,33,117982,116621]
[627,247,620291,619313]
[628,48,41810,42659]
[629,119,96485,95705]
[630,167,97877,96896]
[631,197,461715,460562]
[632,150,70353,71807]
[633,204,359599,360276]
[634,35,366557,365690]
[635,176,282154,283515]
[636,221,675678,674618]
[637,147,328162,326876]
[638,114,104803,105952]
[639,249,585873,585337]
[640,167,577189,577102]
[641,277,195913,195694]
[642,26,584776,585294]
[643,90,70842,71956]
[644,260,320704,321202]
[645,135,103072,102961]
[646,230,370510,371174]
[647,63,730042,728603]
[648,133,397353,396872]
[649,82,595941,597440]
[650,3,51358,51188]
[651,67,565468,564980]
[652,151,74179,73302]
[653,214,256294,256458]
[654,83,75305,74006]
[655,251,234931,234297]
[656,226,709013,709418]
[657,66,27993,29163]
[658,169,430736,430014]
[659,209,161815,161719]
[660,79,440873,440610]
[661,66,696681,698147]
[662,236,104444,104587]
[663,209,310345,309263]
[664,41,256028,254679]
[665,215,47250,45847]
[666,168,122274,122581]
[667,96,252151,252918]
[668,146,185126,186366]
[669,247,504454,504176]
[670,17,265267,264313]
[671,76,348690,349589]
[672,82,122493,122740]
[673,75,18203,17437]
[674,264,62225,63536]
[675,156,330876,331339]
[676,195,635509,634835]
[677,219,477971,476740]
[678,200,200523,201764]
[679,18,129115,129789]
[680,10,8458,8959]
[681,158,310387,311464]
[682,142,123665,124493]
[683,124,259885,260665]
[684,230,179257,179979]
[685,5,701701,700921]
[686,96,627189,627370]
[687,247,141355,139995]
[688,52,82387,83618]
[689,10,52233,53349]
[690,168,566120,567437]
[691,108,579526,580308]
[692,119,181371,180281]
[693,191,454154,453283]
[694,128,141923,142370]
[695,228,356299,356613]
[696,241,612147,611428]
[697,172,305359,305622]
[698,166,344319,345284]
[699,62,92162,92609]
[700,148,425963,426499]
[701,78,9624,9910]
[702,232,691375,692739]
[703,206,358937,359840]
[704,198,495255,495671]
[705,95,81677,80667]
[706,135,215835,215163]
[707,71,358897,357561]
[708,9,628622,627948]
[709,39,691206,690070]
[710,58,469925,470650]
[711,194,25867,26102]
[712,65,36867,35378]
[713,165,78795,77836]
[714,127,597025,596729]
[715,155,76631,75200]
[716,230,18945,19669]
[717,237,365865,364716]
[718,249,201634,201224]
[719,201,45617,45347]
[720,209,346540,345191]
[721,140,162258,162718]
[722,115,84331,84278]
[723,64,492226,492411]
[724,144,51602,52224]
[725,37,206193,205205]
[726,134,66297,66754]
[727,104,86439,87332]
[728,196,272444,272717]
[729,230,415253,416384]
[730,252,234160,234243]
[731,199,198266,197818]
[732,79,198259,197004]
[733,2,670155,671373]
[734,145,725963,725114]
[735,110,92125,93517]
[736,5,53451,52237]
[737,43,425250,424937]
[738,159,511525,510304]
[739,271,76578,75770]
[740,163,411776,410689]
[741,227,267493,266033]
[742,28,282444,283575]
[743,13,116582,116074]
[744,49,565755,565691]
[745,63,573217,573048]
[746,130,15638,15939]
[747,3,4541,3634]
[748,107,128496,127406]
[749,192,630533,631734]
[750,263,367408,367219]
[751,71,4017,2965]
[752,78,576200,576541]
[753,152,177736,178566]
[754,51,320502,320128]
[755,122,341120,341871]
[756,202,286672,286900]
[757,128,120217,120932]
[758,263,363500,362437]
[759,135,132602,131195]
[760,225,288977,288637]
[761,171,262874,262496]
[762,92,468604,469099]
[763,166,217986,218726]
[764,102,499035,499231]
[765,180,2367,2996]
[766,34,485779,486390]
[767,183,7894,7242]
[768,31,279875,278979]
[769,166,205049,206082]
[770,153,591995,591183]
[771,221,292318,291268]
[772,260,66148,66875]
[773,6,20780,21852]
[774,139,415452,415252]
[775,155,468934,468234]
[776,125,437485,436742]
[777,8,489736,489908]
[778,122,164176,165175]
[779,160,308393,309551]
[780,231,396278,395984]
[781,256,42834,43478]
[782,177,305569,304467]
[783,142,658466,659546]
[784,174,222021,222410]
[785,82,265203,266564]
[786,85,19614,18126]
[787,266,167230,168232]
[788,278,183322,184085]
[789,65,633061,632062]
[790,56,618205,619449]
[791,138,720953,721024]
[792,196,715379,716860]
[793,121,396278,395200]
[794,230,515659,516283]
[795,78,635496,636994]
[796,26,532250,532623]
[797,128,648951,649728]
[798,215,728201,726811]
[799,208,626113,626276]
[800,96,678537,679756]
[801,211,292375,291728]
[802,91,506334,506300]
[803,169,56737,55756]
[804,15,450959,450302]
[805,78,436746,438006]
[806,167,88434,88397]
[807,92,462667,463250]
[808,44,294291,295058]
[809,217,111309,110128]
[810,77,239699,238810]
[811,41,186527,185740]
[812,189,634056,633206]
[813,83,514580,513681]
[814,73,150135,149056]
[815,211,536673,535355]
[816,50,480947,481865]
[817,4,519128,520558]
[818,248,229288,230196]
[819,270,311135,311409]
[820,81,554049,553816]
[821,252,709004,709850]
[822,206,686612,687574]
[823,57,256819,255851]
[824,202,127179,128229]
[825,204,198115,198604]
[826,244,576889,578023]
[827,120,32435,33205]
[828,272,95179,95582]
[829,133,623504,623285]
[830,32,278053,278264]
[831,180,381903,382076]
[832,181,647613,646514]
[833,234,233068,234273]
[834,199,579179,578428]
[835,18,279305,280372]
[836,105,416323,416101]
[837,37,476636,475412]
[838,226,218553,219903]
[839,99,406567,405388]
[840,12,42757,42880]
[841,103,641710,640439]
[842,55,510444,509371]
[843,60,296809,297378]
[844,28,50930,51061]
[845,258,167945,169117]
[846,29,118181,117792]
[847,37,539993,538638]
[848,92,519411,519790]
[849,177,29684,28486]
[850,256,213350,213638]
[851,176,274330,275218]
[852,9,483271,482626]
[853,42,535367,535946]
[854,89,36217,36116]
[855,178,722371,723023]
[856,38,437644,438118]
[857,243,364704,364342]
[858,142,428420,429449]
[859,221,610703,609721]
[860,196,305555,306975]
[861,209,427989,427224]
[862,268,362919,364348]
[863,149,682718,682345]
[864,100,440232,440491]
[865,22,310678,311807]
[866,135,186725,186645]
[867,22,421818,422734]
[868,10,523346,524526]
[869,120,571143,571257]
[870,204,135124,136131]
