["head":"wrap","lpos","status"]
[122,259725,1]
["io count"]
[875]
["io":"id","wrap","startLpos","endLpos"]
[1,275,196250,194972]
[2,145,119654,119545]
[3,185,608118,607126]
[4,136,430382,431374]
[5,57,560428,559567]
[6,267,276008,274867]
[7,88,570832,571398]
[8,185,202230,200736]
[9,145,591368,590567]
[10,78,560724,562203]
[11,74,405474,406846]
[12,109,445233,445194]
[13,211,441077,439625]
[14,116,370252,371101]
[15,135,504552,503885]
[16,104,582035,582548]
[17,233,525230,524131]
[18,24,120013,120914]
[19,252,202567,203807]
[20,53,280861,280233]
[21,6,217999,218588]
[22,23,215051,213573]
[23,260,471393,471725]
[24,218,485103,486281]
[25,1,274263,273537]
[26,207,720041,719542]
[27,52,258624,259834]
[28,204,579390,580415]
[29,117,648503,648321]
[30,55,569568,568363]
[31,269,109809,108587]
[32,107,346637,345814]
[33,119,466223,465538]
[34,19,48198,47239]
[35,264,594324,595185]
[36,89,58311,57354]
[37,189,316879,316459]
[38,249,620587,619931]
[39,94,687206,688020]
[40,274,238672,239649]
[41,92,217813,218440]
[42,259,276977,276376]
[43,125,482295,481705]
[44,50,511943,512399]
[45,210,649325,650449]
[46,198,595787,596947]
[47,20,390171,391553]
[48,273,414708,414596]
[49,268,248042,248977]
[50,89,570803,570714]
[51,191,605533,604751]
[52,172,80710,80998]
[53,35,724458,724259]
[54,114,583639,583734]
[55,278,201161,201415]
[56,254,250541,251997]
[57,14,160946,162010]
[58,71,510996,510923]
[59,248,602452,602788]
[60,114,605096,606345]
[61,118,252782,254155]
[62,27,393038,392025]
[63,103,488352,488212]
[64,89,246216,244930]
[65,148,626229,626693]
[66,157,699077,697945]
[67,121,721459,721043]
[68,183,522989,522529]
[69,131,346657,345815]
[70,84,479467,480906]
[71,78,88770,89975]
[72,73,667995,667609]
[73,191,167929,166945]
[74,68,26899,28322]
[75,117,381606,380204]
[76,113,107747,106807]
[77,197,667950,667654]
[78,233,223174,222850]
[79,174,177185,177396]
[80,191,436646,435538]
[81,65,185302,183955]
[82,110,368524,368823]
[83,183,52380,51552]
[84,136,270473,271840]
[85,91,227356,226029]
[86,274,108022,108226]
[87,52,587347,588413]
[88,116,120678,120853]
[89,37,331550,330809]
[90,241,520460,519918]
[91,188,406678,406893]
[92,242,579792,579995]
[93,143,550523,549059]
[94,140,154726,155704]
[95,121,576426,575425]
[96,143,634570,633298]
[97,134,300253,301066]
[98,190,180329,181060]
[99,272,117,1515]
[100,217,61370,59924]
[101,18,368043,369401]
[102,267,346804,345570]
[103,14,451036,451340]
[104,265,470825,470474]
[105,72,220750,220820]
[106,46,255612,256772]
[107,14,114930,115709]
[108,107,368729,368031]
[109,45,343780,342839]
[110,189,566704,565927]
[111,32,160000,160500]
[112,64,544432,545454]
[113,73,301015,299922]
[114,202,167741,168433]
[115,45,476308,476088]
[116,154,478099,479182]
[117,220,527769,528553]
[118,13,685008,684479]
[119,228,234134,234418]
[120,44,684856,686155]
[121,77,93263,93017]
[122,147,39600,39337]
[123,182,85820,86582]
[124,115,534636,534097]
[125,232,426346,426624]
[126,220,165042,166181]
[127,234,437960,439045]
[128,21,494620,493217]
[129,158,319670,320496]
[130,269,505792,504951]
[131,51,511702,511662]
[132,17,390873,389914]
[133,33,371351,370922]
[134,5,482484,482340]
[135,185,205762,205167]
[136,210,195533,196481]
[137,114,75528,75806]
[138,246,225447,225798]
[139,59,509923,509070]
[140,259,226145,225024]
[141,191,109636,108678]
[142,73,312747,312523]
[143,86,373503,374179]
[144,34,385649,386971]
[145,0,45351,45678]
[146,220,551322,552405]
[147,106,694299,695239]
[148,255,534080,533322]
[149,163,86235,85786]
[150,266,570431,571118]
[151,210,509314,510635]
[152,133,534584,534177]
[153,107,150725,150043]
[154,40,654101,654487]
[155,253,135200,133992]
[156,107,193292,191796]
[157,269,138417,137016]
[158,86,188123,189109]
[159,220,695329,696739]
[160,65,120113,118927]
[161,134,552029,552510]
[162,209,67997,67316]
[163,73,290222,289489]
[164,256,89202,90486]
[165,94,359375,360756]
[166,139,689010,687970]
[167,16,354419,355242]
[168,3,645944,645293]
[169,146,537394,538417]
[170,132,431907,432477]
[171,98,159520,160690]
[172,42,81992,82875]
[173,1,321201,321000]
[174,267,346806,345471]
[175,129,81136,80067]
[176,145,264607,264315]
[177,56,421359,422718]
[178,57,483747,483210]
[179,164,214223,214604]
[180,23,579185,578920]
[181,181,42828,42754]
[182,254,312427,313461]
[183,188,241562,242620]
[184,14,539576,540948]
[185,118,486200,486715]
[186,91,27289,25989]
[187,75,247521,246089]
[188,180,370520,372012]
[189,33,109473,109086]
[190,129,193820,193620]
[191,222,366911,367849]
[192,97,180667,180154]
[193,210,157332,158776]
[194,206,418063,419434]
[195,86,414490,415399]
[196,135,34610,34418]
[197,199,620519,620090]
[198,217,602537,602488]
[199,8,233354,233932]
[200,151,111387,110302]
[201,228,419486,419558]
[202,120,74594,74960]
[203,184,351884,352745]
[204,265,706106,704995]
[205,55,575317,573946]
[206,11,183598,182659]
[207,170,613108,613836]
[208,4,209381,210251]
[209,265,128736,127476]
[210,63,705791,704840]
[211,114,86286,86568]
[212,123,150893,149418]
[213,254,682952,683194]
[214,1,356985,355744]
[215,271,273615,273270]
[216,75,348110,347372]
[217,97,285431,284662]
[218,273,202751,202457]
[219,195,209007,208363]
[220,135,229578,228521]
[221,196,21531,21673]
[222,275,291796,290668]
[223,190,159064,159710]
[224,62,376812,377551]
[225,202,353365,354334]
[226,216,574643,575598]
[227,253,465402,464323]
[228,193,287977,286858]
[229,229,135959,135328]
[230,278,292539,292649]
[231,23,607663,606321]
[232,50,647119,648159]
[233,249,534001,533049]
[234,273,235768,234271]
[235,184,248182,248555]
[236,30,138826,140072]
[237,223,59631,59522]
[238,126,15709,16501]
[239,58,66160,67603]
[240,73,546632,546016]
[241,254,357187,357275]
[242,22,67612,68093]
[243,225,130290,130159]
[244,36,166370,167690]
[245,85,144943,143765]
[246,224,585853,586831]
[247,142,174656,175983]
[248,157,659610,659550]
[249,109,10329,9770]
[250,3,89988,89688]
[251,279,678077,677004]
[252,134,384860,385394]
[253,222,239199,240021]
[254,91,71032,70860]
[255,37,472691,471893]
[256,56,337491,337607]
[257,210,83835,84269]
[258,206,134860,135341]
[259,127,172231,170797]
[260,264,131587,132549]
[261,200,308228,308971]
[262,50,227546,228852]
[263,60,693764,693944]
[264,161,209557,208262]
[265,192,384857,385189]
[266,246,183336,183460]
[267,22,373871,374025]
[268,165,338938,337479]
[269,31,413876,413042]
[270,182,347537,348988]
[271,41,472273,471878]
[272,248,200327,200624]
[273,102,679590,680838]
[274,185,359886,359617]
[275,24,384264,385229]
[276,160,44670,45645]
[277,142,659361,660178]
[278,151,155442,155168]
[279,177,24707,23937]
[280,170,584208,584527]
[281,219,375364,374099]
[282,170,534144,535126]
[283,48,722585,722767]
[284,162,331282,332070]
[285,182,146658,148002]
[286,193,62997,62457]
[287,161,649282,648397]
[288,144,293699,294913]
[289,115,297861,296494]
[290,48,137204,137971]
[291,240,310680,311051]
[292,52,653031,654229]
[293,270,550323,550815]
[294,213,467823,467524]
[295,99,17451,16061]
[296,123,76469,75991]
[297,270,32983,33829]
[298,109,39880,39083]
[299,99,609257,608520]
[300,167,147538,146496]
[301,119,193995,193236]
[302,82,220264,221101]
[303,264,636696,636753]
[304,28,11725,12211]
[305,189,690015,688934]
[306,247,251381,250470]
[307,157,350856,350194]
[308,76,700025,701050]
[309,242,207123,207339]
[310,226,626797,627261]
[311,162,432303,433234]
[312,149,47862,47186]
[313,127,603773,603339]
[314,2,411712,412552]
[315,256,426879,427867]
[316,79,109181,109071]
[317,222,584305,584603]
[318,184,192165,192661]
[319,150,2657,3180]
[320,157,347281,346078]
[321,181,22497,21736]
[322,145,407517,406085]
[323,266,289721,290069]
[324,89,611173,610365]
[325,225,660060,658710]
[326,201,252053,251743]
[327,17,430153,429272]
[328,90,526449,527335]
[329,43,572779,572262]
[330,30,199168,200297]
[331,172,124121,124576]
[332,39,257271,256157]
[333,235,209631,209452]
[334,59,352426,351920]
[335,158,511038,511650]
[336,68,132394,133267]
[337,198,319296,319396]
[338,88,537051,537562]
[339,255,134189,133785]
[340,15,497770,496513]
[341,11,241833,241531]
[342,171,255309,254792]
[343,186,476641,477645]
[344,219,601148,600565]
[345,72,728000,729065]
[346,242,655725,656694]
[347,137,407061,405962]
[348,213,143978,142539]
[349,190,67063,67554]
[350,174,26248,27493]
[351,63,515742,515597]
[352,263,170503,169011]
[353,104,330540,331538]
[354,38,386741,388093]
[355,30,489605,490373]
[356,169,124036,123570]
[357,275,720052,719253]
[358,253,80773,80197]
[359,138,258631,260000]
[360,49,585912,584795]
[361,87,607008,606151]
[362,198,535318,536801]
[363,134,400726,401831]
[364,221,107233,107110]
[365,3,322871,321552]
[366,216,568226,568902]
[367,104,470183,470247]
[368,272,526318,526815]
[369,268,692919,693668]
[370,205,349214,348227]
[371,199,338650,338565]
[372,277,117495,116568]
[373,107,568928,568292]
[374,132,598078,598974]
[375,104,267565,268739]
[376,60,618155,619369]
[377,274,595043,596208]
[378,66,561437,562702]
[379,265,36589,36553]
[380,42,106218,107317]
[381,271,172861,172714]
[382,168,666076,666474]
[383,95,537551,536728]
[384,133,163631,162821]
[385,18,297227,297792]
[386,26,723550,724907]
[387,160,200660,200992]
[388,259,569937,569630]
[389,181,706092,704868]
[390,85,565392,564663]
[391,242,239985,241461]
[392,211,713672,713216]
[393,190,155392,156028]
[394,9,330749,329956]
[395,220,327407,328068]
[396,9,370456,370420]
[397,135,486617,485285]
[398,110,521230,521556]
[399,99,690324,689980]
[400,192,341649,342387]
[401,265,502135,501960]
[402,121,615253,614696]
[403,223,164394,163898]
[404,172,321223,321581]
[405,170,523424,523983]
[406,252,212607,212781]
[407,117,7455,6573]
[408,115,693212,692594]
[409,207,486315,485155]
[410,68,601217,601998]
[411,170,358221,359199]
[412,259,199614,198680]
[413,65,581428,580058]
[414,22,424552,424874]
[415,62,182549,183093]
[416,11,576207,575713]
[417,144,136179,136526]
[418,58,435023,436100]
[419,99,107178,106458]
[420,50,630365,630723]
[421,114,553810,554981]
[422,223,1786,1455]
[423,68,93441,93805]
[424,50,45509,46797]
[425,221,269869,269319]
[426,163,268213,267352]
[427,203,376856,375401]
[428,210,329531,329799]
[429,153,520922,520739]
[430,172,169818,170490]
[431,21,212458,211231]
[432,42,157757,158927]
[433,186,306378,307210]
[434,85,130405,130313]
[435,50,405316,406665]
[436,216,689423,690607]
[437,70,305463,305921]
[438,9,644315,644170]
[439,61,672756,671410]
[440,0,321420,321725]
[441,199,352418,352388]
[442,16,709769,711185]
[443,70,302041,302899]
[444,198,585170,585774]
[445,179,552787,551383]
[446,9,393702,393068]
[447,88,147012,148199]
[448,210,595119,595149]
[449,117,210303,209892]
[450,132,208859,209721]
[451,165,720762,719947]
[452,134,135711,136302]
[453,163,494802,493971]
[454,228,473280,474681]
[455,172,76393,77630]
[456,126,360788,360887]
[457,79,286763,285264]
[458,30,460981,461755]
[459,278,200947,201598]
[460,259,235791,235115]
[461,218,521423,522387]
[462,127,49104,48816]
[463,272,556350,557484]
[464,97,604340,604080]
[465,278,392863,393803]
[466,89,287768,287333]
[467,235,156012,154702]
[468,76,7586,7950]
[469,84,679757,680897]
[470,86,694037,695053]
[471,98,260242,261714]
[472,277,119128,117953]
[473,71,709352,709233]
[474,55,44053,42624]
[475,124,223865,224648]
[476,145,56371,55517]
[477,200,54089,54636]
[478,123,531313,530254]
[479,157,363689,363641]
[480,23,729164,729129]
[481,151,528393,528107]
[482,166,97792,99141]
[483,228,411543,411778]
[484,175,718965,718805]
[485,199,415968,415729]
[486,190,68030,68111]
[487,58,660394,661053]
[488,174,711782,713134]
[489,99,693420,693188]
[490,27,192563,191707]
[491,278,410909,411851]
[492,222,254440,254581]
[493,165,657148,656399]
[494,221,298436,298253]
[495,67,359134,358582]
[496,104,433983,435352]
[497,259,698908,697804]
[498,221,594113,592865]
[499,88,118939,119963]
[500,59,715265,714014]
[501,245,571252,570148]
[502,134,80503,80664]
[503,65,512500,511208]
[504,183,258700,258656]
[505,4,301576,302019]
[506,231,685579,685405]
[507,107,494795,494172]
[508,160,466757,467630]
[509,76,457282,458113]
[510,58,489336,490015]
[511,191,596249,595610]
[512,274,554626,555178]
[513,61,168162,167110]
[514,226,665917,666310]
[515,163,185520,184094]
[516,221,70295,70063]
[517,7,679703,679583]
[518,47,440645,440070]
[519,205,567074,566539]
[520,5,144756,144540]
[521,61,94926,93639]
[522,6,33430,34905]
[523,100,541219,541898]
[524,52,156235,157027]
[525,38,33161,33690]
[526,19,2498,1909]
[527,250,87329,88435]
[528,266,422311,423129]
[529,188,369550,369995]
[530,259,476093,475296]
[531,4,693372,694152]
[532,103,626768,625769]
[533,10,237704,238981]
[534,1,432202,432119]
[535,91,485019,484858]
[536,157,487032,486635]
[537,38,174987,175526]
[538,4,400733,401552]
[539,253,411563,410128]
[540,125,393490,392111]
[541,110,565521,566545]
[542,174,446610,446690]
[543,260,225115,226339]
[544,204,653788,654275]
[545,190,240053,240652]
[546,174,314323,315705]
[547,144,400455,401424]
[548,217,117272,116998]
[549,222,167639,168135]
[550,88,472821,473572]
[551,233,13158,12568]
[552,22,165546,165653]
[553,124,619372,619405]
[554,263,657343,656867]
[555,95,498805,498682]
[556,66,178503,179025]
[557,225,664482,663062]
[558,111,571269,570490]
[559,169,625440,625032]
[560,124,284125,284501]
[561,78,483239,484443]
[562,174,256894,258138]
[563,148,291273,291448]
[564,85,715046,714249]
[565,13,225462,224342]
[566,274,579282,580730]
[567,126,304806,305564]
[568,205,108462,108149]
[569,264,79125,79833]
[570,231,276679,275927]
[571,132,380199,380757]
[572,106,211684,212678]
[573,44,306151,307211]
[574,175,333393,333054]
[575,244,484355,484423]
[576,186,167556,168523]
[577,227,637672,637023]
[578,76,321883,322695]
[579,161,433597,432842]
[580,161,451406,450127]
[581,175,624144,623243]
[582,240,348835,349825]
[583,44,259819,260005]
[584,264,505476,505980]
[585,110,384083,385416]
[586,156,266680,268134]
[587,160,373627,374942]
[588,134,487719,488258]
[589,10,675584,676623]
[590,14,613053,613119]
[591,76,181645,182431]
[592,218,200038,200728]
[593,126,373137,374620]
[594,3,713725,712329]
[595,84,11236,11430]
[596,87,265065,264961]
[597,68,462927,463092]
[598,232,289996,291376]
[599,211,172842,172134]
[600,254,440987,441575]
[601,109,409624,409189]
[602,28,355779,356151]
[603,55,320604,319532]
[604,123,263306,261891]
[605,42,10253,10404]
[606,264,264005,264080]
[607,187,169054,168247]
[608,238,724196,725335]
[609,232,378263,379414]
[610,249,469636,469212]
[611,169,602870,602570]
[612,184,348751,349890]
[613,124,280733,281039]
[614,127,181219,181139]
[615,42,436283,436383]
[616,175,598995,597599]
[617,121,84688,83752]
[618,9,128233,128076]
[619,89,176236,175614]
[620,7,725943,724607]
[621,109,548552,548483]
[622,183,417458,416497]
[623,275,112561,112344]
[624,218,167023,167303]
[625,24,648123,649215]
[626,118,113978,114373]
[627,107,508168,506775]
[628,126,118816,120238]
[629,82,679209,679852]
[630,18,253479,254979]
[631,135,152869,151629]
[632,201,281308,279818]
[633,229,685143,684981]
[634,122,595873,595930]
[635,240,109393,110447]
[636,121,227758,227699]
[637,160,86232,87635]
[638,59,152204,150918]
[639,12,475132,475911]
[640,253,519070,517790]
[641,34,415305,416061]
[642,58,527930,528289]
[643,91,566381,564933]
[644,22,84141,84204]
[645,63,36227,35413]
[646,192,64360,65556]
[647,179,348231,347955]
[648,154,451145,452319]
[649,78,169378,170584]
[650,276,258875,259167]
[651,245,630287,630218]
[652,82,144756,146163]
[653,49,51400,50888]
[654,210,468828,469036]
[655,216,210553,211813]
[656,279,294246,293788]
[657,218,555213,556622]
[658,127,587462,586946]
[659,84,348315,349106]
[660,183,384484,384357]
[661,32,166033,167088]
[662,278,728483,728922]
[663,88,211303,211811]
[664,277,248191,247974]
[665,19,4480,3526]
[666,179,457093,456274]
[667,132,61696,62531]
[668,117,523147,522838]
[669,22,723410,724141]
[670,254,269470,270583]
[671,39,164095,162664]
[672,25,220097,219100]
[673,64,657631,658862]
[674,131,201610,201062]
[675,45,123511,123259]
[676,45,300173,300141]
[677,178,514267,515128]
[678,141,282525,281640]
[679,99,374046,373694]
[680,182,452446,452503]
[681,137,412566,411589]
[682,10,225528,226478]
[683,225,521794,521543]
[684,150,236417,236728]
[685,149,449566,448075]
[686,186,375486,376537]
[687,169,725569,724122]
[688,260,447323,448278]
[689,104,222793,223556]
[690,150,407733,409184]
[691,167,322917,321628]
[692,128,371669,372686]
[693,277,72696,72524]
[694,216,613643,614199]
[695,38,37733,38926]
[696,125,583837,583053]
[697,232,211333,211749]
[698,92,468647,469330]
[699,243,91008,90381]
[700,167,343978,343300]
[701,225,658880,657838]
[702,220,644752,645764]
[703,152,27782,28099]
[704,206,445569,445880]
[705,189,346756,345523]
[706,260,349743,350499]
[707,21,671696,670910]
[708,193,277097,276535]
[709,180,311947,312957]
[710,188,43137,44463]
[711,177,118373,118002]
[712,122,69624,69862]
[713,123,669773,669214]
[714,42,687310,688584]
[715,79,501080,500052]
[716,206,313291,313894]
[717,22,484201,484968]
[718,214,481513,482510]
[719,85,667651,666552]
[720,109,652894,651647]
[721,13,20275,20210]
[722,56,294852,295739]
[723,249,455874,454772]
[724,35,522815,522007]
[725,240,668487,669268]
[726,94,561450,562941]
[727,32,699112,699599]
[728,112,212616,213601]
[729,267,146041,145538]
[730,11,517915,517768]
[731,206,405758,406669]
[732,189,224877,224004]
[733,0,470195,471228]
[734,228,213459,213808]
[735,71,524338,524246]
[736,91,250478,250413]
[737,125,660274,659651]
[738,126,451720,452317]
[739,58,234461,235714]
[740,41,221394,221237]
[741,213,132890,131654]
[742,78,292338,293803]
[743,239,149851,149717]
[744,14,535076,535720]
[745,68,578760,579559]
[746,262,74676,75863]
[747,244,234768,235509]
[748,184,577965,578348]
[749,171,480818,479563]
[750,271,460464,459665]
[751,57,178529,177058]
[752,79,611223,610587]
[753,167,112395,112357]
[754,54,96001,97382]
[755,61,659147,658470]
[756,221,318149,316774]
[757,187,467120,465856]
[758,248,58172,59283]
[759,224,401982,402684]
[760,204,432689,433461]
[761,92,204841,205991]
[762,184,399377,399658]
[763,89,267569,266955]
[764,222,208212,209517]
[765,113,458700,457439]
[766,65,709628,708523]
[767,51,670200,670124]
[768,199,257277,256399]
[769,202,333770,334383]
[770,273,278454,278324]
[771,80,625694,626805]
[772,31,163341,163026]
[773,9,133217,132774]
[774,147,483679,483244]
[775,78,114241,114421]
[776,161,642240,642059]
[777,261,132522,131920]
[778,117,281504,280564]
[779,4,678028,679077]
[780,191,21689,20901]
[781,143,516830,516354]
[782,145,191424,190089]
[783,210,349353,349410]
[784,110,684771,686050]
[785,242,592704,593311]
[786,97,401548,400813]
[787,146,446424,447435]
[788,72,232888,233715]
[789,32,461953,462878]
[790,226,387961,389185]
[791,228,107456,108728]
[792,70,292950,294127]
[793,169,705860,704372]
[794,228,540874,541975]
[795,274,331768,332805]
[796,254,537772,538466]
[797,114,158165,158312]
[798,33,91534,91248]
[799,135,253140,252658]
[800,239,415558,414412]
[801,156,237386,237969]
[802,185,590049,589035]
[803,123,678316,677506]
[804,46,309521,310944]
[805,76,336280,337610]
[806,69,172231,171933]
[807,77,530034,529197]
[808,246,104057,104242]
[809,102,615980,616292]
[810,278,386620,386804]
[811,152,583707,584067]
[812,96,174736,174858]
[813,17,353304,352110]
[814,160,140854,141636]
[815,116,247894,248624]
[816,173,70793,69491]
[817,59,169149,168921]
[818,104,630947,631163]
[819,259,706222,705873]
[820,278,56974,57712]
[821,55,455947,454840]
[822,122,282301,283538]
[823,199,289383,289178]
[824,185,290721,290315]
[825,43,248684,247549]
[826,272,462340,462888]
[827,21,152088,151223]
[828,190,19884,20228]
[829,1,562667,561288]
[830,104,13329,14722]
[831,106,165907,166704]
[832,24,453816,453908]
[833,262,710049,710537]
[834,136,729709,730882]
[835,123,12970,12671]
[836,96,385834,386054]
[837,141,393447,393077]
[838,8,105548,107027]
[839,165,457605,456602]
[840,5,399903,398569]
[841,37,516795,516224]
[842,172,16556,17934]
[843,180,646603,647161]
[844,259,189628,188380]
[845,177,472598,471177]
[846,94,98896,99700]
[847,59,386549,385970]
[848,51,235817,234713]
[849,202,645789,647149]
[850,209,358178,357195]
[851,268,409929,410016]
[852,8,572617,572794]
[853,38,324443,325463]
[854,74,651841,653295]
[855,169,22449,21004]
[856,267,593324,592213]
[857,81,267215,266519]
[858,65,191094,190859]
[859,231,323125,321645]
[860,13,467530,466142]
[861,164,552257,552349]
[862,138,50371,51584]
[863,65,92552,91821]
[864,213,501054,499577]
[865,7,25962,25056]
[866,173,175128,173714]
[867,174,267365,267957]
[868,166,29983,30748]
[869,151,713090,712631]
[870,111,346824,345853]
[871,182,323606,324656]
[872,24,407178,408641]
[873,187,484208,483539]
[874,44,445935,446874]
[875,134,112841,113856]
