["head":"wrap","lpos","status"]
[86,568706,1]
["io count"]
[880]
["io":"id","wrap","startLpos","endLpos"]
[1,165,251400,249901]
[2,188,631946,632648]
[3,224,197108,197520]
[4,150,232415,233602]
[5,77,366501,365553]
[6,220,480201,480647]
[7,6,373770,373877]
[8,253,670900,669553]
[9,166,535474,535814]
[10,271,621624,621333]
[11,11,98984,98435]
[12,241,12374,11133]
[13,190,670569,671132]
[14,112,455283,455367]
[15,20,99544,100396]
[16,170,249221,249928]
[17,14,700738,701052]
[18,130,203596,204616]
[19,118,677898,678968]
[20,88,519600,521079]
[21,45,588437,587940]
[22,275,33849,32607]
[23,259,124310,123924]
[24,150,722468,722697]
[25,126,354979,355106]
[26,207,445379,445254]
[27,136,307465,308289]
[28,243,136273,135654]
[29,12,709811,710082]
[30,52,236582,237328]
[31,3,322166,321071]
[32,229,461422,460465]
[33,71,64840,63545]
[34,41,720928,720431]
[35,208,64843,64888]
[36,250,488624,489669]
[37,138,236174,236409]
[38,163,153840,152880]
[39,31,93944,92615]
[40,171,348766,347353]
[41,258,375280,376631]
[42,76,164925,166407]
[43,129,181002,180875]
[44,174,184051,184621]
[45,138,390072,390170]
[46,242,4963,5448]
[47,270,672247,673241]
[48,140,560596,561262]
[49,239,63275,61984]
[50,173,91323,90817]
[51,189,482899,481551]
[52,102,422192,422903]
[53,214,374236,375353]
[54,107,673491,673398]
[55,234,690287,691420]
[56,36,496342,496763]
[57,89,460092,459051]
[58,88,99847,100241]
[59,89,54349,53066]
[60,211,22705,22315]
[61,79,73272,72767]
[62,149,660311,659801]
[63,12,612765,614001]
[64,172,57303,58066]
[65,149,460112,460038]
[66,24,418239,418595]
[67,210,287751,288366]
[68,116,208617,209939]
[69,169,164328,164070]
[70,69,52245,51578]
[71,180,83173,83645]
[72,132,306063,306180]
[73,224,133906,135348]
[74,95,653151,652442]
[75,107,304255,302896]
[76,270,514446,515875]
[77,116,145270,145479]
[78,272,600254,601290]
[79,57,184907,184310]
[80,232,217158,217712]
[81,146,323620,324853]
[82,192,212021,213507]
[83,215,150867,150004]
[84,204,695484,696028]
[85,98,514716,515417]
[86,51,273013,272892]
[87,20,433002,433351]
[88,108,87463,87593]
[89,85,31611,31105]
[90,241,710559,709137]
[91,112,386791,387368]
[92,49,226014,225123]
[93,22,473585,474465]
[94,267,391313,390569]
[95,108,130867,131297]
[96,189,83981,83363]
[97,182,727330,728442]
[98,86,256927,258279]
[99,102,602066,602865]
[100,157,218510,217503]
[101,166,637568,637656]
[102,89,685614,684850]
[103,93,614407,613597]
[104,124,112610,114082]
[105,109,522990,521551]
[106,165,83745,83235]
[107,110,484548,484598]
[108,209,457751,457196]
[109,197,195239,194188]
[110,37,130293,129074]
[111,237,488273,488130]
[112,268,225149,225285]
[113,243,20197,19715]
[114,277,174968,174869]
[115,221,53599,52299]
[116,87,278233,278201]
[117,249,342389,342223]
[118,260,90672,91882]
[119,124,371495,372613]
[120,238,100486,101596]
[121,247,233404,232715]
[122,224,368157,369391]
[123,216,446181,447155]
[124,204,53368,54678]
[125,73,585685,584206]
[126,15,30810,29663]
[127,201,436293,435800]
[128,259,669461,668650]
[129,128,121374,121499]
[130,168,137047,138483]
[131,32,369611,370035]
[132,11,390876,389604]
[133,92,68957,69767]
[134,95,553165,552483]
[135,31,465295,464254]
[136,97,324743,324152]
[137,223,346859,345863]
[138,36,84319,85681]
[139,58,650349,650904]
[140,169,9029,7608]
[141,100,42712,43585]
[142,277,482466,481822]
[143,120,397586,397968]
[144,73,278899,278314]
[145,179,22525,22106]
[146,95,44973,43510]
[147,37,365853,364378]
[148,208,617420,617519]
[149,202,680753,680990]
[150,207,423220,422198]
[151,129,277409,277361]
[152,100,292849,293325]
[153,31,448029,447468]
[154,273,355057,353851]
[155,206,236516,236691]
[156,239,333064,332724]
[157,160,296123,297493]
[158,260,284492,285939]
[159,72,248997,249764]
[160,202,681718,681956]
[161,99,161869,160988]
[162,94,692883,692955]
[163,194,575519,576203]
[164,245,38948,38120]
[165,139,414372,413553]
[166,187,535150,533779]
[167,108,214475,215801]
[168,253,240099,238953]
[169,190,11895,12057]
[170,26,532843,533882]
[171,143,28622,27424]
[172,113,671470,671282]
[173,160,510360,511589]
[174,256,72013,72575]
[175,144,36313,36905]
[176,150,101587,102805]
[177,79,588592,587105]
[178,96,319814,320592]
[179,196,395476,396159]
[180,176,81458,82713]
[181,237,12285,11174]
[182,2,79295,79940]
[183,29,390925,390318]
[184,226,377478,378600]
[185,17,603538,603067]
[186,160,605057,605409]
[187,170,379785,381251]
[188,232,367965,368616]
[189,257,237470,236743]
[190,113,124325,123922]
[191,64,147914,148158]
[192,17,451125,450521]
[193,2,628752,629052]
[194,84,160970,162351]
[195,145,682560,681114]
[196,268,55004,56488]
[197,181,318919,317539]
[198,199,23487,22524]
[199,224,36349,36871]
[200,223,464694,463203]
[201,174,301351,302352]
[202,16,335289,335486]
[203,118,498403,499059]
[204,213,21359,20802]
[205,137,218018,217861]
[206,154,563093,563493]
[207,131,725151,724131]
[208,225,522614,521638]
[209,129,375570,374965]
[210,132,222597,223326]
[211,186,188683,189707]
[212,214,374083,375131]
[213,90,162686,162838]
[214,20,104009,104800]
[215,56,232999,234470]
[216,99,718985,718042]
[217,128,493040,493384]
[218,224,546641,546971]
[219,16,728473,729220]
[220,261,680809,679888]
[221,17,143435,143338]
[222,120,715533,716088]
[223,57,78112,77347]
[224,151,566649,565304]
[225,10,487252,487913]
[226,191,351689,350490]
[227,163,209111,208720]
[228,49,378727,378391]
[229,8,640652,641571]
[230,190,668206,668639]
[231,2,562923,563017]
[232,239,640762,640727]
[233,106,634287,635199]
[234,217,453684,452566]
[235,225,34202,33805]
[236,251,429859,429239]
[237,265,193949,193837]
[238,87,290029,289273]
[239,108,114000,115223]
[240,31,483265,482807]
[241,124,20067,20320]
[242,173,605846,604364]
[243,119,92683,92548]
[244,140,541395,541539]
[245,183,383564,382385]
[246,10,430824,432259]
[247,67,636718,636597]
[248,257,400193,399370]
[249,129,515243,514391]
[250,259,359038,358143]
[251,202,462126,462686]
[252,13,361715,361476]
[253,237,185650,184894]
[254,224,117559,118259]
[255,215,290444,288986]
[256,189,39372,38090]
[257,260,703391,704617]
[258,236,8895,9046]
[259,128,582961,583842]
[260,173,615979,615413]
[261,206,685333,685481]
[262,196,632276,633138]
[263,147,389820,388583]
[264,214,429704,430960]
[265,82,398968,399264]
[266,6,511256,511890]
[267,177,708416,708238]
[268,8,327006,327316]
[269,52,343733,344265]
[270,132,694593,694949]
[271,140,527724,528915]
[272,21,555654,554888]
[273,149,452241,451958]
[274,242,544342,544512]
[275,3,418206,417799]
[276,18,147287,148275]
[277,275,135142,134450]
[278,251,183633,183453]
[279,49,376219,375134]
[280,182,164022,164406]
[281,147,234906,234751]
[282,249,110709,110360]
[283,234,654244,655341]
[284,39,128959,127489]
[285,149,715760,715342]
[286,39,1865,902]
[287,242,229073,229199]
[288,259,153936,153370]
[289,247,479044,478563]
[290,29,3809,2707]
[291,177,262131,261381]
[292,262,13303,13999]
[293,25,281543,280534]
[294,40,650631,651023]
[295,164,661890,662774]
[296,2,315763,316474]
[297,120,711612,712229]
[298,169,187219,186004]
[299,144,387057,388482]
[300,172,3738,5227]
[301,96,329149,329618]
[302,159,119751,118543]
[303,255,245002,244923]
[304,72,165004,165916]
[305,68,237141,238550]
[306,120,500921,501287]
[307,247,299986,298602]
[308,233,190807,190072]
[309,4,592779,593921]
[310,230,395582,395850]
[311,189,57587,56328]
[312,23,255269,254534]
[313,139,192175,192022]
[314,31,44128,43867]
[315,134,521719,522480]
[316,150,674689,674798]
[317,231,237111,235743]
[318,268,357659,358913]
[319,95,113258,111834]
[320,171,569663,569331]
[321,185,556730,555747]
[322,255,14755,13326]
[323,18,81789,82206]
[324,80,341494,342598]
[325,73,503934,502735]
[326,67,705492,704870]
[327,129,211042,210007]
[328,75,610734,609584]
[329,100,536543,537284]
[330,5,669701,668565]
[331,140,294529,294907]
[332,160,583820,584304]
[333,95,317081,316626]
[334,38,560892,562192]
[335,239,103630,103244]
[336,178,500970,501674]
[337,64,493870,495203]
[338,136,173496,174218]
[339,114,527488,528216]
[340,156,226093,226581]
[341,279,595710,595300]
[342,124,82505,83709]
[343,70,448570,449450]
[344,237,680551,680194]
[345,85,422593,421654]
[346,153,693018,692850]
[347,117,21316,19904]
[348,22,463781,464858]
[349,30,576453,577096]
[350,110,647152,648035]
[351,128,188583,188940]
[352,15,324358,323518]
[353,236,683198,683328]
[354,213,445425,445287]
[355,53,459859,458390]
[356,119,659820,659726]
[357,114,562272,563319]
[358,156,685084,685379]
[359,121,397535,396306]
[360,65,256499,256339]
[361,206,608745,609015]
[362,6,220191,221509]
[363,21,27613,27064]
[364,152,118615,119189]
[365,241,68262,67129]
[366,269,606953,606455]
[367,139,497420,497197]
[368,188,13891,14027]
[369,255,499516,498673]
[370,194,23063,23504]
[371,50,93900,93991]
[372,156,290085,291430]
[373,268,165741,166960]
[374,68,428736,429952]
[375,18,399052,400219]
[376,202,573340,574546]
[377,220,190451,191257]
[378,251,124785,124271]
[379,208,654109,654910]
[380,106,118607,118907]
[381,72,87686,88405]
[382,133,175045,173735]
[383,84,503748,504934]
[384,253,132596,131573]
[385,150,203519,204602]
[386,204,491067,491419]
[387,59,719543,718274]
[388,37,47854,47524]
[389,95,681255,680326]
[390,156,319380,319667]
[391,29,334888,333754]
[392,91,423220,423146]
[393,142,488503,489563]
[394,86,344949,345271]
[395,50,657010,657831]
[396,75,385310,384318]
[397,50,694758,696095]
[398,77,615241,614766]
[399,119,51530,50379]
[400,165,312760,311696]
[401,135,709693,709101]
[402,109,694828,694474]
[403,42,353709,354001]
[404,137,189758,189192]
[405,189,359032,358663]
[406,224,729499,730950]
[407,44,439232,439722]
[408,94,533196,534019]
[409,163,533440,532110]
[410,149,179377,178633]
[411,167,545510,545222]
[412,82,187206,188086]
[413,119,253302,252794]
[414,231,433621,433285]
[415,121,151670,150419]
[416,215,104168,104027]
[417,185,304044,303726]
[418,67,158396,157806]
[419,115,648176,646714]
[420,144,472203,473055]
[421,141,475647,474680]
[422,80,396134,396587]
[423,220,382999,383892]
[424,122,456035,456851]
[425,122,945,2333]
[426,225,229370,228084]
[427,153,501646,501303]
[428,126,68100,69586]
[429,258,165281,165965]
[430,214,205291,206074]
[431,106,344957,345447]
[432,103,67540,67112]
[433,39,399528,399474]
[434,156,37951,39375]
[435,169,470301,468912]
[436,169,204522,204134]
[437,176,152281,152387]
[438,6,726851,727983]
[439,230,127738,128853]
[440,127,351819,351560]
[441,140,469741,469984]
[442,50,263382,264391]
[443,248,177596,178115]
[444,58,508819,509691]
[445,217,309405,307978]
[446,66,596431,597632]
[447,93,387649,386771]
[448,107,331855,331414]
[449,123,277011,275842]
[450,89,335872,335181]
[451,201,257344,257002]
[452,267,416540,416028]
[453,258,519079,519983]
[454,152,434255,434969]
[455,100,371909,372158]
[456,198,603457,604671]
[457,77,299471,299115]
[458,76,66865,66965]
[459,249,409179,409100]
[460,146,137729,138779]
[461,245,677015,676583]
[462,9,438775,437654]
[463,239,186619,185689]
[464,99,355869,355259]
[465,82,423221,424087]
[466,194,262851,263829]
[467,147,349892,348641]
[468,223,211308,210642]
[469,147,260976,259548]
[470,192,227175,228232]
[471,190,270966,271345]
[472,152,452587,453689]
[473,187,181751,181009]
[474,30,675587,676452]
[475,62,545612,545782]
[476,95,402377,401807]
[477,164,31301,32702]
[478,144,162718,163282]
[479,24,14658,15751]
[480,177,510891,509767]
[481,153,136588,136261]
[482,234,643981,645214]
[483,12,33269,33549]
[484,28,484552,485082]
[485,263,233607,232327]
[486,21,216613,216366]
[487,179,342190,341090]
[488,75,597177,596161]
[489,62,219103,220443]
[490,172,718065,719240]
[491,193,66187,66044]
[492,230,550637,551863]
[493,167,330140,329516]
[494,258,606261,606405]
[495,120,108339,108886]
[496,88,69891,70844]
[497,265,322677,321496]
[498,135,493450,492950]
[499,99,678419,677215]
[500,202,148752,149643]
[501,66,719818,720259]
[502,195,278818,278462]
[503,279,107525,106732]
[504,116,682526,683823]
[505,3,294517,293916]
[506,102,55419,56810]
[507,278,473424,473562]
[508,202,176257,176369]
[509,276,717782,718322]
[510,19,619345,618510]
[511,196,9843,10935]
[512,12,346030,347151]
[513,148,260261,261175]
[514,118,352903,353628]
[515,199,503878,503563]
[516,47,681851,681435]
[517,22,585121,585338]
[518,226,673138,674479]
[519,19,693147,692768]
[520,173,435983,434555]
[521,170,687655,688536]
[522,219,511200,511123]
[523,93,62529,61772]
[524,176,389432,390054]
[525,215,331206,330483]
[526,225,435960,435544]
[527,72,349564,351064]
[528,76,12101,13022]
[529,126,91241,92312]
[530,59,145722,145668]
[531,122,375603,376438]
[532,18,397216,398179]
[533,64,649950,650657]
[534,45,123119,122327]
[535,268,537148,537807]
[536,6,187119,187963]
[537,90,62847,63022]
[538,98,330660,331471]
[539,94,177218,178496]
[540,222,508376,508809]
[541,111,286490,285864]
[542,200,97167,98458]
[543,50,288371,289707]
[544,163,198891,198119]
[545,114,484337,484737]
[546,174,275582,276366]
[547,75,125079,123966]
[548,176,39357,39633]
[549,257,721238,720101]
[550,168,421065,422330]
[551,256,52220,52654]
[552,87,651552,650224]
[553,42,33709,33978]
[554,274,694802,696173]
[555,249,303685,303086]
[556,40,388143,388478]
[557,13,170884,169650]
[558,81,35489,34452]
[559,22,176103,177402]
[560,98,377966,378891]
[561,261,504290,503122]
[562,117,478263,478131]
[563,221,83280,82689]
[564,5,453640,453329]
[565,170,213925,214529]
[566,245,34326,33159]
[567,23,567560,566281]
[568,17,514531,513421]
[569,52,448491,449008]
[570,279,216842,216059]
[571,274,324980,325925]
[572,8,361082,362188]
[573,76,319672,320917]
[574,92,363084,363840]
[575,119,406907,406181]
[576,70,612486,612549]
[577,158,400568,401314]
[578,163,128425,127108]
[579,51,80626,79234]
[580,161,690475,689932]
[581,38,123683,124627]
[582,108,448151,449305]
[583,137,492322,491167]
[584,135,364503,364227]
[585,128,531865,532484]
[586,206,543107,544561]
[587,43,2470,1985]
[588,212,644772,645782]
[589,200,675837,677016]
[590,88,286821,287048]
[591,187,307615,306692]
[592,14,136554,137716]
[593,144,439463,439706]
[594,62,674876,675000]
[595,76,287837,289156]
[596,62,163806,164954]
[597,253,478441,478082]
[598,27,282222,282091]
[599,51,710443,709185]
[600,77,464416,464091]
[601,96,437306,438189]
[602,200,197121,197635]
[603,2,671792,672065]
[604,8,329178,329361]
[605,27,492133,491237]
[606,88,405311,405697]
[607,124,645859,646198]
[608,253,606340,605235]
[609,77,103604,102580]
[610,52,80237,80832]
[611,70,721634,722527]
[612,62,376041,377152]
[613,228,94779,95255]
[614,101,639243,638443]
[615,68,140555,141817]
[616,69,566977,566057]
[617,88,26233,27620]
[618,47,222096,221366]
[619,242,76670,77859]
[620,80,623591,624589]
[621,265,524976,524097]
[622,100,51338,51707]
[623,237,450025,449652]
[624,84,411286,412179]
[625,257,131568,131104]
[626,61,512407,511099]
[627,164,675892,675935]
[628,45,444033,443696]
[629,194,692473,692694]
[630,97,154661,154008]
[631,179,562232,560792]
[632,160,76597,76885]
[633,146,96018,96960]
[634,201,123308,122416]
[635,98,677891,679191]
[636,217,533224,532716]
[637,73,119860,118406]
[638,269,270179,269512]
[639,141,101087,99597]
[640,172,321937,322680]
[641,250,89755,90175]
[642,104,673854,674524]
[643,123,610207,609810]
[644,276,652200,653158]
[645,24,428410,429263]
[646,246,428522,429619]
[647,208,36008,36112]
[648,68,10167,10691]
[649,161,711986,711164]
[650,218,500014,501387]
[651,200,590443,590852]
[652,87,530652,529929]
[653,242,105922,106865]
[654,181,184828,183974]
[655,273,517559,516134]
[656,141,244618,244284]
[657,197,175008,173603]
[658,114,356143,356671]
[659,232,104060,105367]
[660,59,8566,8086]
[661,31,73558,73487]
[662,78,390379,390887]
[663,103,113239,112456]
[664,132,49952,50710]
[665,139,108614,107126]
[666,9,186403,185980]
[667,258,1282,1948]
[668,87,605467,604641]
[669,175,100677,99433]
[670,70,666177,667044]
[671,38,431509,432351]
[672,163,222934,222029]
[673,93,726405,725091]
[674,167,719366,719056]
[675,171,13485,12677]
[676,10,485790,487040]
[677,183,200711,199253]
[678,150,568283,569751]
[679,209,285761,285624]
[680,75,433346,432039]
[681,53,475777,475309]
[682,129,382902,382324]
[683,164,186345,186920]
[684,149,462787,462342]
[685,252,577454,578003]
[686,232,89860,91074]
[687,238,35783,35964]
[688,203,356780,356330]
[689,192,532905,532976]
[690,137,645380,645176]
[691,97,46588,46106]
[692,20,90866,92307]
[693,149,437878,437843]
[694,252,75847,76111]
[695,95,679077,677930]
[696,190,714235,714317]
[697,126,143954,144297]
[698,269,452675,451470]
[699,132,283819,284460]
[700,201,359192,358464]
[701,162,611751,611879]
[702,181,686389,684967]
[703,162,592873,593471]
[704,206,548706,548842]
[705,136,240585,241001]
[706,98,508531,509110]
[707,123,38299,37735]
[708,117,292075,291121]
[709,41,524415,523665]
[710,249,65625,64549]
[711,124,383732,385076]
[712,10,27701,28956]
[713,125,88600,88495]
[714,32,669560,670752]
[715,225,44546,43718]
[716,193,267671,266179]
[717,56,526050,526811]
[718,99,284162,283071]
[719,177,298758,298280]
[720,7,378058,377316]
[721,104,728954,729140]
[722,231,319369,318945]
[723,43,468080,467905]
[724,158,178712,179968]
[725,68,20012,20934]
[726,242,209663,210994]
[727,51,607880,607424]
[728,261,723597,722791]
[729,119,477910,476647]
[730,27,22820,22778]
[731,277,317548,317171]
[732,174,120684,121705]
[733,159,466587,465565]
[734,27,630435,629383]
[735,207,230294,230228]
[736,39,136091,134744]
[737,209,245310,244163]
[738,213,244501,243879]
[739,179,10118,8931]
[740,93,63398,62862]
[741,111,561832,561149]
[742,243,598067,597728]
[743,247,308845,308479]
[744,68,285467,286307]
[745,137,671927,670854]
[746,119,184600,183703]
[747,142,276192,277440]
[748,56,571784,572726]
[749,213,569968,568907]
[750,201,56987,55959]
[751,30,11454,12193]
[752,111,545507,544442]
[753,216,471710,472795]
[754,93,120967,120216]
[755,67,210949,209620]
[756,135,397238,396874]
[757,215,337188,336798]
[758,185,169581,168680]
[759,219,436949,435962]
[760,215,597584,597456]
[761,74,135510,135592]
[762,144,441418,441958]
[763,247,183501,182492]
[764,78,309308,309796]
[765,54,593114,594206]
[766,150,651018,652127]
[767,167,455422,453933]
[768,262,710568,710622]
[769,45,15117,13986]
[770,41,686766,686315]
[771,108,431949,432910]
[772,72,685881,687067]
[773,163,401799,400661]
[774,131,541888,540653]
[775,158,367586,367691]
[776,57,483291,483114]
[777,54,144139,144416]
[778,231,609957,609006]
[779,106,358336,359805]
[780,258,70336,70984]
[781,126,475560,476935]
[782,126,354793,355667]
[783,180,492627,493981]
[784,32,657687,657991]
[785,232,310819,311675]
[786,87,17876,17389]
[787,72,422326,422894]
[788,208,92984,94236]
[789,27,488111,487810]
[790,191,346868,346784]
[791,221,127628,126206]
[792,69,132465,132350]
[793,253,571103,570518]
[794,63,686514,685841]
[795,131,320922,320478]
[796,26,623256,623833]
[797,84,526285,526621]
[798,200,73644,74749]
[799,227,321234,319976]
[800,203,527521,526421]
[801,122,473582,474259]
[802,47,124610,124015]
[803,35,16613,16155]
[804,203,20487,19653]
[805,243,504071,502581]
[806,2,386966,387484]
[807,120,286775,287741]
[808,94,195019,196179]
[809,162,348507,348863]
[810,253,435479,434867]
[811,243,498657,497512]
[812,140,338767,339426]
[813,150,405201,405706]
[814,19,185216,184728]
[815,20,144319,144728]
[816,180,245264,245925]
[817,141,345363,344890]
[818,229,292635,292518]
[819,96,61289,61626]
[820,16,34042,35200]
[821,90,131349,131986]
[822,163,310437,309502]
[823,128,705385,706201]
[824,201,682648,682200]
[825,181,45364,45120]
[826,85,400727,400688]
[827,260,6890,8184]
[828,245,724688,723209]
[829,174,190134,190541]
[830,62,707486,708647]
[831,176,292142,292427]
[832,40,708225,708805]
[833,270,399172,399771]
[834,187,136752,136479]
[835,21,698864,698478]
[836,47,5826,5659]
[837,97,101088,100464]
[838,232,423389,423541]
[839,24,501363,501792]
[840,130,393814,394766]
[841,267,257326,256376]
[842,18,107364,108343]
[843,273,710961,710787]
[844,153,93834,92816]
[845,122,385721,386978]
[846,4,603353,603968]
[847,135,164986,163868]
[848,130,707509,708286]
[849,213,378922,377791]
[850,177,196317,196144]
[851,224,77014,78385]
[852,203,473236,472313]
[853,237,154913,154259]
[854,20,593738,594079]
[855,262,431802,431935]
[856,219,42065,41858]
[857,226,16363,17500]
[858,138,599645,601127]
[859,106,699993,700067]
[860,61,600426,600185]
[861,178,119656,120819]
[862,165,341039,340418]
[863,116,324558,325575]
[864,152,320517,321342]
[865,234,275640,276865]
[866,170,717706,718794]
[867,237,322095,321687]
[868,66,51799,51877]
[869,165,536785,535619]
[870,51,571782,571118]
[871,112,412816,413292]
[872,52,64790,66070]
[873,193,252512,251802]
[874,278,346826,347999]
[875,246,708039,708787]
[876,86,642682,644161]
[877,208,627395,627637]
[878,243,687354,686200]
[879,75,305417,304022]
[880,125,93123,91917]
