["head":"wrap","lpos","status"]
[228,577811,0]
["io count"]
[885]
["io":"id","wrap","startLpos","endLpos"]
[1,196,656562,657217]
[2,215,600179,599011]
[3,200,20731,21441]
[4,136,265117,266407]
[5,222,123970,124925]
[6,227,407808,407588]
[7,151,23681,23306]
[8,10,302999,303342]
[9,178,315366,315498]
[10,249,647925,647372]
[11,272,666740,667435]
[12,176,87681,88832]
[13,14,245778,247175]
[14,232,103239,103309]
[15,220,111909,112584]
[16,198,450047,450304]
[17,249,105046,104041]
[18,122,260544,261863]
[19,6,606135,606705]
[20,135,501997,501765]
[21,166,424318,424448]
[22,220,552997,553046]
[23,239,718721,718236]
[24,54,684813,685797]
[25,166,216355,216701]
[26,38,33151,33824]
[27,7,163565,163482]
[28,227,305122,303689]
[29,206,528050,528928]
[30,222,648670,649870]
[31,187,265652,264298]
[32,261,543789,542798]
[33,183,221835,220842]
[34,86,123335,124825]
[35,142,383848,383974]
[36,236,425611,426800]
[37,123,522888,521593]
[38,227,492269,491837]
[39,223,294529,293604]
[40,147,255417,255005]
[41,140,592361,593704]
[42,204,582804,583809]
[43,27,144758,144330]
[44,62,159950,160294]
[45,2,220694,221635]
[46,174,553181,554136]
[47,236,438212,439254]
[48,202,335530,335818]
[49,122,435089,436533]
[50,155,729659,728756]
[51,102,63450,64505]
[52,28,702190,702835]
[53,55,338242,336764]
[54,200,349377,350434]
[55,235,14309,13027]
[56,84,227254,228334]
[57,149,508144,507393]
[58,68,122439,123617]
[59,249,652196,652038]
[60,203,12488,12181]
[61,75,114195,114086]
[62,69,725178,723882]
[63,111,490318,489483]
[64,166,50068,51029]
[65,242,225097,225610]
[66,56,185054,186125]
[67,229,612504,611888]
[68,208,619465,620051]
[69,68,553824,554417]
[70,37,468414,467082]
[71,0,485967,487450]
[72,94,221270,222005]
[73,11,50095,49633]
[74,78,461410,462281]
[75,113,253046,251811]
[76,196,273541,274998]
[77,176,324792,325030]
[78,28,155852,157057]
[79,147,554709,554491]
[80,239,195207,193872]
[81,99,247409,246968]
[82,90,226991,227615]
[83,61,235901,234723]
[84,3,497217,495950]
[85,254,558350,558424]
[86,35,252135,251918]
[87,144,58040,59206]
[88,8,556200,557003]
[89,254,484718,485642]
[90,3,307808,306361]
[91,183,344081,343078]
[92,60,578788,579077]
[93,199,399260,398147]
[94,264,148145,148428]
[95,161,135959,135794]
[96,227,6067,5058]
[97,273,369771,369110]
[98,80,528695,528891]
[99,64,348427,349544]
[100,140,83787,84653]
[101,272,56066,56200]
[102,49,475642,475351]
[103,55,500377,499103]
[104,148,566173,567061]
[105,99,36233,36143]
[106,143,625407,624456]
[107,176,357201,358282]
[108,144,310835,311178]
[109,150,548844,549147]
[110,9,492911,491446]
[111,113,597436,596836]
[112,136,384158,385226]
[113,176,274177,274526]
[114,64,354876,355498]
[115,172,418358,418555]
[116,103,403044,402392]
[117,24,19229,19708]
[118,178,202632,203483]
[119,182,206561,206958]
[120,26,656214,657134]
[121,109,154936,153596]
[122,130,243457,243713]
[123,173,371482,370479]
[124,2,43077,44316]
[125,264,400297,401232]
[126,254,430578,431560]
[127,251,165623,164840]
[128,27,227010,226742]
[129,245,504174,503578]
[130,41,56189,56058]
[131,181,641458,641039]
[132,191,445416,444537]
[133,143,196040,195373]
[134,120,4318,5496]
[135,101,687906,686991]
[136,253,613481,612464]
[137,127,501712,501505]
[138,15,381561,381397]
[139,101,117168,116298]
[140,203,518090,517190]
[141,187,585477,584209]
[142,181,130031,129763]
[143,53,370285,369996]
[144,118,20876,22237]
[145,125,45859,45252]
[146,250,386134,387583]
[147,109,217663,216721]
[148,223,341672,341404]
[149,55,650602,649282]
[150,37,311838,311072]
[151,167,95122,93829]
[152,96,301630,302447]
[153,11,91701,90960]
[154,243,167635,166342]
[155,121,218736,218688]
[156,122,212052,212393]
[157,1,304915,304766]
[158,217,116025,115639]
[159,71,579012,578590]
[160,37,435183,434801]
[161,238,591361,592018]
[162,250,373422,373696]
[163,101,588192,586828]
[164,5,557632,557534]
[165,172,686953,687710]
[166,168,698423,699130]
[167,216,122311,123476]
[168,207,182196,181326]
[169,111,113002,111751]
[170,53,195831,195769]
[171,97,713392,712502]
[172,144,690123,690986]
[173,1,253626,252739]
[174,15,610869,610139]
[175,256,686300,687024]
[176,104,198875,200290]
[177,103,377580,377130]
[178,222,45183,46458]
[179,40,405845,406170]
[180,84,560767,561790]
[181,36,404133,404798]
[182,234,634601,635249]
[183,92,661617,662902]
[184,210,554959,555829]
[185,212,224887,225668]
[186,93,253655,252178]
[187,101,405002,404706]
[188,61,295449,294567]
[189,150,671459,672485]
[190,131,118516,117823]
[191,264,90414,90497]
[192,276,186235,186432]
[193,238,541137,541314]
[194,120,568622,570080]
[195,204,632966,634282]
[196,63,630042,629217]
[197,124,536587,537386]
[198,91,381055,379766]
[199,45,528797,527476]
[200,223,194370,193572]
[201,195,428117,427970]
[202,98,37113,38301]
[203,62,268029,268698]
[204,216,203694,204705]
[205,71,507705,507026]
[206,239,718455,718383]
[207,74,8741,10007]
[208,16,431192,432415]
[209,46,14434,15878]
[210,177,176646,176188]
[211,176,195920,197358]
[212,119,443538,443155]
[213,213,414558,413835]
[214,83,365398,364339]
[215,233,600337,599987]
[216,195,159163,158607]
[217,25,422814,422338]
[218,272,43792,44966]
[219,51,7000,6400]
[220,71,204928,204128]
[221,82,493938,495192]
[222,87,412307,410843]
[223,173,697099,696505]
[224,34,655124,656069]
[225,190,541861,542672]
[226,254,283847,284691]
[227,179,505670,505374]
[228,103,291317,291199]
[229,153,609673,608863]
[230,181,19847,18928]
[231,255,645427,645143]
[232,88,72502,72940]
[233,42,701650,702530]
[234,223,510999,509563]
[235,230,271992,272932]
[236,187,654148,652982]
[237,192,579190,580524]
[238,2,395605,395659]
[239,55,706261,704914]
[240,59,24360,22901]
[241,146,609521,610791]
[242,276,228503,229459]
[243,199,564071,563235]
[244,117,34012,32939]
[245,215,556020,555275]
[246,207,326524,325532]
[247,45,569485,568283]
[248,101,111646,110260]
[249,208,687587,688632]
[250,78,651907,652031]
[251,149,360078,359864]
[252,82,450734,452002]
[253,65,563846,562410]
[254,227,676213,675135]
[255,44,153391,153832]
[256,153,700671,700041]
[257,229,412873,412621]
[258,146,421427,421737]
[259,226,567388,567875]
[260,12,105307,105520]
[261,221,631182,631012]
[262,48,113957,114135]
[263,99,389786,388635]
[264,197,165957,164614]
[265,218,243074,243340]
[266,137,284551,284157]
[267,90,128801,128893]
[268,279,45773,45132]
[269,144,136442,137907]
[270,103,235817,235690]
[271,162,692774,693375]
[272,92,90982,91498]
[273,110,489387,490187]
[274,234,573452,573610]
[275,209,151624,151128]
[276,240,22918,22973]
[277,224,671100,671824]
[278,126,633612,635023]
[279,24,188922,190392]
[280,121,364631,364541]
[281,90,590798,590916]
[282,223,35792,35279]
[283,232,655776,657115]
[284,147,594525,594212]
[285,211,719200,717748]
[286,68,699622,701065]
[287,231,24560,23787]
[288,127,140089,139825]
[289,87,25191,24717]
[290,218,508675,508760]
[291,255,105569,105007]
[292,246,137835,138218]
[293,61,34278,33873]
[294,148,92902,94288]
[295,244,491762,492012]
[296,24,70435,70887]
[297,124,169089,169804]
[298,155,647730,647422]
[299,245,296415,295528]
[300,24,272945,273559]
[301,269,183163,181939]
[302,203,116590,116542]
[303,65,281166,279765]
[304,76,559171,559746]
[305,37,62055,61837]
[306,156,415897,417175]
[307,204,548501,549961]
[308,18,556910,557922]
[309,44,311873,313244]
[310,73,241925,240570]
[311,263,545805,545321]
[312,62,338019,339361]
[313,237,414978,414762]
[314,32,588554,588610]
[315,146,502484,503891]
[316,205,469422,468088]
[317,86,218772,219362]
[318,221,432388,431190]
[319,105,533609,532507]
[320,12,209632,210119]
[321,133,10538,9111]
[322,85,146061,145903]
[323,20,105713,107103]
[324,77,429772,429502]
[325,145,691773,691045]
[326,46,381869,381911]
[327,125,388218,388149]
[328,34,99130,99706]
[329,265,271512,271445]
[330,212,51644,51674]
[331,20,345485,345739]
[332,279,305911,305162]
[333,180,212499,212679]
[334,190,576158,576367]
[335,195,518355,517933]
[336,92,215699,216176]
[337,202,330382,331872]
[338,56,373003,373157]
[339,218,23793,24211]
[340,219,221901,221430]
[341,41,144037,143195]
[342,138,189576,190703]
[343,213,495146,494139]
[344,78,70830,71680]
[345,149,111159,110446]
[346,268,134125,134961]
[347,252,282040,282995]
[348,78,225274,226014]
[349,156,65966,67309]
[350,47,637138,637003]
[351,185,565893,564819]
[352,50,623100,623435]
[353,237,86152,85782]
[354,7,629862,629697]
[355,23,21582,20295]
[356,201,544379,544005]
[357,249,199207,197756]
[358,81,171758,171084]
[359,120,603418,603918]
[360,159,676859,676079]
[361,61,719343,718836]
[362,46,430179,431457]
[363,118,185363,186306]
[364,70,646764,648091]
[365,74,543961,544533]
[366,120,522301,523035]
[367,220,61518,62442]
[368,242,433282,434490]
[369,200,178606,179797]
[370,162,519671,521105]
[371,34,270187,271167]
[372,3,515412,514864]
[373,4,224291,225323]
[374,43,244089,243737]
[375,182,92362,93403]
[376,68,319296,319798]
[377,219,65077,63697]
[378,22,409117,410511]
[379,39,625780,624508]
[380,50,333667,335146]
[381,157,98015,96696]
[382,131,725867,725668]
[383,175,216657,215969]
[384,72,570931,571828]
[385,100,267052,267778]
[386,128,44587,44675]
[387,145,692525,692263]
[388,243,251998,251229]
[389,173,501611,501428]
[390,155,177032,176135]
[391,133,366623,365490]
[392,193,3678,2583]
[393,36,550607,550722]
[394,212,488412,489833]
[395,13,516684,516455]
[396,108,394153,394623]
[397,169,341795,340540]
[398,63,62523,62156]
[399,87,596893,595789]
[400,162,297719,298618]
[401,107,524124,523032]
[402,20,561773,562225]
[403,166,504101,504192]
[404,253,436965,436675]
[405,100,624790,625165]
[406,126,328067,328402]
[407,84,400307,401632]
[408,103,345185,343873]
[409,74,641964,643401]
[410,21,473077,472658]
[411,115,8820,7594]
[412,62,215648,216463]
[413,78,497683,498473]
[414,52,84100,84174]
[415,217,543775,542977]
[416,77,52432,50952]
[417,208,152340,152462]
[418,206,361729,362218]
[419,247,377583,376803]
[420,33,331260,330515]
[421,269,122270,122192]
[422,167,125848,124710]
[423,51,682025,681885]
[424,197,6726,6515]
[425,84,718923,719027]
[426,206,83186,84597]
[427,187,512306,511061]
[428,153,199013,198713]
[429,197,339086,337850]
[430,136,618028,619150]
[431,78,7205,8447]
[432,70,395000,395497]
[433,125,160932,159598]
[434,133,705856,705802]
[435,155,436541,436456]
[436,224,554648,555384]
[437,217,475897,475202]
[438,113,455455,454985]
[439,216,563726,564987]
[440,26,273588,273942]
[441,200,169046,170190]
[442,273,463059,462290]
[443,260,380662,381841]
[444,9,134344,133623]
[445,45,173549,172146]
[446,233,8463,8365]
[447,25,434137,433373]
[448,275,609812,609273]
[449,120,498515,498756]
[450,168,612641,612774]
[451,190,330779,332209]
[452,127,141900,141482]
[453,122,610865,611222]
[454,48,124557,125749]
[455,72,474171,475575]
[456,41,197719,196363]
[457,5,145330,143953]
[458,115,269512,268550]
[459,66,576447,576688]
[460,204,3064,4229]
[461,267,52119,50701]
[462,128,609270,609469]
[463,91,15296,14718]
[464,22,170594,170836]
[465,242,694014,694641]
[466,150,169785,171025]
[467,7,259002,258934]
[468,187,508129,506958]
[469,172,343216,344307]
[470,107,244991,244399]
[471,211,160414,159905]
[472,115,191193,190189]
[473,249,577671,577236]
[474,101,600712,599766]
[475,273,76030,75492]
[476,88,202987,203160]
[477,256,615033,615109]
[478,15,505801,504415]
[479,148,73255,73410]
[480,271,6397,5466]
[481,186,376783,377096]
[482,9,719334,718036]
[483,79,205357,204140]
[484,200,617192,617548]
[485,15,416115,415211]
[486,94,392430,393775]
[487,249,139251,139024]
[488,42,162332,163637]
[489,73,418021,416521]
[490,147,384113,383948]
[491,48,641599,642337]
[492,162,259293,260057]
[493,246,204051,205495]
[494,115,93981,93070]
[495,61,727518,726481]
[496,54,385872,385964]
[497,184,221150,221305]
[498,210,97786,98090]
[499,22,192642,193752]
[500,266,84160,85033]
[501,12,328567,329579]
[502,220,131582,132919]
[503,97,378970,377640]
[504,275,559299,558865]
[505,40,233821,233902]
[506,73,38210,38006]
[507,113,145054,143785]
[508,6,600914,601089]
[509,172,189432,190621]
[510,276,608727,609255]
[511,194,665450,666213]
[512,115,337042,336974]
[513,88,38897,40171]
[514,99,374541,373179]
[515,62,9577,10704]
[516,164,659072,660234]
[517,30,566369,567459]
[518,151,305139,304151]
[519,258,34953,35978]
[520,10,439117,439781]
[521,127,83842,82500]
[522,1,244138,243668]
[523,74,627758,629198]
[524,192,231998,232869]
[525,72,221010,222049]
[526,116,358622,359922]
[527,4,419794,420996]
[528,195,592252,591365]
[529,161,432898,432698]
[530,103,232798,232053]
[531,126,464584,466083]
[532,236,664737,664932]
[533,142,617754,618314]
[534,121,226645,225434]
[535,0,445072,445716]
[536,50,52362,53668]
[537,2,570997,572291]
[538,84,9124,9804]
[539,174,346481,347971]
[540,131,510862,510429]
[541,194,324584,324639]
[542,14,727560,728154]
[543,138,161345,161670]
[544,163,278727,278438]
[545,155,438326,437361]
[546,115,81187,80162]
[547,142,262295,263002]
[548,43,684787,684324]
[549,50,189702,190000]
[550,85,309703,308822]
[551,33,469719,468292]
[552,63,579640,579482]
[553,8,138283,139535]
[554,45,297461,297146]
[555,178,345627,347115]
[556,155,363734,362796]
[557,202,219010,220109]
[558,140,474431,475857]
[559,77,598719,597625]
[560,74,427460,427542]
[561,237,450723,449819]
[562,210,431128,431990]
[563,266,403709,403997]
[564,37,540771,540587]
[565,181,251913,250697]
[566,115,266560,265134]
[567,85,322798,322368]
[568,41,207783,207569]
[569,208,509555,510942]
[570,210,70207,70284]
[571,23,311283,310251]
[572,45,557494,556165]
[573,132,174501,175366]
[574,33,589959,589166]
[575,134,488173,488921]
[576,230,86678,87755]
[577,58,647586,647660]
[578,33,504088,503877]
[579,209,201126,199941]
[580,267,465180,464626]
[581,128,349304,350692]
[582,223,38605,37853]
[583,26,605292,605658]
[584,203,398544,397735]
[585,4,700279,701655]
[586,201,190807,189835]
[587,38,145969,147062]
[588,49,151826,150641]
[589,161,90404,89111]
[590,178,140976,142377]
[591,58,723637,724964]
[592,57,55726,54355]
[593,107,36402,35854]
[594,234,669975,671454]
[595,93,318884,317626]
[596,119,480239,479338]
[597,13,354778,353620]
[598,116,192940,193153]
[599,99,63112,62780]
[600,31,637505,636616]
[601,197,558582,558471]
[602,256,418289,419564]
[603,171,103753,103578]
[604,166,122199,122776]
[605,236,489548,490120]
[606,256,288629,289728]
[607,135,586845,585544]
[608,14,339045,339120]
[609,81,687588,686998]
[610,272,99022,100119]
[611,165,633528,632834]
[612,237,200169,198763]
[613,167,153418,152811]
[614,242,94268,94686]
[615,44,588833,589594]
[616,138,256209,256339]
[617,277,423353,422585]
[618,102,269056,269296]
[619,75,445020,444109]
[620,57,707274,705846]
[621,21,716958,716006]
[622,239,367307,366059]
[623,48,313002,314407]
[624,277,286671,286122]
[625,209,523536,522066]
[626,197,574689,574003]
[627,128,455212,456639]
[628,198,391827,392555]
[629,180,315583,316450]
[630,104,392387,393398]
[631,86,228276,228478]
[632,13,219731,219003]
[633,36,428527,428766]
[634,174,726489,727900]
[635,154,669395,670180]
[636,277,556129,555905]
[637,58,443848,444089]
[638,106,218732,220167]
[639,161,499783,498683]
[640,247,715307,714400]
[641,96,487786,489206]
[642,8,690254,691079]
[643,198,301319,301905]
[644,181,325589,324743]
[645,277,33769,33259]
[646,189,200747,200660]
[647,257,300395,299747]
[648,11,502485,501232]
[649,57,540574,539890]
[650,21,127329,126654]
[651,185,339172,337757]
[652,45,190317,189193]
[653,56,353204,353359]
[654,94,301672,302564]
[655,91,557954,556672]
[656,156,303429,303845]
[657,112,562906,564133]
[658,72,359968,360732]
[659,157,578428,578204]
[660,157,518173,517116]
[661,271,317436,317031]
[662,0,276864,276911]
[663,63,28513,27522]
[664,85,407320,405942]
[665,56,616121,616325]
[666,98,522761,523123]
[667,114,652756,653134]
[668,69,215414,214494]
[669,146,634435,634824]
[670,232,683612,683828]
[671,122,107722,108139]
[672,104,675447,676819]
[673,236,464545,465894]
[674,266,566724,567875]
[675,224,221447,222671]
[676,122,596535,597341]
[677,92,77058,78311]
[678,28,343289,344754]
[679,145,570012,568595]
[680,20,477175,477215]
[681,197,23332,22326]
[682,158,647231,647638]
[683,112,375563,376207]
[684,105,110459,109861]
[685,87,307279,306725]
[686,183,31548,30275]
[687,229,704875,704688]
[688,191,311718,311276]
[689,221,449810,448996]
[690,201,307496,306654]
[691,109,555405,553956]
[692,22,700833,701867]
[693,59,270441,270152]
[694,216,540733,541774]
[695,100,455425,456342]
[696,132,292935,293676]
[697,63,307057,306820]
[698,115,506432,505652]
[699,12,586233,586429]
[700,7,689354,688827]
[701,267,171048,170540]
[702,9,535224,534839]
[703,72,133283,134272]
[704,266,658886,659989]
[705,71,511500,510377]
[706,181,615302,615068]
[707,235,28450,28219]
[708,185,673120,673086]
[709,88,1075,1728]
[710,203,487032,486357]
[711,55,542545,542175]
[712,117,724324,723922]
[713,11,237489,236176]
[714,152,564827,564904]
[715,193,694087,693836]
[716,65,166354,166322]
[717,240,362823,363372]
[718,41,612599,612466]
[719,39,186522,186236]
[720,4,484079,484403]
[721,77,529258,528795]
[722,94,344223,344332]
[723,221,483083,482694]
[724,250,486162,486965]
[725,198,105680,105710]
[726,235,107649,107120]
[727,159,608599,607696]
[728,270,490785,490844]
[729,6,412949,413168]
[730,99,32692,32060]
[731,245,481603,480245]
[732,100,62330,63086]
[733,161,122082,121760]
[734,257,280632,279919]
[735,266,149961,150805]
[736,29,193717,193383]
[737,75,621524,620230]
[738,100,285926,286596]
[739,15,696516,696429]
[740,206,159309,159430]
[741,2,317552,318726]
[742,32,179132,179984]
[743,258,365750,366545]
[744,127,457251,456400]
[745,35,8255,7231]
[746,4,431788,432646]
[747,210,648019,648998]
[748,33,148627,148462]
[749,35,641275,641054]
[750,107,140058,138682]
[751,273,450035,449633]
[752,60,579556,580109]
[753,182,425271,426411]
[754,239,285,177]
[755,140,644655,645330]
[756,95,529348,528952]
[757,97,251132,249949]
[758,252,625714,626914]
[759,13,713651,712433]
[760,136,354466,355390]
[761,247,700814,699322]
[762,68,156046,157174]
[763,250,571622,571736]
[764,2,108679,108922]
[765,13,464823,464178]
[766,196,600467,600801]
[767,78,510693,511005]
[768,257,100156,99594]
[769,181,352107,350647]
[770,53,712002,711870]
[771,174,44014,44128]
[772,12,151920,152157]
[773,22,116977,117306]
[774,60,531533,533021]
[775,12,714867,716328]
[776,44,716605,717424]
[777,7,83603,82622]
[778,83,660463,660040]
[779,103,544762,544553]
[780,258,43417,44361]
[781,159,414027,413849]
[782,116,253342,254301]
[783,192,132687,132832]
[784,201,479861,478989]
[785,99,701542,700846]
[786,218,91104,92144]
[787,145,159848,158811]
[788,255,190503,190169]
[789,78,557428,557625]
[790,96,660549,660719]
[791,6,189678,190213]
[792,204,687995,688410]
[793,95,478237,477385]
[794,181,636829,635782]
[795,100,404597,405099]
[796,162,180673,181443]
[797,233,301297,301169]
[798,9,244707,243769]
[799,258,463872,464184]
[800,117,719384,719021]
[801,33,280878,280552]
[802,99,335111,334130]
[803,157,651999,651958]
[804,81,335280,335039]
[805,46,115987,116293]
[806,3,16470,15722]
[807,209,612757,612716]
[808,193,2650,2035]
[809,6,238033,238686]
[810,268,561623,562495]
[811,206,47977,48226]
[812,230,20130,21364]
[813,268,510211,511695]
[814,177,561391,561191]
[815,148,417915,419165]
[816,242,352342,353193]
[817,241,503582,503439]
[818,42,186144,187153]
[819,256,512972,513687]
[820,208,384079,385175]
[821,176,586419,587915]
[822,29,81314,80401]
[823,5,490694,489520]
[824,83,662312,660867]
[825,26,434317,435640]
[826,202,32716,32870]
[827,24,73879,75058]
[828,232,5331,6733]
[829,30,522154,523470]
[830,162,391639,392934]
[831,90,4798,4835]
[832,136,528082,529519]
[833,199,591428,590276]
[834,31,26108,24944]
[835,86,588814,589943]
[836,99,173545,172441]
[837,6,407738,407953]
[838,98,140167,141315]
[839,241,345922,345275]
[840,89,422298,421842]
[841,127,553532,552376]
[842,204,370312,371161]
[843,198,291415,292490]
[844,158,113185,113785]
[845,72,437450,438916]
[846,274,193293,194207]
[847,29,255411,255182]
[848,214,220724,221929]
[849,185,92377,91204]
[850,77,466033,465547]
[851,55,691293,689997]
[852,195,155145,154873]
[853,40,152675,153326]
[854,40,682655,683876]
[855,272,654783,655389]
[856,241,509509,509330]
[857,74,99907,100858]
[858,270,307207,308592]
[859,39,298029,296794]
[860,79,90701,89595]
[861,232,720025,721524]
[862,188,277856,279199]
[863,40,393446,394535]
[864,211,405884,405707]
[865,175,191547,190970]
[866,97,198994,198711]
[867,4,544413,545006]
[868,89,686418,686332]
[869,153,40721,40650]
[870,242,526550,526696]
[871,130,714367,714890]
[872,96,311174,312393]
[873,254,649322,650396]
[874,124,687285,687350]
[875,142,650081,650813]
[876,76,392305,392989]
[877,264,269569,269630]
[878,110,623238,623687]
[879,101,351082,349697]
[880,159,91616,90772]
[881,157,729581,728091]
[882,3,224994,224331]
[883,71,652553,652326]
[884,96,424030,425264]
[885,126,91696,92624]
