["head":"wrap","lpos","status"]
[209,39875,0]
["io count"]
[890]
["io":"id","wrap","startLpos","endLpos"]
[1,248,608832,610214]
[2,14,329554,330768]
[3,144,266695,267212]
[4,78,508949,510152]
[5,69,41466,40542]
[6,137,78875,77724]
[7,34,163632,164638]
[8,152,377385,377706]
[9,195,433411,432405]
[10,97,552784,551716]
[11,23,126776,125432]
[12,53,514260,513398]
[13,97,609459,608765]
[14,114,341676,342878]
[15,270,416039,416678]
[16,187,332514,332042]
[17,200,654310,655496]
[18,26,602078,603180]
[19,172,649276,650733]
[20,137,183180,182551]
[21,47,497186,496889]
[22,6,576032,577090]
[23,25,85119,84258]
[24,80,470223,470302]
[25,239,462075,461633]
[26,58,226306,226606]
[27,195,724879,724567]
[28,192,107864,108394]
[29,182,709535,710575]
[30,98,274424,275840]
[31,251,644369,644096]
[32,70,453814,454008]
[33,82,373627,374773]
[34,22,492643,492991]
[35,246,466259,466800]
[36,25,107600,106325]
[37,262,637115,638079]
[38,29,96501,96017]
[39,271,639966,639385]
[40,209,274059,273638]
[41,169,223378,222499]
[42,71,437425,436896]
[43,168,165384,165481]
[44,215,32871,32547]
[45,271,440123,439380]
[46,162,633972,634007]
[47,54,632612,632723]
[48,213,75271,75142]
[49,248,396639,398100]
[50,21,659044,657698]
[51,94,604985,605808]
[52,200,722096,723239]
[53,71,111967,111193]
[54,149,225181,224342]
[55,215,579336,578729]
[56,256,369701,369789]
[57,224,472849,474346]
[58,223,426287,425826]
[59,118,542285,543598]
[60,44,273318,273559]
[61,16,256358,257476]
[62,202,396415,397580]
[63,63,715173,714072]
[64,2,275875,275938]
[65,23,241187,241151]
[66,24,411466,412435]
[67,219,272419,272030]
[68,151,14729,13749]
[69,121,522815,521406]
[70,134,404769,405329]
[71,43,557306,556435]
[72,14,211128,211636]
[73,252,260742,262069]
[74,199,646373,646304]
[75,269,175290,173809]
[76,199,552304,550812]
[77,227,362635,361874]
[78,244,107621,108257]
[79,78,713011,713674]
[80,4,189057,189943]
[81,189,9911,8872]
[82,265,704562,703559]
[83,269,50195,50117]
[84,39,237275,236921]
[85,158,186053,187305]
[86,182,509067,509971]
[87,88,388069,389103]
[88,272,576982,577486]
[89,244,318878,320320]
[90,48,579539,580510]
[91,15,64778,64403]
[92,22,43008,43378]
[93,257,153548,153114]
[94,98,226798,228214]
[95,119,2807,2468]
[96,205,417934,417637]
[97,219,368406,368018]
[98,17,609776,609088]
[99,95,118462,117588]
[100,103,237586,237217]
[101,178,239617,240782]
[102,67,125894,125513]
[103,204,183368,184067]
[104,155,569613,569370]
[105,143,334365,334026]
[106,146,380262,381289]
[107,237,562983,562509]
[108,243,341368,340534]
[109,18,231161,231861]
[110,157,399226,398236]
[111,63,350608,350371]
[112,243,502385,501276]
[113,189,328223,327167]
[114,232,270085,270873]
[115,55,628887,627689]
[116,237,311117,309897]
[117,12,346856,347198]
[118,226,725025,725305]
[119,86,151778,153079]
[120,242,694205,694993]
[121,155,406670,405184]
[122,157,301684,300924]
[123,278,32360,32420]
[124,104,496983,498351]
[125,74,579011,580305]
[126,235,286224,284742]
[127,211,215624,214757]
[128,87,2051,940]
[129,213,19169,19108]
[130,254,286029,286756]
[131,31,206974,206286]
[132,243,193907,192644]
[133,232,467735,469040]
[134,114,150657,150891]
[135,32,370166,370249]
[136,201,80488,79786]
[137,61,136801,136531]
[138,199,697287,696402]
[139,234,340233,341620]
[140,222,149577,150266]
[141,41,641252,640417]
[142,22,50929,52001]
[143,199,501370,500790]
[144,145,539569,538613]
[145,129,603371,602439]
[146,128,469003,470337]
[147,98,372850,374306]
[148,16,584613,585778]
[149,162,136258,136786]
[150,125,695489,694596]
[151,92,141895,141926]
[152,18,250122,250616]
[153,259,91270,89996]
[154,174,410206,410581]
[155,261,284368,283099]
[156,54,93913,94267]
[157,198,219974,220956]
[158,20,387128,387184]
[159,117,330068,328688]
[160,221,281633,280724]
[161,210,426018,426528]
[162,2,381184,382269]
[163,227,147675,147121]
[164,237,680323,679008]
[165,231,463396,463353]
[166,272,445266,445529]
[167,160,646891,648085]
[168,67,534162,533089]
[169,83,660588,660202]
[170,22,385793,386326]
[171,1,243260,243193]
[172,192,620767,621213]
[173,110,659659,660196]
[174,34,224238,225215]
[175,199,419710,418677]
[176,279,184320,183338]
[177,184,208608,210054]
[178,183,306174,305082]
[179,90,627379,627685]
[180,204,331384,332475]
[181,135,180676,179201]
[182,25,595023,594492]
[183,157,85715,85359]
[184,269,445408,445339]
[185,139,508965,508002]
[186,210,82579,83721]
[187,71,583667,583409]
[188,115,472687,472483]
[189,262,562365,563187]
[190,213,165884,164395]
[191,72,645511,646985]
[192,99,637543,636258]
[193,142,466622,467191]
[194,154,352,514]
[195,62,290646,290886]
[196,14,359974,360487]
[197,76,646431,646576]
[198,11,170183,169874]
[199,279,76472,75768]
[200,167,169933,169730]
[201,99,383832,383265]
[202,155,547643,546870]
[203,177,646245,646179]
[204,136,154802,155627]
[205,56,441780,443000]
[206,81,544230,543974]
[207,40,524087,525102]
[208,102,408059,408948]
[209,209,193717,192474]
[210,1,533861,532524]
[211,267,718990,718210]
[212,186,74548,75284]
[213,100,365946,366928]
[214,197,115039,114180]
[215,113,125175,124683]
[216,8,153204,153447]
[217,107,492371,491844]
[218,241,507220,507169]
[219,175,729880,729126]
[220,113,180618,180476]
[221,68,544558,545385]
[222,169,385819,385374]
[223,179,616902,616686]
[224,186,445910,446726]
[225,103,26246,24930]
[226,158,533006,533491]
[227,169,481081,479768]
[228,256,198840,200081]
[229,75,48311,47090]
[230,241,557992,557681]
[231,54,319762,320400]
[232,67,442211,440968]
[233,36,662045,663306]
[234,96,348254,349516]
[235,193,646780,646091]
[236,19,726622,725834]
[237,179,415745,415348]
[238,129,656987,656218]
[239,6,426168,427296]
[240,270,216810,217964]
[241,146,145995,146938]
[242,34,427430,427734]
[243,246,689977,691092]
[244,209,304684,304223]
[245,261,467264,467174]
[246,246,226377,227201]
[247,245,645908,645828]
[248,27,48880,48187]
[249,259,719802,719711]
[250,216,366679,367635]
[251,105,280177,279704]
[252,33,90193,89955]
[253,154,529142,530143]
[254,232,579092,580168]
[255,7,650638,650192]
[256,254,454237,454562]
[257,11,27153,25741]
[258,18,490688,492177]
[259,217,375946,374907]
[260,244,609218,610376]
[261,177,356056,355704]
[262,157,151785,150970]
[263,63,77714,76878]
[264,68,604360,604676]
[265,116,457078,457563]
[266,268,157016,157684]
[267,1,667026,666947]
[268,239,613824,613237]
[269,137,3836,3135]
[270,250,626472,626537]
[271,36,513051,514267]
[272,83,337458,337396]
[273,7,335975,335338]
[274,233,521324,520209]
[275,228,36683,38090]
[276,128,356323,356486]
[277,39,612997,612493]
[278,162,217611,218202]
[279,143,551050,550555]
[280,25,173945,172476]
[281,98,251711,251942]
[282,186,612014,612700]
[283,74,723346,724743]
[284,125,582546,582472]
[285,75,150233,149888]
[286,234,397690,398301]
[287,232,213969,215468]
[288,20,296886,297326]
[289,142,9142,9833]
[290,277,408752,407912]
[291,241,230037,229022]
[292,268,706552,707202]
[293,240,178604,178983]
[294,72,246099,247367]
[295,162,569677,570205]
[296,151,14639,14019]
[297,66,716135,716684]
[298,132,695371,696074]
[299,15,696362,695231]
[300,172,680335,681758]
[301,263,85310,85189]
[302,212,668280,668542]
[303,226,61662,62500]
[304,141,60402,59191]
[305,255,317272,316196]
[306,134,155104,156059]
[307,15,365135,365059]
[308,29,450383,449885]
[309,138,444264,445605]
[310,59,351172,349997]
[311,11,147038,146120]
[312,16,240534,240794]
[313,32,158427,158484]
[314,233,420105,419325]
[315,66,69328,69688]
[316,22,382825,383117]
[317,71,36894,36227]
[318,197,50353,49545]
[319,161,149359,149059]
[320,38,551362,551901]
[321,47,513234,512534]
[322,60,185087,185989]
[323,215,514943,514188]
[324,86,659666,660505]
[325,52,379345,380395]
[326,31,625491,624760]
[327,1,526842,526752]
[328,208,341827,342946]
[329,113,499997,499289]
[330,228,539244,539435]
[331,68,362284,362450]
[332,260,583219,583910]
[333,65,191436,190899]
[334,169,162237,161789]
[335,204,312519,313147]
[336,23,320923,320601]
[337,8,405275,405821]
[338,15,730869,730601]
[339,199,679678,679302]
[340,53,392714,391388]
[341,43,605399,604653]
[342,1,679085,677822]
[343,49,468668,468181]
[344,38,612377,613703]
[345,5,645670,644281]
[346,79,608702,607948]
[347,42,404983,405166]
[348,15,85470,84180]
[349,278,37960,39082]
[350,131,375672,375136]
[351,179,468651,467227]
[352,160,274902,275458]
[353,16,238442,239207]
[354,21,484970,483586]
[355,16,702957,703860]
[356,235,615644,615012]
[357,162,276574,276607]
[358,84,202656,204122]
[359,263,718311,718015]
[360,60,511088,511468]
[361,171,93487,92210]
[362,103,674003,673884]
[363,140,716298,716691]
[364,134,396898,398135]
[365,40,666310,666398]
[366,154,113973,114356]
[367,130,198327,198661]
[368,180,609965,610323]
[369,116,11664,12491]
[370,239,572232,571840]
[371,35,692487,691686]
[372,268,522363,522967]
[373,15,250965,250783]
[374,103,597187,595925]
[375,244,152039,153037]
[376,96,225796,227007]
[377,41,70397,69599]
[378,148,546661,547362]
[379,224,681773,683215]
[380,244,95042,95454]
[381,140,628858,629507]
[382,176,121306,122441]
[383,119,645175,644653]
[384,75,350823,349917]
[385,52,167898,168111]
[386,72,616757,618009]
[387,26,451878,452408]
[388,111,93863,93815]
[389,125,610436,609395]
[390,219,278175,277565]
[391,254,473891,475307]
[392,62,292520,293285]
[393,20,101815,102569]
[394,214,105952,106005]
[395,267,614583,613121]
[396,276,525930,527055]
[397,21,640287,639663]
[398,250,349294,349377]
[399,271,465576,464152]
[400,155,134662,134532]
[401,64,476758,478004]
[402,9,354764,353723]
[403,71,599230,598854]
[404,154,671001,671779]
[405,32,329459,330891]
[406,67,448369,447018]
[407,177,587269,585981]
[408,273,95915,95311]
[409,58,169034,169935]
[410,18,239688,240693]
[411,148,463034,463707]
[412,18,704761,705245]
[413,148,150112,151251]
[414,224,351295,352468]
[415,239,312559,311715]
[416,137,263636,262175]
[417,238,241548,241596]
[418,279,55046,54830]
[419,119,422630,422080]
[420,215,574275,573097]
[421,3,577385,576520]
[422,153,137912,136804]
[423,122,75467,75818]
[424,270,191914,192039]
[425,62,328621,328822]
[426,248,571200,571924]
[427,267,92414,91418]
[428,12,97914,98475]
[429,90,560787,561357]
[430,63,592292,590807]
[431,259,421415,420128]
[432,265,410126,408957]
[433,196,36259,36914]
[434,168,500853,501373]
[435,17,241152,239979]
[436,201,662727,661891]
[437,35,188194,187810]
[438,278,36035,36840]
[439,245,219577,218463]
[440,181,215956,214819]
[441,249,431542,431229]
[442,176,109675,109900]
[443,41,236672,236286]
[444,188,107201,108286]
[445,272,717427,718492]
[446,150,377670,378788]
[447,49,494270,494240]
[448,278,295526,296407]
[449,184,671550,671621]
[450,206,315488,315987]
[451,137,561461,560259]
[452,272,293841,294058]
[453,202,410283,411099]
[454,205,179161,178232]
[455,79,92633,92140]
[456,220,413270,414029]
[457,10,44736,45789]
[458,152,314322,314749]
[459,230,553113,553236]
[460,71,527258,526024]
[461,65,93889,93119]
[462,130,127339,128052]
[463,249,526767,526101]
[464,64,390883,391770]
[465,278,215878,216181]
[466,47,582383,581338]
[467,77,651607,650474]
[468,251,286988,286190]
[469,220,247711,248798]
[470,194,7525,8597]
[471,31,19044,18914]
[472,0,386234,387072]
[473,219,650864,649610]
[474,162,627732,628676]
[475,268,439260,439321]
[476,141,161540,160236]
[477,9,151715,150925]
[478,111,607420,606849]
[479,5,150771,149511]
[480,100,539931,540292]
[481,9,673178,672076]
[482,141,509978,509680]
[483,170,303201,303693]
[484,108,592008,592248]
[485,89,361610,361277]
[486,79,635057,634050]
[487,254,74517,74966]
[488,22,369855,371203]
[489,233,72028,70751]
[490,28,244503,245985]
[491,150,726119,727371]
[492,224,163228,164108]
[493,174,559024,559868]
[494,132,13610,13938]
[495,207,475361,475024]
[496,146,495657,496383]
[497,156,711716,712047]
[498,135,84271,82839]
[499,62,670604,670776]
[500,195,391370,390386]
[501,265,562609,561139]
[502,83,287449,285985]
[503,204,569341,569714]
[504,112,360519,361175]
[505,3,568942,568382]
[506,166,40780,41051]
[507,106,28181,28989]
[508,123,212163,212019]
[509,50,372099,373328]
[510,181,335108,333814]
[511,138,726871,727928]
[512,153,730212,729851]
[513,35,324299,323475]
[514,108,636624,637439]
[515,3,228734,227631]
[516,215,443775,442996]
[517,168,226847,227944]
[518,186,333055,333240]
[519,223,59024,58346]
[520,193,671897,670774]
[521,229,185325,184817]
[522,200,592105,592899]
[523,265,29362,28045]
[524,61,170388,169521]
[525,109,252298,251250]
[526,94,626895,627169]
[527,145,145986,145039]
[528,190,367377,368090]
[529,186,149165,149504]
[530,128,500851,501393]
[531,5,473028,472967]
[532,251,522623,522260]
[533,215,9639,8439]
[534,217,336196,335317]
[535,85,323070,321610]
[536,108,535232,535813]
[537,181,630925,630096]
[538,18,467934,469136]
[539,149,382046,381638]
[540,48,281244,282237]
[541,67,434439,433168]
[542,155,592195,591154]
[543,154,558944,559669]
[544,200,138635,138860]
[545,67,66432,65837]
[546,83,40016,39070]
[547,15,594467,593369]
[548,39,478618,477433]
[549,11,52474,51138]
[550,221,725300,724256]
[551,42,437660,438323]
[552,28,83004,83805]
[553,130,204590,204858]
[554,106,459211,459436]
[555,62,504849,505786]
[556,188,657271,658692]
[557,24,388118,388665]
[558,78,395420,395965]
[559,5,348161,347457]
[560,31,503318,503162]
[561,185,278027,276970]
[562,131,651242,651202]
[563,143,295128,294886]
[564,118,107590,108835]
[565,275,232454,231498]
[566,243,667712,666967]
[567,259,442148,440812]
[568,83,211647,210686]
[569,244,527922,527992]
[570,211,292455,291340]
[571,85,67930,66555]
[572,179,490861,489846]
[573,261,119870,119318]
[574,35,693222,692283]
[575,41,307495,307439]
[576,30,72876,73295]
[577,111,689655,688621]
[578,214,399364,399543]
[579,165,218116,217686]
[580,89,597488,596886]
[581,38,599144,599800]
[582,141,407711,406739]
[583,254,134101,135362]
[584,14,355396,356370]
[585,107,722228,720835]
[586,8,108554,108729]
[587,171,545383,544365]
[588,16,658032,658468]
[589,161,611585,610712]
[590,239,481712,481636]
[591,179,71881,70937]
[592,158,335039,335819]
[593,121,171781,171455]
[594,14,424668,425237]
[595,266,635609,636589]
[596,162,75360,76219]
[597,159,141888,140448]
[598,174,413129,414122]
[599,56,696003,696329]
[600,187,409611,408256]
[601,162,601182,602122]
[602,235,164401,163109]
[603,276,661874,662282]
[604,97,592413,592248]
[605,124,551834,552533]
[606,188,148580,148854]
[607,149,32320,31034]
[608,228,165586,166232]
[609,231,635995,634983]
[610,103,491947,490572]
[611,69,332017,331382]
[612,176,535832,536446]
[613,279,508531,507728]
[614,278,605310,605579]
[615,27,594544,593357]
[616,234,472673,472876]
[617,21,302842,301651]
[618,93,689579,688111]
[619,16,716878,717215]
[620,157,19562,18670]
[621,215,158691,157513]
[622,201,608873,608058]
[623,51,223405,222023]
[624,208,171582,172341]
[625,58,472311,472823]
[626,116,220164,220208]
[627,259,719011,718740]
[628,86,420902,421688]
[629,122,616391,616962]
[630,50,729386,730222]
[631,195,200099,199458]
[632,184,557029,558012]
[633,193,283608,283409]
[634,77,437032,436175]
[635,206,93158,93721]
[636,100,136298,136792]
[637,68,724548,725731]
[638,248,572024,572891]
[639,87,30351,29236]
[640,0,626144,627007]
[641,51,637782,636393]
[642,51,436042,435681]
[643,79,162805,161886]
[644,178,499576,500891]
[645,7,206929,205981]
[646,224,13575,15060]
[647,68,673369,674650]
[648,153,523904,523372]
[649,164,535789,537023]
[650,258,651062,651804]
[651,273,215283,214371]
[652,187,535031,533818]
[653,111,361990,360947]
[654,12,158848,159837]
[655,6,388922,390203]
[656,196,454664,455070]
[657,138,468590,469851]
[658,88,78700,79093]
[659,20,716906,717980]
[660,178,447656,448702]
[661,217,371037,370191]
[662,250,434994,435260]
[663,44,709879,711079]
[664,88,685926,687377]
[665,81,137283,135956]
[666,155,281104,280838]
[667,174,97764,98155]
[668,59,544020,542639]
[669,22,592744,593221]
[670,87,228509,228085]
[671,141,553346,552383]
[672,60,479008,479986]
[673,208,350460,350943]
[674,27,80489,79585]
[675,220,485006,486081]
[676,33,80297,79037]
[677,25,701057,700131]
[678,146,98484,99231]
[679,98,122572,123838]
[680,234,112194,112946]
[681,254,324486,324738]
[682,40,605768,605833]
[683,45,446127,444676]
[684,197,98286,96801]
[685,190,553821,554906]
[686,126,214978,216329]
[687,219,638814,638155]
[688,247,175020,173632]
[689,167,506688,506371]
[690,73,99150,98471]
[691,244,122974,123672]
[692,274,335436,336412]
[693,136,59518,60147]
[694,248,145593,145712]
[695,239,401133,400752]
[696,221,698431,696957]
[697,75,176335,175688]
[698,205,49602,48174]
[699,101,309410,308244]
[700,59,41898,40473]
[701,214,67404,68626]
[702,157,582832,582225]
[703,56,127969,129039]
[704,88,79284,79537]
[705,243,437426,437209]
[706,220,428594,428916]
[707,184,96346,97528]
[708,59,214204,213920]
[709,79,202592,201407]
[710,151,693804,692990]
[711,61,16671,16094]
[712,27,510612,509988]
[713,179,75090,73693]
[714,8,203496,204306]
[715,164,158530,159974]
[716,47,15822,14608]
[717,33,651039,650430]
[718,217,185335,184113]
[719,182,410056,410402]
[720,260,129464,130700]
[721,35,708149,707994]
[722,62,687030,687549]
[723,75,324977,323505]
[724,177,351955,350870]
[725,6,63094,64523]
[726,268,288330,288922]
[727,136,611355,611591]
[728,133,391863,391177]
[729,133,211588,211256]
[730,48,200566,201086]
[731,240,505374,505467]
[732,125,55727,54857]
[733,180,14231,15021]
[734,127,112757,111885]
[735,195,545578,545222]
[736,176,58347,58878]
[737,136,577879,579008]
[738,244,215528,216186]
[739,241,191444,190421]
[740,106,500073,500746]
[741,87,109038,108197]
[742,72,198175,198499]
[743,10,574773,575540]
[744,274,276652,277319]
[745,66,600339,601096]
[746,71,676785,675333]
[747,129,77880,76440]
[748,22,510501,511230]
[749,56,545097,545451]
[750,112,34867,36040]
[751,165,10301,10230]
[752,3,586444,586075]
[753,156,285571,286817]
[754,120,387559,388099]
[755,8,194620,196088]
[756,248,466040,466519]
[757,176,87656,88880]
[758,127,663885,663250]
[759,136,478016,478282]
[760,4,16030,16551]
[761,52,583399,583896]
[762,42,214184,215294]
[763,247,499555,498544]
[764,255,61474,60181]
[765,180,194696,196133]
[766,263,385953,385021]
[767,184,472439,472565]
[768,250,265746,267161]
[769,129,701631,700357]
[770,97,560302,558802]
[771,257,415725,415639]
[772,183,614277,613864]
[773,226,11997,12159]
[774,198,465687,466294]
[775,241,193504,192555]
[776,275,575833,575608]
[777,151,252812,251828]
[778,120,729400,730460]
[779,169,430739,430472]
[780,73,710185,709698]
[781,157,4266,4058]
[782,45,692272,692103]
[783,185,549564,548874]
[784,75,115695,115493]
[785,16,331483,332315]
[786,176,622303,622864]
[787,264,147409,148610]
[788,157,576062,575174]
[789,227,583277,583085]
[790,145,543584,543104]
[791,238,662821,663019]
[792,117,273337,273023]
[793,206,622045,622868]
[794,272,612217,613621]
[795,10,469606,470869]
[796,64,347940,349391]
[797,247,278902,277867]
[798,144,554537,555518]
[799,59,176328,175434]
[800,221,707823,707411]
[801,232,310900,311682]
[802,2,103942,105245]
[803,174,353880,355130]
[804,40,278561,279667]
[805,125,571489,570785]
[806,158,60371,61307]
[807,6,261114,262193]
[808,54,90753,90832]
[809,217,579013,578557]
[810,200,25715,27127]
[811,197,481883,481588]
[812,125,73738,72615]
[813,254,569771,569854]
[814,110,88217,89131]
[815,166,167394,168080]
[816,119,579395,579185]
[817,213,399497,398196]
[818,153,239605,239418]
[819,262,206528,207658]
[820,177,33799,33002]
[821,219,156099,156015]
[822,46,592208,592692]
[823,268,644169,645648]
[824,219,196696,195864]
[825,145,700868,700724]
[826,141,115385,114049]
[827,149,473485,472459]
[828,53,581543,580917]
[829,77,28599,27197]
[830,30,177533,178358]
[831,117,681492,680063]
[832,262,450651,451435]
[833,10,571105,571406]
[834,72,589800,590568]
[835,222,337846,338847]
[836,42,117275,118446]
[837,4,675921,676201]
[838,191,217707,217200]
[839,230,502035,502277]
[840,73,355218,354351]
[841,140,724682,726053]
[842,120,4088,4959]
[843,100,204068,205086]
[844,62,210703,212032]
[845,276,289922,290131]
[846,123,700577,699162]
[847,103,263344,262761]
[848,91,518025,517849]
[849,119,480755,480413]
[850,41,402314,402254]
[851,276,190049,191391]
[852,62,40922,41314]
[853,172,382950,383390]
[854,249,365928,365147]
[855,9,130273,129888]
[856,56,103735,104918]
[857,179,382209,381006]
[858,260,46682,47197]
[859,102,19548,19583]
[860,109,35096,34564]
[861,65,597983,597053]
[862,129,522451,521146]
[863,29,324634,324097]
[864,13,192987,191909]
[865,214,8518,9309]
[866,96,219829,219978]
[867,20,562774,562860]
[868,113,580489,579968]
[869,113,112819,111916]
[870,181,134101,133153]
[871,217,686723,686687]
[872,34,567071,568266]
[873,57,309322,308514]
[874,166,82663,83630]
[875,273,457145,456894]
[876,70,189783,190601]
[877,171,484164,483185]
[878,203,66365,65044]
[879,58,41207,41498]
[880,152,492681,493491]
[881,62,277861,279161]
[882,66,159105,159718]
[883,85,348110,347582]
[884,74,478892,479213]
[885,222,703351,703557]
[886,225,49760,48750]
[887,139,136943,135780]
[888,71,629067,628012]
[889,240,708496,709146]
[890,135,91430,90527]
