["head":"wrap","lpos","status"]
[58,413708,0]
["io count"]
[895]
["io":"id","wrap","startLpos","endLpos"]
[1,199,299433,299133]
[2,211,65067,64744]
[3,213,80785,79957]
[4,155,702366,701380]
[5,110,484975,485369]
[6,135,595460,595035]
[7,36,269754,270916]
[8,94,398354,398544]
[9,278,254739,254916]
[10,62,266203,267008]
[11,214,282106,282555]
[12,78,602496,603664]
[13,207,68291,66935]
[14,156,150595,150964]
[15,1,28588,27240]
[16,83,204272,203897]
[17,139,626586,625372]
[18,223,223869,223556]
[19,127,569261,568251]
[20,75,124629,124069]
[21,173,618988,617538]
[22,1,344677,344597]
[23,226,338776,339918]
[24,64,60154,61452]
[25,276,440519,440828]
[26,19,517365,516439]
[27,270,725167,726238]
[28,204,672708,673415]
[29,136,331140,331424]
[30,210,606081,606269]
[31,31,32432,32122]
[32,251,29778,28702]
[33,161,328090,327142]
[34,101,40441,39743]
[35,109,229462,228752]
[36,110,606232,606371]
[37,148,634611,635801]
[38,99,510512,509904]
[39,119,434667,434246]
[40,176,645080,645945]
[41,4,285906,286757]
[42,180,637035,637553]
[43,80,65067,66389]
[44,104,425296,426477]
[45,198,9943,10746]
[46,181,303978,303693]
[47,39,33993,33528]
[48,7,643803,642510]
[49,274,219292,220170]
[50,167,151117,150389]
[51,229,476701,475310]
[52,182,292277,293057]
[53,190,247610,248392]
[54,249,706993,706303]
[55,254,111140,112582]
[56,244,120374,121057]
[57,110,522630,522782]
[58,112,651468,652818]
[59,195,128283,126864]
[60,19,561083,560318]
[61,96,633551,634203]
[62,86,343483,343918]
[63,197,632385,631372]
[64,253,433133,432626]
[65,271,330922,329935]
[66,155,474423,473165]
[67,54,671393,671452]
[68,60,379731,380907]
[69,203,298669,297227]
[70,44,23832,25273]
[71,77,700725,699661]
[72,120,118376,119828]
[73,238,87732,88313]
[74,230,316623,317648]
[75,17,594719,594039]
[76,163,7371,6443]
[77,104,528436,529100]
[78,193,226692,226044]
[79,58,468984,469691]
[80,172,509956,511453]
[81,203,281389,280023]
[82,213,397437,397284]
[83,165,355028,353530]
[84,146,260258,260869]
[85,111,604740,604642]
[86,128,33321,33536]
[87,40,50482,51456]
[88,220,535944,537433]
[89,49,510159,509873]
[90,10,518246,519636]
[91,217,630960,630037]
[92,229,164067,163520]
[93,11,509988,509899]
[94,45,6061,4959]
[95,250,313235,314582]
[96,257,467438,466494]
[97,31,570275,570240]
[98,28,373121,374405]
[99,202,158492,159086]
[100,50,254652,254995]
[101,75,431320,430095]
[102,217,30205,29469]
[103,59,603084,602152]
[104,121,235155,234869]
[105,202,256530,257491]
[106,276,135044,136453]
[107,65,89275,88001]
[108,125,124809,124729]
[109,129,458629,458445]
[110,124,380708,381289]
[111,45,494271,494078]
[112,182,413106,413988]
[113,272,494183,494387]
[114,207,116726,115855]
[115,259,701948,700479]
[116,197,282053,281896]
[117,217,210722,210037]
[118,19,299861,299399]
[119,208,387101,388386]
[120,197,13917,12672]
[121,146,605910,606792]
[122,274,119357,120299]
[123,157,62963,61793]
[124,151,364358,364039]
[125,33,10721,10574]
[126,83,480109,479025]
[127,37,702163,701593]
[128,93,697036,696151]
[129,197,154457,153497]
[130,258,179126,180269]
[131,44,647221,648426]
[132,172,198333,199409]
[133,80,312196,312669]
[134,74,51244,51407]
[135,203,72463,71480]
[136,66,711005,712036]
[137,6,630389,631554]
[138,263,453392,452085]
[139,37,32448,32263]
[140,181,573359,572061]
[141,274,35853,36911]
[142,48,540154,540372]
[143,146,551914,552390]
[144,105,474574,473661]
[145,277,663631,662937]
[146,63,144481,144132]
[147,88,691550,691588]
[148,48,597989,599019]
[149,30,392060,392318]
[150,111,493234,492145]
[151,131,717797,717157]
[152,58,708103,708202]
[153,208,165723,166955]
[154,116,605356,605510]
[155,66,94404,94529]
[156,40,83997,85478]
[157,271,238742,238362]
[158,126,465545,466589]
[159,53,66530,66283]
[160,184,245664,245696]
[161,119,349581,349504]
[162,101,677368,676546]
[163,16,379306,380047]
[164,126,119971,120284]
[165,172,266134,267423]
[166,275,399084,398262]
[167,173,237685,237517]
[168,42,223142,223775]
[169,169,318890,317519]
[170,201,685479,685366]
[171,59,219288,218771]
[172,130,405261,406348]
[173,19,4169,2911]
[174,66,148015,149126]
[175,72,357265,358484]
[176,10,357427,357635]
[177,261,467207,465876]
[178,188,309647,310566]
[179,150,460664,461445]
[180,17,480082,478640]
[181,35,208806,207442]
[182,119,566450,566020]
[183,149,363035,361754]
[184,25,254415,253081]
[185,258,95426,96453]
[186,92,182533,183204]
[187,102,268505,269232]
[188,64,686604,687959]
[189,104,496077,496647]
[190,48,225952,227160]
[191,46,68526,69366]
[192,47,187053,186810]
[193,40,407879,409345]
[194,76,464383,465327]
[195,29,50151,49309]
[196,18,367482,368590]
[197,33,572228,571095]
[198,218,392543,393629]
[199,17,442646,442193]
[200,62,727951,728479]
[201,43,203867,202403]
[202,198,58644,59374]
[203,8,599093,599333]
[204,180,407909,408606]
[205,235,107551,106533]
[206,109,402523,402481]
[207,140,544847,545582]
[208,79,262199,261565]
[209,270,608569,608867]
[210,204,193198,194696]
[211,166,576889,577978]
[212,46,583618,585016]
[213,275,671630,671329]
[214,98,415902,417254]
[215,238,663395,664070]
[216,165,600212,599292]
[217,97,483014,481692]
[218,75,255264,255203]
[219,230,713262,713771]
[220,202,23252,24237]
[221,48,648380,648764]
[222,78,458476,459564]
[223,161,386331,385523]
[224,13,282372,281489]
[225,138,169164,169665]
[226,55,27874,27219]
[227,112,125480,126538]
[228,149,13255,13077]
[229,42,676121,676249]
[230,189,280542,279781]
[231,70,322065,322932]
[232,195,58754,58607]
[233,252,538607,539201]
[234,174,496308,496773]
[235,148,638329,638589]
[236,215,96268,95150]
[237,6,129029,130200]
[238,13,14478,13133]
[239,243,15640,14155]
[240,249,298943,298180]
[241,275,568567,567473]
[242,224,714088,714427]
[243,13,357186,356017]
[244,261,194172,192958]
[245,203,346093,345550]
[246,142,85739,86818]
[247,159,696662,695216]
[248,58,504737,505878]
[249,57,692873,692028]
[250,100,701202,701282]
[251,25,541386,540845]
[252,146,569188,570685]
[253,172,729241,730434]
[254,245,721375,720533]
[255,26,151692,152843]
[256,26,620980,621181]
[257,255,426183,424763]
[258,42,80644,81632]
[259,104,238785,239027]
[260,186,701038,701806]
[261,234,28417,29831]
[262,94,17996,18815]
[263,173,710686,710532]
[264,121,366421,365843]
[265,193,204610,204147]
[266,152,541461,541989]
[267,14,622767,622961]
[268,229,404323,404267]
[269,98,387509,387641]
[270,134,145997,147018]
[271,31,142470,142123]
[272,60,567757,569176]
[273,37,41147,40843]
[274,17,427104,427034]
[275,192,454531,454972]
[276,37,23395,22890]
[277,11,622650,621376]
[278,76,697551,698018]
[279,180,374983,376299]
[280,187,8683,7849]
[281,261,259324,258935]
[282,49,572187,570723]
[283,163,564980,564212]
[284,105,166451,165599]
[285,258,494127,494724]
[286,22,538707,539078]
[287,152,520690,521729]
[288,131,436604,435558]
[289,189,436940,435798]
[290,56,493091,494495]
[291,169,343033,341924]
[292,112,301756,302538]
[293,57,627811,626616]
[294,219,436951,435940]
[295,193,449391,448697]
[296,74,20724,21234]
[297,261,319248,319174]
[298,195,241431,240309]
[299,60,101575,102117]
[300,275,526489,526108]
[301,249,170685,169893]
[302,66,133373,133818]
[303,175,427911,427151]
[304,133,379598,378524]
[305,148,663139,663769]
[306,110,468735,470202]
[307,258,546816,547402]
[308,111,641518,640089]
[309,227,16358,15032]
[310,123,477157,476364]
[311,132,585472,586499]
[312,224,50766,52162]
[313,224,222171,222341]
[314,128,374718,375194]
[315,253,349824,348505]
[316,70,53452,54133]
[317,256,251782,252458]
[318,184,330592,331864]
[319,218,520428,521488]
[320,254,291150,292167]
[321,225,410751,409982]
[322,141,49959,49728]
[323,35,323568,322274]
[324,185,123266,122194]
[325,136,497487,497798]
[326,69,582773,581839]
[327,180,687620,688656]
[328,198,288413,289559]
[329,187,144324,143000]
[330,84,395022,395908]
[331,5,586609,586025]
[332,267,414134,414099]
[333,154,304940,305226]
[334,245,292175,291702]
[335,233,3287,3055]
[336,109,639586,639174]
[337,179,483526,482711]
[338,16,41422,42446]
[339,250,189873,190269]
[340,13,499706,498883]
[341,151,529964,528930]
[342,79,24435,24184]
[343,224,561776,562733]
[344,150,126938,128252]
[345,30,171437,172228]
[346,210,403400,404566]
[347,5,658083,657942]
[348,52,417923,417991]
[349,277,438531,437413]
[350,104,428231,428854]
[351,157,171844,171220]
[352,41,7677,7368]
[353,224,375046,375395]
[354,243,505805,504807]
[355,72,522587,523696]
[356,137,311665,310955]
[357,77,35348,34559]
[358,173,473550,472856]
[359,19,674889,674106]
[360,42,301444,301914]
[361,130,338280,339706]
[362,58,108868,110220]
[363,174,54826,56017]
[364,175,250779,250205]
[365,170,64148,64643]
[366,37,203023,202500]
[367,240,419706,420865]
[368,106,149154,150400]
[369,144,180200,181159]
[370,236,18836,19199]
[371,107,721399,720694]
[372,260,177658,178866]
[373,268,519505,519598]
[374,99,42798,42010]
[375,114,316259,317250]
[376,120,520954,522054]
[377,242,650328,651628]
[378,228,350971,351875]
[379,15,726138,725375]
[380,156,80376,81451]
[381,8,683363,684679]
[382,254,408574,409247]
[383,84,170491,170961]
[384,14,188510,189362]
[385,194,339754,340774]
[386,108,574081,574964]
[387,42,429528,430284]
[388,196,293985,294015]
[389,128,648030,648540]
[390,222,308979,309766]
[391,70,185560,186722]
[392,231,213495,212591]
[393,200,465544,466114]
[394,70,20978,22452]
[395,140,5643,7072]
[396,125,79057,78686]
[397,126,180265,180510]
[398,105,726212,726051]
[399,76,103048,104451]
[400,102,131771,132136]
[401,66,439569,440806]
[402,179,398841,398591]
[403,79,142505,141915]
[404,18,152158,152967]
[405,90,204259,204981]
[406,154,624647,625792]
[407,202,79725,80516]
[408,32,33057,34113]
[409,170,494242,494556]
[410,18,247645,248157]
[411,57,166732,166503]
[412,39,685661,684711]
[413,106,160267,160776]
[414,149,392935,391823]
[415,104,702475,702627]
[416,199,537307,535935]
[417,23,46625,45938]
[418,129,288697,287915]
[419,245,297894,297026]
[420,9,264897,264433]
[421,98,546918,548027]
[422,91,120406,119874]
[423,67,493319,492662]
[424,49,604790,604289]
[425,120,126032,126117]
[426,204,254511,255119]
[427,99,203240,201955]
[428,140,563472,563961]
[429,175,96682,95207]
[430,62,180555,181372]
[431,179,11470,10440]
[432,199,232658,232383]
[433,210,63226,63703]
[434,117,339935,339652]
[435,216,290977,291719]
[436,43,378608,377415]
[437,227,716653,715391]
[438,271,210757,209901]
[439,142,343621,343798]
[440,246,688313,688480]
[441,98,493848,494531]
[442,197,138841,137850]
[443,192,333889,334176]
[444,24,346072,347250]
[445,99,344111,343106]
[446,167,512055,511215]
[447,240,263118,264052]
[448,247,375096,373667]
[449,66,53839,54461]
[450,202,692092,692459]
[451,116,327066,327978]
[452,149,36786,35983]
[453,235,43472,42963]
[454,3,322885,322481]
[455,124,150141,150661]
[456,91,73495,72016]
[457,235,271699,271424]
[458,179,669802,668447]
[459,128,419219,419293]
[460,73,23601,22751]
[461,59,330167,329043]
[462,217,26515,25371]
[463,113,334859,334556]
[464,63,376414,376055]
[465,1,612967,612675]
[466,248,204309,204768]
[467,275,272101,271547]
[468,85,129679,129286]
[469,83,220091,219069]
[470,112,62843,63362]
[471,219,586289,585406]
[472,223,172877,171687]
[473,82,558000,559294]
[474,43,338542,337511]
[475,73,677236,676872]
[476,114,300390,300955]
[477,199,269219,267899]
[478,239,280607,280121]
[479,79,139098,138990]
[480,11,589045,588630]
[481,264,444482,445539]
[482,199,139630,139063]
[483,224,140801,141679]
[484,6,226767,227553]
[485,78,189103,190199]
[486,246,650849,651319]
[487,168,143285,144102]
[488,172,461715,463089]
[489,120,355290,356135]
[490,81,499564,498915]
[491,25,702561,701779]
[492,183,100231,99138]
[493,59,671539,670958]
[494,230,394553,396024]
[495,279,151186,150518]
[496,136,307851,308925]
[497,141,16886,16663]
[498,131,638587,637681]
[499,168,722467,723749]
[500,68,483376,484833]
[501,141,101658,101477]
[502,220,277662,278266]
[503,92,284602,285072]
[504,18,13854,15110]
[505,275,223919,222931]
[506,95,516791,515376]
[507,231,689325,687878]
[508,119,31145,29845]
[509,122,139767,140046]
[510,34,285638,286333]
[511,14,504981,505527]
[512,233,274914,273578]
[513,272,407946,408970]
[514,249,708595,707949]
[515,118,47210,47495]
[516,116,699991,700119]
[517,26,6252,7488]
[518,41,115508,115061]
[519,171,466141,465291]
[520,142,514332,515256]
[521,114,400475,401290]
[522,62,187916,188135]
[523,224,442906,444089]
[524,216,710826,711600]
[525,225,713220,712402]
[526,224,400895,402003]
[527,237,385657,384749]
[528,95,504012,503101]
[529,0,398452,399551]
[530,41,517772,516623]
[531,56,260594,261390]
[532,215,397747,397317]
[533,70,354736,355831]
[534,200,547408,547876]
[535,246,614041,615514]
[536,110,129465,129879]
[537,57,155379,154367]
[538,103,503050,502277]
[539,13,412656,411975]
[540,225,728549,727728]
[541,74,378539,379927]
[542,72,480064,481314]
[543,249,59302,59151]
[544,56,689540,690873]
[545,129,519672,519225]
[546,158,536589,537960]
[547,22,296423,297871]
[548,22,206897,207409]
[549,80,299880,301118]
[550,236,28319,29687]
[551,119,507577,506546]
[552,102,703306,703978]
[553,148,453740,455208]
[554,92,584027,584409]
[555,181,59557,58502]
[556,112,442994,443759]
[557,227,650902,649590]
[558,208,380919,381188]
[559,220,225842,226365]
[560,175,395004,393782]
[561,202,417255,418190]
[562,157,122360,122123]
[563,228,563888,565283]
[564,15,34455,33980]
[565,190,517252,518574]
[566,3,310235,309410]
[567,154,324339,325280]
[568,199,244466,244100]
[569,275,315201,314169]
[570,130,298881,299837]
[571,172,128921,129841]
[572,56,372244,373431]
[573,183,465488,465183]
[574,243,260454,259877]
[575,130,266450,267512]
[576,226,5277,6121]
[577,224,419291,419378]
[578,150,301321,302514]
[579,176,373270,373747]
[580,241,537250,536814]
[581,66,413789,414161]
[582,1,119900,118550]
[583,217,553673,552720]
[584,74,402329,403660]
[585,39,388942,388370]
[586,97,508206,506888]
[587,153,555423,555165]
[588,153,25573,24278]
[589,225,432463,431227]
[590,138,19662,20877]
[591,149,645123,643739]
[592,266,541265,541690]
[593,168,130726,131341]
[594,101,269663,269056]
[595,231,648982,648441]
[596,253,202564,201735]
[597,44,227261,227863]
[598,134,597261,598123]
[599,273,671486,670851]
[600,10,392028,393237]
[601,23,544052,543472]
[602,157,328180,327059]
[603,142,24586,25211]
[604,140,621737,621839]
[605,146,363790,364577]
[606,212,120414,121379]
[607,50,22846,23658]
[608,55,439160,438753]
[609,265,675587,675328]
[610,82,171719,172139]
[611,109,525554,525299]
[612,152,398546,399449]
[613,154,82249,83736]
[614,165,554231,553471]
[615,231,580827,579358]
[616,176,572107,573113]
[617,77,240595,240025]
[618,6,613259,614753]
[619,39,137086,136330]
[620,151,444049,443821]
[621,107,664962,664401]
[622,112,560838,561858]
[623,53,612380,612321]
[624,105,182418,182361]
[625,80,357547,358564]
[626,262,696071,697142]
[627,77,207792,207716]
[628,234,556198,557152]
[629,279,302592,301191]
[630,100,413436,414928]
[631,45,633330,632037]
[632,170,83613,84082]
[633,163,136301,135445]
[634,174,630671,631061]
[635,98,641286,642100]
[636,196,289363,290061]
[637,128,84510,84979]
[638,51,195686,194511]
[639,77,482819,481886]
[640,249,43941,43910]
[641,128,402889,404329]
[642,70,8475,9813]
[643,141,325025,324942]
[644,240,189635,190427]
[645,89,583178,582003]
[646,223,293600,292435]
[647,96,649526,650533]
[648,202,519056,519440]
[649,148,702857,704126]
[650,70,104690,105776]
[651,147,548915,547605]
[652,125,395020,393712]
[653,121,183823,183516]
[654,144,484724,485872]
[655,114,23821,24392]
[656,257,632511,631495]
[657,53,576549,575965]
[658,124,58658,59113]
[659,210,580335,581829]
[660,76,185409,186467]
[661,65,228497,227866]
[662,67,506878,505990]
[663,133,214602,214380]
[664,51,607168,605958]
[665,153,365349,364432]
[666,255,345341,344492]
[667,138,630101,630350]
[668,166,284946,285945]
[669,24,223220,224448]
[670,75,657380,656055]
[671,278,8524,9694]
[672,47,67890,67348]
[673,154,291607,292707]
[674,253,206081,205862]
[675,93,125075,124223]
[676,274,633056,633648]
[677,129,198494,198364]
[678,164,271337,271780]
[679,51,54431,53824]
[680,62,3733,4912]
[681,6,629203,629768]
[682,214,465772,466286]
[683,232,210616,211741]
[684,116,343169,344582]
[685,156,464324,465577]
[686,127,431399,430121]
[687,148,465433,466412]
[688,40,208702,209820]
[689,261,661031,660646]
[690,90,564326,565765]
[691,144,377043,377689]
[692,5,72009,71102]
[693,203,712198,712050]
[694,159,45886,45721]
[695,148,315545,315952]
[696,98,236817,237704]
[697,135,401673,401271]
[698,55,687819,687755]
[699,193,607056,605931]
[700,259,487028,486625]
[701,193,462787,461778]
[702,60,106534,107106]
[703,106,79638,80954]
[704,120,451423,452444]
[705,5,74935,74646]
[706,276,378600,379856]
[707,86,312466,313832]
[708,233,310241,309841]
[709,20,680733,681410]
[710,173,620744,620694]
[711,6,276860,277789]
[712,202,159008,160126]
[713,129,338004,336748]
[714,271,729702,728215]
[715,106,663473,663878]
[716,272,337317,338146]
[717,41,294673,293976]
[718,250,559073,559910]
[719,188,102109,103117]
[720,72,371988,372629]
[721,149,427348,426669]
[722,25,510765,509744]
[723,145,366394,365687]
[724,37,116102,115931]
[725,73,361287,359835]
[726,240,460122,460848]
[727,41,455633,454711]
[728,123,362568,362150]
[729,234,661179,661528]
[730,72,592511,592750]
[731,4,378646,379748]
[732,185,686864,686123]
[733,151,676671,675938]
[734,83,684610,683502]
[735,142,652738,652891]
[736,92,471775,472724]
[737,80,699438,700482]
[738,182,599981,600621]
[739,179,43318,42459]
[740,65,572082,571988]
[741,132,661477,661923]
[742,111,234172,233693]
[743,9,166900,166782]
[744,199,256681,255283]
[745,204,529247,530462]
[746,160,302084,303516]
[747,88,292484,293104]
[748,271,177571,176363]
[749,95,336871,336512]
[750,270,606789,607383]
[751,114,384255,385015]
[752,116,262999,264193]
[753,144,318117,319328]
[754,102,160044,160770]
[755,119,234375,233353]
[756,158,334335,335272]
[757,53,663219,661971]
[758,204,661740,663037]
[759,153,318389,318119]
[760,162,593472,593808]
[761,107,261083,260180]
[762,221,95600,94934]
[763,126,159172,160087]
[764,200,250054,251239]
[765,17,208048,206838]
[766,68,628346,629097]
[767,259,517374,516889]
[768,54,226051,226475]
[769,112,521902,523066]
[770,136,593036,594188]
[771,64,41509,42301]
[772,201,453316,452676]
[773,269,687831,687153]
[774,235,74952,74719]
[775,167,100457,99578]
[776,166,457766,458886]
[777,123,186617,185622]
[778,110,373992,374418]
[779,245,7530,6253]
[780,144,719275,719672]
[781,13,142573,141716]
[782,272,518929,519945]
[783,73,570890,570194]
[784,180,297880,298900]
[785,184,696930,698191]
[786,38,153389,154109]
[787,242,380982,381238]
[788,99,444443,444138]
[789,72,118173,119668]
[790,172,333342,334639]
[791,101,34943,34396]
[792,256,157473,158447]
[793,107,255908,254828]
[794,227,196764,195408]
[795,37,633709,632669]
[796,196,299834,299879]
[797,278,680924,681045]
[798,62,258157,259574]
[799,256,349147,350390]
[800,133,128286,128242]
[801,48,427433,427821]
[802,145,153983,152863]
[803,81,300184,298984]
[804,105,554203,553698]
[805,206,78713,80162]
[806,79,104688,103456]
[807,117,360490,359429]
[808,130,49837,50159]
[809,81,636915,635417]
[810,31,404335,403661]
[811,100,342058,342138]
[812,192,57380,57417]
[813,209,725917,724424]
[814,194,643671,643775]
[815,143,607642,607047]
[816,66,419502,420048]
[817,276,550715,550938]
[818,165,463340,462120]
[819,166,624417,625122]
[820,196,303363,303590]
[821,88,510694,511360]
[822,256,568924,569133]
[823,78,597440,597795]
[824,61,534511,533962]
[825,111,636770,636401]
[826,31,135796,135023]
[827,158,113974,114085]
[828,2,546167,546819]
[829,34,241790,242315]
[830,87,279104,277860]
[831,215,721578,720610]
[832,123,228131,226928]
[833,80,80376,81499]
[834,40,190163,190612]
[835,132,422039,422656]
[836,251,193229,192397]
[837,94,365934,367244]
[838,23,273069,272129]
[839,74,627357,628741]
[840,221,701228,699930]
[841,215,187015,186649]
[842,30,326585,327265]
[843,176,666058,666194]
[844,51,331021,329986]
[845,278,558858,559261]
[846,237,562093,561220]
[847,87,225879,224530]
[848,269,100886,100306]
[849,112,212376,212881]
[850,269,71891,70844]
[851,107,495060,494617]
[852,196,372984,373232]
[853,152,284538,285107]
[854,69,128007,127903]
[855,170,624308,625616]
[856,50,51835,52149]
[857,86,390583,390893]
[858,276,573853,574458]
[859,71,721024,720835]
[860,68,141341,141882]
[861,214,514956,515530]
[862,49,559962,558847]
[863,177,326840,326725]
[864,259,340507,340345]
[865,228,522091,523463]
[866,21,555073,554745]
[867,155,618401,617958]
[868,186,553987,554212]
[869,24,678687,679860]
[870,178,154881,155222]
[871,114,564060,564594]
[872,78,628930,629883]
[873,273,592047,590982]
[874,228,576468,576542]
[875,41,583134,581875]
[876,175,216056,214746]
[877,67,675138,674305]
[878,269,421276,421103]
[879,6,295175,295553]
[880,127,287007,286421]
[881,3,127168,126220]
[882,179,264288,263659]
[883,185,368399,367504]
[884,161,483195,482567]
[885,232,128248,128531]
[886,33,19461,18689]
[887,71,728166,727809]
[888,194,387749,389123]
[889,40,624992,626129]
[890,52,387369,387614]
[891,256,363204,364261]
[892,182,248710,250158]
[893,54,230531,232014]
[894,192,405436,405700]
[895,36,21251,22494]
