["head":"wrap","lpos","status"]
[214,689887,1]
["io count"]
[90]
["io":"id","wrap","startLpos","endLpos"]
[1,85,408736,407655]
[2,117,263414,262753]
[3,213,684992,683562]
[4,241,639034,637624]
[5,196,427181,427260]
[6,12,653103,653290]
[7,9,541290,540052]
[8,111,258956,257813]
[9,175,234649,234185]
[10,22,441743,442404]
[11,206,264151,264280]
[12,52,86136,87302]
[13,129,613825,612615]
[14,86,487906,488993]
[15,214,512198,513104]
[16,6,110226,111518]
[17,214,431605,432480]
[18,256,31739,32623]
[19,148,548328,549484]
[20,217,185800,185767]
[21,191,117720,117256]
[22,174,379898,380148]
[23,189,302800,302126]
[24,245,295037,293728]
[25,37,516759,515579]
[26,53,420965,420055]
[27,277,363178,363105]
[28,49,359342,358671]
[29,265,686329,684904]
[30,92,598110,599335]
[31,197,129254,128103]
[32,112,1018,1880]
[33,257,312558,312344]
[34,64,707477,708455]
[35,266,572103,573285]
[36,71,473476,472177]
[37,205,158754,158313]
[38,62,586494,587016]
[39,277,421596,420786]
[40,111,125759,125521]
[41,170,648507,649136]
[42,168,505891,505938]
[43,191,456080,455480]
[44,154,118184,118622]
[45,83,587058,586249]
[46,200,655061,656450]
[47,9,416759,415699]
[48,112,264237,264308]
[49,184,310388,311695]
[50,98,529275,529695]
[51,239,380010,378513]
[52,252,72856,73321]
[53,266,300433,301466]
[54,203,501442,501298]
[55,216,422786,423311]
[56,49,301391,300402]
[57,173,467374,467226]
[58,54,66596,66944]
[59,181,591787,591471]
[60,78,706175,707118]
[61,69,385479,384134]
[62,152,181507,182530]
[63,28,610631,610935]
[64,39,416716,416065]
[65,130,187679,188163]
[66,188,658230,659508]
[67,96,15221,15769]
[68,212,41891,42828]
[69,18,587348,587396]
[70,28,692857,693294]
[71,78,196502,197074]
[72,175,648315,647705]
[73,238,52478,53890]
[74,170,186850,188028]
[75,14,19545,20661]
[76,193,490704,490310]
[77,82,380339,381437]
[78,34,685284,685632]
[79,261,644354,643629]
[80,178,521949,522624]
[81,46,340513,341437]
[82,159,158113,157800]
[83,268,634037,635433]
[84,235,117448,116481]
[85,125,226366,225278]
[86,29,37849,37186]
[87,15,172083,170748]
[88,237,406356,405644]
[89,257,187041,186070]
[90,138,704966,706389]
