["head":"wrap","lpos","status"]
[68,16439,1]
["io count"]
[900]
["io":"id","wrap","startLpos","endLpos"]
[1,150,71092,71215]
[2,71,89740,89354]
[3,72,351794,353269]
[4,110,94568,94949]
[5,272,304431,304769]
[6,39,167159,165824]
[7,177,191593,190817]
[8,264,698851,700206]
[9,246,416386,416791]
[10,149,65095,65043]
[11,143,721519,721185]
[12,211,650375,649811]
[13,55,612203,611030]
[14,28,462885,464229]
[15,121,354659,354022]
[16,132,707430,708867]
[17,144,116803,117064]
[18,196,480692,481870]
[19,265,439930,439592]
[20,144,637832,638484]
[21,243,137696,136479]
[22,133,376343,375068]
[23,10,362130,362797]
[24,203,104040,102834]
[25,212,696011,696708]
[26,154,642632,642995]
[27,136,690212,690375]
[28,174,216509,217733]
[29,97,475944,474820]
[30,155,29278,28048]
[31,206,385721,386052]
[32,218,724348,724709]
[33,14,696007,696437]
[34,184,490956,492352]
[35,279,508106,507018]
[36,217,168521,167505]
[37,193,341294,340978]
[38,136,56400,57429]
[39,58,404317,404899]
[40,33,570091,569567]
[41,55,106019,105471]
[42,157,205344,205244]
[43,171,429616,429053]
[44,146,84101,84955]
[45,151,86451,85408]
[46,35,221158,220892]
[47,274,709128,710354]
[48,114,686965,687761]
[49,225,308195,307953]
[50,87,1689,737]
[51,108,521759,522908]
[52,241,277199,275827]
[53,138,238140,239475]
[54,204,727757,729057]
[55,58,31858,32453]
[56,64,333340,333585]
[57,47,153895,153291]
[58,216,294679,295375]
[59,95,358962,358133]
[60,149,241969,241812]
[61,230,344637,345933]
[62,39,96250,96129]
[63,194,390117,390554]
[64,217,385980,385223]
[65,57,277814,276451]
[66,162,368182,368565]
[67,186,554281,555379]
[68,3,22263,21732]
[69,162,268413,269691]
[70,261,695530,694192]
[71,38,587588,589075]
[72,158,56868,58366]
[73,59,449943,448682]
[74,248,571601,572085]
[75,26,324793,325652]
[76,227,377344,376636]
[77,128,727149,728002]
[78,275,508329,507575]
[79,39,457192,456256]
[80,195,387607,387461]
[81,80,615122,616354]
[82,135,483574,482989]
[83,241,284634,283358]
[84,123,482655,482467]
[85,167,434678,433901]
[86,180,245046,246076]
[87,44,544052,545022]
[88,159,356999,355620]
[89,162,473568,474322]
[90,114,442867,444022]
[91,149,341664,341209]
[92,64,423708,424350]
[93,133,573694,573516]
[94,244,74052,74111]
[95,107,250998,250684]
[96,8,686283,687582]
[97,220,348083,349265]
[98,75,142148,141056]
[99,137,258947,257632]
[100,68,489228,489460]
[101,110,671599,672025]
[102,233,636580,635678]
[103,48,718680,719448]
[104,254,67860,69099]
[105,44,230432,230923]
[106,42,652577,653924]
[107,184,554620,555307]
[108,203,367149,367105]
[109,34,419388,420000]
[110,107,74982,73596]
[111,83,17971,17072]
[112,86,440656,441876]
[113,43,343549,342156]
[114,45,276424,275537]
[115,274,188521,189153]
[116,62,478007,478513]
[117,103,348374,347016]
[118,56,228829,229717]
[119,83,597886,596610]
[120,203,105761,105166]
[121,91,374662,374196]
[122,87,54788,53983]
[123,61,533958,533857]
[124,149,377923,377381]
[125,255,383212,382882]
[126,164,424989,425852]
[127,219,44251,43550]
[128,9,290187,289702]
[129,60,696328,696969]
[130,16,308957,309508]
[131,273,582643,581248]
[132,242,449563,450546]
[133,123,637656,637583]
[134,210,65422,65503]
[135,29,239586,239007]
[136,11,632536,631513]
[137,214,412002,412373]
[138,164,257802,257965]
[139,12,77084,78577]
[140,233,158420,157431]
[141,30,105051,106151]
[142,126,1819,3034]
[143,191,73205,72007]
[144,241,352048,351282]
[145,229,451150,450645]
[146,5,571255,570866]
[147,167,470761,469580]
[148,5,214449,214362]
[149,63,477031,475943]
[150,247,12898,12268]
[151,48,192750,192842]
[152,50,276804,276845]
[153,180,719342,719629]
[154,84,190545,192028]
[155,110,499207,500065]
[156,63,469361,468206]
[157,96,688951,689153]
[158,201,722226,721287]
[159,136,306872,307012]
[160,160,524120,525081]
[161,220,307266,308267]
[162,210,499709,500472]
[163,60,611645,612515]
[164,104,351232,352721]
[165,165,463360,462531]
[166,26,90836,91237]
[167,234,338743,340140]
[168,211,271835,271359]
[169,259,414513,413216]
[170,187,163570,162741]
[171,156,560305,561374]
[172,185,416114,414851]
[173,265,352778,352516]
[174,8,717960,718843]
[175,27,24549,24288]
[176,194,74045,75313]
[177,217,149283,148641]
[178,13,395653,394378]
[179,107,216517,216031]
[180,238,87722,88269]
[181,19,232279,231073]
[182,260,216231,216970]
[183,255,240383,240168]
[184,47,520775,519491]
[185,136,450545,451114]
[186,67,359187,357871]
[187,203,154699,154082]
[188,248,86286,87715]
[189,147,476158,475769]
[190,57,467687,467262]
[191,163,387641,387521]
[192,242,190417,191251]
[193,104,639180,639662]
[194,258,654874,654915]
[195,229,661418,660932]
[196,32,559183,559726]
[197,42,550473,550897]
[198,8,588954,590096]
[199,156,178433,178795]
[200,144,647050,648323]
[201,202,667951,669385]
[202,192,693607,693735]
[203,3,676815,675700]
[204,56,189747,190239]
[205,257,324409,323108]
[206,108,653654,654555]
[207,114,721435,722319]
[208,190,368277,369714]
[209,162,619366,620234]
[210,25,497414,496661]
[211,4,684793,685350]
[212,173,60651,59267]
[213,18,597618,599068]
[214,176,456359,457791]
[215,140,480905,482136]
[216,136,308399,309106]
[217,150,12920,13022]
[218,22,115539,116226]
[219,28,38587,38983]
[220,179,200971,200546]
[221,40,283600,283736]
[222,46,210006,211223]
[223,221,283933,283269]
[224,1,217337,217172]
[225,57,545419,545187]
[226,30,50709,52147]
[227,3,442825,441614]
[228,199,298952,297655]
[229,251,728119,727187]
[230,193,222547,221784]
[231,163,227281,225843]
[232,240,222421,223014]
[233,35,18040,17244]
[234,198,431134,431599]
[235,17,42150,41626]
[236,181,199768,199406]
[237,88,335895,336272]
[238,145,502590,502319]
[239,164,593069,593481]
[240,73,544518,543031]
[241,88,701098,701965]
[242,47,534713,534388]
[243,12,496483,497902]
[244,206,17933,18350]
[245,125,280547,279786]
[246,57,114746,114120]
[247,206,383149,383854]
[248,148,274603,275234]
[249,20,73138,74292]
[250,42,530044,530719]
[251,137,72099,71928]
[252,4,654412,654662]
[253,33,713642,712432]
[254,51,727066,725571]
[255,125,356815,355377]
[256,16,582567,582897]
[257,58,543322,544218]
[258,242,52290,52661]
[259,184,262840,264298]
[260,255,404014,403708]
[261,172,352045,353190]
[262,38,262459,263548]
[263,45,594880,594630]
[264,269,494407,494346]
[265,173,106188,105438]
[266,140,600029,600372]
[267,208,247563,248973]
[268,200,722653,723773]
[269,242,334064,335557]
[270,52,182341,183341]
[271,172,497357,497911]
[272,87,220146,218990]
[273,79,270317,269943]
[274,128,341779,343256]
[275,47,228914,227552]
[276,12,678728,679154]
[277,163,427384,426081]
[278,218,81812,83242]
[279,81,75117,74739]
[280,188,493419,493773]
[281,42,192030,192368]
[282,112,60371,61157]
[283,65,508849,507640]
[284,243,701052,700559]
[285,241,199809,198673]
[286,192,10597,10936]
[287,172,610607,610763]
[288,153,369373,368067]
[289,221,469163,468961]
[290,170,622172,622757]
[291,95,351737,351253]
[292,220,692032,692380]
[293,172,34710,35066]
[294,128,180055,180344]
[295,110,491036,492197]
[296,258,284726,285054]
[297,165,696212,695273]
[298,232,564397,565501]
[299,6,550797,552093]
[300,112,330230,331448]
[301,264,583436,584199]
[302,218,579136,580007]
[303,182,106469,107246]
[304,110,214942,215671]
[305,130,326343,326444]
[306,78,391628,392046]
[307,73,295491,295101]
[308,243,46788,46622]
[309,196,457438,457583]
[310,174,74563,75656]
[311,241,22079,21511]
[312,100,618656,618992]
[313,130,95825,97074]
[314,114,662159,663586]
[315,81,628247,626827]
[316,59,148687,148449]
[317,128,2956,4093]
[318,101,506464,506086]
[319,266,124395,125139]
[320,108,495735,496914]
[321,200,465695,466899]
[322,271,267505,266689]
[323,16,479266,479324]
[324,18,653694,654861]
[325,232,649188,649480]
[326,237,652054,651674]
[327,160,94794,94956]
[328,160,723306,724201]
[329,238,520783,522093]
[330,108,558404,559200]
[331,232,47057,47948]
[332,182,488502,489616]
[333,231,259672,259460]
[334,37,519476,519138]
[335,27,250701,250387]
[336,28,621596,622636]
[337,63,648725,648646]
[338,203,223189,222816]
[339,71,95835,95302]
[340,143,586786,586296]
[341,228,393813,394011]
[342,33,695851,694651]
[343,185,667263,666508]
[344,193,86787,85372]
[345,215,662695,661430]
[346,43,639782,639568]
[347,233,206794,205426]
[348,39,472140,472015]
[349,42,240858,241797]
[350,263,534799,534571]
[351,21,342096,341554]
[352,231,535046,534938]
[353,184,503015,503790]
[354,96,588632,589977]
[355,231,591391,591034]
[356,153,314810,313705]
[357,142,477212,478131]
[358,34,197171,198421]
[359,236,78827,80047]
[360,85,250877,250327]
[361,119,448248,448032]
[362,29,490826,490172]
[363,115,431742,430634]
[364,109,23592,22948]
[365,209,78150,77083]
[366,123,668867,667620]
[367,84,217454,218678]
[368,179,196341,195922]
[369,6,307725,308496]
[370,192,165776,167151]
[371,26,333338,334137]
[372,171,547850,547043]
[373,53,640946,640518]
[374,265,134382,133057]
[375,160,613749,614684]
[376,160,585131,586021]
[377,157,297410,296004]
[378,123,447233,445877]
[379,196,231540,232841]
[380,220,339725,340119]
[381,2,248752,250177]
[382,155,454701,454412]
[383,143,640682,640192]
[384,66,1418,2818]
[385,4,546620,546866]
[386,92,712387,713021]
[387,145,407713,407387]
[388,215,442753,441394]
[389,261,40762,40422]
[390,207,44829,43545]
[391,175,682618,681979]
[392,77,406401,406096]
[393,81,29484,28059]
[394,150,680694,681438]
[395,93,680609,679878]
[396,19,328646,327803]
[397,228,698179,698386]
[398,63,500288,499154]
[399,234,255390,255794]
[400,80,727582,728721]
[401,79,197147,196204]
[402,88,79210,79754]
[403,179,247047,245856]
[404,257,375707,374460]
[405,96,712427,713323]
[406,30,323675,324677]
[407,233,130876,130627]
[408,110,486880,487832]
[409,128,619647,620707]
[410,166,313316,314061]
[411,196,643425,643773]
[412,35,362466,361224]
[413,55,603952,603709]
[414,262,696784,697287]
[415,190,258366,259648]
[416,139,516520,515787]
[417,245,201403,201163]
[418,62,499226,499495]
[419,209,645051,644027]
[420,59,167797,166685]
[421,215,134423,133546]
[422,165,724655,724011]
[423,169,94161,93612]
[424,91,149916,149258]
[425,276,8138,8201]
[426,143,398524,398059]
[427,90,178604,178699]
[428,98,139188,139986]
[429,276,194796,195426]
[430,187,154693,154265]
[431,163,561080,560306]
[432,38,133698,133959]
[433,157,198005,197715]
[434,98,75219,75475]
[435,229,453,143]
[436,247,46019,44864]
[437,49,269029,268619]
[438,99,566565,565297]
[439,236,695088,696419]
[440,183,30701,29533]
[441,124,426282,426563]
[442,89,694077,692777]
[443,227,471821,471402]
[444,137,518787,517311]
[445,247,3902,2782]
[446,28,284753,285852]
[447,242,527186,527531]
[448,11,421570,420451]
[449,154,665417,665604]
[450,267,497344,496938]
[451,224,581313,582216]
[452,247,536685,535784]
[453,257,448981,448038]
[454,34,506071,507075]
[455,222,489777,490480]
[456,180,46619,47918]
[457,208,691158,692198]
[458,55,248572,248029]
[459,25,96897,95717]
[460,194,228787,229214]
[461,25,154019,152966]
[462,25,444882,444240]
[463,101,125817,124591]
[464,108,104149,105639]
[465,260,297909,298380]
[466,28,182871,183411]
[467,215,163597,163401]
[468,183,157257,157222]
[469,58,119652,119762]
[470,44,720029,720562]
[471,25,345831,344877]
[472,258,23308,23945]
[473,263,590609,589913]
[474,254,643644,644539]
[475,271,300121,298998]
[476,85,497368,496933]
[477,123,390151,389576]
[478,130,552684,553153]
[479,126,317274,317849]
[480,167,108220,107716]
[481,37,8478,7306]
[482,139,351928,351796]
[483,277,724005,722545]
[484,124,644911,646305]
[485,208,3884,4844]
[486,41,577484,576258]
[487,10,412186,412894]
[488,24,629175,629959]
[489,209,474897,474856]
[490,147,672790,672223]
[491,132,177927,178136]
[492,224,64462,65815]
[493,52,182516,182757]
[494,252,127528,128336]
[495,217,29766,28931]
[496,210,171432,172165]
[497,232,414062,415365]
[498,78,536981,537373]
[499,23,535028,533557]
[500,46,186504,187401]
[501,89,116620,116566]
[502,243,187294,186272]
[503,92,714370,715774]
[504,3,456928,456761]
[505,13,399202,398835]
[506,88,84284,84745]
[507,212,48216,49582]
[508,126,691800,692095]
[509,151,512424,511212]
[510,66,676528,677061]
[511,67,567690,567010]
[512,196,433238,434423]
[513,265,674037,673976]
[514,264,627420,628155]
[515,211,109579,108229]
[516,278,715427,715867]
[517,180,116059,116404]
[518,32,390114,391022]
[519,112,285161,285854]
[520,154,317199,317241]
[521,232,537000,538005]
[522,277,517019,516860]
[523,140,184848,184967]
[524,225,380429,379218]
[525,176,370883,371740]
[526,47,476401,475449]
[527,109,549649,549260]
[528,144,619389,619651]
[529,47,500660,499196]
[530,187,594656,593671]
[531,73,12706,12072]
[532,109,281949,281853]
[533,126,539821,539857]
[534,260,606951,607012]
[535,219,640735,639407]
[536,246,320420,320923]
[537,247,345867,345791]
[538,272,715357,716026]
[539,83,21096,20344]
[540,120,372609,374044]
[541,136,684678,685465]
[542,265,397157,396914]
[543,228,13271,13741]
[544,197,710483,709384]
[545,176,721401,721599]
[546,46,533816,534802]
[547,86,165180,165361]
[548,203,377583,377456]
[549,14,328010,328604]
[550,92,405927,406296]
[551,62,680181,681638]
[552,13,418474,417030]
[553,236,260062,260785]
[554,145,113214,113130]
[555,202,550496,551198]
[556,267,108844,107562]
[557,72,534576,535212]
[558,137,460208,459086]
[559,56,362907,363284]
[560,206,120177,121155]
[561,264,360360,360673]
[562,106,137571,139062]
[563,221,8676,7523]
[564,166,113175,113912]
[565,111,682236,681537]
[566,217,81092,80182]
[567,49,561906,561104]
[568,219,192980,192717]
[569,133,126124,125889]
[570,81,534050,533039]
[571,191,563761,562527]
[572,238,402263,402512]
[573,255,663451,662336]
[574,108,216313,217499]
[575,103,292832,291937]
[576,214,665019,665758]
[577,138,587248,587678]
[578,102,159756,160189]
[579,118,13793,14384]
[580,62,468929,469479]
[581,84,670240,670319]
[582,175,623181,621722]
[583,144,621569,622633]
[584,126,114273,114311]
[585,232,720345,720596]
[586,264,198193,199142]
[587,243,549193,548677]
[588,48,423997,424160]
[589,275,182224,181457]
[590,258,660751,661569]
[591,247,263692,263019]
[592,69,253268,252812]
[593,52,307432,308189]
[594,229,40849,39641]
[595,149,258530,257726]
[596,53,269955,269863]
[597,253,29105,28599]
[598,152,77484,77980]
[599,32,718160,719244]
[600,4,369009,369375]
[601,101,543190,542119]
[602,249,428101,427545]
[603,184,312017,313467]
[604,190,217928,217972]
[605,156,75875,76092]
[606,247,657032,655606]
[607,22,616954,618266]
[608,80,266443,267313]
[609,102,444039,445414]
[610,262,824,863]
[611,170,38412,39367]
[612,32,107542,108903]
[613,250,231624,232048]
[614,79,661375,660148]
[615,168,566258,567008]
[616,128,268748,269399]
[617,266,565510,565583]
[618,80,308376,309612]
[619,15,448883,447939]
[620,41,393209,392064]
[621,238,76202,77358]
[622,135,130531,129145]
[623,216,360344,360636]
[624,223,241120,240836]
[625,182,173609,173925]
[626,138,346225,346845]
[627,167,406168,404754]
[628,215,501021,499794]
[629,197,659375,658675]
[630,23,108865,107399]
[631,70,81073,82480]
[632,5,117053,115669]
[633,82,407692,408654]
[634,260,424929,425548]
[635,279,244589,244159]
[636,30,310031,310675]
[637,56,560396,561111]
[638,251,516324,516068]
[639,21,590606,589121]
[640,183,183633,183365]
[641,12,249838,250555]
[642,6,84427,84925]
[643,140,520739,520783]
[644,209,507271,506325]
[645,243,709962,708895]
[646,6,487710,488675]
[647,119,269060,267767]
[648,53,86203,85998]
[649,218,645244,646398]
[650,43,491702,490850]
[651,160,583811,584289]
[652,170,47300,47519]
[653,37,288807,287401]
[654,214,355117,356006]
[655,151,216740,215817]
[656,274,457747,458200]
[657,212,524447,525773]
[658,269,232050,230748]
[659,105,389691,388892]
[660,21,58752,58249]
[661,177,562889,562097]
[662,239,166159,165926]
[663,139,584649,584579]
[664,157,152106,151739]
[665,153,245806,244913]
[666,11,142211,141095]
[667,42,124895,125020]
[668,233,573135,571915]
[669,145,333905,333574]
[670,152,560262,561090]
[671,242,539710,539935]
[672,240,52621,52922]
[673,41,69726,68932]
[674,71,441110,440411]
[675,166,97550,98992]
[676,271,702482,701269]
[677,259,399586,398748]
[678,60,472312,473550]
[679,87,21874,20747]
[680,131,101415,100211]
[681,49,170974,170242]
[682,140,43434,44413]
[683,223,513977,513308]
[684,36,672871,673599]
[685,127,658383,657388]
[686,218,670942,671402]
[687,113,722171,721596]
[688,107,23871,23302]
[689,258,35502,35884]
[690,208,191324,191539]
[691,228,316598,317149]
[692,51,326340,325185]
[693,197,614323,613036]
[694,28,411624,412044]
[695,63,205181,204345]
[696,179,548272,546917]
[697,83,601973,601577]
[698,211,269620,268937]
[699,134,681353,682704]
[700,177,128327,127041]
[701,185,641114,640346]
[702,107,689959,689722]
[703,201,552591,551870]
[704,163,349766,349076]
[705,269,13612,13261]
[706,212,597972,599319]
[707,89,212283,211220]
[708,142,188354,189608]
[709,62,410943,411491]
[710,189,483700,482901]
[711,256,184599,185636]
[712,190,636825,637262]
[713,197,337427,337062]
[714,158,238773,239613]
[715,39,226826,225538]
[716,159,728270,728081]
[717,150,459421,460122]
[718,16,397320,398517]
[719,191,231037,229991]
[720,273,460359,459124]
[721,270,242240,242856]
[722,100,228203,228329]
[723,100,465163,466647]
[724,156,349436,350487]
[725,235,411676,410431]
[726,20,119166,120122]
[727,221,18431,17489]
[728,111,696271,695936]
[729,65,71073,69586]
[730,147,21179,20539]
[731,130,4125,5503]
[732,151,281182,279989]
[733,238,118737,119419]
[734,77,333598,332889]
[735,2,105974,106303]
[736,109,702940,702542]
[737,260,514510,515858]
[738,214,376895,377819]
[739,180,378424,378821]
[740,230,369517,369860]
[741,76,216013,216107]
[742,77,701418,701180]
[743,34,378618,378963]
[744,23,411702,411500]
[745,150,631914,632639]
[746,82,530559,531162]
[747,27,571938,571679]
[748,68,192960,193135]
[749,199,543460,542442]
[750,5,73879,73272]
[751,252,415954,416347]
[752,98,562277,562438]
[753,35,456891,455407]
[754,195,728928,727728]
[755,110,391687,392695]
[756,214,123572,123877]
[757,10,309098,310542]
[758,180,103047,104260]
[759,159,346008,345449]
[760,48,226776,227040]
[761,151,119989,119514]
[762,176,608949,610314]
[763,77,66850,65989]
[764,171,652187,651835]
[765,180,358172,359243]
[766,114,395816,396183]
[767,66,708638,709879]
[768,240,468328,469218]
[769,264,689351,690646]
[770,179,350716,349598]
[771,161,151841,150844]
[772,32,112910,114390]
[773,179,657775,657017]
[774,195,428115,427683]
[775,273,688892,688372]
[776,44,382658,383498]
[777,111,370609,369204]
[778,22,120864,121982]
[779,225,85154,83943]
[780,240,188431,189597]
[781,17,135873,134501]
[782,179,370565,369431]
[783,22,674693,675425]
[784,82,91148,92645]
[785,13,583925,582449]
[786,258,255499,255556]
[787,128,84760,84831]
[788,46,434702,435668]
[789,276,94089,94800]
[790,197,83621,83460]
[791,13,76462,75391]
[792,279,243394,243054]
[793,144,435453,436806]
[794,218,622231,622636]
[795,119,341699,340238]
[796,265,426422,425322]
[797,194,8888,9983]
[798,247,531622,530849]
[799,166,72182,72767]
[800,29,686609,685793]
[801,160,161596,162192]
[802,22,80825,82132]
[803,174,364070,364244]
[804,185,213494,212590]
[805,91,145416,144601]
[806,217,187195,186596]
[807,169,58924,58032]
[808,121,435268,435058]
[809,22,632183,633046]
[810,67,421619,420253]
[811,19,204000,203107]
[812,58,136227,136989]
[813,152,523809,524656]
[814,24,179096,179203]
[815,99,304146,303882]
[816,276,11877,12534]
[817,116,642360,643564]
[818,236,643799,644868]
[819,260,657531,658004]
[820,230,455577,456808]
[821,70,258297,259147]
[822,155,404611,403501]
[823,139,728905,728155]
[824,4,109769,111041]
[825,174,112675,113068]
[826,68,486898,488349]
[827,22,576690,577200]
[828,258,47272,47919]
[829,134,477054,477526]
[830,260,42643,43904]
[831,44,102586,104068]
[832,176,610418,611846]
[833,68,194556,194844]
[834,229,584944,584197]
[835,80,321529,321744]
[836,31,560030,559562]
[837,9,457544,457203]
[838,56,5797,6505]
[839,87,153190,153020]
[840,259,376077,375024]
[841,182,186514,186734]
[842,2,74747,75336]
[843,189,254179,253602]
[844,116,473205,473843]
[845,239,263509,262047]
[846,26,568646,569604]
[847,262,81373,81884]
[848,171,271572,271511]
[849,40,371105,372198]
[850,244,672476,673289]
[851,207,22495,21518]
[852,186,125342,126455]
[853,101,259077,258649]
[854,132,133616,134062]
[855,31,2747,1934]
[856,160,31101,31766]
[857,164,645644,646494]
[858,27,364266,362828]
[859,251,446161,446022]
[860,212,687473,688281]
[861,50,322022,322753]
[862,192,135803,136676]
[863,87,133607,133001]
[864,6,239417,239655]
[865,25,622253,620988]
[866,189,625601,624499]
[867,263,343001,342904]
[868,25,529989,528813]
[869,1,437928,437109]
[870,144,20757,21448]
[871,106,38665,38998]
[872,169,506812,505344]
[873,78,626640,627987]
[874,210,593562,593995]
[875,262,197410,198753]
[876,115,451433,450818]
[877,182,236063,237434]
[878,277,375304,375030]
[879,13,261042,259655]
[880,233,157624,156534]
[881,185,714565,713578]
[882,171,655300,654929]
[883,174,99317,100700]
[884,90,134597,135880]
[885,96,154897,156003]
[886,167,434468,433820]
[887,270,250094,250838]
[888,138,176509,177201]
[889,86,633515,634491]
[890,155,263334,262195]
[891,184,336294,337134]
[892,124,389121,389701]
[893,229,101943,100968]
[894,91,525731,524637]
[895,69,346795,345860]
[896,150,450077,451377]
[897,33,92247,91722]
[898,9,479600,478765]
[899,209,177186,176290]
[900,18,78653,79328]
