["head":"wrap","lpos","status"]
[264,438790,1]
["io count"]
[905]
["io":"id","wrap","startLpos","endLpos"]
[1,8,485743,485856]
[2,37,277798,276473]
[3,166,367028,367760]
[4,253,562090,561895]
[5,132,205890,207031]
[6,278,474342,474968]
[7,115,219796,219166]
[8,116,101532,101735]
[9,228,608113,609061]
[10,3,565928,565489]
[11,196,337910,338427]
[12,242,446270,447391]
[13,75,379472,379015]
[14,259,500355,499560]
[15,6,90650,91797]
[16,155,41508,40968]
[17,141,37148,36471]
[18,247,220617,219462]
[19,61,299570,298873]
[20,135,228629,227840]
[21,111,452268,451777]
[22,55,617448,616119]
[23,37,234338,233227]
[24,143,607779,606833]
[25,224,433177,433368]
[26,136,593662,593974]
[27,124,648941,649962]
[28,213,76954,76653]
[29,28,59595,60833]
[30,206,107935,108224]
[31,13,653767,652501]
[32,15,449272,448623]
[33,255,538375,537502]
[34,240,281587,282505]
[35,215,494095,493020]
[36,82,273113,274587]
[37,190,95259,95714]
[38,0,168187,168887]
[39,248,316081,316452]
[40,60,427372,427483]
[41,17,306501,305270]
[42,218,156011,157348]
[43,259,421476,420300]
[44,255,50041,48664]
[45,277,480888,480311]
[46,150,133734,134201]
[47,105,195236,194374]
[48,72,160263,160913]
[49,29,461879,460635]
[50,139,126498,125409]
[51,17,60865,60197]
[52,63,49011,47903]
[53,1,480539,480498]
[54,264,255268,255681]
[55,152,480230,481042]
[56,183,386701,386520]
[57,44,71194,71738]
[58,268,291146,291943]
[59,246,617686,618524]
[60,167,711914,711207]
[61,46,434495,434615]
[62,198,283241,284499]
[63,257,562180,562136]
[64,182,244136,244741]
[65,17,558459,557648]
[66,209,198781,198272]
[67,208,69095,69936]
[68,153,433752,433630]
[69,14,88182,89031]
[70,148,510564,511572]
[71,58,569081,570222]
[72,91,244458,244308]
[73,92,44043,44524]
[74,170,331326,331677]
[75,230,649169,649709]
[76,124,433536,434244]
[77,129,96114,96082]
[78,226,610093,610746]
[79,31,59267,58352]
[80,4,682326,682367]
[81,217,212384,211141]
[82,228,625402,625895]
[83,1,409944,409086]
[84,245,161748,160689]
[85,265,593662,592636]
[86,199,442050,441024]
[87,16,302553,303552]
[88,225,308842,308381]
[89,221,416430,415904]
[90,14,657712,658356]
[91,78,352527,353906]
[92,25,531062,530030]
[93,46,678488,679435]
[94,261,542506,541222]
[95,170,564102,564189]
[96,196,365824,366935]
[97,89,395591,395421]
[98,240,511584,512124]
[99,271,403421,402831]
[100,179,139711,139528]
[101,168,268649,269772]
[102,92,179276,179834]
[103,247,277502,276913]
[104,200,532040,532236]
[105,96,569525,569925]
[106,175,670860,670201]
[107,196,404128,405161]
[108,148,17887,19277]
[109,213,80236,79345]
[110,117,606886,605742]
[111,22,304979,306291]
[112,242,496704,497097]
[113,132,371303,371463]
[114,130,484500,485448]
[115,222,180379,181220]
[116,180,404194,404657]
[117,75,379507,379470]
[118,151,388161,386730]
[119,250,41637,41993]
[120,272,249791,250413]
[121,194,101495,102082]
[122,100,266379,266451]
[123,256,491675,491743]
[124,121,173535,173276]
[125,148,680818,681311]
[126,43,143710,142942]
[127,230,184163,184850]
[128,145,480277,479262]
[129,251,424123,423570]
[130,7,15885,15488]
[131,142,524202,524302]
[132,258,127317,128164]
[133,156,100367,100430]
[134,234,729264,730160]
[135,45,130762,130645]
[136,123,30234,28871]
[137,219,693436,693271]
[138,63,637860,637708]
[139,52,137430,138186]
[140,219,152010,151204]
[141,54,399649,400459]
[142,157,471805,471342]
[143,83,521936,521677]
[144,169,365594,364631]
[145,113,404390,403081]
[146,169,642353,641341]
[147,79,686536,685510]
[148,83,72497,71980]
[149,224,698087,699552]
[150,108,545980,546310]
[151,75,433960,433744]
[152,105,444086,443841]
[153,13,60122,59753]
[154,176,247150,248324]
[155,277,179049,178463]
[156,25,451039,450764]
[157,242,383536,383697]
[158,32,727616,728863]
[159,163,36143,35666]
[160,123,281281,280511]
[161,120,130254,130475]
[162,173,476406,476146]
[163,199,290049,289122]
[164,215,614039,612884]
[165,68,305388,305429]
[166,258,544699,544859]
[167,262,37318,38343]
[168,152,47299,47447]
[169,53,555000,553591]
[170,276,35447,35669]
[171,205,57723,57614]
[172,278,29075,29149]
[173,187,208379,208107]
[174,135,145850,144657]
[175,240,341483,342197]
[176,198,98655,98956]
[177,178,720461,721396]
[178,119,423569,423394]
[179,15,641466,641165]
[180,236,719796,721160]
[181,246,134235,135694]
[182,230,310893,311705]
[183,118,631665,632740]
[184,121,611204,610587]
[185,65,439475,438016]
[186,5,524619,524476]
[187,231,166871,166538]
[188,113,473934,473007]
[189,228,459317,460461]
[190,63,120008,118990]
[191,167,426224,425725]
[192,109,59624,59552]
[193,255,310489,310418]
[194,47,653603,652416]
[195,151,523264,522955]
[196,54,627876,629268]
[197,189,623703,622366]
[198,75,446129,445105]
[199,232,467531,468946]
[200,58,70816,71783]
[201,28,696983,698319]
[202,57,113606,113425]
[203,152,14621,15311]
[204,151,456058,455802]
[205,46,598955,600428]
[206,95,637252,636994]
[207,0,217868,218779]
[208,183,73632,73386]
[209,97,233944,232701]
[210,2,387659,388707]
[211,254,644818,645166]
[212,70,36909,38155]
[213,191,618857,617441]
[214,220,127687,128436]
[215,115,522368,521166]
[216,4,319371,320634]
[217,227,382796,382207]
[218,222,348665,348958]
[219,209,675738,675524]
[220,99,12493,11554]
[221,126,126171,126614]
[222,20,640201,641154]
[223,96,344347,345301]
[224,202,456843,457959]
[225,213,99869,99509]
[226,123,52223,51900]
[227,150,717968,718955]
[228,154,677293,677864]
[229,16,99865,100432]
[230,124,74366,74644]
[231,171,417984,417925]
[232,6,24713,26031]
[233,194,177482,177684]
[234,158,310823,312014]
[235,70,136039,136936]
[236,126,670297,671591]
[237,116,164776,165896]
[238,105,524708,523606]
[239,239,551282,551178]
[240,183,15901,14666]
[241,217,152199,151341]
[242,223,500936,500379]
[243,167,385666,384676]
[244,43,700906,699491]
[245,262,355363,356669]
[246,51,27312,26554]
[247,155,684897,684598]
[248,2,21522,22519]
[249,229,297443,296350]
[250,258,120623,121879]
[251,247,442539,442251]
[252,46,132613,132874]
[253,192,364405,365302]
[254,101,684524,683488]
[255,84,461382,462403]
[256,227,674628,673816]
[257,210,117328,118029]
[258,257,127651,126975]
[259,21,645446,644838]
[260,167,691923,691737]
[261,240,571236,572460]
[262,18,156346,157811]
[263,98,219169,220146]
[264,130,569987,571295]
[265,84,22768,24231]
[266,51,258983,258077]
[267,212,39395,39552]
[268,134,176359,177177]
[269,228,291630,292342]
[270,168,190666,191604]
[271,77,124524,123936]
[272,83,29269,28791]
[273,45,67845,67512]
[274,240,651418,652344]
[275,217,504568,504268]
[276,237,506848,505938]
[277,261,459632,458676]
[278,111,544908,544265]
[279,102,688509,688711]
[280,253,650636,650301]
[281,41,333981,333485]
[282,78,407594,408694]
[283,165,37639,37305]
[284,104,639722,639947]
[285,261,421288,420054]
[286,120,509254,510415]
[287,105,723049,722272]
[288,75,254985,254316]
[289,259,300398,299608]
[290,164,609967,611166]
[291,81,31436,31305]
[292,49,369662,368537]
[293,115,111174,111069]
[294,252,58210,59131]
[295,2,280488,281964]
[296,243,710452,709747]
[297,232,84254,84403]
[298,167,177813,177755]
[299,219,636841,635678]
[300,237,452281,451801]
[301,129,86631,85191]
[302,209,617761,616584]
[303,184,230144,230933]
[304,19,424069,422948]
[305,218,460649,460994]
[306,220,503090,504576]
[307,232,199589,200422]
[308,197,572115,571508]
[309,177,516137,515015]
[310,214,54289,55432]
[311,271,351031,349778]
[312,226,482564,483472]
[313,247,479872,478586]
[314,260,347023,347759]
[315,275,403513,403048]
[316,198,406863,407341]
[317,83,174702,173771]
[318,182,129370,130665]
[319,72,148229,149000]
[320,177,32930,32739]
[321,27,581934,581824]
[322,157,533440,532144]
[323,169,183495,182163]
[324,5,96130,95662]
[325,78,649036,649495]
[326,101,374453,373900]
[327,140,51577,52460]
[328,40,711796,712083]
[329,261,47984,46541]
[330,210,36417,37131]
[331,149,212729,212085]
[332,142,312302,312636]
[333,230,170231,170435]
[334,194,395807,395976]
[335,55,159922,158729]
[336,67,336188,335202]
[337,60,536897,537882]
[338,270,260631,262025]
[339,75,478887,478112]
[340,277,421856,421265]
[341,109,246310,245366]
[342,21,134458,134038]
[343,119,570171,569152]
[344,196,591160,591329]
[345,18,258726,258795]
[346,208,617138,617493]
[347,199,396221,395194]
[348,207,577896,577793]
[349,135,120505,119576]
[350,248,168973,169972]
[351,50,187832,189145]
[352,246,294674,295535]
[353,246,726063,726709]
[354,71,606949,605745]
[355,105,430799,430218]
[356,194,389935,391409]
[357,251,483471,482892]
[358,195,712166,711524]
[359,113,220606,219574]
[360,114,32824,34232]
[361,168,719266,719308]
[362,117,463595,462113]
[363,143,384602,383871]
[364,193,453612,453437]
[365,144,434886,435828]
[366,249,148435,147579]
[367,139,383834,382839]
[368,260,718274,719151]
[369,124,104440,105432]
[370,125,52553,51419]
[371,74,572586,573308]
[372,213,333052,332653]
[373,279,253031,251899]
[374,9,569295,567887]
[375,207,87528,86205]
[376,175,723657,722331]
[377,189,132135,130878]
[378,97,721103,720717]
[379,212,296181,297113]
[380,21,316594,315514]
[381,247,408735,407359]
[382,13,86418,86230]
[383,275,411956,410644]
[384,36,437006,437802]
[385,67,162203,161701]
[386,7,659115,658181]
[387,155,468891,468154]
[388,13,612974,612284]
[389,160,383254,384381]
[390,220,579172,580628]
[391,102,177376,177592]
[392,267,634401,634158]
[393,82,136737,137778]
[394,24,666612,667080]
[395,230,512514,512809]
[396,240,186187,187412]
[397,279,465899,464852]
[398,247,340804,339565]
[399,15,301110,299625]
[400,99,680101,679986]
[401,197,394382,393978]
[402,30,170524,170876]
[403,113,463560,463073]
[404,105,465743,464811]
[405,128,174417,174560]
[406,94,537655,537938]
[407,106,202176,202219]
[408,179,299337,297955]
[409,197,144173,143377]
[410,275,620072,619911]
[411,214,418973,419986]
[412,225,533621,532874]
[413,50,555075,555734]
[414,127,18125,17111]
[415,198,290303,291189]
[416,247,198949,198898]
[417,130,520526,521917]
[418,144,553560,553652]
[419,162,668650,669119]
[420,218,394660,394757]
[421,112,517693,518176]
[422,168,486641,487078]
[423,142,313039,314405]
[424,4,605879,607192]
[425,106,716396,717398]
[426,25,430696,429698]
[427,11,89019,87855]
[428,56,483133,484371]
[429,37,337950,337463]
[430,151,499260,498387]
[431,275,295466,295377]
[432,5,719105,718464]
[433,106,287061,287092]
[434,3,334868,333846]
[435,153,66272,65991]
[436,65,553944,553006]
[437,52,430179,430375]
[438,226,284166,284380]
[439,147,512005,510649]
[440,162,362364,362940]
[441,114,220534,220745]
[442,96,491314,492709]
[443,156,240992,242197]
[444,54,440404,441089]
[445,184,527161,527453]
[446,131,523425,522433]
[447,274,120534,120623]
[448,94,197232,197707]
[449,20,25610,26292]
[450,37,689654,689454]
[451,89,593973,592986]
[452,156,528112,528593]
[453,268,470213,470976]
[454,51,708577,708395]
[455,68,575071,575685]
[456,24,358202,359675]
[457,18,52717,53550]
[458,125,670948,670013]
[459,252,426821,427917]
[460,124,46845,48333]
[461,119,97324,97158]
[462,157,676432,675984]
[463,195,536233,534971]
[464,185,536174,535548]
[465,137,241867,240777]
[466,128,332729,333981]
[467,55,111171,110631]
[468,140,293412,294751]
[469,132,203865,205302]
[470,74,319702,319847]
[471,254,128068,129366]
[472,99,118885,117896]
[473,30,481882,482661]
[474,14,3902,5085]
[475,219,379224,378243]
[476,60,68359,69704]
[477,58,342378,343296]
[478,120,485124,486397]
[479,9,292725,291235]
[480,43,70110,68640]
[481,129,254410,254359]
[482,229,519915,519664]
[483,46,133658,133779]
[484,225,134995,134475]
[485,202,266323,267538]
[486,161,722102,721406]
[487,44,324645,325185]
[488,191,51081,49875]
[489,251,264942,263612]
[490,48,302668,303205]
[491,273,590696,590380]
[492,265,331813,330474]
[493,209,184217,184049]
[494,107,376013,375156]
[495,82,612456,613062]
[496,60,211468,211585]
[497,71,617801,617138]
[498,151,134791,134562]
[499,132,461886,462076]
[500,173,18293,17040]
[501,81,591315,590054]
[502,162,322631,324027]
[503,240,20952,22192]
[504,146,139343,140040]
[505,132,384918,386195]
[506,129,175603,174226]
[507,234,329883,331358]
[508,248,206202,206650]
[509,104,326695,327289]
[510,259,277718,277049]
[511,62,535231,536210]
[512,10,359444,359904]
[513,23,489481,488946]
[514,84,116511,117284]
[515,16,527851,529145]
[516,223,615251,615087]
[517,1,135719,134566]
[518,21,45043,44437]
[519,238,550437,551520]
[520,42,198629,198676]
[521,152,47241,47814]
[522,133,661647,660467]
[523,69,437980,437242]
[524,143,711041,709887]
[525,51,352961,352037]
[526,3,498760,497950]
[527,11,355388,354751]
[528,36,388154,388328]
[529,118,516995,518028]
[530,228,720659,720850]
[531,154,653852,654121]
[532,236,267182,268607]
[533,255,434737,433530]
[534,146,139167,140320]
[535,44,684735,685958]
[536,241,369945,369370]
[537,50,281625,283033]
[538,174,229714,230626]
[539,169,588802,588500]
[540,137,600047,598858]
[541,190,159370,160039]
[542,22,720818,720891]
[543,224,637488,638061]
[544,190,562902,564295]
[545,251,356447,356140]
[546,188,83181,83383]
[547,244,239280,240005]
[548,139,383456,382141]
[549,222,528237,529119]
[550,45,388746,388591]
[551,130,109584,109951]
[552,25,196549,196166]
[553,39,127104,125876]
[554,75,230162,229077]
[555,223,600910,600458]
[556,17,547275,546946]
[557,221,368322,368217]
[558,243,587833,587576]
[559,103,518240,517476]
[560,97,415011,414315]
[561,212,142357,143566]
[562,183,718808,717563]
[563,264,444977,445249]
[564,216,125314,125513]
[565,41,212811,212563]
[566,201,90175,89586]
[567,152,21713,22466]
[568,127,39340,38772]
[569,219,348720,347342]
[570,206,471442,472404]
[571,163,285742,284744]
[572,0,409603,410875]
[573,101,561007,559804]
[574,148,210561,210760]
[575,215,577152,577104]
[576,198,708884,709266]
[577,9,440702,440171]
[578,70,707511,708340]
[579,206,145086,145541]
[580,23,344483,344058]
[581,267,4772,3913]
[582,140,374945,375721]
[583,209,702241,701793]
[584,168,670554,671552]
[585,124,100563,100738]
[586,206,596115,597214]
[587,95,608789,607506]
[588,144,267202,267647]
[589,81,492268,492121]
[590,27,461441,461189]
[591,247,33474,32429]
[592,53,117902,117022]
[593,143,473311,471841]
[594,170,666816,667949]
[595,83,138522,137356]
[596,71,704610,704013]
[597,213,81919,80822]
[598,241,135728,135534]
[599,260,710689,711772]
[600,278,275901,276695]
[601,61,652930,652063]
[602,272,427044,427728]
[603,36,628658,629676]
[604,40,176322,177652]
[605,130,140829,141181]
[606,80,35495,36184]
[607,184,152391,152449]
[608,125,266627,265980]
[609,234,6382,6709]
[610,271,272412,271081]
[611,110,607638,608844]
[612,261,307395,307348]
[613,49,439558,439330]
[614,72,372162,372830]
[615,247,324801,323692]
[616,231,503916,502693]
[617,128,644845,645758]
[618,161,144530,144397]
[619,7,29691,29269]
[620,276,78287,78777]
[621,237,506140,504964]
[622,215,310112,309005]
[623,169,592964,591539]
[624,215,641147,639699]
[625,45,644373,644284]
[626,20,219195,220513]
[627,181,28464,27227]
[628,270,166423,167003]
[629,277,289980,289628]
[630,120,12275,12565]
[631,277,414700,414367]
[632,13,345066,344895]
[633,268,357461,358165]
[634,48,476641,478005]
[635,142,312845,313987]
[636,123,396418,394948]
[637,188,128343,129216]
[638,116,405396,406082]
[639,158,198067,198200]
[640,105,152117,151199]
[641,3,111314,110663]
[642,239,596514,596237]
[643,46,136239,137607]
[644,119,644073,642980]
[645,10,360587,361025]
[646,108,220957,221184]
[647,198,726252,727226]
[648,163,472309,471840]
[649,238,33407,33769]
[650,56,480947,481082]
[651,211,716931,715605]
[652,247,559411,558444]
[653,186,81937,82579]
[654,203,475968,475028]
[655,60,662227,662711]
[656,44,170409,171148]
[657,208,397252,398194]
[658,264,174313,175485]
[659,48,529194,530109]
[660,165,129546,128852]
[661,23,619409,618199]
[662,52,702963,703958]
[663,17,630889,630355]
[664,171,578246,576792]
[665,207,12085,11685]
[666,83,129259,128658]
[667,37,685121,684912]
[668,124,76018,77045]
[669,38,21390,22132]
[670,66,485872,486048]
[671,79,113150,111707]
[672,89,366978,366052]
[673,157,491926,491143]
[674,63,610077,609706]
[675,150,137469,137842]
[676,34,22384,23411]
[677,191,248553,248436]
[678,168,269289,270455]
[679,120,108487,109639]
[680,105,401724,401029]
[681,271,491655,490763]
[682,265,681393,680098]
[683,149,406647,405713]
[684,168,712216,712271]
[685,165,398460,397545]
[686,113,724195,724079]
[687,44,346551,347942]
[688,220,521774,523263]
[689,262,567447,568287]
[690,28,40742,41514]
[691,210,22447,22955]
[692,108,316034,317183]
[693,16,710405,711617]
[694,176,98919,99809]
[695,93,9368,8288]
[696,239,77437,76931]
[697,91,217140,216727]
[698,273,568792,567321]
[699,51,214676,214266]
[700,123,298866,298820]
[701,67,93093,92285]
[702,250,245011,246041]
[703,208,287084,287146]
[704,201,120722,119996]
[705,70,545310,545491]
[706,67,675643,674589]
[707,132,353371,354337]
[708,95,399691,399389]
[709,60,658673,659119]
[710,20,401432,402576]
[711,265,309825,309635]
[712,78,104816,104848]
[713,41,132687,132243]
[714,232,297155,297356]
[715,246,171231,171798]
[716,185,429306,428263]
[717,192,528509,529476]
[718,136,328908,330081]
[719,218,655579,656657]
[720,211,309907,309143]
[721,49,472659,472170]
[722,34,265714,266605]
[723,264,296380,297281]
[724,135,645476,644491]
[725,45,413097,412969]
[726,79,503793,502629]
[727,91,179408,178916]
[728,0,525846,526132]
[729,211,177003,175728]
[730,177,452223,451207]
[731,248,540181,541232]
[732,21,555370,554785]
[733,178,201488,202722]
[734,63,233693,232394]
[735,56,35442,35889]
[736,38,536990,538458]
[737,207,118267,117707]
[738,96,622129,622623]
[739,5,302416,301532]
[740,214,595799,596753]
[741,271,573243,572942]
[742,20,657345,657623]
[743,246,125855,126114]
[744,151,38468,38429]
[745,116,106945,107593]
[746,110,632915,634206]
[747,31,555618,554602]
[748,58,566697,568080]
[749,261,33289,32573]
[750,139,133041,132915]
[751,91,307187,306153]
[752,68,158915,159133]
[753,251,80009,78611]
[754,80,690815,692085]
[755,253,112725,111568]
[756,193,434492,433555]
[757,77,667080,666308]
[758,217,217795,216776]
[759,50,490088,490384]
[760,160,588206,588417]
[761,165,29524,28254]
[762,147,629691,628363]
[763,168,151635,151799]
[764,215,450245,448891]
[765,189,39947,38732]
[766,223,291830,291034]
[767,236,634742,636154]
[768,231,41797,40765]
[769,104,407546,408425]
[770,232,216505,217217]
[771,99,671128,670310]
[772,124,716769,717896]
[773,24,586173,586774]
[774,250,692736,693309]
[775,98,69802,70158]
[776,131,198665,197615]
[777,77,607582,606256]
[778,224,496987,497048]
[779,101,678234,677920]
[780,68,619721,620324]
[781,2,383317,383684]
[782,12,548775,548806]
[783,145,226587,225960]
[784,88,316360,316688]
[785,21,363157,361968]
[786,243,700532,699870]
[787,258,566171,566643]
[788,98,72850,73479]
[789,150,68530,69736]
[790,250,563275,564399]
[791,261,643996,642780]
[792,30,58485,58854]
[793,85,390303,388847]
[794,9,353141,352283]
[795,169,431226,430433]
[796,199,48001,47272]
[797,36,290785,291110]
[798,136,497648,498225]
[799,171,494265,494061]
[800,95,329527,329210]
[801,169,23231,22674]
[802,127,441386,440436]
[803,250,108050,108785]
[804,73,480077,479749]
[805,32,489943,491044]
[806,160,334179,335469]
[807,73,152633,151896]
[808,243,341458,340223]
[809,241,40394,39472]
[810,194,239377,240856]
[811,123,90711,90032]
[812,7,269338,267999]
[813,152,340298,341473]
[814,162,26810,28044]
[815,222,297628,297765]
[816,183,627285,626286]
[817,90,30131,30307]
[818,65,232332,231028]
[819,273,663577,662438]
[820,15,111796,110830]
[821,158,8880,10041]
[822,44,73987,75184]
[823,134,464454,465234]
[824,173,278389,276913]
[825,17,381285,380042]
[826,157,81450,81261]
[827,135,205264,203935]
[828,205,311621,310170]
[829,262,44568,44928]
[830,189,429442,428819]
[831,179,611838,611074]
[832,249,185747,185414]
[833,157,140017,138980]
[834,232,242275,242620]
[835,6,304411,304464]
[836,174,693015,693738]
[837,131,354761,353708]
[838,171,165886,164636]
[839,56,691292,691767]
[840,41,122187,121468]
[841,133,398741,398391]
[842,181,607119,605965]
[843,196,679985,681269]
[844,163,350243,349340]
[845,93,120269,119589]
[846,105,317329,316190]
[847,256,24710,25973]
[848,11,344984,344859]
[849,248,218661,219892]
[850,265,441712,441599]
[851,99,651566,650119]
[852,114,13493,14884]
[853,15,596296,594920]
[854,99,511892,511523]
[855,145,626880,626143]
[856,24,383704,384893]
[857,62,320199,321661]
[858,184,274254,275152]
[859,115,328895,327441]
[860,25,297657,297280]
[861,28,146981,148419]
[862,53,503064,502469]
[863,146,709406,710771]
[864,40,618360,619195]
[865,128,218232,218918]
[866,199,24642,24566]
[867,273,225789,224774]
[868,200,203851,204924]
[869,213,377092,376774]
[870,138,669598,670283]
[871,227,665444,664065]
[872,28,335006,335255]
[873,58,486700,487428]
[874,200,619094,620540]
[875,226,613041,613232]
[876,41,681607,680628]
[877,246,517283,518733]
[878,125,367807,367034]
[879,140,424733,425756]
[880,19,306905,305661]
[881,173,715528,714545]
[882,254,82559,83820]
[883,279,451039,449642]
[884,128,482721,483511]
[885,153,73530,73028]
[886,98,181272,182589]
[887,182,337703,338401]
[888,128,689675,690079]
[889,231,325460,325083]
[890,43,344912,344632]
[891,149,697199,697030]
[892,151,359387,358623]
[893,135,669994,669561]
[894,189,52850,51445]
[895,125,243691,242628]
[896,220,342374,343208]
[897,164,179975,180548]
[898,123,32841,31828]
[899,139,26510,25722]
[900,159,281854,280435]
[901,28,41391,41851]
[902,126,525495,526034]
[903,256,135538,136451]
[904,147,205433,205117]
[905,91,420112,418775]
