["head":"wrap","lpos","status"]
[22,400874,0]
["io count"]
[910]
["io":"id","wrap","startLpos","endLpos"]
[1,8,490893,490975]
[2,258,439692,440392]
[3,1,181942,181521]
[4,220,152797,153612]
[5,168,713469,713804]
[6,92,159698,160384]
[7,119,342633,341205]
[8,105,729350,729136]
[9,143,252921,251891]
[10,36,120127,120890]
[11,78,493805,494982]
[12,40,658732,659340]
[13,272,729207,729353]
[14,209,498598,498425]
[15,277,355757,355078]
[16,12,312926,313260]
[17,175,681554,680404]
[18,233,636429,635435]
[19,210,615551,616644]
[20,255,533680,532404]
[21,72,308332,308698]
[22,101,182827,181579]
[23,184,464027,464910]
[24,232,18871,19296]
[25,22,511713,512398]
[26,41,13334,12117]
[27,121,690984,690887]
[28,177,161862,160721]
[29,117,272053,270776]
[30,33,205060,204162]
[31,260,683420,684826]
[32,253,706634,705293]
[33,255,531240,530007]
[34,110,446158,446557]
[35,201,730757,729911]
[36,159,110109,109203]
[37,96,309644,310853]
[38,69,109629,108433]
[39,167,299433,298382]
[40,103,541943,540551]
[41,158,251828,253041]
[42,255,410435,409633]
[43,23,728739,727690]
[44,97,645271,644322]
[45,163,645918,644944]
[46,209,405125,404375]
[47,59,57656,56732]
[48,75,709923,709120]
[49,162,499236,500156]
[50,161,445550,445026]
[51,38,562576,563843]
[52,158,58574,59842]
[53,198,730457,730496]
[54,222,228497,229251]
[55,33,473340,471998]
[56,266,595866,596668]
[57,128,238102,238266]
[58,265,541404,540116]
[59,149,680532,680336]
[60,141,308366,307594]
[61,113,534312,533466]
[62,55,655352,654259]
[63,104,69989,70777]
[64,57,355610,354696]
[65,259,502521,501024]
[66,8,548172,549381]
[67,104,221463,222708]
[68,224,328619,329875]
[69,267,508704,507638]
[70,105,491281,490256]
[71,180,338128,339613]
[72,17,292432,291434]
[73,52,379884,380033]
[74,94,279038,279615]
[75,136,425303,425546]
[76,259,111408,109910]
[77,34,686599,687642]
[78,193,95804,94412]
[79,18,457188,457546]
[80,42,714421,714922]
[81,39,723330,722719]
[82,216,27621,28287]
[83,24,241154,241433]
[84,172,552598,553846]
[85,144,175295,175768]
[86,142,25672,26035]
[87,67,556179,554990]
[88,112,155182,155283]
[89,243,414026,413006]
[90,56,4430,4898]
[91,212,267067,268289]
[92,169,481956,481108]
[93,235,427666,426526]
[94,91,179592,178108]
[95,251,369483,368490]
[96,263,275113,274808]
[97,206,504266,505061]
[98,203,722497,721845]
[99,196,25640,26715]
[100,41,14673,13620]
[101,184,446619,446896]
[102,186,51715,52372]
[103,55,690334,689151]
[104,275,313830,313575]
[105,194,139274,140096]
[106,187,89736,88672]
[107,270,535931,537324]
[108,131,501304,500651]
[109,83,250878,250595]
[110,19,521816,520512]
[111,175,66179,65935]
[112,163,656678,655985]
[113,41,564512,563329]
[114,139,283744,283665]
[115,21,13608,13009]
[116,193,314952,314679]
[117,264,635748,636881]
[118,270,374255,375755]
[119,62,612954,613379]
[120,203,518253,517176]
[121,36,726312,727150]
[122,181,487301,486786]
[123,158,134646,134845]
[124,163,177613,176617]
[125,246,695017,695124]
[126,231,298529,297817]
[127,76,29868,31006]
[128,213,703561,703355]
[129,173,468406,467606]
[130,135,213933,213810]
[131,121,207225,206781]
[132,179,217963,217364]
[133,149,511401,510493]
[134,154,656344,657062]
[135,104,608158,609383]
[136,61,177650,177265]
[137,207,638580,638125]
[138,153,653632,653353]
[139,132,624183,625070]
[140,151,528018,527979]
[141,20,691598,692591]
[142,133,606781,606096]
[143,154,691508,692007]
[144,44,164497,165485]
[145,160,521388,522039]
[146,142,396581,396999]
[147,144,387277,387506]
[148,245,712356,711668]
[149,142,568716,569493]
[150,28,451049,451576]
[151,170,490966,491431]
[152,270,105913,107363]
[153,119,152452,151756]
[154,190,134530,135998]
[155,239,334633,333319]
[156,135,308593,308139]
[157,251,62197,61784]
[158,40,134966,136013]
[159,102,23023,23265]
[160,14,527116,527688]
[161,8,464675,465432]
[162,78,60697,62010]
[163,39,589319,588472]
[164,131,167263,166202]
[165,92,77529,78821]
[166,2,154652,156053]
[167,253,378819,377733]
[168,204,634545,636044]
[169,91,517057,516577]
[170,259,546093,544994]
[171,17,164005,163339]
[172,212,374230,374864]
[173,264,720108,721417]
[174,156,85689,86752]
[175,202,79089,79477]
[176,171,403439,402556]
[177,4,417489,418026]
[178,199,695307,695237]
[179,227,263224,262527]
[180,170,49408,50478]
[181,238,637604,638517]
[182,50,677025,677640]
[183,95,91692,90366]
[184,271,609908,609129]
[185,153,250359,249063]
[186,135,178695,178614]
[187,1,37353,36923]
[188,252,298518,299258]
[189,253,469724,469562]
[190,76,643990,644150]
[191,260,233414,234204]
[192,64,668913,669792]
[193,188,210167,211343]
[194,6,420142,421188]
[195,214,167413,167614]
[196,54,538803,539153]
[197,222,227369,227948]
[198,269,566408,565071]
[199,177,426399,426189]
[200,161,605220,604400]
[201,232,603046,604018]
[202,257,509481,508883]
[203,29,550508,549559]
[204,198,347477,347997]
[205,105,273344,272296]
[206,83,78718,77648]
[207,42,451180,451580]
[208,83,729,620]
[209,94,606579,607866]
[210,70,30959,31841]
[211,137,521441,520141]
[212,238,720538,721342]
[213,28,359440,360684]
[214,121,66894,66241]
[215,238,196457,196672]
[216,58,264224,264469]
[217,266,717723,717970]
[218,78,524062,524401]
[219,153,581501,580217]
[220,165,568186,567415]
[221,64,156202,157252]
[222,216,28243,28627]
[223,127,497679,497578]
[224,41,414964,413767]
[225,162,554916,555919]
[226,26,4370,5360]
[227,175,563720,563164]
[228,80,530855,530974]
[229,91,638238,637562]
[230,5,50953,49682]
[231,28,223303,224691]
[232,32,22038,22079]
[233,140,539625,540441]
[234,25,128446,127737]
[235,247,648557,647201]
[236,182,481010,482022]
[237,227,34237,33484]
[238,8,318704,318850]
[239,115,67840,67474]
[240,1,144319,143957]
[241,82,145931,146397]
[242,188,636304,637751]
[243,102,169793,171116]
[244,268,147153,148061]
[245,209,433248,432117]
[246,48,412065,412846]
[247,114,723674,724610]
[248,231,715510,714280]
[249,144,150746,152242]
[250,221,140083,139584]
[251,192,384109,384936]
[252,164,368138,369431]
[253,179,190646,190074]
[254,170,95706,97003]
[255,88,506671,507964]
[256,19,340905,340569]
[257,238,3362,4168]
[258,72,226309,226769]
[259,73,178092,177762]
[260,180,266940,267875]
[261,139,224376,223644]
[262,252,45676,46992]
[263,43,615842,615156]
[264,77,179493,179002]
[265,167,94951,94921]
[266,170,709804,710303]
[267,154,727318,727475]
[268,71,702521,701646]
[269,69,313170,312047]
[270,17,445238,444056]
[271,121,51454,50015]
[272,187,25052,24687]
[273,253,444434,443130]
[274,28,171479,171715]
[275,96,336639,337066]
[276,253,677986,676751]
[277,64,291854,292574]
[278,3,435658,435510]
[279,53,189406,189261]
[280,113,309731,309165]
[281,142,201629,202141]
[282,146,469956,470751]
[283,274,408545,408692]
[284,12,119815,120803]
[285,92,449180,449913]
[286,141,255413,254847]
[287,243,533004,532932]
[288,242,33650,34783]
[289,133,157468,156685]
[290,163,631066,629868]
[291,228,78968,79781]
[292,275,528896,527731]
[293,134,361865,362782]
[294,0,595474,596450]
[295,51,625781,624733]
[296,32,267626,268336]
[297,202,184432,184740]
[298,86,691436,692127]
[299,229,723601,723537]
[300,218,263379,263736]
[301,78,342913,343618]
[302,19,444105,443734]
[303,259,306240,305265]
[304,114,161208,162369]
[305,27,275607,274285]
[306,228,359760,361025]
[307,67,625821,625611]
[308,101,113242,112415]
[309,38,342175,343673]
[310,2,437187,437434]
[311,242,340607,341625]
[312,253,156827,155756]
[313,88,328492,329290]
[314,145,601087,600125]
[315,67,264210,263256]
[316,123,185683,185627]
[317,265,408205,407068]
[318,267,543065,542945]
[319,178,436340,437569]
[320,200,231410,231908]
[321,13,464735,463420]
[322,204,8077,9060]
[323,170,563075,564414]
[324,48,626557,627251]
[325,210,331863,331959]
[326,56,21861,22349]
[327,202,526574,527655]
[328,110,396295,397245]
[329,146,626326,627577]
[330,125,250936,249896]
[331,37,410098,409913]
[332,261,415022,414345]
[333,161,700526,699074]
[334,143,348690,347952]
[335,116,297038,297959]
[336,238,591360,592684]
[337,254,246325,246505]
[338,278,361933,362128]
[339,71,31397,31123]
[340,243,299695,298751]
[341,59,176950,176039]
[342,208,317053,317191]
[343,162,307386,307994]
[344,202,528518,528593]
[345,169,320114,319980]
[346,227,568475,567672]
[347,251,562040,561572]
[348,274,120017,120498]
[349,208,362853,363075]
[350,158,380725,381342]
[351,155,115492,114959]
[352,47,516155,514839]
[353,257,377513,377362]
[354,235,497639,497205]
[355,214,641100,641158]
[356,54,238519,238842]
[357,253,70586,69314]
[358,76,569910,571357]
[359,253,702409,702052]
[360,245,678950,678785]
[361,82,369625,370318]
[362,192,589923,590201]
[363,110,36897,38333]
[364,232,157275,158063]
[365,244,556936,557821]
[366,120,553545,554107]
[367,266,104473,105565]
[368,81,700159,699875]
[369,202,198413,198664]
[370,112,677083,678396]
[371,213,15727,15170]
[372,209,310404,309713]
[373,121,582492,581662]
[374,181,276080,274840]
[375,90,86550,87434]
[376,109,76430,75711]
[377,52,31559,32413]
[378,184,426512,427192]
[379,159,494387,493889]
[380,202,100514,101161]
[381,13,344194,343333]
[382,145,68964,68661]
[383,271,202445,202324]
[384,273,500326,499676]
[385,269,589187,588328]
[386,67,303809,302472]
[387,129,320713,320318]
[388,66,641520,642127]
[389,210,26575,26706]
[390,62,64021,64271]
[391,234,463997,465467]
[392,2,79116,79439]
[393,268,303917,305089]
[394,242,326365,327091]
[395,11,277562,277373]
[396,180,59535,61028]
[397,64,214776,215928]
[398,48,435727,436033]
[399,272,178173,179000]
[400,150,284069,284197]
[401,67,569718,569332]
[402,50,8625,10093]
[403,233,469815,469290]
[404,152,315507,316665]
[405,269,610725,609845]
[406,223,469070,467797]
[407,85,58125,57911]
[408,29,306618,306152]
[409,134,366249,367200]
[410,129,680992,680386]
[411,60,552223,553671]
[412,154,632361,632487]
[413,263,293263,292992]
[414,254,415477,415837]
[415,234,441910,442469]
[416,113,594779,594309]
[417,36,373607,374633]
[418,192,258335,259538]
[419,175,231011,230782]
[420,171,445992,445326]
[421,110,693236,694290]
[422,278,306732,306933]
[423,240,25401,25608]
[424,77,39633,38978]
[425,100,16215,16937]
[426,65,603390,602622]
[427,85,448823,448382]
[428,60,544331,544697]
[429,173,538444,537861]
[430,173,730527,730410]
[431,85,681255,680635]
[432,7,644045,643240]
[433,44,100763,101751]
[434,254,630977,631925]
[435,270,579713,580863]
[436,196,395013,395450]
[437,104,185816,186701]
[438,152,714904,715094]
[439,133,36675,36455]
[440,77,401152,400668]
[441,171,244088,242598]
[442,216,720105,720804]
[443,151,315762,315117]
[444,272,57579,58025]
[445,136,2623,3992]
[446,169,44904,44856]
[447,86,588471,589705]
[448,56,432400,433289]
[449,57,331319,329831]
[450,146,384530,385734]
[451,26,46676,47957]
[452,28,703504,704054]
[453,205,621586,621253]
[454,130,430654,431188]
[455,78,696570,697668]
[456,11,363250,362664]
[457,46,281482,282041]
[458,138,378538,379501]
[459,174,23491,24051]
[460,248,452783,454254]
[461,71,619567,618183]
[462,153,404686,403739]
[463,140,717402,718878]
[464,243,230328,228907]
[465,255,36392,36006]
[466,3,220899,220580]
[467,163,547425,547095]
[468,255,21777,21714]
[469,128,38747,39030]
[470,162,92909,94243]
[471,94,62451,63787]
[472,73,675973,675747]
[473,146,98456,99508]
[474,128,443328,444029]
[475,242,559854,559996]
[476,239,265104,264673]
[477,201,344813,344456]
[478,110,510805,511417]
[479,189,76377,75513]
[480,135,408209,408035]
[481,231,333652,332385]
[482,3,379171,377860]
[483,65,138183,137769]
[484,3,89676,88655]
[485,67,544596,544238]
[486,97,375198,373961]
[487,138,534403,535033]
[488,210,259663,259936]
[489,0,163578,163651]
[490,105,478316,478028]
[491,200,127455,128905]
[492,161,561985,561244]
[493,2,336490,337091]
[494,222,314025,315376]
[495,225,626253,625706]
[496,252,607792,608993]
[497,132,231432,232766]
[498,6,432852,433963]
[499,169,613792,612354]
[500,104,639760,640383]
[501,142,332718,332852]
[502,1,576324,575112]
[503,254,701623,701746]
[504,277,567936,567819]
[505,176,176211,176871]
[506,160,723826,724643]
[507,265,645679,644542]
[508,110,360520,361716]
[509,15,419562,419373]
[510,219,224794,224505]
[511,223,185473,184691]
[512,236,177567,177760]
[513,193,83704,83302]
[514,269,311160,310677]
[515,109,133713,133357]
[516,19,626871,626107]
[517,36,27404,28724]
[518,162,150858,152005]
[519,274,176523,176988]
[520,213,582103,581554]
[521,24,532307,532389]
[522,239,50118,48817]
[523,185,87133,85891]
[524,249,388397,388120]
[525,151,666166,665432]
[526,262,587839,587974]
[527,8,227454,227613]
[528,55,314862,313865]
[529,8,142944,143938]
[530,53,471526,470227]
[531,192,222597,223455]
[532,169,276312,275236]
[533,208,147726,148639]
[534,47,641758,640934]
[535,49,78524,78261]
[536,90,366297,367266]
[537,116,138449,139015]
[538,256,711602,712075]
[539,96,71633,71676]
[540,181,62599,61610]
[541,110,281352,281761]
[542,65,579271,578267]
[543,96,525459,526842]
[544,231,297545,296720]
[545,131,150756,149691]
[546,183,127823,126509]
[547,45,438651,438291]
[548,171,640808,639823]
[549,36,469228,469954]
[550,27,71237,70665]
[551,146,306525,307180]
[552,162,454726,455203]
[553,261,448064,446889]
[554,207,555258,553816]
[555,243,171663,170289]
[556,46,110348,111654]
[557,198,152107,153064]
[558,216,81048,81301]
[559,278,318093,318466]
[560,105,136291,135249]
[561,74,645915,646444]
[562,116,224264,224331]
[563,180,457740,458896]
[564,48,367165,368566]
[565,150,287246,288385]
[566,39,683061,682960]
[567,201,382653,381323]
[568,211,526853,526406]
[569,88,667317,667375]
[570,4,296744,297816]
[571,262,703000,703651]
[572,132,524948,525688]
[573,64,350479,350781]
[574,188,89951,90441]
[575,23,535197,534776]
[576,37,688923,688888]
[577,265,384857,383587]
[578,116,342769,343949]
[579,251,603038,602857]
[580,219,618112,617253]
[581,127,563780,562790]
[582,184,563860,564618]
[583,115,634146,632779]
[584,125,163481,163368]
[585,193,396015,395031]
[586,45,306285,305969]
[587,73,626652,625225]
[588,117,260860,260127]
[589,23,164585,163864]
[590,75,396421,395161]
[591,263,31165,30600]
[592,168,298737,299800]
[593,194,645795,646861]
[594,271,29378,28388]
[595,134,35242,36286]
[596,27,51825,50684]
[597,4,35897,36916]
[598,5,296384,295262]
[599,59,90541,89763]
[600,114,572490,572520]
[601,28,306484,306886]
[602,244,137718,138465]
[603,80,307478,308518]
[604,87,678578,677237]
[605,14,477256,477301]
[606,234,542768,544223]
[607,169,214522,213861]
[608,229,521316,520425]
[609,152,447892,448929]
[610,203,560766,560309]
[611,171,173583,172700]
[612,123,131405,131306]
[613,10,450162,450321]
[614,29,300754,299613]
[615,236,199538,199744]
[616,272,138457,139765]
[617,144,607364,608606]
[618,223,231862,231467]
[619,153,308797,307321]
[620,136,559329,559417]
[621,238,191769,192499]
[622,181,10265,9484]
[623,171,699468,698714]
[624,183,263789,262384]
[625,40,343842,344374]
[626,165,247485,247170]
[627,93,369259,368182]
[628,277,648526,647763]
[629,167,694105,692659]
[630,31,514741,513389]
[631,276,587157,587843]
[632,90,547715,548791]
[633,59,496326,495222]
[634,22,56251,56410]
[635,181,29834,29433]
[636,63,668112,667834]
[637,189,610806,609324]
[638,180,334667,335974]
[639,25,698753,698098]
[640,14,324052,324790]
[641,248,242835,244193]
[642,211,614457,613820]
[643,145,625352,625078]
[644,253,249218,249067]
[645,50,444900,446205]
[646,234,213086,213747]
[647,271,62756,61464]
[648,228,259616,261018]
[649,196,604145,605146]
[650,66,96999,97744]
[651,183,154493,153147]
[652,240,257500,258297]
[653,25,428735,427459]
[654,278,153284,154255]
[655,1,42750,41438]
[656,160,168524,168781]
[657,248,604959,605173]
[658,173,1462,1292]
[659,120,619822,620590]
[660,15,231213,229855]
[661,167,704592,703302]
[662,259,575160,574185]
[663,202,453579,454085]
[664,223,15943,15707]
[665,62,31336,31583]
[666,167,689720,688537]
[667,189,585941,584880]
[668,207,221746,221715]
[669,218,454293,454873]
[670,172,445768,446424]
[671,138,601800,601947]
[672,145,512128,511232]
[673,24,338953,339416]
[674,147,662375,661856]
[675,170,533195,534391]
[676,12,110914,112187]
[677,44,226814,227137]
[678,15,494794,493569]
[679,232,443141,443833]
[680,89,567729,567039]
[681,206,583167,583777]
[682,122,10992,12102]
[683,24,284018,284162]
[684,0,70510,71637]
[685,44,492733,493646]
[686,17,513793,513678]
[687,40,11942,12650]
[688,126,53735,54748]
[689,107,196526,195566]
[690,173,194323,192910]
[691,164,407403,408886]
[692,13,176960,176740]
[693,125,424671,423284]
[694,185,65695,64731]
[695,261,517060,515926]
[696,181,571190,570583]
[697,184,407081,407582]
[698,162,142370,143749]
[699,79,207117,206816]
[700,9,719968,719159]
[701,63,17331,17226]
[702,168,177339,178729]
[703,88,429805,429981]
[704,84,590189,591079]
[705,244,274119,275088]
[706,62,448573,449495]
[707,206,82147,82943]
[708,144,649487,650789]
[709,57,435174,434099]
[710,20,438465,438755]
[711,182,455863,456655]
[712,199,217262,216184]
[713,259,719299,718627]
[714,166,32675,33815]
[715,130,672531,673316]
[716,208,267233,267766]
[717,47,399485,398099]
[718,74,54125,55543]
[719,0,470572,471030]
[720,244,264382,265286]
[721,3,604798,604339]
[722,143,307829,307463]
[723,270,675509,676653]
[724,129,329364,328105]
[725,114,631667,631917]
[726,277,539837,539605]
[727,194,272554,273513]
[728,68,468194,469150]
[729,119,482258,481368]
[730,178,259832,260020]
[731,48,50135,50462]
[732,117,447474,446137]
[733,133,679148,678944]
[734,131,85599,84847]
[735,202,497843,498587]
[736,150,602666,603153]
[737,3,109965,109386]
[738,205,380978,380769]
[739,73,466254,465669]
[740,136,318514,318666]
[741,47,54104,53977]
[742,11,63860,62610]
[743,119,36621,35356]
[744,178,241521,242997]
[745,106,75327,76412]
[746,254,602636,602937]
[747,273,363814,362717]
[748,144,600356,600414]
[749,213,45762,44833]
[750,179,477558,477102]
[751,48,476056,477137]
[752,37,274180,273874]
[753,194,215469,215850]
[754,10,71753,72190]
[755,196,572614,572902]
[756,71,526269,525367]
[757,52,690624,691152]
[758,28,132806,133595]
[759,150,135950,136555]
[760,216,206421,207325]
[761,68,201213,201774]
[762,98,619943,620803]
[763,67,648098,646774]
[764,192,160058,161451]
[765,209,336519,336108]
[766,194,680441,680483]
[767,235,373273,371981]
[768,245,424386,424207]
[769,31,534701,533677]
[770,269,723592,723519]
[771,200,247048,247527]
[772,201,316503,316363]
[773,168,603458,604341]
[774,21,501722,501474]
[775,5,29125,28502]
[776,256,247879,248722]
[777,125,624370,623612]
[778,205,172244,172032]
[779,41,419518,419362]
[780,80,9166,10586]
[781,135,587488,587362]
[782,4,419916,420489]
[783,61,394534,393657]
[784,150,613047,613687]
[785,52,390193,391463]
[786,90,547001,547886]
[787,39,445076,444161]
[788,59,628349,627780]
[789,103,553476,552561]
[790,226,299333,299608]
[791,233,199113,198318]
[792,178,635832,635879]
[793,78,715973,716231]
[794,46,97010,97170]
[795,20,133871,134590]
[796,10,503396,503429]
[797,86,384514,384784]
[798,226,501170,501369]
[799,113,184001,182552]
[800,250,70547,71257]
[801,265,213013,212673]
[802,264,154763,154815]
[803,131,80245,80050]
[804,235,307186,306531]
[805,267,710775,710652]
[806,66,222366,223556]
[807,41,90521,89206]
[808,148,124055,125346]
[809,59,685698,685507]
[810,11,147486,146246]
[811,110,100235,101554]
[812,19,462230,461617]
[813,252,489040,489162]
[814,214,643723,644940]
[815,217,363168,362949]
[816,197,583182,582566]
[817,255,421451,421035]
[818,278,221851,223276]
[819,122,561415,562691]
[820,64,332984,333999]
[821,109,199042,198739]
[822,112,721152,722494]
[823,76,540344,540814]
[824,202,44968,46362]
[825,91,212967,212818]
[826,134,633044,634513]
[827,95,251495,251131]
[828,74,280837,281188]
[829,5,720742,719548]
[830,236,560787,561450]
[831,132,81863,82800]
[832,149,83062,82922]
[833,56,665164,665907]
[834,166,713040,714434]
[835,111,704399,704287]
[836,256,312875,314281]
[837,35,656059,655526]
[838,0,293800,294541]
[839,262,100721,101520]
[840,65,652903,651762]
[841,275,608040,606981]
[842,71,522299,521677]
[843,35,32353,30936]
[844,241,308723,308602]
[845,83,296897,296781]
[846,62,672827,674312]
[847,1,689436,689325]
[848,15,595189,594003]
[849,197,184103,183926]
[850,38,382454,382766]
[851,148,293182,294319]
[852,193,339721,338959]
[853,81,551366,550266]
[854,128,74172,75371]
[855,184,581460,582769]
[856,106,559460,560468]
[857,100,105593,107045]
[858,206,213382,214469]
[859,36,566423,566664]
[860,124,460526,461120]
[861,230,564392,565765]
[862,119,441938,441599]
[863,107,514020,512580]
[864,158,665160,666111]
[865,49,205496,205010]
[866,215,620060,618803]
[867,63,697420,696990]
[868,144,301248,302121]
[869,4,183947,184019]
[870,19,365925,365432]
[871,113,62752,61275]
[872,38,347431,347809]
[873,258,618956,620058]
[874,171,672118,671646]
[875,79,3716,3020]
[876,18,453616,454592]
[877,270,334980,335719]
[878,220,265682,266460]
[879,11,242055,241016]
[880,31,578865,578581]
[881,219,610513,610296]
[882,189,564214,563412]
[883,73,256804,255754]
[884,141,264096,263189]
[885,28,701015,701877]
[886,221,687567,686437]
[887,131,39343,38992]
[888,67,177232,176557]
[889,1,685964,684856]
[890,164,40546,41153]
[891,45,295978,295750]
[892,222,670921,672238]
[893,242,95267,96643]
[894,141,723064,722057]
[895,141,681059,680280]
[896,45,617253,615960]
[897,279,281734,280675]
[898,85,536447,536086]
[899,22,466097,467178]
[900,97,605003,603616]
[901,115,175413,174403]
[902,192,431834,432511]
[903,215,260616,259521]
[904,160,375981,376197]
[905,261,488858,487684]
[906,168,145453,146006]
[907,149,422033,421079]
[908,261,237010,236705]
[909,18,421696,422559]
[910,55,35747,34455]
