["head":"wrap","lpos","status"]
[112,350305,1]
["io count"]
[915]
["io":"id","wrap","startLpos","endLpos"]
[1,270,80828,81299]
[2,140,15975,16318]
[3,266,421254,422655]
[4,87,326106,324684]
[5,68,495797,496942]
[6,208,74719,76169]
[7,270,661899,662649]
[8,40,514674,515356]
[9,8,567621,568768]
[10,160,326046,327391]
[11,184,528633,529406]
[12,21,552479,551839]
[13,70,634600,635762]
[14,99,565978,565910]
[15,236,180762,182109]
[16,154,721212,721529]
[17,261,35010,33568]
[18,204,54673,55166]
[19,251,691873,691384]
[20,51,320865,319421]
[21,154,229353,229910]
[22,76,325526,326391]
[23,108,54453,54702]
[24,126,585804,586493]
[25,156,672620,673453]
[26,206,9667,9978]
[27,160,462362,463628]
[28,258,719382,719542]
[29,3,612981,612893]
[30,229,523628,522128]
[31,141,258719,258636]
[32,189,184002,182920]
[33,92,286482,287479]
[34,270,475670,476316]
[35,160,392669,392827]
[36,205,247308,247100]
[37,53,672627,671326]
[38,221,365761,365635]
[39,43,391385,389930]
[40,25,515479,514104]
[41,65,309357,309030]
[42,228,398177,398424]
[43,105,316635,316218]
[44,268,625207,626007]
[45,116,81268,82091]
[46,227,347208,346761]
[47,90,281573,282830]
[48,152,641628,642033]
[49,34,292188,293237]
[50,65,285418,284374]
[51,160,166690,168062]
[52,213,19070,17595]
[53,172,278241,278783]
[54,233,682177,680935]
[55,252,391473,392716]
[56,30,207949,209360]
[57,156,473914,474329]
[58,263,652621,651540]
[59,112,71076,72108]
[60,66,567702,568512]
[61,201,32384,31104]
[62,183,55996,54737]
[63,159,285276,284348]
[64,4,539676,539971]
[65,147,329966,329330]
[66,78,494589,495920]
[67,161,142332,141392]
[68,239,497175,496850]
[69,189,671631,671108]
[70,211,394536,394259]
[71,148,238853,239518]
[72,170,377967,378200]
[73,7,654270,653553]
[74,0,523839,524490]
[75,58,596637,597324]
[76,45,554949,554696]
[77,260,220212,221552]
[78,246,647208,648118]
[79,167,285080,284302]
[80,30,659164,660103]
[81,83,461649,461576]
[82,154,531788,532562]
[83,222,322203,323131]
[84,196,427613,428363]
[85,139,182507,181213]
[86,190,500493,501259]
[87,210,621345,622795]
[88,245,86894,85522]
[89,101,8607,8317]
[90,266,375968,376809]
[91,179,126924,126249]
[92,112,207856,208346]
[93,216,54743,56042]
[94,3,573884,573421]
[95,51,571942,570828]
[96,180,713389,714882]
[97,64,662867,664160]
[98,165,493413,492610]
[99,69,124898,123630]
[100,12,159781,160279]
[101,117,188128,187412]
[102,115,718493,718312]
[103,261,708285,707156]
[104,164,332423,333062]
[105,167,664240,662845]
[106,192,548345,548653]
[107,100,249110,250013]
[108,210,560769,561816]
[109,148,222015,223316]
[110,28,149812,151170]
[111,10,18961,20219]
[112,116,56494,57071]
[113,180,23661,24848]
[114,147,700035,699464]
[115,258,447403,448346]
[116,194,436394,436999]
[117,235,221619,220732]
[118,200,311403,311592]
[119,186,355560,355946]
[120,7,171615,171063]
[121,54,128363,129274]
[122,52,1089,2121]
[123,7,616310,615514]
[124,188,351210,352676]
[125,210,134615,134701]
[126,237,233833,233382]
[127,76,478277,478957]
[128,176,411043,412041]
[129,225,658944,657563]
[130,53,409116,408500]
[131,114,196572,197662]
[132,25,700670,699681]
[133,32,403842,404695]
[134,238,211908,213219]
[135,264,383906,384023]
[136,127,364118,363232]
[137,33,689454,688672]
[138,82,265437,266931]
[139,139,571559,571442]
[140,187,467310,467254]
[141,46,261510,262561]
[142,267,401501,400177]
[143,117,396857,396271]
[144,253,160232,160132]
[145,218,707542,708119]
[146,217,395791,394626]
[147,243,100910,100023]
[148,39,121589,120622]
[149,55,657598,656454]
[150,128,171898,172456]
[151,54,522665,523538]
[152,178,236121,237178]
[153,179,384032,383451]
[154,250,285120,285957]
[155,12,457952,458584]
[156,147,608665,607907]
[157,185,93851,93706]
[158,44,572719,573234]
[159,153,384901,383495]
[160,130,576609,576807]
[161,277,227577,227288]
[162,267,41026,39679]
[163,155,396555,395322]
[164,229,202656,202477]
[165,67,603341,603097]
[166,84,479042,479372]
[167,74,568563,569352]
[168,49,679586,679555]
[169,140,594258,595258]
[170,157,154136,152946]
[171,5,607613,606970]
[172,129,118068,117624]
[173,125,387018,386224]
[174,45,565959,565189]
[175,117,359569,359181]
[176,196,432596,433100]
[177,182,504319,504424]
[178,161,386664,386447]
[179,56,442533,443850]
[180,96,436435,437585]
[181,271,613833,613438]
[182,91,109103,108450]
[183,218,519151,519344]
[184,75,99966,98921]
[185,71,260430,258932]
[186,158,483146,483705]
[187,82,684838,685139]
[188,226,489284,490072]
[189,113,605097,604291]
[190,157,334963,334566]
[191,118,465641,466661]
[192,75,434497,433718]
[193,39,677328,676639]
[194,174,429438,429790]
[195,2,192804,194029]
[196,100,589931,590662]
[197,278,480182,480564]
[198,78,547273,547321]
[199,31,171090,170765]
[200,121,110360,108907]
[201,202,554203,554487]
[202,97,328553,328321]
[203,21,500434,500073]
[204,229,229252,228419]
[205,77,445155,443762]
[206,69,427358,426576]
[207,142,348763,350164]
[208,158,676175,676297]
[209,237,651567,650079]
[210,36,348675,350081]
[211,232,309531,310044]
[212,208,534372,534847]
[213,61,565186,564090]
[214,268,715333,716402]
[215,30,468881,469114]
[216,86,301822,303011]
[217,149,556362,555178]
[218,260,48924,50015]
[219,155,608051,606998]
[220,41,633261,632791]
[221,42,360866,361704]
[222,222,339432,340924]
[223,234,75495,75645]
[224,40,173342,174629]
[225,236,115041,116000]
[226,4,714112,715181]
[227,173,383246,382988]
[228,225,13077,11862]
[229,78,711229,712081]
[230,76,107719,108291]
[231,212,296415,297032]
[232,164,383310,384474]
[233,1,283233,282791]
[234,66,681219,682419]
[235,153,294322,293185]
[236,112,405509,405688]
[237,243,81198,80753]
[238,171,431306,430461]
[239,256,291847,293047]
[240,50,416249,416781]
[241,164,287106,287439]
[242,266,402039,403126]
[243,265,235273,234733]
[244,12,51317,51395]
[245,63,356045,354617]
[246,218,582631,583882]
[247,136,559266,560539]
[248,32,565511,566648]
[249,84,115771,117243]
[250,186,408787,410095]
[251,46,168915,169313]
[252,252,117648,118223]
[253,123,45739,44535]
[254,44,32284,32485]
[255,278,440224,441556]
[256,230,281252,282522]
[257,172,11928,12015]
[258,74,577267,577713]
[259,257,195607,194587]
[260,121,86636,86519]
[261,79,355284,354606]
[262,210,214847,215879]
[263,11,19004,18190]
[264,266,111585,112837]
[265,247,522775,522651]
[266,230,703004,704018]
[267,103,291868,291829]
[268,121,202855,202628]
[269,25,55190,54427]
[270,50,518734,519591]
[271,37,6224,5581]
[272,77,362730,362054]
[273,4,714997,716094]
[274,127,373179,371814]
[275,29,416491,415787]
[276,51,609748,608888]
[277,64,342733,342896]
[278,241,596633,595747]
[279,28,591067,591330]
[280,262,134340,135674]
[281,141,466969,465544]
[282,186,571319,571628]
[283,90,619656,621004]
[284,247,652590,651965]
[285,200,614583,615309]
[286,180,393284,393481]
[287,167,615476,615294]
[288,70,704839,705967]
[289,237,342055,341155]
[290,175,597945,597009]
[291,273,332414,332052]
[292,219,201349,201018]
[293,117,723898,722444]
[294,247,255030,254360]
[295,132,289033,289642]
[296,256,574720,575939]
[297,158,487754,488843]
[298,96,683981,684434]
[299,47,58080,57936]
[300,48,728818,728939]
[301,201,122697,122208]
[302,273,706742,705591]
[303,235,418550,418353]
[304,179,318957,318911]
[305,84,75819,76318]
[306,97,607572,606096]
[307,64,135467,136172]
[308,192,548474,549317]
[309,56,92968,93738]
[310,252,191570,191730]
[311,147,370683,369353]
[312,169,66002,64787]
[313,66,342198,342678]
[314,21,30638,29497]
[315,174,639224,639328]
[316,1,460370,458993]
[317,195,451509,450893]
[318,220,40129,40364]
[319,145,108241,107974]
[320,109,306582,306296]
[321,85,36343,35965]
[322,75,143450,142075]
[323,108,192776,194219]
[324,204,293058,294156]
[325,16,231052,231576]
[326,120,588797,588951]
[327,196,53361,54452]
[328,220,666911,667075]
[329,202,656815,657398]
[330,119,337714,336996]
[331,91,229197,228103]
[332,185,612874,612501]
[333,18,201795,202973]
[334,176,632705,633155]
[335,201,661259,660015]
[336,88,8928,10057]
[337,12,298522,299104]
[338,140,396655,397190]
[339,202,26662,28103]
[340,51,105678,105375]
[341,269,68403,67126]
[342,129,444691,444422]
[343,15,133600,132834]
[344,48,616028,617257]
[345,167,157882,157758]
[346,61,546973,546302]
[347,219,443621,443061]
[348,68,621506,622794]
[349,158,106419,106672]
[350,91,306074,305225]
[351,32,728018,728559]
[352,184,701352,701820]
[353,62,118408,119598]
[354,133,128775,128131]
[355,42,23889,23984]
[356,59,541533,540997]
[357,247,432505,431582]
[358,94,428563,429323]
[359,164,276767,277039]
[360,202,64206,65568]
[361,234,332874,332941]
[362,39,504317,503842]
[363,80,460732,462210]
[364,216,239525,240010]
[365,191,203430,203366]
[366,270,652680,652946]
[367,126,146057,147009]
[368,18,459644,461106]
[369,29,33722,32975]
[370,66,402729,403692]
[371,134,422229,423034]
[372,69,353505,352351]
[373,53,569415,569333]
[374,276,588350,589783]
[375,200,157497,158094]
[376,184,334673,335842]
[377,5,451277,450555]
[378,18,274728,275905]
[379,235,340715,339858]
[380,56,5367,6848]
[381,24,279829,281104]
[382,250,428523,429767]
[383,277,30794,30318]
[384,166,323386,324132]
[385,24,719349,719757]
[386,119,704094,704055]
[387,126,41649,42151]
[388,82,565171,565848]
[389,38,184980,186074]
[390,277,488433,486976]
[391,228,451501,452179]
[392,194,632301,633417]
[393,258,551432,552417]
[394,8,249179,250630]
[395,193,467476,466880]
[396,121,115160,114802]
[397,86,349817,350079]
[398,1,110210,109640]
[399,69,729082,728560]
[400,127,235834,234749]
[401,65,160787,160396]
[402,225,16790,15897]
[403,115,655736,654321]
[404,186,405944,406156]
[405,230,50180,51613]
[406,35,487990,487849]
[407,25,591908,591441]
[408,162,501249,502670]
[409,264,629430,629968]
[410,93,235355,234629]
[411,47,583788,583201]
[412,149,486195,486049]
[413,160,520947,521145]
[414,263,145535,144486]
[415,252,306906,308171]
[416,151,726627,725343]
[417,250,626203,626881]
[418,182,341785,342802]
[419,112,27137,28329]
[420,46,597704,599050]
[421,26,634549,635340]
[422,11,295226,295174]
[423,260,457761,458530]
[424,210,455647,456028]
[425,200,650344,650790]
[426,180,136678,137761]
[427,46,216670,218116]
[428,133,563760,562417]
[429,116,552311,552808]
[430,75,263921,263369]
[431,244,594466,594979]
[432,169,331547,331370]
[433,230,432266,433328]
[434,237,412747,411502]
[435,104,641109,641243]
[436,28,564860,565047]
[437,198,174410,174483]
[438,59,492318,491820]
[439,89,399858,399557]
[440,195,13192,12665]
[441,197,444460,443598]
[442,238,449924,450604]
[443,130,510676,511106]
[444,86,470496,470715]
[445,215,540311,539539]
[446,94,1559,2829]
[447,108,377489,377936]
[448,31,452334,451088]
[449,108,357555,358069]
[450,192,516072,516229]
[451,213,492019,490990]
[452,169,545018,543617]
[453,158,10897,12232]
[454,72,353949,354712]
[455,249,350933,349638]
[456,263,613352,612987]
[457,21,660059,659454]
[458,61,228526,227780]
[459,14,521479,522931]
[460,163,316132,315729]
[461,25,605746,605580]
[462,30,536960,537518]
[463,160,89693,90652]
[464,65,421334,420321]
[465,99,170002,168578]
[466,100,278905,279463]
[467,106,467805,468825]
[468,125,343389,342408]
[469,239,457915,456806]
[470,268,59293,60363]
[471,205,403313,403177]
[472,63,190713,190013]
[473,262,360116,360300]
[474,221,271533,270960]
[475,125,523505,522847]
[476,31,424158,423490]
[477,113,641624,640701]
[478,94,442380,443789]
[479,86,578181,579016]
[480,89,151264,150480]
[481,263,428997,428127]
[482,74,503004,503750]
[483,94,56186,56862]
[484,205,188371,187036]
[485,45,15084,14918]
[486,100,391037,392259]
[487,266,244133,244737]
[488,97,547013,546285]
[489,10,687759,688203]
[490,94,706296,707523]
[491,246,719632,720030]
[492,191,364677,364379]
[493,173,387633,387361]
[494,66,168490,169143]
[495,31,176577,175176]
[496,47,385960,384921]
[497,214,17735,18852]
[498,269,123052,121959]
[499,89,649646,649139]
[500,86,677698,678742]
[501,50,131877,132393]
[502,116,470992,472106]
[503,70,479835,480598]
[504,167,291967,290526]
[505,97,55123,53894]
[506,53,204813,204770]
[507,126,470933,471160]
[508,76,603621,604311]
[509,258,158008,158328]
[510,206,473748,473821]
[511,112,10313,10934]
[512,12,339848,340365]
[513,117,424874,424311]
[514,215,707185,705730]
[515,149,288408,287107]
[516,64,71573,72938]
[517,42,427513,428112]
[518,48,230588,230951]
[519,127,275951,275441]
[520,139,49083,48798]
[521,210,488716,488763]
[522,101,249324,247902]
[523,53,47835,47732]
[524,225,398338,397632]
[525,256,232497,233905]
[526,136,268436,269569]
[527,257,640274,639707]
[528,18,197376,198243]
[529,79,399558,398069]
[530,203,571649,571172]
[531,276,363982,365125]
[532,83,229193,227701]
[533,97,234796,233983]
[534,101,600627,600596]
[535,262,392970,393826]
[536,49,657814,656552]
[537,48,103909,104604]
[538,36,300619,301878]
[539,214,449709,450570]
[540,38,80491,81113]
[541,4,267871,267944]
[542,257,598842,598329]
[543,206,646961,647739]
[544,79,661905,660497]
[545,279,400205,399146]
[546,80,242148,242845]
[547,45,14508,14173]
[548,96,68705,69350]
[549,41,586833,586672]
[550,232,245662,245703]
[551,82,421159,421772]
[552,93,256964,256379]
[553,202,286702,287800]
[554,123,717639,717568]
[555,74,602192,602609]
[556,57,293374,293106]
[557,85,524429,523556]
[558,67,353946,353914]
[559,229,621559,620381]
[560,53,532685,532442]
[561,258,371508,371837]
[562,100,512419,513571]
[563,87,633401,632987]
[564,65,496376,495985]
[565,46,72670,73524]
[566,65,234303,233964]
[567,226,449540,450109]
[568,54,333187,334525]
[569,255,326244,325551]
[570,222,707468,708133]
[571,189,224172,223938]
[572,91,184594,184527]
[573,46,232726,233818]
[574,195,363092,361749]
[575,233,345051,343886]
[576,221,341056,340056]
[577,36,456479,457808]
[578,268,213819,215305]
[579,86,343232,343728]
[580,84,300707,301399]
[581,174,592754,593698]
[582,188,199970,200342]
[583,133,451484,451018]
[584,272,712132,712295]
[585,175,567129,565761]
[586,193,429161,428664]
[587,133,263340,262967]
[588,168,60110,60997]
[589,250,523139,523332]
[590,51,48923,47633]
[591,63,104462,104316]
[592,180,416294,417633]
[593,137,369512,368292]
[594,74,627278,628423]
[595,14,304652,305415]
[596,46,522237,523228]
[597,271,118462,118324]
[598,212,663680,665071]
[599,39,710523,709223]
[600,270,421554,421879]
[601,101,550985,549509]
[602,195,426738,426091]
[603,55,444025,443563]
[604,57,108877,108570]
[605,109,700810,699807]
[606,172,598591,599246]
[607,238,526761,527555]
[608,29,441904,440666]
[609,243,308947,308712]
[610,14,13217,14717]
[611,275,618030,617896]
[612,132,511454,512195]
[613,140,481389,482070]
[614,236,717352,718834]
[615,194,479174,480317]
[616,219,563117,562625]
[617,129,287712,286352]
[618,229,438850,438075]
[619,151,715764,714857]
[620,130,670832,671821]
[621,221,302427,300945]
[622,205,60523,60048]
[623,170,650656,650706]
[624,144,326700,328128]
[625,202,276710,277521]
[626,76,583058,584314]
[627,173,1059,272]
[628,82,624273,624725]
[629,77,353050,351653]
[630,3,293135,292021]
[631,154,722610,722737]
[632,259,273187,272021]
[633,204,132133,132719]
[634,258,477505,478737]
[635,166,39064,40378]
[636,249,716723,716397]
[637,268,284577,284798]
[638,270,59580,60320]
[639,257,357034,356867]
[640,66,229682,229903]
[641,119,506461,505084]
[642,265,374519,374399]
[643,259,623793,623330]
[644,144,23530,24708]
[645,115,258101,257918]
[646,250,173897,174425]
[647,78,566385,566754]
[648,85,67702,66455]
[649,133,420431,420398]
[650,195,235305,233842]
[651,130,440750,440802]
[652,252,596636,596748]
[653,183,265874,265361]
[654,24,389942,390971]
[655,43,214855,214062]
[656,227,345505,345250]
[657,117,308483,307267]
[658,87,435119,433700]
[659,153,351545,350477]
[660,182,505793,506551]
[661,48,579846,581203]
[662,17,376097,375343]
[663,231,144197,143323]
[664,150,413915,414679]
[665,122,531090,531661]
[666,256,315574,316867]
[667,154,307314,308210]
[668,35,44475,43101]
[669,97,656440,655776]
[670,132,40202,41223]
[671,121,80760,80048]
[672,56,122898,123933]
[673,130,723896,724097]
[674,55,113041,112599]
[675,162,573192,574446]
[676,30,136505,137429]
[677,137,242894,241609]
[678,59,400875,400387]
[679,171,700132,698664]
[680,192,252867,254013]
[681,34,55782,56437]
[682,202,72592,72777]
[683,68,334602,335594]
[684,253,380779,380613]
[685,237,300648,300383]
[686,230,346115,347272]
[687,77,461559,461432]
[688,254,352333,353779]
[689,144,384133,384978]
[690,82,337318,338121]
[691,208,727479,728173]
[692,183,297959,296515]
[693,7,315069,314450]
[694,9,625327,624736]
[695,175,536202,535131]
[696,261,559249,558693]
[697,138,353602,354584]
[698,99,266571,266150]
[699,16,64232,64426]
[700,203,17298,16014]
[701,91,418532,418401]
[702,31,491918,490799]
[703,47,530315,529144]
[704,198,16387,17317]
[705,182,580798,581446]
[706,73,358865,358401]
[707,229,562257,561554]
[708,181,288606,288031]
[709,133,635876,634944]
[710,247,84235,84053]
[711,180,222357,223107]
[712,177,80625,79388]
[713,163,512313,512065]
[714,248,582780,584062]
[715,104,476608,477472]
[716,163,158152,157455]
[717,160,204241,205728]
[718,106,380123,381126]
[719,191,721766,720828]
[720,175,414938,413897]
[721,234,15689,16855]
[722,62,513082,514057]
[723,139,47951,47549]
[724,180,409935,411027]
[725,204,66326,66510]
[726,136,466409,467188]
[727,73,451994,451681]
[728,213,249443,247979]
[729,4,449707,450862]
[730,177,785,72]
[731,205,618382,617400]
[732,260,660220,661465]
[733,229,334999,334014]
[734,234,603882,604639]
[735,143,287954,286784]
[736,91,172100,171084]
[737,111,344559,343701]
[738,221,389034,388937]
[739,133,359842,359107]
[740,195,555791,554517]
[741,224,508866,509084]
[742,144,193092,194079]
[743,19,219912,218898]
[744,277,178131,178078]
[745,134,42816,42872]
[746,20,395909,396502]
[747,94,213122,214171]
[748,123,641497,640958]
[749,169,503182,502375]
[750,70,441468,442266]
[751,213,92715,91792]
[752,6,455114,455630]
[753,1,708495,707750]
[754,246,58295,59431]
[755,113,397785,397304]
[756,172,610054,610669]
[757,167,420168,419232]
[758,64,518388,519267]
[759,18,235630,236543]
[760,69,232428,231259]
[761,24,542320,542962]
[762,262,635531,636584]
[763,223,548608,548181]
[764,256,586130,587533]
[765,18,292036,292800]
[766,256,337236,338615]
[767,269,27474,26152]
[768,207,364394,363664]
[769,145,31863,30442]
[770,202,156211,157675]
[771,146,620313,620444]
[772,46,610276,610651]
[773,133,428186,426715]
[774,39,83727,83094]
[775,257,349425,349218]
[776,233,447799,447436]
[777,247,90328,89068]
[778,18,695999,696335]
[779,44,627707,628881]
[780,16,181375,181502]
[781,171,11474,10419]
[782,257,76995,76808]
[783,259,308903,308406]
[784,97,632701,632469]
[785,192,511579,512577]
[786,34,2277,3464]
[787,49,117763,117172]
[788,44,189091,189324]
[789,246,188379,189503]
[790,39,126068,124897]
[791,52,536524,537982]
[792,142,140908,141109]
[793,94,500776,501065]
[794,2,543154,543981]
[795,192,724177,724941]
[796,8,305422,306129]
[797,201,308545,307744]
[798,132,327335,328827]
[799,17,290567,289812]
[800,147,663523,662445]
[801,225,40465,39495]
[802,31,638610,637815]
[803,252,471778,473054]
[804,251,626112,625994]
[805,232,683098,684206]
[806,251,42502,41243]
[807,196,245471,246513]
[808,143,466772,466179]
[809,118,516329,517054]
[810,147,408022,406958]
[811,171,603941,603013]
[812,235,55050,54325]
[813,97,157528,156387]
[814,188,480311,481296]
[815,78,35399,36629]
[816,51,576622,575139]
[817,156,39621,40877]
[818,160,408005,409437]
[819,144,109184,110006]
[820,187,72885,72167]
[821,249,205703,204233]
[822,219,492752,491963]
[823,187,635871,634520]
[824,247,356141,354859]
[825,129,585301,585017]
[826,271,284317,283425]
[827,247,354643,353842]
[828,246,204831,205906]
[829,160,712626,712935]
[830,253,523817,523315]
[831,42,559255,560298]
[832,180,410880,410943]
[833,262,275168,276506]
[834,70,446274,447429]
[835,209,494221,492931]
[836,12,389042,390014]
[837,126,311211,312047]
[838,147,508394,507923]
[839,148,667929,668537]
[840,75,446184,446049]
[841,199,521467,520038]
[842,90,560525,562010]
[843,149,595058,594533]
[844,225,28240,28104]
[845,1,122856,122147]
[846,181,433090,431820]
[847,182,296911,298397]
[848,52,123710,123962]
[849,212,13649,13757]
[850,15,629637,628565]
[851,72,543987,545321]
[852,196,205258,205358]
[853,159,267202,266702]
[854,124,545744,546278]
[855,217,144709,143523]
[856,152,498661,500134]
[857,98,64435,64980]
[858,109,433831,433466]
[859,113,692280,691812]
[860,279,287812,286809]
[861,200,307672,308864]
[862,121,449252,448748]
[863,56,667933,668847]
[864,41,622592,621871]
[865,93,29907,28453]
[866,37,94511,93029]
[867,206,154780,155686]
[868,148,572830,573674]
[869,16,157986,158375]
[870,221,603848,602527]
[871,2,51030,51211]
[872,35,205761,205235]
[873,81,440751,440707]
[874,50,598505,599741]
[875,158,466919,467426]
[876,4,173483,173765]
[877,83,391275,390411]
[878,110,209608,210440]
[879,232,388994,390136]
[880,51,109772,109540]
[881,110,239606,240838]
[882,14,420870,421274]
[883,8,163708,163846]
[884,218,556074,556548]
[885,242,143450,143874]
[886,278,229421,230833]
[887,72,211979,213360]
[888,152,676311,676862]
[889,169,242090,240692]
[890,187,673016,672807]
[891,265,36858,36449]
[892,135,32936,32165]
[893,148,291693,292767]
[894,153,312789,312222]
[895,183,445760,445690]
[896,232,269067,270198]
[897,158,16438,16640]
[898,116,97117,97597]
[899,124,240775,242068]
[900,260,117886,118145]
[901,14,621326,621762]
[902,199,348891,348482]
[903,27,124660,124118]
[904,99,328022,327796]
[905,277,47256,46373]
[906,49,326942,325773]
[907,188,566114,566905]
[908,183,82876,81815]
[909,46,519877,519982]
[910,253,323594,322983]
[911,57,78344,76871]
[912,188,191902,193248]
[913,89,360198,360007]
[914,160,369728,370397]
[915,270,566836,567830]
