["head":"wrap","lpos","status"]
[60,663446,0]
["io count"]
[920]
["io":"id","wrap","startLpos","endLpos"]
[1,51,637749,637689]
[2,112,678951,679807]
[3,27,170550,170034]
[4,103,27042,26537]
[5,123,421084,420664]
[6,205,291485,291286]
[7,270,597117,598280]
[8,93,727278,726325]
[9,253,429220,427967]
[10,64,16947,17977]
[11,57,292236,290755]
[12,113,307596,306860]
[13,109,296411,295903]
[14,187,538846,538319]
[15,32,331153,332047]
[16,273,390316,389869]
[17,245,722744,722441]
[18,90,706845,708024]
[19,229,437530,436383]
[20,18,437112,438058]
[21,131,376374,375719]
[22,7,647343,647304]
[23,124,727197,727388]
[24,231,384093,383913]
[25,1,263532,262691]
[26,216,545180,546458]
[27,79,328986,327565]
[28,112,341422,342107]
[29,80,8540,9844]
[30,133,391301,390760]
[31,52,160256,161696]
[32,230,686980,688255]
[33,183,164859,164738]
[34,70,631889,633209]
[35,64,518730,519339]
[36,85,480854,479685]
[37,257,730253,729653]
[38,125,109542,108510]
[39,57,121329,120475]
[40,266,491403,492447]
[41,190,515657,515751]
[42,264,236609,237134]
[43,130,173166,174150]
[44,263,466263,465564]
[45,162,22320,23193]
[46,86,521033,522130]
[47,224,390559,390641]
[48,146,656728,657333]
[49,268,174592,175211]
[50,266,613409,614318]
[51,151,349284,347953]
[52,20,217935,218864]
[53,180,14988,15781]
[54,1,77058,76588]
[55,89,494295,494005]
[56,29,43810,42476]
[57,140,14172,14352]
[58,267,481002,480896]
[59,114,89454,90782]
[60,106,611627,611961]
[61,32,534443,535517]
[62,162,461106,462479]
[63,269,678210,676946]
[64,2,501570,502036]
[65,67,72573,71580]
[66,207,384895,384843]
[67,91,395377,394002]
[68,92,635506,636912]
[69,195,108685,107793]
[70,173,482956,481837]
[71,83,355130,354250]
[72,172,413262,414547]
[73,224,714731,715522]
[74,205,174076,172945]
[75,233,548687,548574]
[76,222,450180,450612]
[77,264,285599,286387]
[78,105,78482,77877]
[79,242,474266,475623]
[80,40,260387,261279]
[81,191,257815,256967]
[82,58,322310,322458]
[83,24,726437,726820]
[84,164,57859,59085]
[85,58,492297,493639]
[86,277,416476,415258]
[87,44,426144,427079]
[88,167,205519,205395]
[89,249,131346,130776]
[90,235,459512,459172]
[91,154,253622,254907]
[92,237,724631,724015]
[93,37,298820,297539]
[94,234,638617,639537]
[95,58,337334,337564]
[96,27,27511,26947]
[97,249,169532,168670]
[98,214,117865,118296]
[99,140,52050,53339]
[100,64,496647,498127]
[101,111,145312,145162]
[102,250,533242,533766]
[103,18,541255,541420]
[104,159,124167,123996]
[105,99,478935,478307]
[106,75,331084,330147]
[107,7,139847,138490]
[108,276,84116,85421]
[109,207,449639,449231]
[110,201,668258,667617]
[111,163,520440,520296]
[112,263,462948,461651]
[113,122,667667,668514]
[114,16,728874,728953]
[115,95,193170,192750]
[116,126,58720,58929]
[117,264,206215,207474]
[118,67,551179,551093]
[119,149,648542,648355]
[120,33,560278,559585]
[121,153,705325,704403]
[122,215,490422,490000]
[123,266,208693,210180]
[124,94,266561,266692]
[125,193,351773,351432]
[126,157,583271,583147]
[127,140,439934,440298]
[128,113,614963,614688]
[129,165,32222,31544]
[130,243,370609,370485]
[131,58,367315,368757]
[132,203,564311,563483]
[133,62,704964,705871]
[134,172,4499,5675]
[135,273,292841,291587]
[136,163,384043,383470]
[137,172,210708,211142]
[138,29,530157,529660]
[139,67,63591,63395]
[140,203,68199,66855]
[141,234,414151,414842]
[142,202,390031,391007]
[143,8,233940,235336]
[144,203,105401,104189]
[145,218,616022,616336]
[146,11,254522,254161]
[147,127,474936,473692]
[148,256,583110,583778]
[149,172,446511,447585]
[150,96,579240,579771]
[151,170,714312,714775]
[152,223,494462,493728]
[153,170,721264,721489]
[154,58,664575,665699]
[155,145,89193,88206]
[156,86,442328,442473]
[157,47,626339,624855]
[158,2,513287,514578]
[159,174,366401,367745]
[160,141,583581,583002]
[161,226,81,162]
[162,178,292280,293118]
[163,137,290903,289943]
[164,14,357730,358216]
[165,29,429973,428639]
[166,112,383614,384609]
[167,144,318943,319460]
[168,66,529855,530720]
[169,96,108180,108571]
[170,275,599837,599358]
[171,23,730863,729675]
[172,168,408214,408798]
[173,112,135202,136266]
[174,125,411008,409810]
[175,166,511106,511266]
[176,158,555690,556424]
[177,64,328696,329583]
[178,223,611898,610495]
[179,11,489760,489405]
[180,274,464023,464334]
[181,230,582223,583335]
[182,210,268862,268927]
[183,261,237241,235982]
[184,46,366394,367274]
[185,276,688680,689163]
[186,99,164038,163413]
[187,199,148709,148254]
[188,235,391782,390911]
[189,33,605508,604854]
[190,247,640326,639539]
[191,28,697033,698374]
[192,96,252929,253024]
[193,128,428022,428112]
[194,69,632115,631720]
[195,106,646886,648229]
[196,196,620955,622350]
[197,208,442330,443101]
[198,33,72859,71778]
[199,234,696325,696457]
[200,81,203544,202447]
[201,80,329935,330609]
[202,108,451561,452682]
[203,162,310612,311316]
[204,108,547863,548453]
[205,48,242032,242899]
[206,164,523435,523769]
[207,53,648503,647098]
[208,269,75262,75001]
[209,69,610558,609444]
[210,262,432717,433917]
[211,186,246947,248267]
[212,13,141812,140503]
[213,256,12240,12306]
[214,25,258574,258419]
[215,178,483616,483855]
[216,31,349684,349361]
[217,29,609928,608687]
[218,78,379802,380093]
[219,238,321804,321952]
[220,97,726298,725295]
[221,236,605350,605418]
[222,79,255053,254716]
[223,270,198398,198911]
[224,103,609862,609303]
[225,150,670438,670668]
[226,65,226189,225935]
[227,178,651374,652753]
[228,47,85871,84634]
[229,63,623487,622157]
[230,213,352679,351967]
[231,142,63076,63893]
[232,33,52416,51699]
[233,243,529869,529694]
[234,169,500741,500640]
[235,132,282748,283287]
[236,31,666425,665681]
[237,236,495703,496981]
[238,92,446407,446765]
[239,132,129132,130444]
[240,2,81674,81968]
[241,179,364881,364379]
[242,108,264808,266152]
[243,121,583510,582494]
[244,42,162893,163193]
[245,186,530190,530813]
[246,88,191849,191982]
[247,210,162954,164407]
[248,64,204771,206114]
[249,86,492413,493360]
[250,184,538818,539259]
[251,40,210908,211473]
[252,2,75524,75595]
[253,26,90920,92258]
[254,223,189404,187930]
[255,223,235415,234165]
[256,83,460344,459526]
[257,86,499185,499735]
[258,5,328768,327795]
[259,168,197235,197511]
[260,150,667009,667829]
[261,50,354739,356073]
[262,45,277998,277464]
[263,205,519638,519406]
[264,260,46624,47195]
[265,200,121396,122237]
[266,171,423116,422989]
[267,38,127562,128554]
[268,259,121845,120548]
[269,230,498156,498490]
[270,40,35875,36847]
[271,190,637492,638586]
[272,252,424303,424394]
[273,119,478129,477085]
[274,227,692609,692489]
[275,217,515282,515183]
[276,70,150871,152026]
[277,53,577220,576322]
[278,96,168765,170017]
[279,154,264474,265938]
[280,83,693211,693144]
[281,197,444916,443570]
[282,193,453750,453544]
[283,170,491174,492566]
[284,65,538850,538677]
[285,17,85097,84971]
[286,16,285018,285788]
[287,8,499749,500090]
[288,145,451249,450324]
[289,187,119805,119695]
[290,166,429049,430382]
[291,205,610118,609324]
[292,50,478432,478867]
[293,260,268925,269231]
[294,224,199818,200272]
[295,76,358302,358483]
[296,65,438906,438530]
[297,113,627132,626403]
[298,142,339746,340825]
[299,216,610992,611979]
[300,209,615397,615031]
[301,213,508990,508511]
[302,51,488223,487179]
[303,83,694687,693255]
[304,13,225205,224258]
[305,237,2342,1011]
[306,68,303862,305271]
[307,95,553022,552848]
[308,169,720339,719162]
[309,227,603048,601844]
[310,73,29787,29722]
[311,256,387375,388574]
[312,85,660605,659204]
[313,230,550860,552008]
[314,261,104368,103519]
[315,1,650227,649764]
[316,151,532438,532299]
[317,154,244093,245033]
[318,185,423831,423170]
[319,266,669244,670649]
[320,162,224994,225544]
[321,118,19823,21275]
[322,44,131960,132735]
[323,255,421204,420291]
[324,20,86121,86690]
[325,137,709606,708896]
[326,61,641198,640743]
[327,76,358353,359422]
[328,211,656373,656261]
[329,49,319021,317785]
[330,234,466776,468036]
[331,211,278583,277515]
[332,58,423396,424699]
[333,143,43766,43655]
[334,273,419442,417969]
[335,70,127261,127659]
[336,170,690803,691780]
[337,56,227820,228201]
[338,126,463611,464401]
[339,180,177798,178074]
[340,98,400292,401321]
[341,134,681818,682742]
[342,130,142196,142810]
[343,214,302294,302997]
[344,21,519901,519786]
[345,261,486308,485318]
[346,8,509830,510354]
[347,21,83479,83317]
[348,60,29425,30700]
[349,151,721991,720932]
[350,229,355521,354868]
[351,265,281839,281229]
[352,150,160803,162291]
[353,234,29213,29960]
[354,17,407285,407084]
[355,71,455019,454061]
[356,3,193342,193166]
[357,105,300303,299562]
[358,10,539051,539334]
[359,67,471489,471233]
[360,20,321895,323162]
[361,260,349021,349711]
[362,229,579653,578796]
[363,144,674393,674674]
[364,233,356039,354670]
[365,28,408483,409087]
[366,198,638061,639162]
[367,210,421607,421768]
[368,33,605735,605311]
[369,59,686875,686737]
[370,219,667915,667388]
[371,264,182424,183016]
[372,221,691234,690729]
[373,84,270425,271583]
[374,36,337129,338014]
[375,235,583688,582792]
[376,246,385150,385572]
[377,279,725076,723915]
[378,119,344314,343029]
[379,49,201266,200063]
[380,81,265825,265302]
[381,230,305538,306921]
[382,231,88923,87942]
[383,273,464596,464173]
[384,90,657947,658879]
[385,28,276249,276465]
[386,176,64416,64820]
[387,115,488731,487365]
[388,120,420898,422266]
[389,157,86364,85966]
[390,116,336390,336753]
[391,86,324268,325625]
[392,172,262359,262597]
[393,36,14381,14478]
[394,279,615546,614631]
[395,156,193894,194275]
[396,236,116243,116955]
[397,106,726427,726837]
[398,206,544424,545809]
[399,244,27733,27896]
[400,45,459617,458743]
[401,200,35177,35301]
[402,148,435140,436574]
[403,57,199123,198571]
[404,54,586370,587050]
[405,104,39702,40071]
[406,198,181544,182218]
[407,204,425844,426244]
[408,101,678420,677997]
[409,75,184583,184085]
[410,114,573700,573959]
[411,77,603081,602167]
[412,149,61393,61016]
[413,269,392074,391684]
[414,185,384464,383192]
[415,168,94850,96189]
[416,106,279912,281166]
[417,159,464724,464062]
[418,173,477075,476282]
[419,28,59777,59928]
[420,59,290073,289419]
[421,207,74217,72873]
[422,194,238704,239455]
[423,4,274595,275099]
[424,137,444316,444131]
[425,183,394017,393046]
[426,79,397504,397356]
[427,150,425184,426042]
[428,106,65290,65817]
[429,198,105720,106551]
[430,9,632556,631718]
[431,115,623078,622716]
[432,71,253529,253077]
[433,11,461271,460998]
[434,147,677653,677588]
[435,196,358032,359336]
[436,63,179380,178432]
[437,68,57336,58528]
[438,185,431960,431108]
[439,23,126196,126070]
[440,186,466893,468366]
[441,12,634785,635266]
[442,271,57762,56671]
[443,196,326179,326884]
[444,1,95348,94848]
[445,180,687252,687705]
[446,18,127855,127939]
[447,106,414766,415773]
[448,49,109217,109143]
[449,52,228317,228846]
[450,143,594370,593768]
[451,42,692985,693359]
[452,94,66498,67528]
[453,209,696941,696486]
[454,226,388929,389952]
[455,32,506411,507369]
[456,239,294321,293658]
[457,71,237045,236171]
[458,112,118696,119180]
[459,94,297455,297904]
[460,226,581333,582495]
[461,85,54833,54578]
[462,57,550489,549070]
[463,120,322160,322661]
[464,116,521773,522480]
[465,101,108030,106686]
[466,229,327337,327138]
[467,35,487937,486554]
[468,231,81724,81334]
[469,165,528341,526929]
[470,248,112715,114051]
[471,115,701501,701194]
[472,232,217373,218449]
[473,128,7732,8634]
[474,104,288525,289465]
[475,151,170676,170113]
[476,128,477959,479339]
[477,184,437576,438871]
[478,21,660291,659769]
[479,14,554890,555871]
[480,201,446278,444838]
[481,162,453968,454956]
[482,2,261722,262649]
[483,21,710117,709414]
[484,71,338727,337238]
[485,130,318886,320230]
[486,269,498090,496779]
[487,243,74660,73562]
[488,273,252339,251886]
[489,201,222329,221841]
[490,237,374215,373084]
[491,4,516982,517738]
[492,132,542377,543516]
[493,199,639871,639829]
[494,57,704129,703711]
[495,273,644042,643427]
[496,11,443817,443042]
[497,264,90803,90994]
[498,105,495081,495038]
[499,99,700220,698799]
[500,31,532427,531837]
[501,236,520964,522069]
[502,230,378361,379831]
[503,192,187891,188843]
[504,269,201900,200939]
[505,86,303907,303976]
[506,214,18822,19787]
[507,38,44207,45045]
[508,13,383519,382348]
[509,275,14013,12524]
[510,85,541565,540073]
[511,169,143082,142394]
[512,77,928,4]
[513,71,478856,478749]
[514,22,576280,577570]
[515,262,8505,9556]
[516,161,275427,275211]
[517,41,528578,528150]
[518,40,643923,645365]
[519,167,486151,485933]
[520,78,486177,486638]
[521,82,476572,477489]
[522,259,578702,578525]
[523,86,279443,280198]
[524,233,63110,63054]
[525,181,619356,618035]
[526,95,191198,191086]
[527,272,116227,117586]
[528,150,91848,92146]
[529,10,546848,547668]
[530,103,557233,556824]
[531,270,311750,312472]
[532,206,499204,500354]
[533,269,119423,119364]
[534,198,283369,284652]
[535,69,27171,26173]
[536,57,620530,619183]
[537,148,705062,706169]
[538,25,377384,375919]
[539,229,476062,474923]
[540,23,334125,334040]
[541,240,311889,312856]
[542,5,243732,243100]
[543,15,543016,542529]
[544,136,334155,335050]
[545,51,355197,354274]
[546,142,585930,586523]
[547,109,324598,323764]
[548,35,172524,171664]
[549,112,186972,188274]
[550,244,197854,198502]
[551,94,118867,120355]
[552,252,14639,15820]
[553,216,172500,173602]
[554,216,458274,458783]
[555,257,634937,633755]
[556,62,314441,315467]
[557,174,279770,280234]
[558,159,608093,607567]
[559,83,567038,566409]
[560,37,48390,47030]
[561,180,330946,332298]
[562,186,716824,717163]
[563,239,650948,650360]
[564,29,475723,474825]
[565,218,207443,207667]
[566,220,187300,188549]
[567,136,247638,248546]
[568,44,651080,652504]
[569,265,159223,157995]
[570,147,24526,23518]
[571,42,629774,630970]
[572,27,503082,501762]
[573,243,221557,220927]
[574,181,19386,18362]
[575,103,292843,291468]
[576,219,593450,592793]
[577,202,92834,93950]
[578,45,676834,676375]
[579,128,137958,138921]
[580,69,50123,49636]
[581,100,435558,436093]
[582,19,139317,138688]
[583,201,485779,484579]
[584,166,219804,219961]
[585,243,79010,78749]
[586,70,212528,212704]
[587,221,620193,619864]
[588,43,636580,635500]
[589,194,369545,370519]
[590,174,77673,78467]
[591,266,425561,426550]
[592,61,296971,295486]
[593,140,416847,417884]
[594,124,298830,299639]
[595,28,298021,299220]
[596,186,220585,220655]
[597,40,18390,19602]
[598,146,67192,68156]
[599,196,631511,632023]
[600,190,594481,595595]
[601,83,115071,114231]
[602,111,521712,521204]
[603,216,422545,423225]
[604,157,650733,649716]
[605,78,725823,726570]
[606,268,383301,384046]
[607,219,549665,549398]
[608,184,76157,76428]
[609,230,19605,20039]
[610,108,254761,256197]
[611,146,454610,455737]
[612,148,593245,593519]
[613,159,242909,242775]
[614,117,52458,52023]
[615,150,439832,440976]
[616,192,713533,715006]
[617,196,75711,75956]
[618,218,329391,329914]
[619,203,695802,695350]
[620,38,308576,309687]
[621,152,524002,524411]
[622,183,78657,77807]
[623,133,120470,119406]
[624,236,293208,294504]
[625,50,280601,281376]
[626,229,153450,152742]
[627,210,369159,370215]
[628,268,244636,245576]
[629,76,622064,622579]
[630,145,128011,126626]
[631,215,556680,556230]
[632,91,192636,191750]
[633,245,409279,408532]
[634,24,394725,396084]
[635,21,225119,224980]
[636,34,661360,662242]
[637,30,257715,259144]
[638,261,344263,343831]
[639,81,616201,614730]
[640,60,217510,219000]
[641,163,306988,306731]
[642,162,105251,105794]
[643,74,175666,176381]
[644,254,497189,497961]
[645,45,625467,624058]
[646,105,679159,678528]
[647,51,498590,497888]
[648,180,104679,105344]
[649,88,457996,458061]
[650,16,570424,570499]
[651,95,470340,470114]
[652,162,316907,317608]
[653,155,143341,142709]
[654,78,511160,511325]
[655,74,133946,135008]
[656,94,664774,665559]
[657,157,283296,281826]
[658,7,557925,557055]
[659,96,250746,250856]
[660,50,666257,666721]
[661,203,166281,165606]
[662,210,137977,138963]
[663,162,149777,150029]
[664,135,73233,72300]
[665,240,196377,197163]
[666,191,632006,630734]
[667,193,257660,257572]
[668,195,449933,448603]
[669,108,98132,98416]
[670,199,225878,224771]
[671,55,73068,71981]
[672,25,107104,106749]
[673,243,342055,340573]
[674,158,54583,55289]
[675,156,340183,341131]
[676,171,376261,375334]
[677,226,151154,151772]
[678,275,417538,416050]
[679,183,32906,32070]
[680,224,9962,11131]
[681,51,349229,348164]
[682,40,271819,272286]
[683,122,311869,312097]
[684,213,357749,357009]
[685,12,391545,392928]
[686,213,74183,73537]
[687,101,359283,358340]
[688,261,577029,576248]
[689,133,635409,635262]
[690,227,467868,466495]
[691,194,515165,516181]
[692,170,184598,185324]
[693,38,499138,499827]
[694,211,636954,636148]
[695,3,284898,284406]
[696,151,299537,298628]
[697,60,435462,436361]
[698,22,309081,309803]
[699,190,469699,469986]
[700,230,359998,361433]
[701,21,163947,163355]
[702,83,619732,619116]
[703,33,674235,672736]
[704,197,662661,661987]
[705,264,200531,201994]
[706,242,616673,617073]
[707,263,113362,112296]
[708,278,346533,346818]
[709,186,96117,96439]
[710,5,593748,592432]
[711,123,674256,673894]
[712,232,712300,713667]
[713,237,188827,187590]
[714,194,144609,145035]
[715,8,334416,334811]
[716,85,174297,172802]
[717,70,647083,647190]
[718,212,412917,414375]
[719,123,704373,704136]
[720,167,243392,242437]
[721,4,183740,184487]
[722,126,73792,75180]
[723,129,190455,189888]
[724,244,666469,667788]
[725,201,183337,182216]
[726,152,274834,275886]
[727,1,346051,345312]
[728,17,411292,410951]
[729,36,678924,680328]
[730,24,724900,726022]
[731,173,179685,179310]
[732,33,579028,578017]
[733,29,519460,518474]
[734,162,199524,199648]
[735,141,110212,109869]
[736,141,727911,727260]
[737,158,465368,466805]
[738,68,129488,129775]
[739,136,526408,527635]
[740,187,129419,129309]
[741,273,182604,182024]
[742,187,628876,628454]
[743,76,236645,237555]
[744,279,54786,53699]
[745,140,335428,335723]
[746,261,287333,286397]
[747,105,617874,616918]
[748,151,665019,664033]
[749,184,325160,326067]
[750,132,442246,443606]
[751,78,317028,318343]
[752,171,165670,165101]
[753,47,258523,257682]
[754,72,184245,184697]
[755,237,703724,702448]
[756,30,77952,78229]
[757,171,546394,545593]
[758,160,325145,325305]
[759,136,394804,395019]
[760,226,673091,673708]
[761,127,678561,677546]
[762,237,102153,101605]
[763,93,84922,83537]
[764,259,505547,504753]
[765,247,670319,669501]
[766,29,325750,325107]
[767,36,349220,350530]
[768,230,209820,210381]
[769,119,383826,382560]
[770,278,549799,550181]
[771,135,236791,235811]
[772,34,161875,162876]
[773,98,126567,127457]
[774,56,297422,298363]
[775,272,83959,85016]
[776,149,258667,257305]
[777,18,544753,545793]
[778,159,327328,326614]
[779,225,589273,588645]
[780,214,251592,252241]
[781,245,38220,37861]
[782,67,681258,679879]
[783,6,583025,583865]
[784,172,288349,289134]
[785,145,281211,280669]
[786,93,344065,343723]
[787,247,597498,597148]
[788,140,267236,267867]
[789,19,63720,63080]
[790,248,231602,232099]
[791,52,54003,54899]
[792,197,632573,631144]
[793,81,310070,308572]
[794,262,322213,322321]
[795,241,291712,291280]
[796,70,100291,101361]
[797,257,402732,402139]
[798,277,567022,565748]
[799,54,470537,472030]
[800,84,93892,95101]
[801,157,289697,289550]
[802,111,687127,686111]
[803,220,599857,600188]
[804,17,704314,703852]
[805,263,122454,121523]
[806,197,223533,222902]
[807,249,540730,539856]
[808,51,142364,142133]
[809,17,341446,340166]
[810,54,339572,339897]
[811,189,203747,203671]
[812,223,225257,224529]
[813,38,548672,549599]
[814,230,487477,488848]
[815,264,185178,186243]
[816,54,275435,276515]
[817,143,66526,65396]
[818,76,424665,425541]
[819,95,174278,173391]
[820,151,719538,719102]
[821,136,347494,348268]
[822,121,702763,702314]
[823,216,491358,492156]
[824,76,201183,202110]
[825,6,222081,222630]
[826,263,422261,421595]
[827,130,81131,82030]
[828,5,411732,410380]
[829,181,615110,614773]
[830,241,304287,303328]
[831,42,677753,679229]
[832,88,592642,593604]
[833,212,670022,671080]
[834,4,458669,460032]
[835,99,46039,45114]
[836,145,138220,137246]
[837,264,38486,38643]
[838,229,687341,686614]
[839,34,233255,234037]
[840,257,268753,267387]
[841,93,251131,250950]
[842,2,5198,5588]
[843,218,612370,613489]
[844,154,161337,162629]
[845,50,464071,465497]
[846,159,554123,553376]
[847,228,48555,48709]
[848,31,19202,18736]
[849,263,313380,312164]
[850,80,73724,73970]
[851,1,195337,194667]
[852,228,242643,243942]
[853,53,268272,267845]
[854,186,240264,240597]
[855,261,30072,29372]
[856,64,532995,534170]
[857,78,575370,576459]
[858,72,420542,421064]
[859,204,163100,163998]
[860,100,371056,371782]
[861,202,271810,273212]
[862,212,3612,3811]
[863,8,374224,374463]
[864,210,413370,414056]
[865,132,602016,603191]
[866,5,251213,249805]
[867,262,680818,680945]
[868,138,682200,683208]
[869,134,339599,340211]
[870,100,53471,53895]
[871,146,83043,83461]
[872,62,258579,259597]
[873,57,9811,9691]
[874,221,443786,443701]
[875,214,93078,94037]
[876,212,197889,198510]
[877,121,193929,193149]
[878,164,495874,496147]
[879,104,269284,270589]
[880,162,150008,150336]
[881,114,391900,392627]
[882,6,208425,208534]
[883,218,36458,37336]
[884,159,526182,524941]
[885,231,453981,453309]
[886,21,493316,493189]
[887,166,530227,531100]
[888,146,88716,90182]
[889,129,305884,304498]
[890,117,429167,427861]
[891,214,32403,33668]
[892,12,562791,563132]
[893,210,520217,520746]
[894,199,284906,284198]
[895,38,336540,337554]
[896,42,344888,345221]
[897,94,81400,82153]
[898,26,482878,483509]
[899,170,427002,427604]
[900,208,408497,408957]
[901,58,63346,64477]
[902,151,129604,128605]
[903,13,680930,680033]
[904,167,532475,532071]
[905,171,437711,436610]
[906,13,1622,1108]
[907,157,708150,707373]
[908,145,378636,377392]
[909,29,700196,699184]
[910,224,538564,539770]
[911,74,631940,632244]
[912,154,60712,61768]
[913,58,493066,494262]
[914,220,465043,466486]
[915,170,45230,46355]
[916,168,256732,257705]
[917,130,372872,373115]
[918,120,155387,155479]
[919,83,681395,680481]
[920,20,448361,449611]
