["head":"wrap","lpos","status"]
[231,658187,0]
["io count"]
[925]
["io":"id","wrap","startLpos","endLpos"]
[1,160,469224,470278]
[2,96,80921,82215]
[3,119,294611,294212]
[4,90,624524,625171]
[5,226,679777,680893]
[6,30,273623,275112]
[7,276,483775,484751]
[8,252,683029,683832]
[9,115,674153,673630]
[10,52,437698,437829]
[11,267,520047,518569]
[12,30,668767,669951]
[13,66,139402,140320]
[14,88,274327,275457]
[15,236,520277,521527]
[16,173,129496,128845]
[17,232,212426,213018]
[18,11,285583,284228]
[19,52,395945,397233]
[20,106,225631,226020]
[21,178,149105,150025]
[22,109,113858,113129]
[23,183,309740,308676]
[24,43,33153,32799]
[25,110,709624,709887]
[26,141,396619,395202]
[27,179,502596,502354]
[28,26,438382,438515]
[29,56,11619,12446]
[30,209,175016,174823]
[31,101,218481,218107]
[32,21,322045,320836]
[33,13,366158,365445]
[34,35,103202,101955]
[35,81,242165,241285]
[36,219,503285,501922]
[37,218,70243,71410]
[38,2,649255,649793]
[39,228,281885,282098]
[40,233,161170,161032]
[41,44,9240,9546]
[42,149,468831,468279]
[43,36,211428,212202]
[44,215,243034,242335]
[45,180,66052,67542]
[46,224,163287,164577]
[47,222,364893,364950]
[48,5,205351,203854]
[49,115,403268,402853]
[50,204,199790,200857]
[51,109,151588,150117]
[52,139,534353,533248]
[53,248,608395,609322]
[54,102,583789,584521]
[55,120,508956,510406]
[56,4,251901,252715]
[57,185,673935,673619]
[58,211,152012,150845]
[59,147,304335,303668]
[60,224,607642,607937]
[61,72,130045,130670]
[62,220,105081,105137]
[63,13,264764,264624]
[64,38,331432,332096]
[65,146,87860,88999]
[66,128,721596,722247]
[67,170,287171,288106]
[68,67,681645,681290]
[69,119,30499,29639]
[70,67,321257,320604]
[71,48,299280,299349]
[72,215,157528,156698]
[73,277,179538,178326]
[74,76,193596,194324]
[75,157,217659,216726]
[76,43,200361,199891]
[77,83,109133,108234]
[78,109,288166,287155]
[79,107,35164,34560]
[80,107,471877,471739]
[81,44,602599,604082]
[82,86,699816,701172]
[83,63,453573,452425]
[84,30,327135,328301]
[85,162,82012,82957]
[86,51,19264,18716]
[87,201,240396,239909]
[88,207,86887,85855]
[89,85,583169,582439]
[90,217,645899,644889]
[91,31,92373,91104]
[92,164,183756,184313]
[93,111,264348,263718]
[94,91,669369,668208]
[95,72,485496,485747]
[96,160,79552,80298]
[97,170,385179,385317]
[98,90,364874,366247]
[99,105,1232,564]
[100,108,489804,490372]
[101,269,576525,575530]
[102,96,726583,726999]
[103,165,343233,342762]
[104,153,356396,355887]
[105,85,350337,349633]
[106,115,538391,537677]
[107,104,453985,454135]
[108,39,188598,188356]
[109,7,699572,698732]
[110,6,51921,52870]
[111,196,33097,34346]
[112,67,357859,356483]
[113,133,667098,666537]
[114,177,129076,128564]
[115,178,221333,222487]
[116,247,351919,351618]
[117,180,215646,216728]
[118,45,602066,601515]
[119,75,421802,421596]
[120,203,711966,711627]
[121,7,683489,682878]
[122,0,74726,74872]
[123,186,713642,715088]
[124,189,636741,636449]
[125,264,534496,534671]
[126,81,99788,98311]
[127,177,626011,625011]
[128,101,541464,541345]
[129,5,371545,371063]
[130,90,251408,252237]
[131,87,383419,382469]
[132,166,711687,712838]
[133,26,124988,125753]
[134,82,44056,45382]
[135,138,176166,177267]
[136,244,353779,354827]
[137,19,348903,348299]
[138,51,266410,266055]
[139,37,165880,164480]
[140,81,420354,419418]
[141,85,652091,651439]
[142,78,498709,498856]
[143,0,540533,541400]
[144,62,460850,461303]
[145,55,426481,425485]
[146,63,342232,341465]
[147,28,452335,452744]
[148,39,120057,119972]
[149,92,660796,661835]
[150,206,89845,90562]
[151,122,709574,710985]
[152,130,268487,269954]
[153,50,80107,81380]
[154,153,567858,566994]
[155,239,103137,102153]
[156,17,611350,610781]
[157,58,193441,193833]
[158,197,598462,597279]
[159,41,543211,542473]
[160,7,571073,569698]
[161,77,333438,332987]
[162,81,452365,452161]
[163,25,482675,481255]
[164,62,532361,532816]
[165,224,605270,605544]
[166,202,110040,110124]
[167,158,351659,352012]
[168,115,646474,645687]
[169,55,383313,382555]
[170,198,585358,585578]
[171,230,143606,144571]
[172,135,251549,251410]
[173,80,211102,211543]
[174,264,263554,264955]
[175,244,342632,342960]
[176,270,503124,504308]
[177,247,33501,32982]
[178,48,395894,396306]
[179,275,567471,566193]
[180,57,656213,655250]
[181,257,360743,360582]
[182,113,120570,119962]
[183,41,591750,590624]
[184,172,169578,169613]
[185,90,186605,187423]
[186,225,631850,630729]
[187,224,16577,17660]
[188,214,497214,497788]
[189,128,462224,462285]
[190,125,336379,335201]
[191,6,304107,305395]
[192,220,89868,91029]
[193,244,573376,574347]
[194,262,514992,516448]
[195,270,383473,384234]
[196,187,343471,343184]
[197,199,417960,417796]
[198,183,588595,587528]
[199,5,585365,583870]
[200,276,658108,658333]
[201,80,706777,707157]
[202,251,702192,700735]
[203,258,110653,111986]
[204,255,195554,194901]
[205,115,95260,94540]
[206,79,16833,15514]
[207,201,213652,212951]
[208,30,130784,132219]
[209,23,63014,62742]
[210,176,504101,505538]
[211,210,246389,247626]
[212,77,122908,122061]
[213,174,461656,462265]
[214,38,12359,12433]
[215,277,700929,700628]
[216,162,501630,502302]
[217,25,409425,408953]
[218,244,542524,543165]
[219,70,139571,139628]
[220,261,118452,117379]
[221,277,432337,431313]
[222,59,421600,420521]
[223,38,562599,564078]
[224,35,11574,11262]
[225,25,177470,176450]
[226,241,615182,614627]
[227,219,420200,418752]
[228,276,635574,636597]
[229,125,114404,114091]
[230,25,385173,384242]
[231,197,670756,670066]
[232,222,214013,215507]
[233,12,383252,383670]
[234,248,409808,410492]
[235,92,662775,663299]
[236,92,554683,555286]
[237,10,612131,613067]
[238,239,619616,618874]
[239,184,150146,151291]
[240,113,172166,171867]
[241,130,120149,121096]
[242,115,560214,558834]
[243,114,500726,500780]
[244,146,120892,121935]
[245,29,453477,452709]
[246,114,195970,196219]
[247,268,620097,621495]
[248,40,694951,695699]
[249,260,563140,564212]
[250,266,624272,624335]
[251,163,35676,35552]
[252,240,146264,146532]
[253,63,561868,560379]
[254,112,97617,99002]
[255,54,620825,620988]
[256,6,352517,353564]
[257,45,416976,415726]
[258,221,662013,661872]
[259,42,514293,514785]
[260,278,90754,91459]
[261,32,497858,498314]
[262,207,97180,96436]
[263,246,219277,219943]
[264,246,699985,700718]
[265,269,698806,698733]
[266,246,537944,538401]
[267,110,99457,100649]
[268,55,169942,168870]
[269,164,311051,311305]
[270,92,463579,464371]
[271,106,541736,542264]
[272,151,603974,603439]
[273,170,615630,616875]
[274,169,277219,276775]
[275,186,259795,261170]
[276,228,622360,623530]
[277,199,194188,192988]
[278,115,586641,585223]
[279,251,172139,171447]
[280,209,71,22]
[281,169,444769,444125]
[282,193,338424,337443]
[283,51,175076,173870]
[284,268,291884,293098]
[285,236,421050,421811]
[286,45,632746,631996]
[287,8,35945,36037]
[288,175,291506,290891]
[289,33,272891,271806]
[290,86,186636,186916]
[291,136,491833,492371]
[292,274,85257,86502]
[293,105,382585,381176]
[294,233,707428,706345]
[295,221,55306,54189]
[296,24,443692,445137]
[297,200,259909,260732]
[298,255,513805,512687]
[299,229,712730,712238]
[300,176,408000,409140]
[301,203,124951,123926]
[302,225,155687,154928]
[303,175,550930,549822]
[304,263,602679,602094]
[305,228,648225,648890]
[306,267,144845,143893]
[307,227,22284,22152]
[308,276,8003,8526]
[309,46,317150,318438]
[310,163,524585,523587]
[311,80,676403,677205]
[312,227,136722,135796]
[313,272,124272,125290]
[314,100,121263,122402]
[315,187,146828,145678]
[316,60,136321,137721]
[317,130,178217,179261]
[318,163,65454,64227]
[319,213,138241,137970]
[320,68,346646,348023]
[321,1,139931,139406]
[322,160,388130,389245]
[323,229,434869,433969]
[324,251,238337,237673]
[325,109,366210,365918]
[326,68,109121,109502]
[327,265,407592,406856]
[328,165,514648,514165]
[329,108,85319,86080]
[330,217,516920,516275]
[331,267,719147,718752]
[332,243,636466,635387]
[333,110,511429,512229]
[334,177,109120,107632]
[335,265,686333,685061]
[336,22,287421,287482]
[337,58,156396,156954]
[338,167,390920,390300]
[339,83,557003,556397]
[340,23,490272,489575]
[341,181,153095,152043]
[342,75,592924,592587]
[343,130,60872,62170]
[344,143,191320,190048]
[345,212,607053,608130]
[346,79,169761,169339]
[347,15,93459,93376]
[348,11,158397,157892]
[349,205,624270,624060]
[350,18,359483,360529]
[351,91,42908,42530]
[352,73,223554,223138]
[353,102,113942,114244]
[354,187,200564,199224]
[355,24,225233,225451]
[356,48,478528,479710]
[357,247,73561,73527]
[358,267,277634,277020]
[359,156,149960,150250]
[360,39,600363,599437]
[361,225,23806,23483]
[362,56,669911,670271]
[363,71,171677,171328]
[364,136,354202,355511]
[365,58,96983,97330]
[366,150,320432,321521]
[367,258,598952,600069]
[368,209,390282,390194]
[369,197,11299,10724]
[370,52,398005,399113]
[371,146,322737,323353]
[372,12,658772,659244]
[373,49,57603,56723]
[374,69,285442,285237]
[375,108,426529,427786]
[376,172,339807,340493]
[377,75,349092,348485]
[378,94,92990,93870]
[379,189,525597,524767]
[380,187,640402,639274]
[381,219,462375,462036]
[382,172,422217,423652]
[383,178,413837,415309]
[384,235,198517,198198]
[385,129,264279,262883]
[386,72,78981,79986]
[387,199,438635,437841]
[388,121,553991,552576]
[389,77,337279,336335]
[390,59,224709,224588]
[391,61,316243,316083]
[392,108,19287,20263]
[393,189,44732,43352]
[394,92,279645,280761]
[395,88,548416,548685]
[396,131,714273,713752]
[397,72,89542,90297]
[398,82,681255,682678]
[399,73,650856,650645]
[400,118,497434,497950]
[401,78,375032,375222]
[402,167,45068,43740]
[403,67,630691,629763]
[404,225,660020,659376]
[405,76,479451,480339]
[406,203,377711,376388]
[407,230,441984,442237]
[408,206,29008,29308]
[409,273,498368,497446]
[410,210,598916,599343]
[411,66,418186,418444]
[412,41,336410,335682]
[413,63,99844,98700]
[414,156,667179,668625]
[415,182,320105,320522]
[416,79,139915,139205]
[417,105,222851,222051]
[418,31,728146,726705]
[419,223,513499,512039]
[420,133,106217,104922]
[421,133,613556,612713]
[422,271,375185,374378]
[423,73,168859,168289]
[424,179,451647,451006]
[425,97,563159,562764]
[426,93,566220,565622]
[427,192,509415,509684]
[428,13,9592,9360]
[429,58,344573,345333]
[430,110,649052,649902]
[431,117,364209,362872]
[432,164,253079,253468]
[433,93,78661,78307]
[434,115,392230,391187]
[435,19,125158,124542]
[436,156,358881,359231]
[437,267,713482,713235]
[438,110,42741,44010]
[439,212,519258,519339]
[440,260,56289,56732]
[441,153,718796,717722]
[442,25,465651,465204]
[443,147,620348,620251]
[444,98,220897,222319]
[445,172,153332,153818]
[446,18,492730,494135]
[447,40,710605,711056]
[448,35,627595,627404]
[449,139,492075,490836]
[450,103,300778,299797]
[451,46,680623,681095]
[452,180,114757,115533]
[453,203,89442,88831]
[454,165,498884,497887]
[455,227,338753,338358]
[456,177,398696,398073]
[457,65,607953,607337]
[458,23,617004,616297]
[459,119,558263,557260]
[460,57,537651,537207]
[461,28,528934,529691]
[462,168,85424,86078]
[463,242,48716,50181]
[464,0,155579,156046]
[465,72,341739,343229]
[466,273,417458,416545]
[467,124,725405,725745]
[468,91,706413,705555]
[469,240,102422,103348]
[470,170,119000,119896]
[471,107,435584,434472]
[472,268,644775,645477]
[473,95,228482,227617]
[474,119,576708,576432]
[475,59,254683,254239]
[476,199,470618,470094]
[477,86,36917,38394]
[478,4,246205,246553]
[479,32,556824,557197]
[480,123,44690,44092]
[481,39,249017,247748]
[482,264,608829,608901]
[483,59,18262,17641]
[484,23,707772,706574]
[485,148,362301,363571]
[486,261,88425,87755]
[487,61,253010,252409]
[488,0,155958,157035]
[489,33,502730,501490]
[490,23,202689,201395]
[491,21,639229,638210]
[492,105,327430,326775]
[493,244,315211,316300]
[494,231,398535,398462]
[495,199,286965,286536]
[496,199,434502,433384]
[497,196,665880,667194]
[498,82,154640,155053]
[499,48,502589,503156]
[500,42,271519,271620]
[501,184,390588,391691]
[502,114,316947,317638]
[503,85,62449,61922]
[504,72,47620,48063]
[505,180,662414,662986]
[506,223,359979,358888]
[507,34,118466,118979]
[508,115,261171,260084]
[509,269,464967,464072]
[510,180,361067,361797]
[511,200,89708,89925]
[512,215,146349,145250]
[513,32,390645,391489]
[514,257,668281,666968]
[515,10,649323,650449]
[516,231,604890,604830]
[517,30,210851,211260]
[518,210,181737,182086]
[519,102,362639,362770]
[520,24,508091,508289]
[521,263,180667,180298]
[522,207,680887,680438]
[523,158,39553,39825]
[524,251,313084,312773]
[525,224,166832,167521]
[526,75,149748,148661]
[527,41,555882,555674]
[528,183,509009,508365]
[529,175,60676,60561]
[530,177,471889,470838]
[531,32,333088,333939]
[532,243,600337,599567]
[533,137,642204,641769]
[534,17,252339,251692]
[535,194,56921,58352]
[536,194,191878,193197]
[537,193,559766,558956]
[538,274,65397,66419]
[539,137,112133,112079]
[540,247,259809,259673]
[541,117,628944,628204]
[542,249,153343,152573]
[543,225,262069,261447]
[544,263,590427,589181]
[545,164,560636,561354]
[546,120,509751,510822]
[547,1,252976,252180]
[548,26,225532,225825]
[549,230,390086,390647]
[550,226,121388,121551]
[551,84,667268,667511]
[552,26,277251,278530]
[553,200,440624,441278]
[554,13,38021,37764]
[555,225,583724,582482]
[556,266,516443,517674]
[557,172,292657,293683]
[558,31,648787,647954]
[559,106,695518,695969]
[560,42,411687,412353]
[561,269,333646,333168]
[562,218,240408,240633]
[563,265,635650,634222]
[564,75,157706,157411]
[565,220,406706,407698]
[566,113,647894,647554]
[567,190,489769,489838]
[568,251,246861,246694]
[569,158,707767,708364]
[570,180,66602,66804]
[571,268,64312,65797]
[572,190,683027,683883]
[573,204,194857,195010]
[574,136,162996,163770]
[575,162,668956,669625]
[576,249,331661,330708]
[577,9,689704,688752]
[578,120,72655,73900]
[579,69,580568,579970]
[580,6,331985,332166]
[581,176,230726,230883]
[582,89,478389,477631]
[583,233,126561,125887]
[584,168,159681,161026]
[585,70,691027,692348]
[586,17,78848,77822]
[587,26,243100,243647]
[588,131,328264,328228]
[589,63,581737,580474]
[590,128,20343,20674]
[591,90,101677,103113]
[592,255,268245,266946]
[593,73,364988,364642]
[594,53,387493,386229]
[595,214,204386,204595]
[596,222,134637,135905]
[597,14,715220,715252]
[598,59,604643,604211]
[599,80,577054,578385]
[600,105,177650,177116]
[601,155,513421,513209]
[602,158,380437,381585]
[603,242,722279,723303]
[604,139,385370,385266]
[605,275,419071,417656]
[606,35,727657,727075]
[607,104,155913,156496]
[608,30,205166,205822]
[609,210,521980,522866]
[610,84,134574,135943]
[611,61,625910,625610]
[612,22,533844,535105]
[613,68,546953,548209]
[614,209,249741,249696]
[615,54,36521,37643]
[616,108,88674,89488]
[617,103,29303,29090]
[618,158,25267,25577]
[619,278,216942,216998]
[620,15,48008,46532]
[621,178,235411,235725]
[622,36,46542,47623]
[623,42,435926,436183]
[624,249,416355,414945]
[625,35,82936,81934]
[626,149,520689,520042]
[627,36,291714,292259]
[628,22,366583,367824]
[629,196,301612,302884]
[630,270,314064,314532]
[631,153,624050,623790]
[632,69,99141,97799]
[633,242,613390,614335]
[634,93,47663,47007]
[635,159,609791,609485]
[636,236,664954,665120]
[637,255,444975,443900]
[638,123,705890,704649]
[639,155,398811,398030]
[640,166,652710,653498]
[641,267,579502,578879]
[642,187,170001,168717]
[643,130,62101,62445]
[644,169,462906,461553]
[645,261,158597,158174]
[646,51,579050,578764]
[647,213,500706,500297]
[648,234,537410,538662]
[649,149,132715,131936]
[650,78,320921,322109]
[651,47,297328,296059]
[652,245,103233,102571]
[653,93,138545,137920]
[654,42,712971,713758]
[655,239,430877,430240]
[656,65,512859,511486]
[657,153,706614,705647]
[658,279,6085,5435]
[659,147,719754,719329]
[660,128,151554,152635]
[661,235,608495,607879]
[662,140,264168,265340]
[663,19,563879,562793]
[664,225,133705,132227]
[665,73,324333,324260]
[666,21,127795,126412]
[667,167,645351,644558]
[668,187,644611,644099]
[669,76,622194,622811]
[670,59,95768,94451]
[671,135,395830,395650]
[672,131,614909,614615]
[673,260,542097,542199]
[674,138,593649,594443]
[675,156,598780,599806]
[676,186,490378,491026]
[677,246,350247,351177]
[678,237,413198,412815]
[679,85,62298,62214]
[680,251,218959,217873]
[681,116,123370,124246]
[682,146,510872,512042]
[683,63,658775,658678]
[684,201,243924,242877]
[685,124,66215,67393]
[686,150,539260,539850]
[687,257,536173,535467]
[688,29,102463,101545]
[689,190,401464,402032]
[690,82,146138,146698]
[691,154,712727,713331]
[692,61,611281,611205]
[693,144,140415,140542]
[694,100,111063,111703]
[695,87,255203,254950]
[696,143,157837,156705]
[697,274,330716,331676]
[698,184,396310,397380]
[699,81,496521,495791]
[700,146,473397,474046]
[701,215,61263,60280]
[702,198,537079,537254]
[703,157,320245,320027]
[704,122,616793,617274]
[705,247,49231,47856]
[706,260,540603,540754]
[707,38,215264,216033]
[708,58,392880,393987]
[709,20,337625,339091]
[710,169,264788,264086]
[711,155,472874,472054]
[712,33,336071,334606]
[713,37,151600,150446]
[714,107,687124,686351]
[715,2,647596,647636]
[716,264,409642,409749]
[717,253,562982,561931]
[718,64,518918,519937]
[719,2,79488,80161]
[720,182,59648,59925]
[721,76,707757,708411]
[722,151,182322,180936]
[723,158,135502,137002]
[724,217,328026,327655]
[725,217,291426,290199]
[726,118,109693,110530]
[727,278,271187,271868]
[728,61,515061,513637]
[729,262,319591,321029]
[730,270,42702,43292]
[731,60,440284,440642]
[732,246,205773,205958]
[733,6,715105,716017]
[734,255,399876,398682]
[735,230,84786,85062]
[736,24,581090,581502]
[737,77,189195,188538]
[738,276,436712,436985]
[739,189,608864,608199]
[740,71,504175,502923]
[741,142,512024,513078]
[742,185,40128,39366]
[743,167,277123,276872]
[744,102,684035,684526]
[745,212,124225,124396]
[746,199,474764,473748]
[747,63,68815,68486]
[748,252,161046,162136]
[749,97,549246,547854]
[750,191,220473,219902]
[751,253,333220,332102]
[752,141,713240,712306]
[753,50,201654,202029]
[754,226,574917,575560]
[755,38,458437,459714]
[756,142,390222,391462]
[757,69,68207,66887]
[758,246,617816,619165]
[759,75,473513,472270]
[760,119,440988,440645]
[761,203,233845,233266]
[762,90,300734,301472]
[763,91,331377,331113]
[764,206,186160,187428]
[765,91,708132,707464]
[766,165,42869,41851]
[767,177,361214,360300]
[768,148,467802,468947]
[769,189,659828,659266]
[770,153,124033,123556]
[771,266,678169,678250]
[772,120,359793,360425]
[773,54,290141,291226]
[774,99,181278,181209]
[775,107,353827,353246]
[776,153,221567,221392]
[777,6,642050,643172]
[778,87,511101,510421]
[779,55,724688,723689]
[780,268,614177,614982]
[781,207,321122,320423]
[782,40,609932,610748]
[783,123,142564,142153]
[784,57,646030,645569]
[785,155,335801,335025]
[786,71,618812,618167]
[787,45,464751,463575]
[788,81,379608,378937]
[789,159,126353,125272]
[790,115,207529,206983]
[791,184,517242,518157]
[792,260,222864,224226]
[793,45,583650,582600]
[794,244,661208,661485]
[795,278,232658,233652]
[796,82,177590,178582]
[797,33,426018,424851]
[798,99,270118,269042]
[799,249,697265,696300]
[800,212,234182,235313]
[801,240,248139,249487]
[802,263,664920,664802]
[803,50,270019,270652]
[804,211,376383,375724]
[805,195,9853,8839]
[806,213,304917,303941]
[807,64,142188,143233]
[808,68,597802,598114]
[809,236,111791,112769]
[810,269,190202,189904]
[811,140,83532,83972]
[812,5,44370,43869]
[813,55,593416,593204]
[814,49,64748,63727]
[815,106,63503,63589]
[816,239,577423,576781]
[817,30,541290,542299]
[818,22,189263,190268]
[819,113,700906,699520]
[820,60,393271,393817]
[821,168,679084,679200]
[822,25,353631,352679]
[823,219,89789,89030]
[824,214,325651,326982]
[825,42,448335,448450]
[826,181,537815,536668]
[827,34,77641,78850]
[828,246,474213,474453]
[829,34,37036,37308]
[830,117,700169,699633]
[831,7,485453,485052]
[832,274,410187,411280]
[833,199,479875,478796]
[834,180,408077,409071]
[835,169,69422,69145]
[836,161,164679,163699]
[837,84,178304,179006]
[838,244,512498,513555]
[839,114,233480,233703]
[840,266,126506,126704]
[841,79,566962,565987]
[842,262,15464,16647]
[843,20,623119,623560]
[844,84,93135,93356]
[845,184,164568,165826]
[846,257,656196,655765]
[847,51,265417,263921]
[848,84,575137,575964]
[849,34,630823,632254]
[850,125,624234,623616]
[851,23,717041,716526]
[852,82,401521,402848]
[853,254,523472,523590]
[854,137,468025,466865]
[855,140,413867,414754]
[856,30,318022,318539]
[857,255,507492,507191]
[858,174,79512,80418]
[859,190,246082,246399]
[860,13,63220,63130]
[861,277,495311,494067]
[862,47,455651,455350]
[863,111,253027,251709]
[864,0,641998,642988]
[865,96,242521,243390]
[866,250,544340,545431]
[867,198,436836,436898]
[868,194,156624,157896]
[869,80,262197,262420]
[870,252,709867,709911]
[871,161,539844,539637]
[872,249,90036,89872]
[873,2,663568,663875]
[874,32,261737,263232]
[875,95,725700,724592]
[876,138,445373,446117]
[877,228,266122,266316]
[878,40,468055,469337]
[879,26,574750,575414]
[880,223,102356,100986]
[881,53,97703,96615]
[882,212,269157,270233]
[883,262,129788,129926]
[884,103,188268,187405]
[885,204,500590,501699]
[886,264,421435,422723]
[887,198,45111,46376]
[888,269,612489,611294]
[889,8,381160,381725]
[890,33,250285,249281]
[891,97,505814,504603]
[892,190,635103,636261]
[893,146,269963,271362]
[894,50,565683,566531]
[895,66,206968,207278]
[896,137,343913,343775]
[897,171,217597,217424]
[898,18,300775,300935]
[899,94,607778,608115]
[900,178,728897,729079]
[901,23,147818,146893]
[902,158,702818,704270]
[903,272,47498,47865]
[904,266,425831,426536]
[905,42,650439,650700]
[906,65,228740,227417]
[907,256,333296,334632]
[908,256,113753,114112]
[909,132,91073,91818]
[910,91,532043,530586]
[911,65,647999,647018]
[912,88,2577,3690]
[913,174,261118,262004]
[914,164,592200,593241]
[915,228,344790,345287]
[916,58,388726,389832]
[917,240,202394,202748]
[918,41,255689,254835]
[919,166,718656,719345]
[920,187,123502,123236]
[921,144,425594,425792]
[922,160,422280,422754]
[923,141,65296,64878]
[924,43,310700,310323]
[925,77,510345,508880]
