["head":"wrap","lpos","status"]
[142,585866,1]
["io count"]
[930]
["io":"id","wrap","startLpos","endLpos"]
[1,12,95232,96352]
[2,86,79976,80073]
[3,145,290073,289166]
[4,60,412197,413443]
[5,219,239763,238999]
[6,152,709084,709731]
[7,112,197733,198706]
[8,268,324180,325107]
[9,101,479753,478422]
[10,141,693477,692355]
[11,221,33466,32605]
[12,120,42334,42892]
[13,60,213066,213377]
[14,257,631699,630800]
[15,241,675059,674477]
[16,254,705196,706310]
[17,71,556686,556091]
[18,247,223178,222263]
[19,263,460581,459197]
[20,69,164727,164447]
[21,48,473,604]
[22,7,519143,518890]
[23,97,203895,202416]
[24,216,722846,723207]
[25,109,50776,49594]
[26,132,516429,517393]
[27,159,586884,585440]
[28,31,610676,610302]
[29,122,159341,159645]
[30,158,195911,196889]
[31,50,79457,79943]
[32,118,189763,190046]
[33,50,619216,620443]
[34,47,211801,210434]
[35,167,391994,391747]
[36,77,642537,642320]
[37,192,333836,334509]
[38,69,604854,603802]
[39,32,9369,10079]
[40,89,240875,239543]
[41,11,56699,55253]
[42,1,224896,223792]
[43,219,340215,338849]
[44,88,293900,294037]
[45,186,333060,333945]
[46,216,380607,382102]
[47,205,275170,274803]
[48,246,464826,465728]
[49,31,96212,95918]
[50,15,631349,630787]
[51,117,209295,208567]
[52,171,556875,556255]
[53,196,56085,56132]
[54,21,333358,332022]
[55,110,415440,416112]
[56,68,109560,110366]
[57,268,443123,443561]
[58,5,65394,64508]
[59,35,133740,132698]
[60,20,365734,365997]
[61,197,239506,239139]
[62,257,38979,38447]
[63,237,435166,434813]
[64,83,714493,713017]
[65,279,166404,165837]
[66,109,632476,631445]
[67,84,559090,559818]
[68,12,602533,602901]
[69,220,545257,545598]
[70,189,140406,139405]
[71,32,501604,501664]
[72,175,21081,20058]
[73,68,68105,68754]
[74,50,218086,218702]
[75,9,171803,171051]
[76,117,230103,230049]
[77,152,554034,554805]
[78,270,454428,455853]
[79,11,355611,355292]
[80,64,536751,537100]
[81,205,78631,77706]
[82,220,628741,630117]
[83,217,122050,121010]
[84,3,186018,184924]
[85,208,267374,268437]
[86,76,535635,535787]
[87,40,294224,295477]
[88,128,456561,456831]
[89,143,452697,451441]
[90,66,180952,182305]
[91,36,240933,242046]
[92,11,564110,563407]
[93,139,551944,551220]
[94,115,607345,605860]
[95,5,440884,439723]
[96,231,660661,660380]
[97,102,94352,95483]
[98,201,187172,187083]
[99,160,62598,63860]
[100,141,159650,158391]
[101,207,491165,490226]
[102,55,40936,39927]
[103,149,26031,24759]
[104,184,321517,321854]
[105,225,366368,365909]
[106,15,379026,378107]
[107,66,278725,280115]
[108,223,470234,468840]
[109,64,95919,96626]
[110,102,349587,350993]
[111,213,427848,426985]
[112,156,270283,271052]
[113,183,597244,596389]
[114,97,510145,509043]
[115,205,378355,377179]
[116,52,607849,608242]
[117,206,19304,20796]
[118,52,85015,85174]
[119,122,358478,359250]
[120,178,156679,157795]
[121,234,622232,623696]
[122,164,523595,524570]
[123,254,667905,669253]
[124,245,87336,86383]
[125,111,492596,491302]
[126,220,480448,480493]
[127,100,325698,326410]
[128,12,80510,80605]
[129,192,87890,88559]
[130,163,408365,407982]
[131,108,137107,137183]
[132,160,188138,189514]
[133,36,19917,21336]
[134,161,345472,345328]
[135,23,455822,454520]
[136,27,195381,194965]
[137,255,559196,559145]
[138,68,315578,316771]
[139,228,92202,92409]
[140,188,52176,52719]
[141,136,312085,312287]
[142,145,124012,123083]
[143,231,504200,504048]
[144,152,124081,125241]
[145,36,255022,255456]
[146,119,292262,291117]
[147,140,309536,310526]
[148,257,686750,686079]
[149,175,289480,288776]
[150,59,284853,284132]
[151,240,33033,34014]
[152,224,435410,436383]
[153,274,531783,532994]
[154,279,251560,250634]
[155,7,671737,671490]
[156,206,467348,467468]
[157,66,428715,429016]
[158,11,415706,414448]
[159,57,82947,81841]
[160,69,122017,121124]
[161,273,630177,630009]
[162,45,702718,701803]
[163,8,70298,70375]
[164,141,484452,484211]
[165,31,49328,48011]
[166,93,116693,115910]
[167,258,168685,168989]
[168,151,9417,9071]
[169,158,19804,20823]
[170,217,64677,63834]
[171,132,137202,137960]
[172,9,601326,601009]
[173,142,483307,483952]
[174,40,718727,719544]
[175,98,699251,700023]
[176,26,531247,531759]
[177,254,575124,576384]
[178,120,342885,343904]
[179,232,251261,252194]
[180,158,637579,638472]
[181,159,367714,367339]
[182,236,310412,311780]
[183,46,361151,361421]
[184,147,662497,661706]
[185,216,325638,326599]
[186,118,147711,147741]
[187,175,80069,79961]
[188,60,149597,150955]
[189,185,292092,291746]
[190,133,363275,362684]
[191,176,312565,313236]
[192,66,315178,315548]
[193,49,469852,469002]
[194,164,32455,32595]
[195,166,298292,298478]
[196,102,2486,2722]
[197,45,214431,213845]
[198,53,79798,79174]
[199,173,114418,113022]
[200,193,331095,330763]
[201,153,496735,496019]
[202,198,88171,88731]
[203,189,443431,442196]
[204,21,479414,478947]
[205,163,248712,248461]
[206,148,440944,441899]
[207,34,173890,174066]
[208,192,541044,541166]
[209,184,300558,300878]
[210,42,671798,672719]
[211,99,670955,670259]
[212,252,552036,553321]
[213,201,436924,436437]
[214,208,25741,26979]
[215,229,343465,342521]
[216,234,502312,502636]
[217,87,208686,208329]
[218,71,283494,282946]
[219,166,25922,27092]
[220,239,302598,301342]
[221,154,27152,27948]
[222,54,522459,522536]
[223,69,673427,672186]
[224,235,157051,156244]
[225,273,509454,508420]
[226,179,654596,653280]
[227,72,78205,79359]
[228,227,127181,125858]
[229,188,494097,495543]
[230,111,586346,586234]
[231,127,399992,398584]
[232,235,552577,552251]
[233,121,94721,93615]
[234,40,389598,390212]
[235,206,174569,174601]
[236,191,143392,142168]
[237,87,432817,431829]
[238,96,275065,275979]
[239,86,316233,317596]
[240,142,717093,717892]
[241,178,189948,190214]
[242,45,211179,209835]
[243,180,675068,676230]
[244,59,693666,693304]
[245,102,296530,297215]
[246,126,310789,311350]
[247,99,559328,557961]
[248,136,546745,547953]
[249,246,245873,247272]
[250,267,201030,199744]
[251,148,14660,15211]
[252,227,707386,706123]
[253,47,142698,142156]
[254,181,645360,643963]
[255,134,628221,629273]
[256,190,723463,723577]
[257,6,538133,539625]
[258,212,451009,451979]
[259,185,45342,44043]
[260,90,425910,427227]
[261,86,559458,559651]
[262,54,285637,286969]
[263,32,672860,673763]
[264,179,153623,152964]
[265,228,421517,422197]
[266,228,334451,335354]
[267,24,281594,282754]
[268,193,294161,293239]
[269,20,479926,480803]
[270,46,503699,503783]
[271,32,191223,192675]
[272,119,449657,449454]
[273,66,151907,152848]
[274,36,378274,378682]
[275,83,684290,683150]
[276,75,382775,382695]
[277,110,483649,484600]
[278,278,434249,434718]
[279,84,170373,171034]
[280,155,22174,21972]
[281,243,533420,532868]
[282,139,565060,564449]
[283,63,156535,155044]
[284,183,345602,344955]
[285,74,548246,548628]
[286,76,35766,36410]
[287,247,471072,469572]
[288,29,673748,672512]
[289,216,517075,517264]
[290,238,691766,692335]
[291,41,503240,502093]
[292,184,638642,638760]
[293,14,513034,513356]
[294,103,263365,262683]
[295,77,554204,553276]
[296,167,332532,331627]
[297,278,291209,291766]
[298,3,259628,259148]
[299,265,502499,501600]
[300,20,628132,629291]
[301,123,708092,707816]
[302,247,226986,226498]
[303,168,397850,398247]
[304,205,15273,15127]
[305,1,268854,267430]
[306,230,191848,192346]
[307,141,679927,679618]
[308,41,189580,189379]
[309,112,541772,543015]
[310,256,207613,208448]
[311,103,258985,257598]
[312,182,585612,586507]
[313,30,41766,43025]
[314,37,482738,481826]
[315,98,669825,669956]
[316,44,294514,295390]
[317,29,256218,256082]
[318,13,105002,104710]
[319,224,687337,687505]
[320,115,355606,354291]
[321,73,445285,444389]
[322,189,605905,605212]
[323,40,422140,423136]
[324,120,187886,189040]
[325,239,487830,487049]
[326,247,651360,650566]
[327,210,11510,12050]
[328,160,566960,567533]
[329,144,360306,360576]
[330,33,576783,575988]
[331,209,361329,359887]
[332,179,303183,302167]
[333,68,547037,547071]
[334,24,210581,211319]
[335,20,284435,285867]
[336,130,71504,72116]
[337,119,115001,113822]
[338,55,285905,285764]
[339,203,439390,438490]
[340,14,715221,715654]
[341,65,393759,393517]
[342,160,15470,16864]
[343,210,725276,725831]
[344,155,685513,684399]
[345,79,280401,279131]
[346,71,499779,498934]
[347,61,694633,694479]
[348,0,206618,206887]
[349,25,577228,576791]
[350,177,402955,402300]
[351,97,295857,294570]
[352,81,316971,315898]
[353,225,338692,338072]
[354,45,476322,475747]
[355,147,453980,452970]
[356,162,336166,337396]
[357,236,559483,560262]
[358,179,360924,360520]
[359,270,418853,419020]
[360,262,205636,206527]
[361,263,580753,579508]
[362,146,268455,268809]
[363,153,191052,191019]
[364,224,195747,196265]
[365,243,282694,281708]
[366,194,334350,334827]
[367,161,128088,127304]
[368,222,523159,523322]
[369,61,574572,574282]
[370,8,252327,253600]
[371,233,66648,65338]
[372,172,527294,527878]
[373,167,446952,446294]
[374,98,252598,253846]
[375,88,65110,65152]
[376,117,225661,224226]
[377,96,62932,63036]
[378,74,59881,60559]
[379,252,408739,409488]
[380,225,459008,457805]
[381,41,729202,728708]
[382,62,351905,352986]
[383,206,420614,421449]
[384,241,508066,508030]
[385,233,704502,704178]
[386,271,410264,410089]
[387,110,427084,427698]
[388,193,233667,232344]
[389,89,421041,419700]
[390,168,406957,408355]
[391,209,474692,474498]
[392,133,358995,358151]
[393,21,554284,553055]
[394,151,537108,535970]
[395,21,61210,60708]
[396,21,713648,712858]
[397,258,302414,302998]
[398,201,372056,371375]
[399,138,342982,343322]
[400,83,357757,357535]
[401,18,696646,696793]
[402,48,208807,209395]
[403,62,66037,66600]
[404,13,638680,637823]
[405,86,515908,516530]
[406,79,332392,331324]
[407,0,310609,311710]
[408,132,131007,131525]
[409,20,75930,77272]
[410,213,128714,127749]
[411,191,30492,29072]
[412,252,705717,705952]
[413,46,19706,20072]
[414,8,309865,310238]
[415,17,76184,74957]
[416,91,214514,213597]
[417,275,358811,358605]
[418,22,684410,685817]
[419,188,658049,658198]
[420,128,415320,416499]
[421,163,118333,117490]
[422,68,72042,72626]
[423,137,382087,381490]
[424,71,189353,188391]
[425,9,531399,530540]
[426,196,589442,590068]
[427,74,384287,385673]
[428,215,71671,70645]
[429,87,488241,486959]
[430,83,335743,334639]
[431,102,213167,214332]
[432,137,727991,726737]
[433,244,485396,486674]
[434,42,644462,645223]
[435,204,174094,174885]
[436,237,606799,606195]
[437,158,115529,116020]
[438,218,2781,3194]
[439,105,436925,436763]
[440,231,50273,49257]
[441,189,603387,602341]
[442,191,151924,151575]
[443,80,65455,65614]
[444,160,585464,585769]
[445,9,512490,511179]
[446,77,728547,727110]
[447,103,353939,353263]
[448,263,28784,28710]
[449,168,76581,77839]
[450,27,10498,10267]
[451,253,195757,194807]
[452,156,232830,233351]
[453,236,656029,656424]
[454,109,481301,480279]
[455,60,478036,478702]
[456,40,551698,553052]
[457,116,409283,409764]
[458,195,564108,564054]
[459,218,414706,416064]
[460,239,624503,623644]
[461,204,193776,194542]
[462,136,88885,89266]
[463,81,265379,265298]
[464,184,146109,146440]
[465,95,325277,324157]
[466,229,243839,242714]
[467,215,403230,402684]
[468,135,386515,385073]
[469,28,568968,569372]
[470,48,235366,236694]
[471,212,39854,40870]
[472,274,71461,72863]
[473,68,569349,569587]
[474,152,619847,620071]
[475,104,372559,373067]
[476,139,79349,78490]
[477,68,519249,519456]
[478,133,388010,387636]
[479,145,359337,357978]
[480,243,163950,162734]
[481,42,44644,45319]
[482,107,326829,325758]
[483,44,136867,136976]
[484,134,386041,387279]
[485,35,166846,166087]
[486,197,439781,439422]
[487,247,625663,625254]
[488,254,689532,689584]
[489,272,675280,676460]
[490,187,470569,469727]
[491,20,191735,192175]
[492,56,152207,152718]
[493,149,621687,621305]
[494,148,344891,346269]
[495,130,392639,393646]
[496,167,158355,157840]
[497,161,393455,393289]
[498,257,526073,525086]
[499,124,68277,68742]
[500,122,284645,285391]
[501,67,216872,216186]
[502,127,143545,142574]
[503,233,465092,464813]
[504,204,281147,282464]
[505,183,425016,424133]
[506,54,182993,183340]
[507,265,648045,647206]
[508,238,567887,569225]
[509,205,100024,98899]
[510,164,392196,392625]
[511,40,134983,135124]
[512,190,286777,287746]
[513,51,628391,627725]
[514,92,299185,300507]
[515,201,581321,581210]
[516,160,554595,555906]
[517,259,720369,719309]
[518,244,15719,16721]
[519,79,132776,132144]
[520,274,418045,419334]
[521,231,532373,531079]
[522,3,233963,232849]
[523,110,134075,135308]
[524,9,677425,677024]
[525,192,4057,5141]
[526,183,314531,313862]
[527,151,282770,281528]
[528,69,672950,672306]
[529,223,679970,679223]
[530,251,335178,333963]
[531,140,251090,251857]
[532,271,558621,558036]
[533,132,312309,313693]
[534,35,402887,401982]
[535,110,242437,243217]
[536,110,599299,600601]
[537,137,403350,402929]
[538,193,346015,344928]
[539,112,607405,608898]
[540,195,360827,359930]
[541,19,401077,400412]
[542,86,557693,558660]
[543,83,568920,568468]
[544,200,187715,187887]
[545,279,417022,415786]
[546,183,624402,624344]
[547,29,698449,697765]
[548,176,19759,20701]
[549,97,315670,314602]
[550,28,409028,409875]
[551,10,434613,435931]
[552,139,422311,421659]
[553,68,281786,282783]
[554,213,178899,178797]
[555,157,379405,379289]
[556,229,116149,115305]
[557,109,85829,85720]
[558,168,266962,268140]
[559,262,679024,679154]
[560,256,83685,83989]
[561,144,299107,299377]
[562,86,379089,380447]
[563,264,359170,359581]
[564,196,673063,673282]
[565,157,653392,653219]
[566,13,453026,452828]
[567,93,244125,243599]
[568,43,673370,672009]
[569,240,694467,694770]
[570,139,689557,689386]
[571,83,604737,603952]
[572,239,20187,19771]
[573,172,327695,328330]
[574,201,532112,530814]
[575,78,675879,677250]
[576,116,183621,184152]
[577,252,624177,625401]
[578,120,260456,261848]
[579,8,179268,180145]
[580,74,526840,527767]
[581,80,17507,18725]
[582,136,627083,627706]
[583,9,658366,657083]
[584,85,726060,726003]
[585,142,21596,22031]
[586,149,348719,347611]
[587,113,497125,496109]
[588,244,106848,107364]
[589,136,42784,43471]
[590,138,209182,209904]
[591,15,644264,644084]
[592,145,719858,718813]
[593,145,27957,27905]
[594,19,199990,199918]
[595,269,346708,346626]
[596,264,100867,100903]
[597,217,699168,699054]
[598,267,705091,704643]
[599,102,430524,431909]
[600,126,137476,138956]
[601,1,222768,222642]
[602,190,269634,270253]
[603,128,360566,361401]
[604,170,261704,262353]
[605,164,204823,204990]
[606,153,203870,202780]
[607,179,49382,49011]
[608,212,119695,120077]
[609,114,111239,112723]
[610,71,98863,98786]
[611,104,497490,498791]
[612,183,591133,591035]
[613,8,292897,293552]
[614,16,452619,452932]
[615,221,386419,386002]
[616,164,221310,222261]
[617,147,434689,433384]
[618,32,409001,409240]
[619,120,583209,584320]
[620,20,678174,679623]
[621,61,210533,209185]
[622,115,329535,329358]
[623,271,711410,711036]
[624,78,217725,218049]
[625,155,673749,673570]
[626,224,563518,564173]
[627,8,292081,293280]
[628,79,377823,377708]
[629,226,214933,215922]
[630,81,494693,493613]
[631,73,718889,718076]
[632,77,396893,396861]
[633,50,158245,158549]
[634,137,676449,676097]
[635,163,714959,713489]
[636,68,408182,409001]
[637,105,615071,613826]
[638,147,311993,311093]
[639,105,197300,196312]
[640,134,543532,544008]
[641,25,717680,716576]
[642,54,283139,283179]
[643,251,554596,553487]
[644,273,141917,141284]
[645,203,366537,365603]
[646,188,267861,268338]
[647,243,312016,311572]
[648,213,625112,624449]
[649,197,542885,542555]
[650,132,6333,7208]
[651,265,160118,159522]
[652,25,160541,160460]
[653,1,90929,90718]
[654,3,687994,687631]
[655,180,342109,342719]
[656,139,488897,488292]
[657,149,139256,138733]
[658,140,293742,295071]
[659,103,713590,712511]
[660,91,394304,393030]
[661,32,155885,156269]
[662,124,12798,14193]
[663,264,608896,610090]
[664,41,17391,16922]
[665,89,635670,634833]
[666,108,381644,382990]
[667,66,209757,210521]
[668,192,524822,524903]
[669,259,318787,318334]
[670,44,462780,463999]
[671,124,357053,357760]
[672,242,558209,558311]
[673,179,665940,664807]
[674,52,630958,631822]
[675,218,606054,606143]
[676,88,265213,266340]
[677,219,593945,592632]
[678,77,123705,122766]
[679,68,333759,335100]
[680,245,46380,45825]
[681,102,280097,281555]
[682,246,494001,495335]
[683,179,17382,16440]
[684,233,25733,25607]
[685,129,33523,33273]
[686,26,88641,90051]
[687,185,691900,691548]
[688,54,578196,579290]
[689,124,38842,39500]
[690,254,170950,172391]
[691,190,695984,696491]
[692,2,303043,303558]
[693,16,674506,675700]
[694,160,481313,482007]
[695,129,74970,74536]
[696,153,42104,41174]
[697,268,283608,284157]
[698,36,622495,622963]
[699,247,466617,465489]
[700,187,403817,402772]
[701,279,453827,453394]
[702,1,715370,715190]
[703,264,410205,410326]
[704,185,424045,423689]
[705,34,532245,533679]
[706,193,246492,245664]
[707,149,729646,728711]
[708,260,628196,628313]
[709,0,325048,325463]
[710,132,467823,468915]
[711,24,293822,293970]
[712,239,41557,41386]
[713,32,127832,128618]
[714,200,709671,710537]
[715,153,123517,122232]
[716,139,400584,399802]
[717,18,623342,623710]
[718,119,104141,103823]
[719,273,636703,636644]
[720,50,158874,159878]
[721,124,3080,3481]
[722,149,157168,156404]
[723,66,598853,599429]
[724,145,720894,720828]
[725,264,528302,529539]
[726,89,165330,164076]
[727,260,428551,429261]
[728,30,525949,526369]
[729,211,80084,79128]
[730,83,134814,134419]
[731,131,676820,675591]
[732,211,412728,412406]
[733,146,90010,91246]
[734,278,535305,535541]
[735,183,636505,635430]
[736,7,375733,375196]
[737,123,286702,286341]
[738,52,232071,232189]
[739,19,41258,39901]
[740,178,706548,707117]
[741,270,455938,456240]
[742,111,646511,645012]
[743,109,74638,73712]
[744,103,69745,69650]
[745,60,437662,438182]
[746,68,152830,153203]
[747,127,673895,673409]
[748,39,172905,171995]
[749,278,656389,657352]
[750,229,316090,314828]
[751,232,465238,465814]
[752,221,476663,476534]
[753,100,672672,673211]
[754,161,656504,656311]
[755,205,599992,599394]
[756,232,8533,9154]
[757,225,104706,104387]
[758,247,555790,555680]
[759,206,516104,516207]
[760,65,354167,353892]
[761,20,209920,210743]
[762,262,523969,525463]
[763,95,193234,192932]
[764,122,185867,185969]
[765,48,291784,292897]
[766,183,455152,454474]
[767,213,2363,1219]
[768,123,523888,523243]
[769,87,259169,258535]
[770,63,89169,88895]
[771,28,216627,216756]
[772,180,292315,292723]
[773,22,118263,119027]
[774,46,494280,494536]
[775,200,255605,256789]
[776,216,134987,135912]
[777,233,364684,364345]
[778,81,121869,121147]
[779,106,714436,715533]
[780,29,71730,71462]
[781,88,543043,543362]
[782,196,55765,56510]
[783,245,571174,570291]
[784,113,521394,521314]
[785,171,532471,531396]
[786,165,150086,149176]
[787,190,205687,206924]
[788,56,306561,307365]
[789,196,606507,607706]
[790,69,320261,319425]
[791,266,520366,520880]
[792,125,244932,244641]
[793,75,180786,180635]
[794,221,6924,5451]
[795,239,128874,127745]
[796,103,125823,124416]
[797,37,88739,88673]
[798,165,198272,198169]
[799,257,134554,134065]
[800,260,350143,351176]
[801,273,262959,261576]
[802,104,7050,8153]
[803,250,395788,396281]
[804,4,470451,471087]
[805,67,43229,41846]
[806,104,34689,35043]
[807,249,627733,626391]
[808,228,640203,640454]
[809,243,644402,644164]
[810,68,120880,121843]
[811,69,187556,187349]
[812,197,216006,215392]
[813,107,636976,636331]
[814,263,638059,637868]
[815,200,109112,110036]
[816,11,265032,264635]
[817,129,383466,383351]
[818,81,95860,95129]
[819,232,133994,134822]
[820,269,693551,692517]
[821,253,481868,481611]
[822,177,182367,181683]
[823,178,334948,335299]
[824,242,381544,382904]
[825,255,535656,534601]
[826,158,117452,117667]
[827,13,509576,509464]
[828,236,465773,466069]
[829,11,448735,448259]
[830,218,203725,204820]
[831,242,280574,281798]
[832,152,449088,449190]
[833,193,621571,620986]
[834,201,331370,330786]
[835,26,295583,296108]
[836,279,623410,621948]
[837,186,497919,499271]
[838,66,373578,374754]
[839,261,488242,487512]
[840,36,497908,499251]
[841,113,323319,322712]
[842,272,236720,238064]
[843,169,437616,436581]
[844,109,75999,75923]
[845,79,726980,726793]
[846,114,647716,647974]
[847,133,602510,602080]
[848,277,247328,247209]
[849,164,165792,166958]
[850,60,515095,516532]
[851,144,444985,445215]
[852,211,624948,624884]
[853,192,19659,20314]
[854,36,728355,729570]
[855,37,163514,163332]
[856,135,529163,528662]
[857,117,545146,544454]
[858,201,315215,315095]
[859,200,459186,459217]
[860,236,113875,114565]
[861,1,394387,393131]
[862,273,631487,631263]
[863,2,46257,47318]
[864,146,81780,83138]
[865,233,413968,413787]
[866,191,655863,655611]
[867,34,27929,28131]
[868,223,140664,140434]
[869,175,617810,617277]
[870,267,709584,708613]
[871,183,24518,23624]
[872,152,201284,202013]
[873,159,714399,714253]
[874,45,553172,552130]
[875,77,458751,457821]
[876,141,13243,13076]
[877,253,383970,383394]
[878,46,240562,241371]
[879,122,496703,496748]
[880,176,597324,597996]
[881,164,556729,557752]
[882,94,474877,475184]
[883,94,460396,461697]
[884,277,695889,694674]
[885,171,12140,11082]
[886,81,490942,489870]
[887,256,549020,550239]
[888,127,208621,207636]
[889,60,323573,324658]
[890,161,644304,644088]
[891,208,644519,644576]
[892,197,9854,9111]
[893,212,584105,584910]
[894,182,494900,495572]
[895,126,78691,79407]
[896,130,291807,292438]
[897,137,394087,392957]
[898,117,148367,147590]
[899,277,88580,87856]
[900,245,225628,224182]
[901,34,575832,577261]
[902,276,383113,383785]
[903,191,587392,586774]
[904,231,351435,350514]
[905,79,279233,279048]
[906,185,437132,435766]
[907,275,564989,564859]
[908,247,558570,558341]
[909,265,624459,623672]
[910,129,434940,434171]
[911,83,691257,691001]
[912,25,396626,395398]
[913,32,110641,110783]
[914,151,230501,229520]
[915,210,9354,10296]
[916,85,539006,538792]
[917,249,557068,556785]
[918,228,620940,621992]
[919,246,167628,167810]
[920,264,617416,618332]
[921,70,47899,49342]
[922,178,543510,544386]
[923,240,94169,94512]
[924,261,183122,181759]
[925,265,445587,444486]
[926,146,412468,413554]
[927,231,200204,200070]
[928,201,56756,56534]
[929,19,664423,663928]
[930,210,458417,458794]
