["head":"wrap","lpos","status"]
[157,271467,0]
["io count"]
[935]
["io":"id","wrap","startLpos","endLpos"]
[1,57,63742,63500]
[2,144,250674,251984]
[3,7,391528,391464]
[4,13,283987,283840]
[5,271,707384,705966]
[6,164,72250,72999]
[7,233,520396,520247]
[8,92,131130,131375]
[9,68,598720,599856]
[10,117,355531,354987]
[11,151,374800,374023]
[12,0,170308,171339]
[13,274,388203,388619]
[14,250,551873,551914]
[15,13,260329,259830]
[16,275,437889,436681]
[17,261,448822,447427]
[18,118,141500,142524]
[19,221,526680,526423]
[20,203,677870,677563]
[21,4,140911,141986]
[22,43,485634,485298]
[23,19,427830,427162]
[24,54,671700,671869]
[25,19,438386,438340]
[26,139,584997,583553]
[27,104,500955,501857]
[28,265,248587,247326]
[29,88,389085,390036]
[30,105,71179,70457]
[31,20,517933,519222]
[32,223,181231,180143]
[33,176,102012,102043]
[34,276,39108,39894]
[35,226,98169,98240]
[36,68,214748,215216]
[37,221,417104,416988]
[38,162,139680,141052]
[39,48,702468,703079]
[40,149,661554,660966]
[41,27,441101,440734]
[42,263,463737,463286]
[43,26,412869,414333]
[44,166,142377,143014]
[45,31,45341,44210]
[46,115,500250,499628]
[47,39,412187,410709]
[48,227,485580,485336]
[49,275,493508,493228]
[50,193,579477,578670]
[51,183,336618,336138]
[52,210,653745,654261]
[53,113,289266,288227]
[54,172,560706,561363]
[55,271,593871,592788]
[56,18,30393,31181]
[57,122,709584,711071]
[58,95,455462,454966]
[59,148,486467,486711]
[60,264,334900,335626]
[61,72,203494,204932]
[62,202,345959,346317]
[63,231,658057,656964]
[64,169,350424,350278]
[65,49,383785,383421]
[66,75,137686,137524]
[67,78,572016,572634]
[68,56,534547,534696]
[69,87,400262,399598]
[70,219,477141,476036]
[71,131,643185,642664]
[72,205,55637,55437]
[73,48,570949,571426]
[74,77,619019,618381]
[75,22,609226,610270]
[76,118,422376,423612]
[77,111,337597,337349]
[78,252,336831,338207]
[79,192,157196,157573]
[80,134,219433,220420]
[81,260,115815,117171]
[82,28,329107,329715]
[83,209,535013,534618]
[84,202,186653,187989]
[85,238,89993,91007]
[86,117,612832,611746]
[87,25,15655,15140]
[88,233,381632,380491]
[89,278,556856,557804]
[90,142,356070,357278]
[91,36,206960,207381]
[92,40,271872,273113]
[93,279,357331,356893]
[94,10,482119,482516]
[95,240,166442,166748]
[96,126,534293,535658]
[97,201,512317,511779]
[98,45,680283,680053]
[99,31,572559,571679]
[100,56,665666,666538]
[101,250,606829,606931]
[102,214,256788,257789]
[103,42,660077,660211]
[104,219,122911,122792]
[105,125,185716,185118]
[106,112,263241,263960]
[107,188,444449,444846]
[108,39,212571,211642]
[109,128,722650,722768]
[110,139,725162,724353]
[111,47,153718,153654]
[112,73,40087,39750]
[113,98,30561,31243]
[114,234,31538,31601]
[115,51,318329,317803]
[116,118,2725,2967]
[117,213,174652,173697]
[118,161,46252,45595]
[119,222,191678,192815]
[120,227,518002,517691]
[121,68,695011,695924]
[122,125,706630,705637]
[123,232,285044,285086]
[124,165,339336,339174]
[125,12,60621,61410]
[126,96,676376,677232]
[127,220,536936,537209]
[128,223,680517,679018]
[129,67,383075,382722]
[130,222,386626,386767]
[131,173,428610,427494]
[132,150,495402,496200]
[133,171,531634,531431]
[134,188,171923,172953]
[135,129,186029,184933]
[136,19,428587,427112]
[137,16,688412,689823]
[138,108,633133,634523]
[139,109,339233,338094]
[140,229,287837,287558]
[141,234,186716,187599]
[142,33,388293,387334]
[143,214,248652,249758]
[144,98,637430,638430]
[145,211,250680,250565]
[146,23,353909,352804]
[147,99,27487,26927]
[148,208,488109,488241]
[149,212,375587,375860]
[150,49,722456,721539]
[151,76,602394,602977]
[152,144,273389,273680]
[153,233,596506,595982]
[154,252,340608,341239]
[155,54,725479,726565]
[156,261,341857,340780]
[157,237,482130,480956]
[158,73,84438,83168]
[159,153,451656,450229]
[160,5,518168,517268]
[161,10,176813,178273]
[162,208,629273,629435]
[163,58,434954,435653]
[164,46,375248,375771]
[165,172,185436,186795]
[166,243,125668,124633]
[167,128,7204,7884]
[168,138,207242,208248]
[169,275,378216,378182]
[170,266,689399,689551]
[171,68,682924,683935]
[172,188,417358,417646]
[173,148,309174,310339]
[174,207,684940,683458]
[175,158,290710,291048]
[176,265,619111,619018]
[177,67,38499,38093]
[178,253,449847,448701]
[179,203,650515,649568]
[180,251,234720,233305]
[181,183,284105,283543]
[182,30,447614,448714]
[183,240,703756,704272]
[184,16,2759,3581]
[185,25,387786,387107]
[186,128,576384,577608]
[187,213,672652,671209]
[188,155,164612,163707]
[189,260,331440,331513]
[190,75,456043,455147]
[191,180,474117,474347]
[192,31,632401,631750]
[193,276,682313,683685]
[194,272,74783,75524]
[195,159,584202,583309]
[196,145,2956,1552]
[197,104,711866,712281]
[198,2,124873,126299]
[199,80,314239,314371]
[200,203,50497,49596]
[201,15,468717,467700]
[202,224,238866,239032]
[203,19,414920,413579]
[204,197,213301,213033]
[205,151,565056,564898]
[206,42,316954,317983]
[207,16,356912,357323]
[208,219,158668,158170]
[209,69,347088,345779]
[210,275,607002,606880]
[211,266,124175,124536]
[212,115,696169,694877]
[213,64,73066,73464]
[214,82,641267,641871]
[215,199,141342,140755]
[216,65,210948,209841]
[217,155,660079,659019]
[218,41,295131,293860]
[219,119,674094,672878]
[220,269,103260,101766]
[221,268,95112,95791]
[222,230,420151,420388]
[223,83,176374,175769]
[224,249,270369,269988]
[225,234,351809,352771]
[226,274,567868,568059]
[227,152,167835,168117]
[228,134,336750,337771]
[229,71,42217,41073]
[230,115,501769,501468]
[231,83,393571,392954]
[232,268,637247,638030]
[233,113,242322,241720]
[234,58,531804,532310]
[235,124,432811,433743]
[236,111,676967,676732]
[237,252,496727,497643]
[238,2,528477,528845]
[239,133,216417,215135]
[240,275,114689,113963]
[241,239,523569,523195]
[242,64,10518,10741]
[243,110,399598,400950]
[244,220,429485,430108]
[245,264,3287,4248]
[246,8,662897,664296]
[247,106,106358,107265]
[248,7,728639,727909]
[249,118,453966,454443]
[250,259,83919,82634]
[251,168,355108,356467]
[252,80,263628,264777]
[253,85,672449,671576]
[254,72,433414,434157]
[255,96,416263,417637]
[256,85,229155,228567]
[257,42,349152,350010]
[258,16,285971,286501]
[259,163,348732,347984]
[260,122,611324,612444]
[261,235,354912,353598]
[262,184,281615,282214]
[263,72,146186,146602]
[264,257,194849,193705]
[265,93,493631,492310]
[266,138,63212,63934]
[267,89,399011,397748]
[268,129,609145,608173]
[269,19,504092,503084]
[270,257,110430,108936]
[271,99,3588,2303]
[272,13,451990,450821]
[273,190,170239,171346]
[274,154,74961,75566]
[275,152,629785,630932]
[276,28,549580,550375]
[277,205,184816,184419]
[278,261,508337,507200]
[279,173,265735,265680]
[280,120,73970,75097]
[281,235,415075,414073]
[282,25,238612,237271]
[283,163,105535,105360]
[284,276,215746,216236]
[285,251,662324,662074]
[286,157,471494,471015]
[287,185,473651,472232]
[288,231,137205,136079]
[289,179,187844,187010]
[290,115,579931,579189]
[291,266,647352,647597]
[292,102,716736,717979]
[293,145,676171,675599]
[294,228,488857,490179]
[295,148,14533,15015]
[296,89,194188,193589]
[297,251,480019,479041]
[298,261,631238,630462]
[299,180,385171,385909]
[300,162,632951,633138]
[301,102,78449,78673]
[302,107,394923,394532]
[303,221,238939,238040]
[304,266,268607,270028]
[305,251,551658,550225]
[306,212,596176,597667]
[307,79,178859,177792]
[308,32,87476,88099]
[309,133,596122,595123]
[310,171,343256,342545]
[311,0,385707,385759]
[312,120,115048,116233]
[313,142,2761,2894]
[314,44,145574,145902]
[315,167,32211,31109]
[316,23,306353,305999]
[317,221,342748,342582]
[318,10,702215,702451]
[319,157,235755,234735]
[320,237,94735,94454]
[321,178,600105,600453]
[322,93,394531,394257]
[323,1,136078,135951]
[324,242,176833,177195]
[325,183,312287,311789]
[326,73,678836,678516]
[327,172,386354,387374]
[328,171,246528,245982]
[329,32,673531,674138]
[330,257,464274,462986]
[331,54,462630,463648]
[332,102,121176,121636]
[333,199,686683,685781]
[334,137,417149,415940]
[335,204,318436,318613]
[336,27,385586,384708]
[337,207,381787,381663]
[338,16,294653,295331]
[339,273,176740,175683]
[340,230,580048,581136]
[341,247,462736,461949]
[342,106,486565,487018]
[343,183,78942,78016]
[344,92,190099,190469]
[345,121,652284,651576]
[346,224,82473,82890]
[347,33,207330,206671]
[348,160,564276,564891]
[349,173,430059,429030]
[350,132,269222,270262]
[351,181,6013,4652]
[352,245,483461,483414]
[353,136,250784,251327]
[354,45,371270,370717]
[355,231,81920,81587]
[356,231,146507,146366]
[357,93,95302,95014]
[358,111,32460,31768]
[359,186,210763,211639]
[360,82,369393,370435]
[361,108,226900,227783]
[362,155,361628,361496]
[363,122,195535,196069]
[364,86,635216,636158]
[365,243,103112,102601]
[366,78,598359,598445]
[367,228,696178,696839]
[368,216,719568,720379]
[369,29,419514,418852]
[370,254,37874,37909]
[371,136,281760,282095]
[372,201,480960,479579]
[373,58,118920,119377]
[374,230,160601,161766]
[375,110,340883,341262]
[376,17,512800,511484]
[377,97,304819,304545]
[378,34,336974,338322]
[379,211,409827,408332]
[380,152,423952,424024]
[381,35,314598,314007]
[382,149,671173,670621]
[383,105,553441,552347]
[384,242,591209,591312]
[385,68,242493,242814]
[386,185,150684,149765]
[387,16,468800,469137]
[388,99,593976,593576]
[389,34,573284,574090]
[390,61,523032,522981]
[391,15,426628,425214]
[392,228,672784,673740]
[393,35,481820,480638]
[394,133,645809,645377]
[395,145,392841,392179]
[396,25,591091,590676]
[397,75,509975,508715]
[398,255,59691,59359]
[399,206,646516,647006]
[400,125,115548,114943]
[401,244,503430,504898]
[402,232,555416,555930]
[403,206,443858,444657]
[404,17,103935,103286]
[405,120,36219,37332]
[406,70,370277,371223]
[407,14,99347,100385]
[408,88,247787,249111]
[409,97,364909,364609]
[410,10,312939,314237]
[411,239,195015,194471]
[412,52,413948,414157]
[413,206,279283,279322]
[414,31,26103,25473]
[415,140,661258,662348]
[416,83,301813,301650]
[417,251,195610,195134]
[418,213,324272,323853]
[419,82,184215,184754]
[420,253,339530,338252]
[421,109,489453,488733]
[422,102,173020,173488]
[423,273,175479,175202]
[424,92,409863,410406]
[425,2,415156,415214]
[426,95,229999,228506]
[427,110,571925,573090]
[428,229,49392,48856]
[429,90,609890,611111]
[430,11,13358,13139]
[431,144,110617,111869]
[432,143,523030,522065]
[433,244,345598,346173]
[434,84,35517,35806]
[435,33,57696,56262]
[436,236,228237,228693]
[437,172,415316,416443]
[438,23,376607,376350]
[439,19,674932,673572]
[440,30,364942,365174]
[441,39,33940,33813]
[442,269,445799,445722]
[443,214,160079,161341]
[444,36,477902,479106]
[445,157,92022,91203]
[446,88,364048,365305]
[447,43,592333,592084]
[448,71,283936,282915]
[449,61,204498,203879]
[450,95,554114,552848]
[451,106,554800,555614]
[452,65,331170,330200]
[453,8,687689,688804]
[454,221,346130,345373]
[455,169,21532,21015]
[456,251,319374,318904]
[457,276,203018,204300]
[458,180,132520,133121]
[459,172,586508,587604]
[460,28,228962,229570]
[461,17,610176,609522]
[462,77,690857,689856]
[463,217,402975,402389]
[464,139,29127,28127]
[465,0,527787,528842]
[466,161,470915,470053]
[467,74,84567,85733]
[468,0,419312,420156]
[469,112,229477,230719]
[470,245,294666,294578]
[471,88,93918,94354]
[472,29,284253,283644]
[473,99,477390,476881]
[474,13,189720,189057]
[475,179,333767,333614]
[476,82,503243,504230]
[477,228,600191,601352]
[478,244,253810,254791]
[479,152,660826,662189]
[480,64,589453,589668]
[481,185,342888,342442]
[482,40,218779,218865]
[483,85,497810,496881]
[484,272,205738,206819]
[485,35,317407,316516]
[486,169,570156,569328]
[487,222,300080,300680]
[488,72,385581,386207]
[489,276,500174,500986]
[490,97,304126,302630]
[491,256,565738,566636]
[492,188,110418,111085]
[493,16,89810,91223]
[494,200,33605,35014]
[495,207,356107,355803]
[496,86,201434,201779]
[497,273,134596,133806]
[498,114,155298,156534]
[499,147,564562,563931]
[500,204,478951,480381]
[501,271,434047,433851]
[502,195,276960,275965]
[503,236,59755,60290]
[504,99,136896,136417]
[505,159,422635,422061]
[506,137,457343,457107]
[507,76,267686,268257]
[508,64,667048,668110]
[509,159,346771,345411]
[510,167,388743,387597]
[511,62,375595,376179]
[512,198,291439,292755]
[513,233,373735,373444]
[514,273,650458,649323]
[515,196,29338,29559]
[516,34,601336,602386]
[517,17,52245,51865]
[518,161,656930,656739]
[519,158,254409,255102]
[520,38,712395,712503]
[521,51,618851,618655]
[522,173,326513,325885]
[523,232,168658,169942]
[524,128,63400,63433]
[525,104,254560,254854]
[526,108,376538,377386]
[527,272,133986,134646]
[528,60,196282,196931]
[529,105,172714,172309]
[530,255,506834,506630]
[531,228,172056,172980]
[532,99,523576,522508]
[533,123,727132,725673]
[534,195,49811,48391]
[535,32,153418,154317]
[536,196,116267,116561]
[537,75,521592,521008]
[538,161,631624,631408]
[539,24,265591,266049]
[540,272,697217,697740]
[541,94,294560,294998]
[542,152,391627,391658]
[543,185,108842,107473]
[544,33,618560,617569]
[545,151,624179,623742]
[546,96,703574,704949]
[547,189,721478,721058]
[548,262,77035,77428]
[549,194,562901,563180]
[550,24,114530,114670]
[551,177,358053,357323]
[552,94,532081,532602]
[553,159,304545,303269]
[554,271,29903,29510]
[555,194,550246,550653]
[556,83,484605,484259]
[557,157,297697,296791]
[558,184,460877,461916]
[559,196,656459,657263]
[560,247,267285,266738]
[561,182,152362,152741]
[562,179,58368,57771]
[563,207,564144,563522]
[564,207,2564,1749]
[565,4,464755,464990]
[566,23,380592,379377]
[567,72,321055,321789]
[568,265,572386,571630]
[569,193,565583,564968]
[570,251,400823,400432]
[571,10,419557,420872]
[572,109,714448,712960]
[573,50,102873,104255]
[574,209,509051,508435]
[575,237,352275,350930]
[576,221,602026,601769]
[577,9,574416,573121]
[578,115,498194,498057]
[579,25,348021,347453]
[580,204,616322,616651]
[581,85,449381,448912]
[582,228,345721,346735]
[583,8,467090,467163]
[584,158,530324,531374]
[585,95,172356,171472]
[586,100,562043,562290]
[587,159,383896,382631]
[588,279,141848,140879]
[589,102,613483,614094]
[590,125,33898,33814]
[591,161,389042,388547]
[592,158,1967,2421]
[593,0,177004,177186]
[594,261,10946,10338]
[595,4,632065,632658]
[596,229,137704,137584]
[597,226,720662,720694]
[598,242,256757,257112]
[599,174,119814,121046]
[600,129,90443,90136]
[601,145,128613,128161]
[602,256,705749,706217]
[603,64,14794,16058]
[604,277,463509,463173]
[605,1,456837,455451]
[606,11,273712,272508]
[607,201,486841,485800]
[608,248,544035,544964]
[609,224,426038,427429]
[610,159,323327,322198]
[611,266,207028,207401]
[612,13,110268,108782]
[613,29,508565,508190]
[614,95,260723,260029]
[615,112,486779,487014]
[616,188,278633,280128]
[617,202,300055,300620]
[618,112,44207,45505]
[619,196,186462,187580]
[620,243,713387,713038]
[621,48,381375,382212]
[622,95,25084,24125]
[623,107,73606,72916]
[624,138,78455,79037]
[625,174,459202,459311]
[626,269,410198,408903]
[627,49,201823,201516]
[628,187,55768,55286]
[629,273,538233,537832]
[630,148,115301,116209]
[631,184,94988,96236]
[632,209,281998,280977]
[633,31,459470,459047]
[634,231,707965,707800]
[635,35,352,314]
[636,151,405046,403804]
[637,1,216651,215958]
[638,8,603083,603855]
[639,31,142121,141794]
[640,9,629939,629265]
[641,42,111773,112409]
[642,62,462452,463702]
[643,17,456507,455498]
[644,67,353019,351533]
[645,173,220905,219932]
[646,227,552412,551378]
[647,9,676290,676079]
[648,9,377481,376618]
[649,278,591881,592708]
[650,175,601300,599818]
[651,269,677188,676778]
[652,131,68449,67734]
[653,55,93702,92503]
[654,157,666250,665382]
[655,66,652181,653455]
[656,75,613658,613494]
[657,139,544252,544168]
[658,44,568377,569443]
[659,48,678679,679302]
[660,87,411674,411465]
[661,269,507559,506830]
[662,0,654512,655739]
[663,272,484368,485689]
[664,133,354023,352530]
[665,1,705923,705791]
[666,110,617109,617550]
[667,26,35856,36815]
[668,69,521293,521207]
[669,91,367284,366804]
[670,266,172620,174083]
[671,203,112985,111982]
[672,83,503589,503198]
[673,241,223947,222538]
[674,26,672263,672321]
[675,172,339358,340679]
[676,254,609688,611172]
[677,187,371790,371063]
[678,5,569166,568940]
[679,57,270655,269829]
[680,269,460377,459560]
[681,7,428662,427428]
[682,69,357997,356808]
[683,16,695527,695654]
[684,127,251360,250436]
[685,32,619121,619321]
[686,13,659347,658563]
[687,129,508778,508657]
[688,207,717016,715993]
[689,145,176741,175979]
[690,268,727967,728616]
[691,115,560520,559940]
[692,195,416633,415190]
[693,221,102250,101496]
[694,227,259820,259485]
[695,168,401342,401722]
[696,243,287422,286872]
[697,226,609042,610423]
[698,113,322947,322519]
[699,259,151039,150506]
[700,132,129282,129993]
[701,70,547364,548099]
[702,107,643518,642656]
[703,194,723228,724094]
[704,275,709377,708344]
[705,204,316544,317362]
[706,80,124699,126136]
[707,0,475399,475887]
[708,37,184409,183833]
[709,138,89618,90525]
[710,154,223726,224998]
[711,92,64988,65210]
[712,120,501577,502762]
[713,120,260689,262106]
[714,155,460237,459611]
[715,161,715096,714639]
[716,60,397187,398195]
[717,64,604465,605208]
[718,26,62057,63013]
[719,268,284899,285463]
[720,209,656812,656010]
[721,123,488477,487642]
[722,148,229477,230331]
[723,265,376535,376326]
[724,114,261333,262487]
[725,35,438463,438054]
[726,258,283061,283452]
[727,54,519882,520720]
[728,139,181415,181085]
[729,230,644257,645309]
[730,132,704979,705667]
[731,123,563922,563663]
[732,245,240996,239684]
[733,11,174959,174849]
[734,29,34461,33613]
[735,67,381996,381862]
[736,75,131622,130338]
[737,236,607559,607831]
[738,153,263607,262607]
[739,158,457543,457804]
[740,232,245908,247375]
[741,52,413965,414077]
[742,28,428309,429201]
[743,250,427632,428320]
[744,227,115769,115052]
[745,77,608559,607874]
[746,160,722624,722760]
[747,42,401853,402405]
[748,64,284646,286087]
[749,257,375162,374949]
[750,261,380249,379073]
[751,238,247248,247464]
[752,1,298029,296555]
[753,171,335062,333736]
[754,43,699522,698613]
[755,112,408398,408787]
[756,221,240918,240282]
[757,127,53767,53062]
[758,214,26120,26605]
[759,21,561010,559745]
[760,216,710830,711624]
[761,218,89294,90472]
[762,265,278003,277385]
[763,22,565207,566480]
[764,212,650295,651436]
[765,194,554619,555623]
[766,176,129418,130685]
[767,219,259415,259332]
[768,44,727251,728437]
[769,265,591889,591372]
[770,28,67800,67838]
[771,41,657255,656588]
[772,67,640283,639874]
[773,238,21037,21926]
[774,78,445481,445554]
[775,88,698443,698932]
[776,234,18004,19311]
[777,50,632480,633780]
[778,190,202150,202908]
[779,111,100075,99626]
[780,268,612185,612449]
[781,189,612791,611720]
[782,102,420735,421826]
[783,223,326331,325416]
[784,32,258935,260173]
[785,253,78860,77615]
[786,130,9956,10121]
[787,0,460691,460918]
[788,137,635871,635333]
[789,109,593928,593394]
[790,104,112047,113027]
[791,23,245952,245137]
[792,275,320452,320247]
[793,88,392480,393220]
[794,4,676878,677784]
[795,102,417582,418078]
[796,229,724751,724450]
[797,270,302450,303125]
[798,67,696406,694922]
[799,36,151730,152865]
[800,80,194819,195830]
[801,276,196625,197999]
[802,250,327981,328399]
[803,71,274670,274336]
[804,94,535509,536186]
[805,124,183700,184044]
[806,198,580167,581372]
[807,0,59271,60606]
[808,149,52218,51279]
[809,213,148738,147883]
[810,265,138857,138078]
[811,185,117648,116846]
[812,254,121240,122343]
[813,234,331029,331618]
[814,241,528924,528233]
[815,228,96074,97510]
[816,278,616204,616992]
[817,77,180469,179332]
[818,68,401578,402575]
[819,227,532983,531861]
[820,110,344706,344831]
[821,207,632044,631971]
[822,84,408211,408374]
[823,137,183072,182039]
[824,208,548074,548595]
[825,38,613143,613649]
[826,131,689871,689077]
[827,39,674834,673409]
[828,37,596849,595509]
[829,49,9734,9669]
[830,153,210243,209249]
[831,162,571601,572437]
[832,26,123009,123156]
[833,56,344318,344864]
[834,183,514827,514387]
[835,237,274159,272750]
[836,111,136400,136355]
[837,124,451145,451646]
[838,138,597102,597996]
[839,49,556927,556298]
[840,129,94586,94497]
[841,197,465196,463733]
[842,213,202038,201588]
[843,100,531776,533159]
[844,198,3273,3428]
[845,149,79464,78490]
[846,249,18504,17007]
[847,131,210562,209172]
[848,259,141916,141638]
[849,179,646426,645918]
[850,26,225423,226092]
[851,229,405342,404432]
[852,71,349284,348382]
[853,45,6139,4754]
[854,193,416667,416545]
[855,165,65830,65707]
[856,24,50130,50749]
[857,98,115759,116682]
[858,157,146275,145627]
[859,160,309858,310363]
[860,273,564000,562829]
[861,215,256279,255729]
[862,193,248438,247103]
[863,170,543139,543434]
[864,232,10713,11049]
[865,88,442125,442228]
[866,23,82514,81580]
[867,18,216309,216662]
[868,64,311981,313107]
[869,165,562280,561784]
[870,73,417968,417633]
[871,157,507270,506979]
[872,49,131720,130530]
[873,276,547339,548039]
[874,171,189861,189682]
[875,274,404550,405767]
[876,254,128404,128566]
[877,159,730193,729146]
[878,177,663336,662414]
[879,232,341378,341756]
[880,38,357551,357615]
[881,105,336039,334569]
[882,157,324165,322857]
[883,48,104349,105301]
[884,15,238151,236956]
[885,31,530548,530226]
[886,242,724856,725578]
[887,117,674933,674524]
[888,155,326663,325260]
[889,122,682618,682919]
[890,232,551672,552270]
[891,58,375597,376110]
[892,143,248177,247919]
[893,222,679833,681223]
[894,115,153991,152878]
[895,47,261689,260685]
[896,9,28805,27595]
[897,161,363074,362285]
[898,143,545977,545134]
[899,249,16693,16311]
[900,68,272307,273616]
[901,198,586751,587882]
[902,154,408543,408612]
[903,32,84048,85369]
[904,271,446026,445467]
[905,183,598203,596810]
[906,1,545405,544678]
[907,62,140815,141480]
[908,124,371551,372761]
[909,275,658939,658802]
[910,245,21713,21454]
[911,212,179953,180993]
[912,97,457321,457141]
[913,239,476049,474561]
[914,87,93598,92407]
[915,75,480461,480073]
[916,60,444799,445438]
[917,241,147956,146997]
[918,240,101479,101933]
[919,152,351559,352845]
[920,56,76798,76888]
[921,177,616834,615814]
[922,31,184036,183878]
[923,105,298597,298316]
[924,254,655424,655620]
[925,81,483364,482260]
[926,137,232269,231931]
[927,84,606616,607359]
[928,87,629345,629259]
[929,209,597370,596115]
[930,94,271362,272773]
[931,144,718836,719198]
[932,129,62649,61549]
[933,125,609342,608932]
[934,229,565442,565186]
[935,157,675843,674767]
