["head":"wrap","lpos","status"]
[189,567400,1]
["io count"]
[940]
["io":"id","wrap","startLpos","endLpos"]
[1,133,564801,564519]
[2,63,515941,514931]
[3,82,37769,37996]
[4,185,629894,629267]
[5,255,657017,656648]
[6,248,317669,317791]
[7,276,213449,214251]
[8,57,368756,367374]
[9,118,83286,83622]
[10,193,551349,550411]
[11,24,277456,278411]
[12,138,93393,94446]
[13,89,22879,21664]
[14,276,347700,349038]
[15,81,656840,656058]
[16,151,607780,606668]
[17,174,157811,158171]
[18,15,59449,59251]
[19,163,398321,398132]
[20,130,242765,244004]
[21,126,104865,105281]
[22,69,249613,249471]
[23,67,202573,201163]
[24,270,4456,4929]
[25,65,100509,99623]
[26,69,534870,533382]
[27,221,344391,343328]
[28,162,114604,114868]
[29,268,716847,718142]
[30,162,286713,287117]
[31,277,681516,681264]
[32,101,728390,727030]
[33,52,71840,72408]
[34,134,654634,655496]
[35,129,315537,314523]
[36,192,706876,707955]
[37,244,269932,270756]
[38,146,4447,5159]
[39,182,309712,310327]
[40,61,217522,217002]
[41,39,564765,563466]
[42,234,520266,521063]
[43,269,26055,25630]
[44,8,180833,181495]
[45,64,437513,438424]
[46,174,547951,548423]
[47,88,414439,415678]
[48,116,565629,566881]
[49,23,279731,278780]
[50,204,146863,147255]
[51,152,484418,484752]
[52,213,208856,207793]
[53,158,484995,486094]
[54,109,109429,108276]
[55,176,650480,651120]
[56,119,367351,366318]
[57,107,681830,680428]
[58,59,363930,363719]
[59,147,434875,434409]
[60,195,652367,651090]
[61,245,117663,116243]
[62,25,715869,714684]
[63,250,627598,628905]
[64,223,553276,552421]
[65,177,524906,523422]
[66,151,710068,708696]
[67,131,336098,334652]
[68,219,698018,697977]
[69,275,545887,545664]
[70,271,449211,448331]
[71,257,407851,407533]
[72,15,290280,290214]
[73,159,492153,490803]
[74,208,647052,647709]
[75,177,449163,448446]
[76,31,720425,720096]
[77,206,593378,594785]
[78,32,470916,472125]
[79,208,207044,208372]
[80,5,144584,143781]
[81,230,562146,562962]
[82,134,646191,646411]
[83,263,450781,449571]
[84,68,254181,254919]
[85,102,693282,693452]
[86,179,423673,423372]
[87,76,297207,298049]
[88,263,244491,244387]
[89,200,266167,267602]
[90,211,39980,39844]
[91,138,363102,364207]
[92,223,177076,176811]
[93,8,93862,94359]
[94,49,205013,204716]
[95,260,12006,12337]
[96,245,724946,724087]
[97,232,240325,241733]
[98,30,316936,318414]
[99,110,564607,564748]
[100,203,288211,287110]
[101,236,553231,554409]
[102,21,150783,149491]
[103,44,348182,349069]
[104,73,467927,466519]
[105,229,112784,112437]
[106,21,617859,616695]
[107,244,378097,378601]
[108,94,567751,568300]
[109,38,667711,668230]
[110,108,692668,693688]
[111,118,362511,363631]
[112,240,41850,42318]
[113,23,661328,659837]
[114,204,446335,446938]
[115,140,237322,237443]
[116,67,418666,417627]
[117,88,516629,516719]
[118,214,406882,407985]
[119,180,251356,251752]
[120,166,146541,147560]
[121,71,183676,182263]
[122,71,175555,174791]
[123,86,715091,715677]
[124,104,491318,492344]
[125,249,523038,522660]
[126,195,365402,364777]
[127,210,45225,45557]
[128,261,112059,111601]
[129,171,361509,360185]
[130,108,303862,305092]
[131,125,360394,359823]
[132,101,18873,17676]
[133,49,122278,120833]
[134,110,449048,450457]
[135,209,425901,425754]
[136,81,121405,120026]
[137,217,168762,168233]
[138,29,377563,377196]
[139,207,656330,654860]
[140,208,210723,211603]
[141,249,124392,123385]
[142,188,606134,606557]
[143,163,499763,498478]
[144,68,171896,172539]
[145,187,259584,259056]
[146,13,30624,29737]
[147,3,416009,415763]
[148,183,148709,148661]
[149,45,449853,449383]
[150,74,277440,277713]
[151,99,499786,499457]
[152,93,329414,328703]
[153,83,27598,26475]
[154,49,572870,572523]
[155,58,40975,42282]
[156,89,585974,584919]
[157,118,399303,400050]
[158,250,179629,180814]
[159,69,314713,313256]
[160,57,419399,418717]
[161,119,498654,498622]
[162,90,392005,392947]
[163,153,582667,581434]
[164,215,103655,103010]
[165,157,125022,124190]
[166,66,184609,185534]
[167,81,481002,479956]
[168,261,629986,629949]
[169,51,275246,274179]
[170,143,384535,383625]
[171,276,724982,725597]
[172,89,239205,238541]
[173,153,3418,2147]
[174,226,119100,119670]
[175,22,584193,584646]
[176,120,168825,168997]
[177,119,666949,665801]
[178,97,604714,603428]
[179,39,444092,443189]
[180,64,273383,274528]
[181,23,161363,159869]
[182,88,517767,518018]
[183,124,693363,693798]
[184,120,626713,626814]
[185,188,448311,449656]
[186,272,84103,85602]
[187,209,400676,399473]
[188,75,293276,293187]
[189,65,446611,446559]
[190,167,729948,728992]
[191,99,174303,173936]
[192,185,304386,303152]
[193,156,395898,396970]
[194,88,699836,701045]
[195,11,60437,59236]
[196,208,408640,409356]
[197,104,541692,542329]
[198,192,713884,715276]
[199,206,629696,630531]
[200,153,239428,239017]
[201,28,445649,447003]
[202,10,645199,645244]
[203,146,114693,115498]
[204,69,256425,256191]
[205,171,76316,75146]
[206,105,163277,161955]
[207,44,571720,571995]
[208,211,3417,2468]
[209,171,625125,624002]
[210,121,391535,391209]
[211,165,570912,570875]
[212,165,545168,544478]
[213,34,552810,553631]
[214,169,125225,123872]
[215,55,268131,267889]
[216,261,11689,10491]
[217,146,548584,548636]
[218,257,246928,246634]
[219,234,84581,85534]
[220,85,346603,346415]
[221,35,365817,364861]
[222,30,263988,265437]
[223,12,182682,182744]
[224,190,137252,137927]
[225,219,299659,298919]
[226,29,236065,235740]
[227,191,319653,319340]
[228,266,298120,298220]
[229,267,299088,298698]
[230,45,445383,444793]
[231,173,16892,15537]
[232,55,353286,352179]
[233,163,701860,700670]
[234,181,22567,22514]
[235,145,268712,267472]
[236,100,704679,704811]
[237,19,134559,134109]
[238,33,317235,315990]
[239,229,502121,500830]
[240,136,663490,664201]
[241,208,590277,590818]
[242,103,14781,13908]
[243,179,443202,441869]
[244,177,90649,89802]
[245,137,385765,384945]
[246,70,124787,125570]
[247,46,15649,16399]
[248,161,78461,77635]
[249,146,555451,556850]
[250,234,710603,711900]
[251,258,251270,252722]
[252,10,309211,309945]
[253,7,413594,412134]
[254,178,190500,191156]
[255,242,111466,111660]
[256,93,289189,288276]
[257,31,517736,517069]
[258,59,534919,533892]
[259,161,289647,288251]
[260,113,446727,445756]
[261,193,328245,327918]
[262,251,590390,589821]
[263,227,293820,292602]
[264,121,383251,382645]
[265,257,344593,343828]
[266,23,608718,607943]
[267,141,330784,329625]
[268,273,325051,324341]
[269,9,595999,595177]
[270,230,604470,605549]
[271,204,392612,393283]
[272,17,602827,602192]
[273,2,619641,620996]
[274,118,714230,715537]
[275,156,675012,675946]
[276,182,26037,26618]
[277,130,687268,688444]
[278,160,16429,16830]
[279,246,562711,562801]
[280,117,155584,154642]
[281,172,198063,198917]
[282,66,253461,254755]
[283,272,35194,35871]
[284,111,132333,131838]
[285,160,427582,428854]
[286,151,650118,649149]
[287,238,143617,144670]
[288,126,73238,74186]
[289,44,87101,87462]
[290,48,180180,180794]
[291,158,281796,282080]
[292,66,76692,76783]
[293,182,669243,670089]
[294,71,388283,387583]
[295,234,302231,303693]
[296,229,614579,614043]
[297,77,51228,49747]
[298,207,452960,452122]
[299,17,326713,326431]
[300,247,32448,31129]
[301,72,152491,153589]
[302,227,664952,663854]
[303,214,394308,395001]
[304,132,280153,280938]
[305,82,506037,506462]
[306,38,644320,644930]
[307,41,39239,39011]
[308,206,38890,39583]
[309,252,415056,416097]
[310,250,649620,650131]
[311,174,180659,181338]
[312,18,165895,166675]
[313,273,548374,546888]
[314,272,703063,703487]
[315,54,255674,255813]
[316,238,613101,613670]
[317,193,449776,449217]
[318,190,197377,197425]
[319,96,407515,409011]
[320,92,60447,60553]
[321,123,580475,580058]
[322,124,468025,468905]
[323,26,368821,369898]
[324,82,237107,238249]
[325,124,343723,344658]
[326,95,482294,481161]
[327,21,522030,520820]
[328,228,356907,357409]
[329,84,229226,229290]
[330,20,651642,651804]
[331,92,30388,30922]
[332,107,73236,72758]
[333,123,172888,171857]
[334,45,1985,1677]
[335,2,175945,176004]
[336,275,106397,105161]
[337,198,433075,434141]
[338,154,259431,260174]
[339,32,702778,703270]
[340,258,689750,690358]
[341,103,264983,264226]
[342,84,276959,277609]
[343,22,711222,711573]
[344,165,117413,116764]
[345,259,596822,596717]
[346,213,102555,101168]
[347,96,4779,5975]
[348,175,513180,511896]
[349,192,98609,99199]
[350,25,285126,284851]
[351,201,314130,313992]
[352,140,590639,590814]
[353,120,499951,501011]
[354,225,393282,392362]
[355,164,724555,724993]
[356,258,401835,402915]
[357,52,581956,582526]
[358,81,507698,506608]
[359,9,679877,679732]
[360,119,471350,470608]
[361,142,196338,197263]
[362,8,131546,132272]
[363,118,552429,552853]
[364,46,454340,455358]
[365,116,477105,477782]
[366,217,445151,443726]
[367,118,152367,152604]
[368,107,302579,301632]
[369,174,372836,373878]
[370,13,141289,140551]
[371,149,96471,96371]
[372,80,446374,447730]
[373,121,653980,653102]
[374,64,518867,520109]
[375,97,568396,567005]
[376,278,682734,682918]
[377,209,605949,604775]
[378,247,265944,265086]
[379,277,393417,392072]
[380,127,6238,6192]
[381,197,669058,667791]
[382,268,83751,83791]
[383,100,424571,425215]
[384,262,545182,545695]
[385,78,511469,512257]
[386,248,495150,496016]
[387,164,67895,69038]
[388,135,260408,259862]
[389,106,183241,183656]
[390,120,580229,581104]
[391,99,221321,221091]
[392,44,314768,316104]
[393,107,317037,315868]
[394,142,510385,510613]
[395,42,725047,726118]
[396,182,710229,710800]
[397,120,118172,118313]
[398,180,325685,326060]
[399,216,110344,111676]
[400,65,699799,698410]
[401,26,183927,184412]
[402,198,452081,453301]
[403,122,196482,197115]
[404,72,320962,321589]
[405,224,13316,13414]
[406,142,60980,61189]
[407,200,578200,579289]
[408,153,331404,330481]
[409,164,432114,432532]
[410,255,365488,365436]
[411,28,705362,705410]
[412,111,479357,477962]
[413,255,30654,29750]
[414,139,420639,419541]
[415,174,501086,501749]
[416,101,691418,691339]
[417,237,670070,669385]
[418,239,169926,168960]
[419,65,571574,570964]
[420,175,112834,112257]
[421,81,267771,267302]
[422,215,109471,109029]
[423,193,334057,333537]
[424,37,359480,359062]
[425,58,664895,665938]
[426,216,589972,590566]
[427,123,76284,76007]
[428,32,81370,82011]
[429,231,528586,527606]
[430,159,621794,621158]
[431,114,728484,729503]
[432,123,553487,552740]
[433,148,543446,544438]
[434,13,555290,553992]
[435,260,397746,398222]
[436,190,620105,621519]
[437,120,573776,574731]
[438,226,686703,687458]
[439,100,455473,456765]
[440,194,685658,685770]
[441,256,601632,602485]
[442,13,568514,567656]
[443,97,501997,501078]
[444,126,50938,51457]
[445,71,452302,451304]
[446,226,430911,432336]
[447,153,499022,497809]
[448,258,314767,315832]
[449,195,569194,567900]
[450,124,60473,61492]
[451,240,94154,94631]
[452,205,167883,167655]
[453,143,15645,15155]
[454,166,615819,616880]
[455,122,412041,412917]
[456,212,245515,246440]
[457,178,702427,702671]
[458,97,411616,411367]
[459,85,640257,638781]
[460,181,273695,273613]
[461,114,398132,398902]
[462,83,488943,488536]
[463,5,162101,161606]
[464,130,161962,163204]
[465,42,316092,316838]
[466,177,395556,395271]
[467,216,628752,628908]
[468,160,234133,234544]
[469,242,204328,204749]
[470,201,101652,100538]
[471,46,144202,145676]
[472,263,291197,290809]
[473,177,464367,462949]
[474,55,63222,62548]
[475,254,471875,473225]
[476,246,707475,708587]
[477,251,370396,369450]
[478,146,426084,426989]
[479,95,208058,207957]
[480,117,115552,115476]
[481,118,448408,448548]
[482,121,692857,692729]
[483,204,680149,681173]
[484,186,383835,384161]
[485,167,621054,620036]
[486,51,523955,523641]
[487,226,475578,475990]
[488,250,319668,320183]
[489,264,477239,478503]
[490,6,390448,391684]
[491,248,498956,500414]
[492,160,716574,717686]
[493,245,478159,477783]
[494,264,434285,434680]
[495,24,538343,538892]
[496,217,128941,127625]
[497,248,451022,451320]
[498,132,104115,105597]
[499,134,256397,256795]
[500,224,246923,248086]
[501,109,332698,331781]
[502,119,622707,621567]
[503,95,355827,355096]
[504,78,632336,633223]
[505,122,703885,704942]
[506,266,713352,713604]
[507,105,256429,256281]
[508,227,249037,247723]
[509,40,451919,452298]
[510,48,176188,177136]
[511,137,721141,720540]
[512,112,384101,385540]
[513,53,390575,390204]
[514,90,295405,295820]
[515,166,62642,62689]
[516,254,281775,283080]
[517,137,226041,224585]
[518,152,204545,205180]
[519,86,240887,241122]
[520,9,484358,483897]
[521,67,256363,255324]
[522,191,616138,614892]
[523,100,111536,112867]
[524,99,6634,5532]
[525,128,593417,594693]
[526,41,70759,69775]
[527,198,253865,254374]
[528,171,77649,76377]
[529,235,27972,27287]
[530,59,447774,447640]
[531,222,421095,421371]
[532,259,485809,485017]
[533,84,97997,98303]
[534,108,224711,224767]
[535,148,494044,495091]
[536,237,97772,97353]
[537,268,358791,359563]
[538,94,306540,307543]
[539,221,678833,678446]
[540,211,205152,204974]
[541,32,156959,157492]
[542,79,383909,382752]
[543,126,343026,344095]
[544,219,74231,74165]
[545,230,307051,308412]
[546,70,31658,32024]
[547,265,52995,52781]
[548,91,151752,150404]
[549,26,332761,333610]
[550,228,88581,89704]
[551,155,642155,641824]
[552,96,416360,416584]
[553,98,670595,670856]
[554,242,413494,413547]
[555,169,399683,398431]
[556,89,125637,124534]
[557,276,50032,50783]
[558,147,535930,534608]
[559,24,581213,582411]
[560,277,418710,417867]
[561,265,507000,506876]
[562,6,10662,11376]
[563,171,639578,639244]
[564,3,647815,646597]
[565,88,609928,610179]
[566,63,299281,298422]
[567,250,359194,360431]
[568,152,219644,221090]
[569,29,623774,623347]
[570,177,622951,621570]
[571,267,336535,336125]
[572,275,304976,304025]
[573,181,300006,298730]
[574,79,633928,632488]
[575,151,202669,202152]
[576,185,215466,214744]
[577,266,344433,344947]
[578,112,587522,588868]
[579,261,624904,624461]
[580,234,641864,642987]
[581,99,612160,612119]
[582,103,531014,530460]
[583,174,449,1617]
[584,80,378839,380315]
[585,97,392510,391572]
[586,84,690344,691774]
[587,273,58074,57571]
[588,120,438731,439909]
[589,271,184819,184566]
[590,53,655106,653609]
[591,199,288459,287582]
[592,254,15282,15657]
[593,36,76419,76492]
[594,150,611525,611622]
[595,188,532906,533283]
[596,265,197518,196879]
[597,219,478223,478022]
[598,206,692968,693283]
[599,75,160277,159436]
[600,19,460810,460200]
[601,231,463265,462783]
[602,45,542071,541908]
[603,273,534154,533843]
[604,207,610129,608949]
[605,111,640175,638862]
[606,165,357021,356728]
[607,189,595011,593518]
[608,236,410919,411280]
[609,152,106883,108265]
[610,272,300258,300506]
[611,166,369841,370610]
[612,39,40788,39654]
[613,71,117744,116369]
[614,182,670883,672235]
[615,155,439772,439192]
[616,194,450554,452019]
[617,42,659663,661107]
[618,3,30838,30684]
[619,120,150588,151691]
[620,12,272447,273891]
[621,96,287541,288276]
[622,52,205240,205598]
[623,49,284491,283670]
[624,10,725419,726118]
[625,96,183154,183761]
[626,258,387885,389107]
[627,90,429860,430668]
[628,203,560689,560507]
[629,23,727658,727016]
[630,35,469563,469227]
[631,112,700792,701485]
[632,200,316533,317546]
[633,33,168179,167726]
[634,89,43415,41984]
[635,59,71565,71126]
[636,4,122012,123372]
[637,93,261393,261155]
[638,65,90657,89937]
[639,63,630311,629283]
[640,77,323429,321954]
[641,157,18093,17240]
[642,71,604622,603611]
[643,278,559715,559974]
[644,228,190629,191816]
[645,239,361467,360419]
[646,193,655954,655645]
[647,108,319828,320661]
[648,2,538497,538646]
[649,132,669058,669255]
[650,29,424636,423517]
[651,208,319770,320515]
[652,214,614940,615233]
[653,144,305177,305250]
[654,5,723630,723173]
[655,260,185884,187158]
[656,209,140216,140100]
[657,155,481691,480861]
[658,246,624143,625123]
[659,206,8089,9326]
[660,27,11877,11434]
[661,229,539832,539408]
[662,120,574894,575675]
[663,124,32135,33098]
[664,181,34084,32859]
[665,225,705651,704822]
[666,219,676884,676632]
[667,33,687963,687063]
[668,257,730598,729795]
[669,261,262943,261615]
[670,2,492497,493792]
[671,96,587696,588641]
[672,154,164908,165470]
[673,221,200727,200161]
[674,148,260426,261491]
[675,83,100630,100118]
[676,211,196345,195794]
[677,193,693088,692928]
[678,8,222343,222848]
[679,266,199843,200435]
[680,148,434034,434141]
[681,122,314281,315021]
[682,140,300934,301268]
[683,237,447965,446988]
[684,172,356350,357680]
[685,24,76730,77232]
[686,67,124398,123271]
[687,221,236659,235847]
[688,131,54936,53767]
[689,78,114515,115334]
[690,57,687771,687020]
[691,6,186694,187057]
[692,27,380959,379483]
[693,264,88212,88657]
[694,136,431934,432377]
[695,1,237328,236366]
[696,8,373918,374461]
[697,52,90375,91214]
[698,258,470623,472054]
[699,122,257744,258274]
[700,279,283940,283828]
[701,73,30795,30386]
[702,175,183906,182587]
[703,119,354028,353084]
[704,224,59496,60813]
[705,180,515763,516246]
[706,33,184926,184533]
[707,86,74823,75103]
[708,18,345873,345906]
[709,132,704020,704410]
[710,173,203702,203619]
[711,171,24363,23912]
[712,201,209410,209064]
[713,160,281674,282509]
[714,79,370750,369706]
[715,207,554079,552680]
[716,268,472633,472911]
[717,67,645358,645172]
[718,241,333258,332366]
[719,65,465689,465072]
[720,88,54411,54640]
[721,53,720218,718971]
[722,59,662446,661998]
[723,270,462180,462462]
[724,277,450736,450345]
[725,8,679184,679757]
[726,209,211132,211102]
[727,137,260776,260475]
[728,274,393551,394158]
[729,247,334323,333586]
[730,187,77501,76809]
[731,225,424103,422816]
[732,52,337952,338080]
[733,127,188340,187438]
[734,182,521688,522107]
[735,6,441710,442221]
[736,89,43924,42426]
[737,239,134196,133765]
[738,2,542943,544257]
[739,212,661887,662751]
[740,180,486218,487427]
[741,44,247363,248413]
[742,154,114993,115882]
[743,267,139433,138430]
[744,117,394491,393832]
[745,113,80759,79908]
[746,123,478448,478311]
[747,127,271493,270869]
[748,242,404566,405484]
[749,162,193886,195025]
[750,245,285653,284284]
[751,64,75870,77145]
[752,52,342605,343742]
[753,263,263022,261539]
[754,21,57928,56994]
[755,233,559398,558190]
[756,36,594102,595128]
[757,141,445177,444288]
[758,11,499054,498241]
[759,113,475003,473948]
[760,158,215397,215953]
[761,253,636718,635588]
[762,212,724754,726137]
[763,175,614011,613366]
[764,132,130458,131086]
[765,266,336312,336712]
[766,175,171682,171353]
[767,102,471505,471765]
[768,101,52536,51154]
[769,219,416792,415581]
[770,69,323320,322519]
[771,110,542071,543513]
[772,234,251595,251669]
[773,31,71341,70143]
[774,5,680994,680329]
[775,259,471308,471225]
[776,50,584258,584476]
[777,276,666718,667855]
[778,250,74565,75872]
[779,135,700904,700720]
[780,96,255561,256751]
[781,221,136594,136169]
[782,89,678210,677260]
[783,45,258193,257348]
[784,67,116286,115063]
[785,77,263885,263639]
[786,259,209914,209101]
[787,20,456581,457109]
[788,85,298359,297369]
[789,0,414256,415525]
[790,98,582859,583254]
[791,174,72238,72997]
[792,156,380305,380864]
[793,235,318446,318284]
[794,202,606886,608025]
[795,212,66845,67364]
[796,70,129113,129834]
[797,194,712708,713843]
[798,250,588824,589980]
[799,279,232008,231658]
[800,266,318148,319484]
[801,168,29807,30709]
[802,121,114899,114628]
[803,109,11126,10212]
[804,53,203911,202973]
[805,17,581148,580472]
[806,107,59392,58093]
[807,82,38847,39427]
[808,278,550082,551225]
[809,21,156108,154713]
[810,277,578423,577260]
[811,228,269755,269844]
[812,251,281443,281045]
[813,143,259267,258900]
[814,113,155771,155645]
[815,80,180125,180347]
[816,217,365023,364973]
[817,156,234142,235454]
[818,182,532044,532811]
[819,202,395192,396374]
[820,19,94221,93268]
[821,54,99268,100084]
[822,62,710518,711164]
[823,95,476873,476358]
[824,242,170831,171101]
[825,207,35137,34413]
[826,15,1041,635]
[827,172,26392,27606]
[828,0,658145,659358]
[829,130,346731,347417]
[830,15,382953,382835]
[831,73,224865,223765]
[832,173,579669,578355]
[833,121,278816,278764]
[834,32,95325,95559]
[835,262,253615,254867]
[836,169,249582,249384]
[837,240,78058,78380]
[838,246,523887,524973]
[839,138,472790,472958]
[840,110,138128,139199]
[841,23,334968,334571]
[842,88,188674,190037]
[843,9,418524,417174]
[844,194,150758,152221]
[845,65,478913,477541]
[846,0,300251,300834]
[847,146,10782,11622]
[848,27,673308,672686]
[849,124,494849,495836]
[850,271,698315,697010]
[851,123,253222,252253]
[852,210,173370,173769]
[853,192,74334,74646]
[854,274,702902,703048]
[855,143,524247,522907]
[856,270,101635,102188]
[857,92,239387,240730]
[858,16,270897,271002]
[859,39,308633,307984]
[860,208,6732,7152]
[861,91,17389,16966]
[862,23,265432,264172]
[863,12,716616,717521]
[864,252,240147,240937]
[865,94,255351,255680]
[866,246,375073,375601]
[867,158,266891,267217]
[868,56,524179,525563]
[869,225,711838,711033]
[870,45,123068,121811]
[871,165,348049,347849]
[872,219,725929,725069]
[873,150,141416,142268]
[874,230,515872,516302]
[875,190,67035,67520]
[876,238,498086,498408]
[877,202,544340,544908]
[878,229,715430,715251]
[879,29,69880,69500]
[880,237,601337,601190]
[881,265,510990,509639]
[882,218,235796,236567]
[883,217,582884,581489]
[884,244,165471,166286]
[885,81,136388,135096]
[886,38,523454,524043]
[887,135,461654,461196]
[888,202,699829,700422]
[889,150,91751,91861]
[890,110,371430,371798]
[891,29,249137,247725]
[892,63,522445,521287]
[893,141,400390,399350]
[894,52,498474,498961]
[895,26,350705,352053]
[896,163,574080,573695]
[897,138,28787,28981]
[898,62,706566,707766]
[899,138,42391,43041]
[900,231,505294,504927]
[901,99,362224,360726]
[902,251,188729,188186]
[903,132,113082,113483]
[904,256,62679,63277]
[905,207,410354,410150]
[906,154,417915,418195]
[907,191,1131,472]
[908,179,40327,39494]
[909,118,492868,494294]
[910,268,549899,550885]
[911,227,391145,391076]
[912,188,41010,41958]
[913,230,394349,394597]
[914,62,456123,456445]
[915,123,256335,255520]
[916,100,554713,555054]
[917,218,102521,103594]
[918,63,667234,666387]
[919,185,124812,123802]
[920,49,263350,261888]
[921,35,92984,91629]
[922,137,574943,573934]
[923,211,555028,554327]
[924,279,344174,343295]
[925,54,438880,439056]
[926,242,137137,137370]
[927,225,24497,23555]
[928,190,227044,228508]
[929,235,297616,296402]
[930,252,128429,129743]
[931,32,58504,59422]
[932,29,723022,721756]
[933,33,641909,640969]
[934,153,102589,101399]
[935,201,513006,512089]
[936,154,155226,155545]
[937,3,378821,378431]
[938,184,162056,163139]
[939,23,633623,632244]
[940,188,10513,11360]
