["head":"wrap","lpos","status"]
[178,664533,1]
["io count"]
[945]
["io":"id","wrap","startLpos","endLpos"]
[1,18,520167,520371]
[2,152,443549,444486]
[3,20,169378,169665]
[4,99,408974,407900]
[5,153,298336,297476]
[6,236,729576,729908]
[7,131,185313,185148]
[8,120,302217,303701]
[9,248,686152,686687]
[10,27,45381,44758]
[11,216,144922,145259]
[12,229,363874,362705]
[13,146,14137,15290]
[14,98,271970,273455]
[15,29,730954,729694]
[16,225,243194,242057]
[17,165,402926,402043]
[18,29,62204,61405]
[19,191,325601,324242]
[20,175,430419,428989]
[21,87,650490,649462]
[22,40,179088,179503]
[23,60,360750,361732]
[24,249,677864,677081]
[25,131,304229,303435]
[26,48,154405,154572]
[27,173,396724,396100]
[28,205,264002,262611]
[29,230,609720,610755]
[30,59,513751,513133]
[31,72,306035,307391]
[32,152,724361,724401]
[33,199,18588,17607]
[34,230,19686,20145]
[35,243,489218,488936]
[36,193,379359,378331]
[37,127,47018,45578]
[38,71,589140,588169]
[39,158,305171,306093]
[40,56,118509,119928]
[41,45,64393,63524]
[42,228,33304,34407]
[43,188,539084,539565]
[44,60,375088,376145]
[45,212,187349,187404]
[46,257,18511,17185]
[47,118,409314,410494]
[48,245,430206,429231]
[49,110,460241,461290]
[50,136,305631,306467]
[51,213,73317,72657]
[52,32,205141,205752]
[53,271,399735,399213]
[54,174,295907,296547]
[55,25,723301,722881]
[56,160,248865,249051]
[57,256,428862,430265]
[58,233,480693,479280]
[59,239,528076,527144]
[60,202,402850,403674]
[61,37,711079,710392]
[62,194,607331,607905]
[63,134,317255,317513]
[64,266,182867,183499]
[65,238,42034,42959]
[66,53,90474,89181]
[67,202,3453,4663]
[68,52,349269,350764]
[69,114,2751,3676]
[70,203,282662,282237]
[71,85,555550,554999]
[72,177,704370,704325]
[73,229,184451,183345]
[74,118,443414,444533]
[75,132,378388,379420]
[76,62,239245,240222]
[77,252,461182,461751]
[78,236,272930,273391]
[79,122,102479,102874]
[80,94,657615,659021]
[81,232,532565,532723]
[82,36,210827,211881]
[83,32,695297,696401]
[84,195,706225,705389]
[85,279,647444,647277]
[86,272,353161,353894]
[87,236,5459,5514]
[88,52,293483,293723]
[89,87,146436,145389]
[90,16,620725,621558]
[91,97,351939,351138]
[92,35,309354,309077]
[93,17,208880,207918]
[94,277,302728,301932]
[95,266,693515,694568]
[96,36,454856,455568]
[97,242,545292,545498]
[98,21,595170,594210]
[99,242,456969,457724]
[100,193,555458,554420]
[101,259,454734,454139]
[102,105,625792,624854]
[103,36,240754,240879]
[104,146,41533,42901]
[105,164,547438,547790]
[106,183,162877,161870]
[107,52,115318,116673]
[108,270,39378,39987]
[109,66,937,1553]
[110,74,590264,590485]
[111,3,127583,127435]
[112,27,456994,455613]
[113,177,589566,588081]
[114,179,540837,540259]
[115,125,719819,719130]
[116,257,502679,502136]
[117,124,290059,291541]
[118,173,612767,612116]
[119,254,57068,57689]
[120,163,231525,230699]
[121,41,541649,541304]
[122,150,285341,286258]
[123,122,416469,416901]
[124,173,513153,511823]
[125,40,346884,347101]
[126,267,72044,72014]
[127,67,95003,94095]
[128,179,54014,52810]
[129,22,541298,542256]
[130,272,2632,2964]
[131,62,592444,593433]
[132,220,432630,433260]
[133,93,625614,624608]
[134,122,728767,729366]
[135,123,63545,62802]
[136,141,487415,486366]
[137,1,55070,54837]
[138,49,157267,157225]
[139,169,532501,532091]
[140,161,411083,410676]
[141,216,172354,173709]
[142,40,507535,508208]
[143,239,91499,90766]
[144,104,484073,485201]
[145,266,727633,728449]
[146,147,561784,560841]
[147,238,166647,167708]
[148,103,180176,178988]
[149,26,17003,17650]
[150,84,74296,75337]
[151,211,196378,195915]
[152,154,516454,517796]
[153,94,626392,627011]
[154,136,27459,27724]
[155,49,601872,600417]
[156,198,659282,659914]
[157,33,28638,27838]
[158,83,131888,131285]
[159,180,416551,417122]
[160,160,510547,510702]
[161,49,709681,709570]
[162,151,5010,4024]
[163,264,477019,478323]
[164,171,271220,270170]
[165,53,86327,85140]
[166,93,203589,202918]
[167,256,198476,199188]
[168,226,515791,516298]
[169,135,68600,68213]
[170,265,114239,113165]
[171,113,456356,455713]
[172,167,259938,258576]
[173,158,408658,408762]
[174,111,629384,629049]
[175,51,244324,242937]
[176,218,644433,644852]
[177,177,276301,274861]
[178,53,487548,486234]
[179,17,305924,305546]
[180,147,702699,702101]
[181,268,525965,526045]
[182,187,77526,76263]
[183,277,84293,83471]
[184,69,515758,514333]
[185,121,243570,242374]
[186,101,398459,398049]
[187,178,205887,206196]
[188,184,559851,560760]
[189,123,201843,201641]
[190,52,333351,334277]
[191,18,100182,101192]
[192,219,110783,110071]
[193,64,388354,388586]
[194,144,601268,601958]
[195,272,223124,223640]
[196,182,245173,246100]
[197,61,483978,482487]
[198,3,426460,425753]
[199,169,247982,247939]
[200,62,585839,586954]
[201,45,362441,361750]
[202,10,516733,517929]
[203,43,131208,130784]
[204,259,607902,606950]
[205,131,133785,132434]
[206,182,714729,716097]
[207,160,95459,96517]
[208,204,333863,334782]
[209,253,57425,57334]
[210,149,604353,604282]
[211,102,715561,716962]
[212,117,253130,252387]
[213,181,590474,589002]
[214,151,217105,216237]
[215,35,43840,43368]
[216,200,533700,533868]
[217,106,547860,548235]
[218,52,449473,450774]
[219,66,690902,691215]
[220,254,246825,246938]
[221,8,344753,345668]
[222,114,467234,468381]
[223,72,466551,467546]
[224,174,249,475]
[225,176,367671,367834]
[226,98,521174,521273]
[227,80,327432,328339]
[228,263,711758,711587]
[229,14,707807,708225]
[230,94,663301,664691]
[231,186,354373,354606]
[232,273,539004,538411]
[233,94,671170,671873]
[234,187,137928,137400]
[235,54,671554,672139]
[236,235,122130,121742]
[237,51,330046,329281]
[238,154,522301,523034]
[239,233,417335,416577]
[240,106,402645,403287]
[241,60,368450,368922]
[242,212,505936,506329]
[243,220,631598,632818]
[244,26,558595,559268]
[245,102,110715,111527]
[246,161,189640,189225]
[247,265,198638,197511]
[248,237,493139,491882]
[249,188,191841,192317]
[250,90,104163,105123]
[251,128,233225,234082]
[252,37,30691,30355]
[253,18,233037,234491]
[254,142,663096,664531]
[255,145,401960,401633]
[256,81,281811,280725]
[257,52,390842,392150]
[258,18,225996,227184]
[259,216,480979,481388]
[260,203,554912,554745]
[261,170,414490,415071]
[262,140,640151,640300]
[263,257,631848,630645]
[264,266,207845,208088]
[265,205,643149,642753]
[266,5,204505,204244]
[267,200,519015,520193]
[268,141,272349,272245]
[269,12,457307,457473]
[270,74,278406,279212]
[271,134,530748,531040]
[272,34,623742,624650]
[273,36,701934,702649]
[274,46,202186,202797]
[275,256,574348,575327]
[276,186,440057,441337]
[277,95,112322,111986]
[278,175,34439,33486]
[279,172,637932,639372]
[280,88,77757,78263]
[281,44,187100,187737]
[282,75,178266,177804]
[283,5,546329,544831]
[284,151,210640,210131]
[285,95,92410,90936]
[286,57,206787,206081]
[287,102,708174,708886]
[288,235,485200,484769]
[289,133,21084,20391]
[290,54,156453,157384]
[291,275,525540,524915]
[292,218,292816,293323]
[293,172,24658,25250]
[294,140,660178,661149]
[295,35,462416,461909]
[296,127,331944,330536]
[297,223,452471,451904]
[298,269,75260,75163]
[299,5,633843,632795]
[300,86,97908,99384]
[301,43,28330,27051]
[302,3,239400,239315]
[303,23,188189,187400]
[304,265,664146,662782]
[305,222,340569,341999]
[306,24,708148,708831]
[307,3,131975,131201]
[308,161,549081,548277]
[309,4,22765,23631]
[310,143,344899,344188]
[311,204,726460,726992]
[312,183,446458,445585]
[313,114,415567,416792]
[314,151,173431,173196]
[315,63,290015,289405]
[316,99,289491,288393]
[317,268,166341,167522]
[318,213,408598,408128]
[319,37,661422,660691]
[320,186,161937,162889]
[321,120,307164,307238]
[322,69,274639,273321]
[323,124,461990,462029]
[324,130,719879,720261]
[325,248,155618,156930]
[326,34,632204,633052]
[327,100,545670,547116]
[328,37,718694,718412]
[329,133,302583,302334]
[330,260,351763,352156]
[331,154,599120,599377]
[332,194,507151,508269]
[333,148,220863,221598]
[334,243,190726,189665]
[335,49,46104,45619]
[336,201,373067,372215]
[337,75,679161,677933]
[338,189,405143,403873]
[339,88,236596,236638]
[340,130,508752,510018]
[341,229,545547,544504]
[342,236,364123,364947]
[343,41,38892,37785]
[344,48,714731,715309]
[345,64,517071,518171]
[346,17,289447,287978]
[347,179,158128,157265]
[348,37,414003,413766]
[349,258,382497,383984]
[350,277,566930,565984]
[351,232,56909,57703]
[352,126,456019,457114]
[353,235,449998,449807]
[354,178,389618,390959]
[355,179,603603,603265]
[356,6,406734,408060]
[357,152,473883,475280]
[358,216,53045,53853]
[359,202,73535,73761]
[360,168,511910,512272]
[361,3,110504,109248]
[362,189,327414,326234]
[363,28,300763,301364]
[364,7,547311,546059]
[365,270,434533,435247]
[366,245,463277,461949]
[367,68,510306,510504]
[368,71,685409,684344]
[369,89,432116,431257]
[370,57,11141,10743]
[371,19,371153,370286]
[372,134,307397,308607]
[373,89,701048,700414]
[374,135,617056,616908]
[375,270,295755,297000]
[376,43,410275,409599]
[377,126,684233,685702]
[378,220,384234,384529]
[379,151,220199,218981]
[380,254,32896,33287]
[381,36,354965,355095]
[382,268,553029,553614]
[383,191,170733,169254]
[384,123,170149,169517]
[385,71,434100,432798]
[386,141,509553,509107]
[387,189,108233,107595]
[388,239,45216,44099]
[389,16,106285,106464]
[390,7,229113,227934]
[391,86,651919,652983]
[392,188,380851,381411]
[393,177,497836,497160]
[394,93,132481,131281]
[395,145,369590,368404]
[396,81,459695,458201]
[397,140,420625,420891]
[398,108,567139,567534]
[399,29,91383,91060]
[400,149,710950,710260]
[401,166,459453,459588]
[402,91,199844,199638]
[403,87,724397,723608]
[404,4,667479,668452]
[405,10,707118,707775]
[406,116,586144,587606]
[407,36,608492,609045]
[408,230,437228,437299]
[409,143,501188,500229]
[410,79,618160,617525]
[411,115,642845,642394]
[412,136,34904,35018]
[413,239,208033,206691]
[414,59,573303,572973]
[415,152,246475,247604]
[416,81,550206,550089]
[417,276,661811,661902]
[418,222,239808,241163]
[419,85,584074,583945]
[420,233,599244,599196]
[421,11,313595,312607]
[422,97,31366,30534]
[423,173,707857,706477]
[424,109,97295,95863]
[425,231,480080,479892]
[426,208,672813,673495]
[427,247,724231,723214]
[428,18,192451,193281]
[429,172,487230,487313]
[430,143,618373,617548]
[431,103,280735,280655]
[432,180,384222,385510]
[433,246,150290,150599]
[434,81,695324,694661]
[435,100,582728,583491]
[436,21,101291,100160]
[437,90,476663,477358]
[438,186,259461,260419]
[439,23,429588,428135]
[440,9,159393,159165]
[441,30,325215,326244]
[442,268,728171,728739]
[443,205,18259,17438]
[444,100,583528,583623]
[445,273,527289,527223]
[446,278,66751,67235]
[447,193,693982,692706]
[448,8,706736,707769]
[449,218,26451,26828]
[450,64,298371,299443]
[451,259,590681,589415]
[452,248,115694,117186]
[453,147,274378,274265]
[454,186,235918,237169]
[455,233,158792,158409]
[456,171,253815,253383]
[457,172,629864,631363]
[458,68,17164,17760]
[459,257,106304,105875]
[460,145,30038,29058]
[461,81,402073,401603]
[462,152,489613,490916]
[463,141,712824,712258]
[464,100,14594,15044]
[465,79,261806,261330]
[466,128,577965,579350]
[467,133,65577,64608]
[468,266,134726,135093]
[469,2,390593,390777]
[470,223,363683,362755]
[471,169,523945,522766]
[472,97,26569,26071]
[473,72,36630,37057]
[474,219,485758,485198]
[475,40,661464,662754]
[476,183,376989,376030]
[477,125,257823,256893]
[478,44,424194,424471]
[479,76,109324,109494]
[480,137,593584,592744]
[481,272,582439,583476]
[482,177,392867,391938]
[483,26,387901,388414]
[484,175,81044,80879]
[485,231,214573,214461]
[486,150,141391,141446]
[487,4,574214,574665]
[488,129,525948,524550]
[489,181,181695,180638]
[490,188,31856,32147]
[491,205,646536,645645]
[492,205,394046,394012]
[493,108,316780,317751]
[494,34,548951,549800]
[495,272,602565,602861]
[496,8,622088,622809]
[497,148,283643,283858]
[498,172,196190,197023]
[499,170,614973,616092]
[500,71,442422,442327]
[501,108,171137,171974]
[502,190,498611,498842]
[503,211,491111,490358]
[504,186,617613,618936]
[505,76,95037,95153]
[506,175,167940,167740]
[507,14,78785,79736]
[508,0,490830,491332]
[509,154,502351,502612]
[510,62,666001,666643]
[511,74,141851,142413]
[512,107,633132,632950]
[513,77,586510,585126]
[514,196,625809,626014]
[515,47,234893,234853]
[516,269,182464,181223]
[517,186,618182,619281]
[518,21,624417,624064]
[519,271,328507,327872]
[520,174,566087,566997]
[521,86,672197,672584]
[522,235,441617,441104]
[523,271,325728,325310]
[524,112,448917,449378]
[525,81,54113,52613]
[526,170,603682,604081]
[527,163,594315,593704]
[528,75,638150,636765]
[529,145,356774,355334]
[530,6,309451,310265]
[531,206,230201,231356]
[532,238,277184,278490]
[533,11,73406,72028]
[534,119,279827,279551]
[535,71,118020,117852]
[536,207,529444,528931]
[537,194,561549,563012]
[538,21,465531,465134]
[539,172,415348,415903]
[540,228,480997,481598]
[541,43,664995,664255]
[542,207,211005,210642]
[543,1,183328,182408]
[544,233,380282,379924]
[545,246,570664,571487]
[546,170,436293,436395]
[547,119,590496,589318]
[548,11,76458,75867]
[549,97,392036,391186]
[550,221,704572,703683]
[551,25,152231,151709]
[552,153,249192,247766]
[553,183,173404,172989]
[554,213,668497,667213]
[555,88,210079,210703]
[556,154,577747,579226]
[557,245,128838,127912]
[558,36,336719,337931]
[559,110,310108,311527]
[560,119,354203,354005]
[561,279,457345,456831]
[562,261,119245,118582]
[563,45,356089,355412]
[564,247,43880,43111]
[565,177,121987,120910]
[566,43,491328,491030]
[567,106,321313,321606]
[568,2,676665,676720]
[569,116,198290,199357]
[570,154,165234,165384]
[571,109,250361,249844]
[572,39,589657,589251]
[573,211,517972,516766]
[574,133,186477,186440]
[575,124,649853,650537]
[576,45,723148,722960]
[577,206,367786,369186]
[578,42,644839,646182]
[579,274,265291,265721]
[580,141,7139,6031]
[581,267,202464,202135]
[582,129,71535,70273]
[583,192,461147,461832]
[584,45,230495,230194]
[585,267,253574,253089]
[586,89,482690,482262]
[587,141,227344,227024]
[588,254,110486,111279]
[589,273,53832,52405]
[590,148,309848,310826]
[591,178,353732,353961]
[592,201,11784,10776]
[593,18,451509,452688]
[594,264,498394,498700]
[595,211,724927,723849]
[596,250,216887,218149]
[597,221,573642,572819]
[598,58,276818,278114]
[599,91,131238,130067]
[600,279,427268,427066]
[601,266,600933,601521]
[602,0,412044,413129]
[603,77,623763,622882]
[604,244,213912,214053]
[605,225,697146,696692]
[606,58,277277,278166]
[607,163,153146,151860]
[608,243,195613,195497]
[609,209,337971,337434]
[610,49,48842,48171]
[611,5,241334,240490]
[612,145,440507,440201]
[613,1,591891,591277]
[614,123,61921,61615]
[615,18,6189,6954]
[616,227,502740,502566]
[617,72,176785,176836]
[618,268,296526,296784]
[619,143,208350,208035]
[620,187,213296,212933]
[621,71,485936,485510]
[622,132,3671,3892]
[623,265,455756,455620]
[624,191,435863,434599]
[625,105,335842,334596]
[626,92,484364,485268]
[627,259,491639,490280]
[628,149,638839,638248]
[629,44,149903,151130]
[630,261,548656,548624]
[631,170,549653,549962]
[632,101,3377,2595]
[633,237,102027,100777]
[634,12,680969,681441]
[635,113,613735,613404]
[636,268,236412,237596]
[637,34,641406,642792]
[638,172,64282,64779]
[639,273,298642,298441]
[640,190,648074,649003]
[641,243,126266,125387]
[642,263,415416,414265]
[643,229,554869,554487]
[644,234,222654,222755]
[645,27,605114,604263]
[646,96,579426,580609]
[647,255,224701,223482]
[648,111,513159,511947]
[649,243,603939,603529]
[650,262,253256,253516]
[651,115,272089,271191]
[652,189,720693,720663]
[653,213,695337,695129]
[654,91,83828,83210]
[655,239,489304,487893]
[656,13,468355,467396]
[657,169,145054,143792]
[658,125,702620,701913]
[659,162,118956,120268]
[660,35,138738,138614]
[661,0,465144,465270]
[662,238,682745,684234]
[663,40,213965,215085]
[664,25,50589,49969]
[665,54,406921,407768]
[666,139,360045,359926]
[667,224,658489,658783]
[668,219,36902,35863]
[669,136,246238,246290]
[670,77,269055,268774]
[671,7,241998,240651]
[672,224,32881,33453]
[673,111,615503,615027]
[674,171,681431,679971]
[675,107,87602,86482]
[676,76,676733,677242]
[677,133,725215,725036]
[678,265,100224,99201]
[679,80,585784,586050]
[680,241,704612,703583]
[681,75,467181,466969]
[682,254,514438,515780]
[683,277,373934,372876]
[684,37,711831,710855]
[685,247,207224,206917]
[686,191,619029,618621]
[687,233,341269,340283]
[688,15,724337,724184]
[689,99,677429,676132]
[690,150,175608,176695]
[691,269,246410,246025]
[692,250,11436,11673]
[693,21,601316,601103]
[694,178,265236,265805]
[695,217,96565,95491]
[696,93,294149,293081]
[697,166,428963,429464]
[698,21,723157,722845]
[699,208,163513,163580]
[700,9,409208,408419]
[701,221,96221,95403]
[702,219,301743,301241]
[703,189,557917,556699]
[704,89,718622,718487]
[705,147,554965,554854]
[706,20,4342,4937]
[707,220,182827,182909]
[708,255,222850,222574]
[709,216,606557,606970]
[710,155,341327,340522]
[711,111,396889,396259]
[712,269,690777,689767]
[713,16,458779,459439]
[714,71,448939,447713]
[715,167,102615,101941]
[716,181,626614,625325]
[717,5,694781,694563]
[718,155,315006,314184]
[719,221,417758,416558]
[720,131,285697,285085]
[721,134,219570,220423]
[722,115,240279,239987]
[723,146,400676,401262]
[724,130,532074,532701]
[725,23,225045,224746]
[726,82,720953,721608]
[727,225,454332,453659]
[728,18,7921,8031]
[729,8,423968,424521]
[730,161,221135,221064]
[731,151,238068,237368]
[732,202,395371,395851]
[733,250,81484,82052]
[734,32,635070,635953]
[735,225,118895,117981]
[736,86,417921,417959]
[737,198,108611,108702]
[738,142,428457,428825]
[739,26,63683,65157]
[740,11,389466,388241]
[741,195,450170,449367]
[742,23,189556,188835]
[743,188,471383,472531]
[744,184,282621,283783]
[745,260,466114,466656]
[746,201,54765,53774]
[747,163,635973,635290]
[748,87,692433,692205]
[749,204,240114,240905]
[750,94,277502,278520]
[751,113,705898,704972]
[752,278,60741,61753]
[753,36,541789,542436]
[754,173,33555,32630]
[755,196,47803,48588]
[756,101,491868,491429]
[757,65,224315,224139]
[758,236,76821,77466]
[759,230,466994,467222]
[760,193,428306,427412]
[761,266,35306,35877]
[762,27,272170,271682]
[763,17,551690,551210]
[764,258,5398,5605]
[765,170,276546,277475]
[766,19,79051,78660]
[767,249,128584,127212]
[768,58,142961,143142]
[769,148,198830,199424]
[770,100,180220,180450]
[771,108,407604,407857]
[772,215,585333,584838]
[773,275,504172,502794]
[774,120,160186,160668]
[775,266,81301,82136]
[776,179,578913,577948]
[777,188,418266,418743]
[778,91,359072,357907]
[779,130,124404,124713]
[780,217,584147,584074]
[781,42,84820,84967]
[782,66,283265,283421]
[783,119,723328,723133]
[784,192,303865,305049]
[785,243,714214,713019]
[786,200,534198,534585]
[787,37,646285,646155]
[788,246,466927,468251]
[789,71,707457,706626]
[790,81,686264,685943]
[791,29,410137,409551]
[792,217,715038,713895]
[793,268,236690,238112]
[794,150,322914,324215]
[795,17,381070,380660]
[796,210,192562,193670]
[797,161,427763,427001]
[798,167,476840,475792]
[799,168,318477,319148]
[800,17,582177,581395]
[801,11,347440,346075]
[802,128,520535,520618]
[803,149,375631,374504]
[804,77,519918,519609]
[805,100,31760,32251]
[806,239,442778,441432]
[807,132,375183,376647]
[808,56,282197,282897]
[809,123,609376,608299]
[810,130,466567,467090]
[811,124,562812,563326]
[812,209,650466,649662]
[813,109,579545,578149]
[814,111,267755,267543]
[815,135,587451,586642]
[816,168,538204,539434]
[817,132,192533,193433]
[818,77,685215,684359]
[819,206,238959,239032]
[820,246,645406,646565]
[821,102,693351,694296]
[822,264,22721,23856]
[823,210,387202,388677]
[824,101,607248,607123]
[825,153,426044,425967]
[826,74,533191,534384]
[827,79,718733,717404]
[828,245,224174,223661]
[829,162,661845,662050]
[830,154,261602,262505]
[831,75,200387,199726]
[832,177,641441,641281]
[833,222,656374,656901]
[834,205,263374,262971]
[835,126,135912,136248]
[836,204,384914,385987]
[837,210,713520,714166]
[838,148,299822,300007]
[839,219,47904,46503]
[840,48,714148,715192]
[841,0,431523,431691]
[842,134,685970,687363]
[843,22,606426,607289]
[844,149,267788,267012]
[845,227,266143,265566]
[846,56,573829,574062]
[847,261,534361,533444]
[848,62,158162,159610]
[849,137,641924,640740]
[850,220,287411,287490]
[851,83,24452,23591]
[852,94,298017,298634]
[853,219,55166,54333]
[854,178,727607,728295]
[855,254,108680,109440]
[856,188,418491,419037]
[857,150,482619,483733]
[858,255,63963,63040]
[859,70,538796,539386]
[860,215,563504,562555]
[861,97,444886,443525]
[862,43,681651,681405]
[863,256,510944,512277]
[864,78,278822,280093]
[865,116,386366,386705]
[866,233,103581,102662]
[867,252,505954,507010]
[868,232,221836,222572]
[869,22,23538,24980]
[870,107,635900,635836]
[871,6,144540,145101]
[872,161,464300,463547]
[873,255,56524,55948]
[874,61,525628,524229]
[875,110,336913,337200]
[876,227,384500,384270]
[877,211,20315,19482]
[878,82,599614,600882]
[879,71,589354,588567]
[880,226,427916,429407]
[881,196,679039,679508]
[882,259,347729,347269]
[883,68,234999,235783]
[884,46,508371,509642]
[885,20,32169,32830]
[886,12,173211,173357]
[887,87,638219,637848]
[888,64,201967,203069]
[889,203,459508,458482]
[890,170,42756,43124]
[891,192,710794,711427]
[892,242,385011,385517]
[893,173,100490,99120]
[894,188,332692,333359]
[895,41,65198,64372]
[896,87,465820,465133]
[897,123,359093,358532]
[898,149,589146,587972]
[899,69,190772,189908]
[900,21,705250,704047]
[901,10,523936,524370]
[902,69,68174,67567]
[903,211,484600,483539]
[904,170,244559,244617]
[905,111,212783,211922]
[906,136,457067,458556]
[907,18,414635,415547]
[908,180,705911,706457]
[909,95,463921,462827]
[910,52,263349,264115]
[911,195,260146,259828]
[912,96,461256,461924]
[913,80,277318,278174]
[914,167,317919,316519]
[915,156,701671,701823]
[916,236,277713,278752]
[917,101,321268,320617]
[918,72,627522,628709]
[919,85,296348,295797]
[920,129,592784,592613]
[921,143,77921,76838]
[922,90,683111,684141]
[923,172,452717,453763]
[924,265,284452,282956]
[925,9,690663,690077]
[926,212,421911,422931]
[927,110,218900,219434]
[928,106,429137,429583]
[929,221,352622,351460]
[930,232,720865,722204]
[931,105,96235,95153]
[932,271,314338,313410]
[933,121,230391,229975]
[934,90,715692,716018]
[935,14,151184,151625]
[936,56,268578,268894]
[937,221,169525,168234]
[938,84,336733,337619]
[939,210,60870,61980]
[940,5,69762,69692]
[941,249,435507,434189]
[942,95,126070,125307]
[943,147,481702,480383]
[944,34,178659,178812]
[945,248,465404,465839]
