["head":"wrap","lpos","status"]
[97,703865,0]
["io count"]
[95]
["io":"id","wrap","startLpos","endLpos"]
[1,47,22722,22576]
[2,25,643915,643021]
[3,30,464668,464972]
[4,143,441535,440138]
[5,278,538146,539519]
[6,2,646631,648086]
[7,176,332162,332844]
[8,242,439208,439376]
[9,102,106192,106672]
[10,256,230531,231501]
[11,211,1393,346]
[12,225,604035,602976]
[13,98,552815,554056]
[14,235,609522,609183]
[15,168,451392,452262]
[16,186,231345,232198]
[17,257,64960,64748]
[18,248,112643,113200]
[19,21,173827,172486]
[20,7,362917,362399]
[21,240,409180,410539]
[22,109,37525,36049]
[23,64,381849,382441]
[24,250,557214,557971]
[25,267,268326,267757]
[26,27,524788,524642]
[27,252,142905,144293]
[28,11,635722,635081]
[29,215,446095,445119]
[30,26,196849,197465]
[31,180,409585,410945]
[32,188,653653,653835]
[33,122,349626,351044]
[34,112,522439,523463]
[35,166,55195,55664]
[36,95,387406,386460]
[37,102,548150,548953]
[38,16,716450,717872]
[39,187,240605,239559]
[40,33,699480,699252]
[41,31,543716,543190]
[42,128,233776,234473]
[43,254,159145,159495]
[44,72,125702,125844]
[45,54,345483,346015]
[46,216,431550,432146]
[47,67,546390,545498]
[48,249,663403,663151]
[49,221,242334,241140]
[50,258,461768,462579]
[51,174,429881,430527]
[52,249,516997,516165]
[53,119,326368,324992]
[54,174,518432,518717]
[55,227,646480,645668]
[56,26,149401,149639]
[57,89,343607,343416]
[58,55,342361,341038]
[59,79,729595,728431]
[60,19,178783,178081]
[61,84,162246,163557]
[62,167,179479,178603]
[63,81,110868,109617]
[64,6,264867,265361]
[65,55,692031,691455]
[66,209,593172,591759]
[67,104,561211,562393]
[68,194,74752,74822]
[69,251,321545,320900]
[70,48,500723,501633]
[71,48,40415,40828]
[72,127,68878,68557]
[73,75,21786,21431]
[74,128,724367,725558]
[75,150,678439,678772]
[76,197,545995,545367]
[77,33,527047,526990]
[78,96,479702,480078]
[79,250,160720,161725]
[80,44,312024,312778]
[81,110,131732,132708]
[82,162,265605,266126]
[83,208,160498,160554]
[84,226,410490,410618]
[85,266,480470,480878]
[86,70,354523,355053]
[87,176,342613,343164]
[88,128,110681,111061]
[89,115,102882,102544]
[90,229,154404,153857]
[91,12,654780,655192]
[92,88,237837,238842]
[93,212,432847,433021]
[94,132,56983,58183]
[95,220,524720,525936]
