["head":"wrap","lpos","status"]
[207,189554,1]
["io count"]
[950]
["io":"id","wrap","startLpos","endLpos"]
[1,249,84671,84432]
[2,122,411978,412172]
[3,72,463120,464081]
[4,24,77297,77616]
[5,205,112509,111170]
[6,103,254828,253431]
[7,172,721561,722270]
[8,70,690393,691049]
[9,30,202739,204161]
[10,204,388954,390241]
[11,106,705528,706672]
[12,231,358540,358397]
[13,151,313801,313234]
[14,148,342016,342898]
[15,70,609546,610451]
[16,193,694893,693555]
[17,87,585187,583809]
[18,87,398270,396936]
[19,259,369924,368598]
[20,1,640664,639445]
[21,278,131342,132400]
[22,60,670316,670531]
[23,137,98735,98433]
[24,69,692895,692551]
[25,56,230929,231139]
[26,79,525469,524727]
[27,82,82522,83636]
[28,2,588519,589667]
[29,254,118470,119530]
[30,45,299836,299332]
[31,232,245288,245887]
[32,167,423630,423510]
[33,246,714448,715590]
[34,163,524325,523997]
[35,40,608325,609041]
[36,275,218803,217410]
[37,53,390804,389753]
[38,119,385045,383964]
[39,88,9715,9777]
[40,93,365685,364307]
[41,55,282802,281788]
[42,42,48885,49243]
[43,251,590756,590577]
[44,242,579304,579357]
[45,196,207882,208147]
[46,127,694432,693513]
[47,161,657319,656368]
[48,77,568729,567845]
[49,84,204918,205945]
[50,61,495642,494373]
[51,107,210700,210541]
[52,240,358806,358854]
[53,140,635759,636903]
[54,243,164863,164615]
[55,4,657536,658451]
[56,154,185073,186010]
[57,42,446499,446910]
[58,9,53545,52121]
[59,175,297349,296297]
[60,35,633038,632626]
[61,245,673555,672214]
[62,81,236839,236701]
[63,258,697265,697473]
[64,113,136957,136093]
[65,101,403705,402403]
[66,131,617537,616448]
[67,88,708045,708731]
[68,142,414616,415140]
[69,111,427023,426231]
[70,232,200691,201915]
[71,71,71968,70593]
[72,38,425439,426891]
[73,264,115736,117147]
[74,118,441375,442122]
[75,71,545460,545222]
[76,238,613694,614275]
[77,216,403682,404000]
[78,180,348590,349251]
[79,118,31855,31983]
[80,171,428003,426753]
[81,86,285187,285930]
[82,74,465951,467235]
[83,234,478083,478358]
[84,183,692748,692481]
[85,271,321188,320601]
[86,99,627091,625959]
[87,101,630333,630070]
[88,181,12547,11353]
[89,99,294541,294394]
[90,142,69490,70878]
[91,136,461780,463057]
[92,172,28154,28556]
[93,180,685017,685698]
[94,174,527679,528793]
[95,19,647634,647459]
[96,268,642792,644288]
[97,204,295631,296080]
[98,208,505127,506345]
[99,105,583962,583635]
[100,95,141155,141019]
[101,16,669913,670949]
[102,8,207016,208189]
[103,252,465647,466346]
[104,257,729630,729415]
[105,54,463043,463775]
[106,105,172216,171770]
[107,243,512388,511032]
[108,58,691435,691729]
[109,204,241538,242079]
[110,265,306273,305518]
[111,225,124605,124085]
[112,184,580522,581669]
[113,162,552103,553212]
[114,223,203838,203699]
[115,3,95595,94493]
[116,199,52805,52759]
[117,117,369499,368576]
[118,0,65187,65635]
[119,46,524115,524172]
[120,99,510168,509726]
[121,264,719488,720054]
[122,102,145403,145918]
[123,109,177381,176362]
[124,226,647502,648062]
[125,131,32884,32567]
[126,134,363763,365207]
[127,189,70068,69155]
[128,28,694443,694980]
[129,7,441951,441608]
[130,253,705465,705155]
[131,59,525593,525320]
[132,243,105816,105674]
[133,117,450608,449520]
[134,174,706822,708313]
[135,136,144160,145484]
[136,230,586318,587615]
[137,240,50264,50935]
[138,107,73471,72697]
[139,275,170364,170096]
[140,260,25623,26841]
[141,13,143152,142743]
[142,127,64412,63641]
[143,251,539946,538497]
[144,178,699442,699588]
[145,243,377912,376414]
[146,179,622894,622062]
[147,153,412207,411015]
[148,204,558540,559166]
[149,216,484400,485087]
[150,63,633339,633240]
[151,107,323428,322306]
[152,155,637733,637657]
[153,100,668085,669316]
[154,46,220229,221116]
[155,97,432312,431435]
[156,107,599385,598503]
[157,236,532221,532367]
[158,208,278595,279090]
[159,117,34611,34050]
[160,261,417474,416163]
[161,91,445918,445119]
[162,206,58342,59278]
[163,19,214805,213936]
[164,6,497937,498267]
[165,150,224997,225186]
[166,119,10256,9337]
[167,116,404258,404976]
[168,84,556834,557324]
[169,272,196599,196920]
[170,93,133581,133389]
[171,78,622449,623470]
[172,239,226335,225603]
[173,166,407106,408014]
[174,220,256840,258276]
[175,212,639615,639721]
[176,208,106755,108241]
[177,4,32244,33370]
[178,160,332710,332928]
[179,121,133482,132917]
[180,246,564383,564911]
[181,237,677549,677274]
[182,29,16852,15782]
[183,95,697177,696903]
[184,70,62719,63386]
[185,85,599914,598784]
[186,197,723805,722589]
[187,131,434852,434223]
[188,46,211183,211723]
[189,225,399387,399173]
[190,270,357657,358235]
[191,27,162035,161881]
[192,45,585878,585562]
[193,112,233618,233830]
[194,7,600239,599211]
[195,154,564163,564429]
[196,143,300964,299750]
[197,83,387949,386918]
[198,8,510734,511604]
[199,72,243824,245316]
[200,199,587957,586776]
[201,61,543832,542405]
[202,238,456328,457817]
[203,268,93999,95073]
[204,130,601314,602531]
[205,148,372760,373490]
[206,279,464630,463985]
[207,49,457493,457032]
[208,69,249867,249294]
[209,159,675251,674243]
[210,54,414592,415361]
[211,86,287278,287527]
[212,199,30007,28958]
[213,243,547681,547087]
[214,58,165264,165982]
[215,133,384250,383807]
[216,164,2468,3661]
[217,28,602850,603620]
[218,239,68887,68112]
[219,248,709292,710035]
[220,137,672269,672021]
[221,111,37906,37439]
[222,112,505878,506126]
[223,88,15769,16122]
[224,101,502724,501285]
[225,28,513062,514342]
[226,117,575024,574313]
[227,47,641770,641098]
[228,153,608735,607723]
[229,269,597560,596580]
[230,193,340062,339358]
[231,258,649371,649965]
[232,189,100221,99850]
[233,224,409799,410088]
[234,236,300655,301430]
[235,176,298794,299124]
[236,139,357972,356871]
[237,146,198682,199027]
[238,138,457632,457957]
[239,275,386407,385949]
[240,269,251174,249868]
[241,27,339344,338398]
[242,145,694198,693803]
[243,100,108922,109932]
[244,85,633891,633761]
[245,197,164051,162672]
[246,150,307559,308338]
[247,52,602633,603212]
[248,105,574113,573818]
[249,244,65056,65245]
[250,47,726554,725437]
[251,147,49284,49018]
[252,122,366471,367351]
[253,225,72902,72533]
[254,158,83205,84011]
[255,2,356149,357339]
[256,51,717335,717047]
[257,236,153854,155315]
[258,168,145831,147047]
[259,235,570806,570202]
[260,37,420379,419944]
[261,207,397329,396197]
[262,277,498129,496640]
[263,83,88006,87623]
[264,218,692105,693009]
[265,110,101186,101936]
[266,161,364470,363389]
[267,191,437457,437288]
[268,269,261973,260677]
[269,147,241165,240675]
[270,249,424332,424035]
[271,129,599088,597845]
[272,135,320005,319746]
[273,181,267547,266261]
[274,143,211122,210148]
[275,163,265619,265230]
[276,130,486486,487727]
[277,197,546491,545283]
[278,269,52568,51608]
[279,146,479690,480894]
[280,84,429364,430462]
[281,195,138348,137849]
[282,263,6113,5940]
[283,170,78945,79874]
[284,126,339934,341211]
[285,102,130695,131041]
[286,142,470729,471449]
[287,268,587839,588037]
[288,60,110039,110894]
[289,17,653901,652973]
[290,88,470755,471311]
[291,90,138747,140062]
[292,133,602612,601211]
[293,117,579438,579364]
[294,173,490353,490102]
[295,72,68599,69695]
[296,212,259137,259306]
[297,95,365973,364754]
[298,131,679824,679406]
[299,252,164849,165054]
[300,81,350784,349775]
[301,260,223318,224145]
[302,237,82629,82300]
[303,135,201879,201656]
[304,184,480763,481013]
[305,110,623489,623656]
[306,152,508581,509391]
[307,46,300444,300604]
[308,108,304651,304717]
[309,210,308527,308901]
[310,106,670210,670698]
[311,7,549319,548088]
[312,55,410489,409048]
[313,269,642337,641849]
[314,265,720320,719308]
[315,78,119503,120603]
[316,222,461733,462932]
[317,29,111362,109870]
[318,168,395125,395527]
[319,91,101639,101217]
[320,72,103984,104460]
[321,14,604910,606279]
[322,32,440010,440327]
[323,126,177212,178690]
[324,271,654022,652902]
[325,79,612034,611366]
[326,172,401672,401907]
[327,219,392805,392474]
[328,62,516323,517768]
[329,140,714844,715428]
[330,148,418113,419515]
[331,9,560794,560680]
[332,124,220382,221366]
[333,202,643587,644246]
[334,224,709725,710698]
[335,240,474246,474374]
[336,78,217923,218168]
[337,5,1154,105]
[338,36,658848,658930]
[339,213,36940,36368]
[340,243,180783,179496]
[341,23,231577,231121]
[342,43,48974,48525]
[343,134,79816,79973]
[344,270,676789,677883]
[345,143,4890,4597]
[346,45,331851,331379]
[347,206,295435,296264]
[348,276,174942,175226]
[349,24,547687,548674]
[350,181,385191,383845]
[351,241,523292,523249]
[352,168,349395,350167]
[353,119,416536,415645]
[354,124,249340,250679]
[355,274,332452,333884]
[356,242,416189,416301]
[357,275,187823,187696]
[358,257,374548,373052]
[359,248,525776,527172]
[360,175,575765,574616]
[361,82,676632,676952]
[362,158,419672,420286]
[363,17,634851,633445]
[364,30,320296,321316]
[365,58,570616,570674]
[366,151,94833,94157]
[367,223,254884,253494]
[368,54,588656,589717]
[369,167,657993,657495]
[370,244,442766,443778]
[371,72,44249,44335]
[372,34,505255,506642]
[373,6,58055,59285]
[374,172,174054,174983]
[375,152,57641,58337]
[376,65,59485,58128]
[377,169,137209,136248]
[378,233,399545,398296]
[379,229,73945,73119]
[380,65,105204,103920]
[381,45,536395,535670]
[382,89,629920,629734]
[383,49,154356,152868]
[384,21,232673,232281]
[385,32,541068,541441]
[386,248,120991,121638]
[387,186,319253,320467]
[388,45,530982,529747]
[389,21,288479,287384]
[390,111,404001,403248]
[391,128,330506,331570]
[392,26,317801,318372]
[393,171,514970,514002]
[394,176,204739,205167]
[395,186,360932,361438]
[396,246,407658,407987]
[397,245,62122,61128]
[398,103,506350,506211]
[399,176,449778,450692]
[400,172,624832,625865]
[401,179,57904,57750]
[402,88,654098,655348]
[403,29,693818,693537]
[404,241,35839,34457]
[405,124,415786,416278]
[406,186,33999,35207]
[407,9,577734,577067]
[408,14,563837,564540]
[409,231,133382,133204]
[410,144,569732,570473]
[411,121,257256,256022]
[412,16,370559,371137]
[413,3,696970,695543]
[414,97,163622,162480]
[415,86,57236,57694]
[416,217,315077,314031]
[417,41,628764,628322]
[418,62,599937,601102]
[419,213,527212,526570]
[420,224,135295,136661]
[421,22,255544,255776]
[422,35,629735,628385]
[423,39,403120,401686]
[424,63,268950,268056]
[425,145,336934,336554]
[426,90,1763,2117]
[427,115,218604,217323]
[428,119,441763,441324]
[429,194,257261,257682]
[430,4,710612,710691]
[431,166,362224,363324]
[432,132,442419,443332]
[433,129,128190,127372]
[434,85,405192,404690]
[435,167,4120,3785]
[436,100,706842,707230]
[437,71,127792,127260]
[438,72,60610,61475]
[439,136,598761,599645]
[440,188,75759,76724]
[441,51,634375,633471]
[442,127,467030,465674]
[443,225,169903,168737]
[444,30,246095,247082]
[445,111,98981,98804]
[446,5,281795,280981]
[447,111,275874,275766]
[448,222,4446,5593]
[449,238,357188,357841]
[450,158,678384,679019]
[451,160,222493,223314]
[452,42,390433,390699]
[453,277,50492,50094]
[454,178,682490,683975]
[455,144,8963,9533]
[456,116,391267,392734]
[457,242,647052,647579]
[458,28,205347,206496]
[459,43,578758,577667]
[460,180,187289,188745]
[461,188,337853,338083]
[462,210,415158,415754]
[463,58,189478,190830]
[464,228,146340,146491]
[465,75,698853,697976]
[466,127,673483,673239]
[467,11,161785,160517]
[468,126,607376,607766]
[469,24,449786,449952]
[470,32,194764,194796]
[471,229,238399,237886]
[472,32,577931,579065]
[473,205,567084,566883]
[474,38,715848,716149]
[475,115,40781,39358]
[476,58,138471,139027]
[477,158,716813,717822]
[478,29,117682,117106]
[479,116,528726,529025]
[480,246,655667,656452]
[481,219,602474,601552]
[482,75,537070,536758]
[483,169,444153,443002]
[484,19,99318,99042]
[485,238,18147,18862]
[486,210,693681,693840]
[487,167,444901,444729]
[488,269,113202,111740]
[489,165,239640,239151]
[490,194,17698,19069]
[491,156,163967,164332]
[492,234,559709,559807]
[493,223,127323,126122]
[494,163,87385,86238]
[495,62,186343,186598]
[496,217,512767,512578]
[497,162,174738,175597]
[498,79,516249,515820]
[499,101,288325,287838]
[500,237,477680,476748]
[501,71,410542,409562]
[502,201,456790,456013]
[503,33,588168,588085]
[504,264,375594,376533]
[505,276,313833,314297]
[506,49,134378,133565]
[507,6,310427,310575]
[508,152,459221,459520]
[509,136,446559,447549]
[510,264,174184,174749]
[511,113,38048,36873]
[512,164,344693,345878]
[513,19,59991,59426]
[514,188,222197,223301]
[515,27,510605,509708]
[516,197,164706,163774]
[517,124,354992,355667]
[518,140,487709,489143]
[519,259,214593,214549]
[520,252,99767,100766]
[521,208,405647,406556]
[522,79,186946,186280]
[523,32,220798,221685]
[524,111,199731,199582]
[525,7,213928,213409]
[526,85,14699,13628]
[527,41,468231,467009]
[528,130,346127,346425]
[529,152,282690,284155]
[530,232,483090,483955]
[531,119,727170,726921]
[532,239,628081,627679]
[533,170,194844,195689]
[534,237,132108,131760]
[535,1,541814,541722]
[536,176,560048,560959]
[537,275,23484,23294]
[538,29,238640,237267]
[539,120,422132,422399]
[540,253,167761,167540]
[541,125,32423,32313]
[542,184,95195,95959]
[543,260,571992,573394]
[544,75,186410,185321]
[545,58,645226,645502]
[546,67,48049,47956]
[547,219,648858,648092]
[548,120,322398,322544]
[549,219,296085,294975]
[550,21,546940,546043]
[551,75,568334,567078]
[552,139,654431,653829]
[553,67,184107,183940]
[554,30,417919,419318]
[555,99,99418,98821]
[556,226,268088,268873]
[557,135,209136,207790]
[558,124,620725,621505]
[559,124,323497,324439]
[560,110,502930,504124]
[561,248,74295,75384]
[562,80,652964,654199]
[563,168,378967,379092]
[564,216,241682,241938]
[565,7,245824,244992]
[566,17,254011,252575]
[567,200,4122,5605]
[568,202,521109,522526]
[569,214,726554,728017]
[570,95,266234,265619]
[571,139,535071,534807]
[572,113,172609,171328]
[573,264,316497,316842]
[574,43,7843,6871]
[575,123,430095,428780]
[576,75,113080,111937]
[577,96,465444,466525]
[578,8,509801,511030]
[579,226,103864,104454]
[580,189,720516,719150]
[581,17,461916,460423]
[582,227,198548,197738]
[583,32,693392,694306]
[584,164,633876,635071]
[585,181,429347,428163]
[586,1,372255,371237]
[587,100,53760,54134]
[588,104,38562,38940]
[589,39,636884,635654]
[590,92,114935,115727]
[591,131,423320,422551]
[592,233,269748,268741]
[593,270,528199,529019]
[594,24,353393,353873]
[595,37,34105,33197]
[596,125,495323,494405]
[597,111,396785,396085]
[598,121,657287,656519]
[599,150,116389,117728]
[600,232,506760,507592]
[601,108,444703,445222]
[602,143,145401,144904]
[603,72,420767,422251]
[604,180,41819,43296]
[605,134,414748,415904]
[606,168,690989,691406]
[607,181,587397,586968]
[608,155,663019,662427]
[609,76,577380,578102]
[610,229,537709,536999]
[611,187,511809,510961]
[612,11,260828,260587]
[613,12,84336,84853]
[614,76,232763,234113]
[615,216,386618,386971]
[616,185,405139,403942]
[617,66,178590,179326]
[618,183,680107,678961]
[619,90,277490,278156]
[620,161,128279,127933]
[621,204,242484,242897]
[622,107,634648,633385]
[623,220,559090,560164]
[624,246,145351,145860]
[625,172,594701,595741]
[626,14,643143,643857]
[627,257,604827,604494]
[628,7,403460,403156]
[629,115,68019,66867]
[630,148,403482,404019]
[631,78,95499,95632]
[632,144,522011,523460]
[633,73,701586,700100]
[634,227,354862,353501]
[635,20,303643,304929]
[636,9,136990,136500]
[637,274,589557,589944]
[638,79,208448,206990]
[639,47,280323,279590]
[640,187,117412,116050]
[641,63,291652,290553]
[642,110,260891,262005]
[643,261,62193,61726]
[644,43,559037,558508]
[645,124,726594,727183]
[646,26,378068,379008]
[647,11,12848,12506]
[648,231,583271,582169]
[649,60,7425,8007]
[650,278,100553,101251]
[651,182,334135,334868]
[652,74,586423,587809]
[653,94,560920,562232]
[654,156,668554,669829]
[655,186,12117,13106]
[656,240,98061,98348]
[657,260,505012,505575]
[658,188,142628,143895]
[659,246,340136,341610]
[660,195,637459,636339]
[661,143,161071,161014]
[662,210,523426,523487]
[663,129,366061,365538]
[664,264,674139,674949]
[665,52,489890,490495]
[666,35,510005,509728]
[667,233,448464,447515]
[668,31,347731,346548]
[669,56,33756,34806]
[670,204,177725,178039]
[671,224,67045,67310]
[672,213,463552,462176]
[673,112,335258,335956]
[674,78,703891,704771]
[675,2,258515,259518]
[676,56,52744,52910]
[677,95,728018,727117]
[678,81,383298,382067]
[679,110,250203,251318]
[680,254,152409,152711]
[681,277,702808,702071]
[682,145,284168,283705]
[683,147,410632,409412]
[684,108,4018,4416]
[685,108,401909,403377]
[686,240,467687,467875]
[687,191,244643,243951]
[688,155,647572,646514]
[689,192,376426,377342]
[690,92,722237,722531]
[691,143,433526,432578]
[692,46,504337,505690]
[693,118,635540,635703]
[694,93,320009,319327]
[695,191,55074,54668]
[696,134,481995,482928]
[697,72,530243,530369]
[698,20,197619,198383]
[699,260,178199,178594]
[700,155,391745,390618]
[701,89,104425,103567]
[702,264,220026,220974]
[703,150,139109,140421]
[704,36,82702,83064]
[705,13,151902,151253]
[706,168,619233,619509]
[707,239,23456,23414]
[708,72,232052,232878]
[709,1,180471,179782]
[710,6,685512,687008]
[711,19,676062,675573]
[712,81,674955,674378]
[713,142,727623,727740]
[714,63,40781,40500]
[715,118,281203,281270]
[716,243,683519,682564]
[717,180,251073,252330]
[718,12,76576,77696]
[719,131,447506,446311]
[720,182,91097,91555]
[721,272,618028,618277]
[722,109,388522,387569]
[723,1,501388,501353]
[724,235,32622,32347]
[725,58,381525,382820]
[726,54,212005,212982]
[727,2,230601,231002]
[728,15,340528,339599]
[729,30,311529,311941]
[730,231,132524,132459]
[731,219,288401,287335]
[732,104,114805,115889]
[733,271,185578,184350]
[734,65,248475,247020]
[735,214,289770,290017]
[736,254,320519,321864]
[737,36,158430,158536]
[738,5,215325,214731]
[739,7,335732,335427]
[740,73,54088,53163]
[741,273,712065,711022]
[742,239,586244,586115]
[743,272,54196,54996]
[744,171,621533,620169]
[745,94,542984,543962]
[746,28,467916,468652]
[747,193,393443,392297]
[748,12,454283,454924]
[749,235,433003,432772]
[750,17,433017,432713]
[751,80,33708,33981]
[752,194,272261,273506]
[753,136,324697,325865]
[754,208,313538,313977]
[755,230,152423,153663]
[756,228,544922,545541]
[757,226,290928,291123]
[758,251,516225,515730]
[759,45,112630,111840]
[760,197,303150,303085]
[761,64,234397,234655]
[762,117,641866,640388]
[763,212,608156,608954]
[764,167,505619,505369]
[765,243,74547,73631]
[766,63,158686,158249]
[767,148,30361,31498]
[768,141,695959,695012]
[769,114,637266,637395]
[770,35,681382,680680]
[771,213,92217,92010]
[772,220,613973,614743]
[773,129,404836,403691]
[774,254,362691,363124]
[775,228,197312,198052]
[776,45,400720,400583]
[777,87,78677,77947]
[778,104,472370,473023]
[779,56,608923,609469]
[780,88,655187,656529]
[781,247,166123,165123]
[782,69,681201,680605]
[783,186,218578,218857]
[784,260,519550,520048]
[785,262,648631,650016]
[786,275,335538,335355]
[787,172,174929,175782]
[788,86,340896,342032]
[789,206,102132,102800]
[790,56,417832,418554]
[791,36,537669,537746]
[792,110,231076,231158]
[793,24,194943,195204]
[794,117,544119,543967]
[795,139,182676,182473]
[796,184,38874,39057]
[797,66,539898,540312]
[798,188,237509,237769]
[799,116,484749,486177]
[800,189,118385,117070]
[801,219,710761,709372]
[802,145,54286,53345]
[803,22,650000,650289]
[804,61,137106,136722]
[805,14,237426,238908]
[806,206,16789,18026]
[807,163,419279,418918]
[808,67,628363,628015]
[809,133,680603,680347]
[810,248,281918,282687]
[811,202,232055,232631]
[812,2,541467,542349]
[813,109,216480,216099]
[814,186,94959,95907]
[815,245,195554,194874]
[816,97,560304,558831]
[817,233,518376,517449]
[818,51,139946,139879]
[819,21,35079,33986]
[820,137,137474,136520]
[821,169,40241,39948]
[822,21,223134,222064]
[823,60,450528,451211]
[824,202,318502,319607]
[825,149,53503,52009]
[826,234,553206,554614]
[827,41,691236,690413]
[828,255,420587,419316]
[829,30,119705,121139]
[830,31,141648,140159]
[831,150,601663,602576]
[832,52,451778,452739]
[833,259,149541,148484]
[834,93,694045,693225]
[835,184,467352,468622]
[836,71,314296,313838]
[837,206,376593,377678]
[838,211,2329,1475]
[839,82,677943,679212]
[840,255,29076,28864]
[841,95,540984,540661]
[842,88,523373,524443]
[843,54,537119,537803]
[844,14,158156,159264]
[845,135,515307,513994]
[846,51,510964,509609]
[847,259,540188,538839]
[848,17,334180,333544]
[849,111,486401,485350]
[850,236,404872,405725]
[851,39,110792,110742]
[852,261,95643,95426]
[853,18,643349,644339]
[854,26,457730,458888]
[855,73,256958,255645]
[856,22,704625,706118]
[857,23,474545,474345]
[858,220,312554,313282]
[859,263,369181,368128]
[860,153,562632,561222]
[861,214,134223,135044]
[862,199,184129,184027]
[863,109,690728,690119]
[864,5,307386,306278]
[865,74,147476,147551]
[866,6,685024,685704]
[867,163,243886,242475]
[868,31,503820,502742]
[869,201,85558,84777]
[870,121,75369,74432]
[871,174,26686,27062]
[872,175,78080,77257]
[873,270,540052,541342]
[874,1,160014,159840]
[875,113,729645,729183]
[876,38,106533,106906]
[877,123,519891,518907]
[878,222,167345,168668]
[879,89,293299,292868]
[880,30,368214,368856]
[881,58,279797,281225]
[882,220,649044,649103]
[883,166,142224,143119]
[884,201,168344,167365]
[885,180,625085,626501]
[886,88,433096,433848]
[887,213,692902,691503]
[888,273,451864,451779]
[889,55,703944,703500]
[890,120,248438,249289]
[891,236,140827,141432]
[892,216,163739,164460]
[893,111,49400,48276]
[894,131,204634,203155]
[895,105,22724,21842]
[896,160,543396,543515]
[897,223,12669,12088]
[898,110,79863,80007]
[899,46,376762,378054]
[900,239,6689,5964]
[901,29,464687,463542]
[902,247,104865,104585]
[903,91,440808,440686]
[904,89,392707,392183]
[905,51,523334,522319]
[906,114,528030,528469]
[907,246,169832,170554]
[908,77,196891,195670]
[909,210,437001,438123]
[910,31,187898,186770]
[911,234,198930,199815]
[912,28,148547,148641]
[913,110,64216,64777]
[914,185,36794,35944]
[915,231,331239,330808]
[916,218,409997,410895]
[917,93,219325,218076]
[918,203,79961,78669]
[919,55,723721,722550]
[920,220,15676,16480]
[921,151,427391,427337]
[922,277,665017,663601]
[923,248,7755,8459]
[924,209,16702,15219]
[925,251,521625,521012]
[926,91,333179,331769]
[927,159,109276,108197]
[928,218,521524,522966]
[929,69,165992,165176]
[930,37,707326,705894]
[931,120,371452,372518]
[932,111,60872,59439]
[933,64,611084,611548]
[934,103,380474,380195]
[935,242,714763,715557]
[936,61,557050,556617]
[937,131,325877,324872]
[938,278,312642,312677]
[939,248,83882,84386]
[940,117,272493,271093]
[941,197,245374,245159]
[942,92,472823,472992]
[943,36,189794,190553]
[944,71,432658,431290]
[945,222,306309,306602]
[946,25,46809,46132]
[947,32,76077,76700]
[948,256,626277,627349]
[949,211,720403,719933]
[950,70,165480,166537]
