["head":"wrap","lpos","status"]
[277,530600,1]
["io count"]
[955]
["io":"id","wrap","startLpos","endLpos"]
[1,15,230432,229852]
[2,121,126749,125841]
[3,121,134036,133845]
[4,238,514974,515929]
[5,243,179335,179249]
[6,55,444599,443613]
[7,167,117057,115573]
[8,52,134764,135691]
[9,26,616554,617301]
[10,66,437215,437437]
[11,106,268006,269094]
[12,188,481767,483023]
[13,60,344715,346046]
[14,19,667303,666324]
[15,38,117974,118879]
[16,250,296566,297981]
[17,130,573771,574431]
[18,174,97011,97602]
[19,255,555075,554810]
[20,64,565290,566391]
[21,163,415409,415348]
[22,72,22011,23459]
[23,58,276717,277291]
[24,91,399271,397795]
[25,154,420675,421261]
[26,275,313070,312819]
[27,269,478579,477379]
[28,253,445437,444284]
[29,175,666543,665922]
[30,27,622283,621084]
[31,89,605151,603892]
[32,204,720061,721247]
[33,109,113877,113688]
[34,168,635967,636196]
[35,246,484611,486108]
[36,139,381399,380896]
[37,264,379315,379541]
[38,52,568642,569305]
[39,212,192674,194155]
[40,224,212549,212937]
[41,9,686396,685335]
[42,160,131164,131765]
[43,192,126512,127120]
[44,103,728963,728076]
[45,221,549959,549110]
[46,274,401085,402451]
[47,7,593804,593208]
[48,173,226922,226119]
[49,178,709388,709594]
[50,7,636983,635724]
[51,134,690837,692059]
[52,261,191291,191200]
[53,278,198620,199329]
[54,229,702874,702202]
[55,277,314886,313692]
[56,243,617947,616720]
[57,94,396707,397582]
[58,39,130281,129040]
[59,50,534993,535352]
[60,142,525280,526154]
[61,174,450162,451272]
[62,112,608052,609365]
[63,83,139145,138793]
[64,202,415101,415247]
[65,260,110311,111196]
[66,218,295963,296550]
[67,146,29754,30801]
[68,243,321408,320293]
[69,190,192499,192715]
[70,145,597213,595734]
[71,273,479262,478543]
[72,123,496781,495713]
[73,97,451699,450320]
[74,260,371805,372706]
[75,278,492321,493214]
[76,210,452885,453257]
[77,42,628904,629040]
[78,63,167208,165852]
[79,256,232550,232777]
[80,122,333430,334919]
[81,78,728127,728416]
[82,207,332202,330899]
[83,113,400131,399484]
[84,143,632346,631811]
[85,225,508522,507524]
[86,74,352829,353234]
[87,118,360615,361644]
[88,15,596567,595762]
[89,186,78731,78924]
[90,67,210742,210087]
[91,119,384920,384598]
[92,129,412859,412045]
[93,54,338984,339556]
[94,35,108586,108483]
[95,129,611329,611251]
[96,114,290645,291497]
[97,17,520989,519570]
[98,65,620730,620006]
[99,85,607672,607525]
[100,243,311231,310853]
[101,57,263595,263546]
[102,107,592990,592725]
[103,159,677547,676214]
[104,40,100289,100945]
[105,149,51992,51484]
[106,45,117733,116746]
[107,95,182720,181665]
[108,106,572328,573121]
[109,91,244881,243427]
[110,52,410322,410853]
[111,79,304020,302642]
[112,17,273108,271924]
[113,217,10171,9027]
[114,107,264303,263461]
[115,24,564061,565076]
[116,27,492393,492172]
[117,64,630368,631184]
[118,160,30308,30709]
[119,164,210234,211019]
[120,236,641926,642459]
[121,130,706280,706516]
[122,134,381682,382896]
[123,121,596660,596313]
[124,160,221017,221228]
[125,62,560871,561240]
[126,115,551551,550306]
[127,264,90237,91105]
[128,184,155918,157103]
[129,178,209960,210172]
[130,148,665150,666311]
[131,158,173591,174070]
[132,274,291452,292211]
[133,21,9376,8029]
[134,270,363718,364564]
[135,10,232432,233332]
[136,201,320440,319021]
[137,57,411244,409803]
[138,275,569285,567804]
[139,257,685308,684695]
[140,194,69846,70517]
[141,270,162017,163251]
[142,178,316123,317471]
[143,148,522640,522759]
[144,41,26416,26102]
[145,257,179756,178401]
[146,23,677160,675921]
[147,193,321866,321744]
[148,72,325765,325938]
[149,208,431002,431475]
[150,260,6489,7697]
[151,263,225434,224821]
[152,193,374801,373328]
[153,50,375789,376782]
[154,168,35800,36872]
[155,233,630635,630081]
[156,9,670880,670477]
[157,79,266382,266016]
[158,155,542848,541497]
[159,277,609363,607867]
[160,95,288501,288450]
[161,56,289681,290214]
[162,72,179298,179737]
[163,30,198722,199117]
[164,196,684050,685334]
[165,277,260385,259360]
[166,227,214467,214197]
[167,41,315855,314820]
[168,88,289702,290686]
[169,41,360850,360613]
[170,62,710847,711067]
[171,163,503073,501870]
[172,218,113587,114153]
[173,175,116327,115157]
[174,60,403888,404778]
[175,106,676987,677945]
[176,74,604020,604818]
[177,92,596164,596505]
[178,168,317837,318091]
[179,246,450496,451387]
[180,264,405605,405654]
[181,264,175639,176394]
[182,52,277665,278614]
[183,13,8175,6782]
[184,271,664951,664405]
[185,164,152922,154024]
[186,48,430904,431642]
[187,47,561040,560674]
[188,155,576409,575876]
[189,94,577203,578056]
[190,165,309158,309082]
[191,32,51749,52627]
[192,216,9790,10377]
[193,240,419382,420820]
[194,33,369877,369062]
[195,221,704985,704403]
[196,153,223319,222418]
[197,258,305110,306140]
[198,257,396235,394953]
[199,279,449331,449116]
[200,150,688002,688133]
[201,106,237798,239215]
[202,81,271070,270734]
[203,277,545604,544930]
[204,93,713647,712308]
[205,21,522961,521989]
[206,115,725139,725084]
[207,189,677078,676095]
[208,105,146837,145758]
[209,144,719493,720442]
[210,110,298231,299365]
[211,97,648582,647525]
[212,47,502508,501913]
[213,250,395659,396605]
[214,90,448524,448934]
[215,14,691912,692591]
[216,163,179683,178315]
[217,153,642053,641456]
[218,130,556893,557849]
[219,87,416576,415207]
[220,199,446909,446865]
[221,194,7868,9340]
[222,103,567109,566417]
[223,163,396934,396369]
[224,73,337512,337394]
[225,198,632639,634137]
[226,278,535082,535845]
[227,80,85605,85959]
[228,119,54811,53885]
[229,31,451949,451654]
[230,132,490946,491662]
[231,20,446547,448006]
[232,71,63904,62604]
[233,171,486744,486176]
[234,100,420438,420620]
[235,79,164327,164226]
[236,70,376788,378017]
[237,186,347458,347764]
[238,20,73035,73825]
[239,129,528462,528376]
[240,270,440306,440871]
[241,21,84746,83360]
[242,27,328855,328291]
[243,121,691032,690223]
[244,202,538141,538537]
[245,22,407927,408136]
[246,70,669967,670499]
[247,207,624687,623313]
[248,16,136788,137685]
[249,256,255336,255678]
[250,10,64032,65473]
[251,164,536560,536663]
[252,253,173777,173402]
[253,237,261343,261132]
[254,127,348752,348708]
[255,127,373726,372638]
[256,8,25298,25711]
[257,273,579700,578453]
[258,108,559590,560247]
[259,211,276852,275591]
[260,162,490109,491172]
[261,68,554322,554462]
[262,50,354962,355867]
[263,136,573505,574271]
[264,213,198393,197335]
[265,253,635458,635192]
[266,242,420415,420717]
[267,98,432722,433971]
[268,1,105646,104901]
[269,75,444624,443380]
[270,198,182287,183724]
[271,154,568241,568418]
[272,181,229694,229245]
[273,139,451175,450849]
[274,204,602760,603682]
[275,187,315282,314099]
[276,253,32922,32858]
[277,229,636198,635999]
[278,149,121515,120181]
[279,163,407899,406502]
[280,23,490150,489982]
[281,239,189796,189567]
[282,7,722570,721416]
[283,100,23922,25261]
[284,238,695937,697298]
[285,94,205539,206560]
[286,73,35553,35271]
[287,123,53148,52064]
[288,212,552192,552911]
[289,86,366256,366469]
[290,61,716722,716674]
[291,277,351007,350406]
[292,255,51147,49748]
[293,193,104227,103919]
[294,184,586566,586946]
[295,254,13107,13445]
[296,221,413383,412349]
[297,32,234510,234632]
[298,257,413179,412590]
[299,73,472072,471691]
[300,169,96333,94940]
[301,210,407513,407796]
[302,99,193595,193102]
[303,159,174735,174375]
[304,279,353312,352390]
[305,214,329968,330636]
[306,55,61324,61278]
[307,57,382859,381565]
[308,95,208615,208041]
[309,190,398253,399478]
[310,111,727512,726823]
[311,46,182169,182285]
[312,185,415321,414128]
[313,201,649054,648168]
[314,208,280433,281143]
[315,117,254146,253306]
[316,142,288732,289474]
[317,34,296136,297501]
[318,38,536164,536244]
[319,47,169274,168705]
[320,263,575134,573721]
[321,138,175191,175841]
[322,79,186884,185435]
[323,184,133792,133967]
[324,182,38184,39534]
[325,202,543333,543984]
[326,195,230796,230522]
[327,105,657026,656528]
[328,227,726813,725821]
[329,60,573382,574109]
[330,21,112169,111243]
[331,107,292133,291702]
[332,59,78864,77631]
[333,60,386118,386309]
[334,218,621277,622500]
[335,78,248802,250140]
[336,176,352157,353307]
[337,9,21550,21285]
[338,80,580529,581401]
[339,29,139384,138223]
[340,157,94946,94906]
[341,47,631944,631629]
[342,124,641447,642192]
[343,127,35955,34466]
[344,167,547477,546369]
[345,258,382695,383434]
[346,106,25938,27104]
[347,257,31080,30645]
[348,32,582666,583137]
[349,77,473486,472598]
[350,65,729753,728712]
[351,9,472595,472448]
[352,115,261982,260725]
[353,197,687644,686241]
[354,188,333371,334095]
[355,85,42884,42288]
[356,143,285398,284628]
[357,244,258440,259159]
[358,51,537077,536250]
[359,203,375137,373862]
[360,45,70232,69548]
[361,89,457976,457412]
[362,30,325373,325459]
[363,131,648444,647773]
[364,37,183667,183302]
[365,197,575514,574157]
[366,222,559923,560685]
[367,220,168677,169783]
[368,261,581665,581096]
[369,144,286364,286741]
[370,199,717882,716980]
[371,77,472484,471578]
[372,274,107947,108428]
[373,144,655134,656431]
[374,114,64991,66322]
[375,199,714176,714040]
[376,207,33713,32239]
[377,278,590684,592009]
[378,22,652000,652062]
[379,258,445768,447169]
[380,181,630122,629654]
[381,119,163927,163065]
[382,153,398724,398595]
[383,171,467324,466746]
[384,156,329267,329799]
[385,62,729938,730483]
[386,162,416772,417884]
[387,243,328514,327360]
[388,110,651644,652913]
[389,153,116704,115741]
[390,140,417841,419034]
[391,178,265704,266548]
[392,60,470945,471342]
[393,135,41272,41012]
[394,96,619582,619895]
[395,191,137951,136653]
[396,186,411241,411548]
[397,161,331353,330270]
[398,253,436367,435686]
[399,45,453216,452620]
[400,22,561479,561764]
[401,45,496311,496002]
[402,111,289104,288206]
[403,168,257131,258374]
[404,20,547921,548555]
[405,251,324501,324248]
[406,268,475752,476779]
[407,107,215120,214661]
[408,205,383101,382395]
[409,211,246781,246018]
[410,114,692348,693773]
[411,35,276218,275846]
[412,246,626221,627683]
[413,196,490288,491661]
[414,34,414437,414526]
[415,231,281050,280974]
[416,209,236641,235431]
[417,201,600135,599108]
[418,234,425630,425894]
[419,1,117829,117266]
[420,0,16453,17645]
[421,161,504805,503589]
[422,89,472192,471724]
[423,163,472683,471990]
[424,96,254898,256014]
[425,93,583624,582539]
[426,181,171913,171286]
[427,32,192659,193787]
[428,141,115049,114874]
[429,148,344268,345468]
[430,129,332224,330807]
[431,265,712569,711130]
[432,211,503525,503431]
[433,40,41839,42729]
[434,161,505956,505672]
[435,152,367494,368343]
[436,174,631956,633294]
[437,194,404215,404575]
[438,193,648271,646792]
[439,41,191228,190249]
[440,111,467435,466506]
[441,53,721773,721230]
[442,190,692157,693072]
[443,234,118639,118965]
[444,195,635415,634062]
[445,126,335960,336707]
[446,74,255894,256015]
[447,49,248791,247788]
[448,185,557134,555919]
[449,37,714150,713345]
[450,269,280369,280225]
[451,170,91512,92143]
[452,99,491217,490138]
[453,228,16559,16921]
[454,267,567664,566799]
[455,1,473767,473289]
[456,78,69531,70183]
[457,110,469919,471229]
[458,84,316597,316747]
[459,87,195977,195115]
[460,42,641920,642756]
[461,174,439469,440637]
[462,32,456431,457302]
[463,243,559736,559616]
[464,141,525698,525104]
[465,106,564487,564721]
[466,155,652780,652137]
[467,135,121116,120393]
[468,140,554709,556001]
[469,40,689946,691430]
[470,277,416028,415430]
[471,55,259663,258751]
[472,170,597343,597864]
[473,175,188462,187761]
[474,96,422565,423115]
[475,214,469826,470312]
[476,107,112222,111543]
[477,194,630472,631361]
[478,242,656682,657272]
[479,13,353349,352503]
[480,178,578931,579677]
[481,251,130409,129296]
[482,108,663485,664393]
[483,214,9603,9949]
[484,41,294963,294030]
[485,218,608981,610067]
[486,122,445008,445552]
[487,237,646489,645223]
[488,33,598700,597981]
[489,227,284278,283844]
[490,33,219933,219750]
[491,171,117004,115853]
[492,138,424395,425539]
[493,271,88108,87259]
[494,205,552945,552552]
[495,200,210337,210828]
[496,80,687982,688821]
[497,98,83683,83899]
[498,44,5493,6917]
[499,124,619311,619517]
[500,264,625169,626165]
[501,232,469056,470331]
[502,191,409427,408870]
[503,35,339542,339262]
[504,265,92322,91040]
[505,263,580962,579565]
[506,114,409066,409448]
[507,36,87100,87416]
[508,217,567995,567267]
[509,186,603394,603505]
[510,121,333826,333407]
[511,130,147903,148551]
[512,225,645093,643955]
[513,175,468456,467538]
[514,166,671187,672356]
[515,152,574678,574988]
[516,236,66524,67341]
[517,74,138054,138482]
[518,4,94966,96173]
[519,104,419063,419326]
[520,148,568967,569755]
[521,127,122992,121611]
[522,94,112159,112273]
[523,146,705991,706705]
[524,239,217164,216504]
[525,157,555153,553668]
[526,49,41716,40807]
[527,41,466859,465706]
[528,246,199513,200002]
[529,239,349361,347957]
[530,82,688380,688453]
[531,219,378324,378219]
[532,249,78199,76911]
[533,160,604173,604834]
[534,134,350759,351869]
[535,127,413508,413262]
[536,105,396794,395463]
[537,127,616356,615110]
[538,208,239794,240102]
[539,244,628506,629999]
[540,240,421545,421814]
[541,35,243007,242491]
[542,196,177810,179022]
[543,100,482943,483326]
[544,31,716507,716223]
[545,52,234066,234165]
[546,260,228087,228351]
[547,7,657590,656696]
[548,266,173239,173760]
[549,121,287481,287148]
[550,5,616362,615430]
[551,87,348761,347279]
[552,6,643319,644379]
[553,42,104804,106156]
[554,183,596402,595853]
[555,65,126485,126392]
[556,205,723531,722529]
[557,262,13073,13778]
[558,111,15127,14712]
[559,64,58546,58660]
[560,261,197841,196979]
[561,143,437022,436660]
[562,177,240119,239151]
[563,262,245837,246303]
[564,275,46976,46254]
[565,127,561213,560051]
[566,144,254554,256048]
[567,87,196131,194877]
[568,199,542117,541170]
[569,129,119794,118686]
[570,50,328581,329231]
[571,112,611190,612617]
[572,150,49403,49534]
[573,142,688198,689054]
[574,271,154797,154400]
[575,100,686239,687303]
[576,216,481146,481689]
[577,197,381361,380357]
[578,4,481113,481339]
[579,197,563624,562523]
[580,266,269257,269728]
[581,207,413784,412414]
[582,114,309490,310333]
[583,22,614742,615324]
[584,7,439206,438450]
[585,99,476285,476000]
[586,255,447398,446975]
[587,142,389663,389866]
[588,76,561365,562008]
[589,89,547120,546623]
[590,56,353983,355357]
[591,233,302148,302049]
[592,188,429163,429271]
[593,266,79174,79384]
[594,261,194914,193871]
[595,249,171802,170402]
[596,164,112317,112932]
[597,152,487006,488246]
[598,190,676639,677430]
[599,86,629467,629796]
[600,122,554248,555236]
[601,91,393909,393179]
[602,63,144206,143481]
[603,128,704856,705528]
[604,80,41571,42082]
[605,277,646266,645457]
[606,36,476908,478170]
[607,42,478071,479466]
[608,87,91696,90622]
[609,207,545360,544848]
[610,98,182312,183091]
[611,153,307955,307601]
[612,253,544655,543480]
[613,215,585827,584586]
[614,22,267768,268187]
[615,146,115995,116690]
[616,120,358534,359238]
[617,50,155496,156729]
[618,18,299792,299877]
[619,12,388526,388598]
[620,94,607442,608832]
[621,205,534053,533508]
[622,94,60153,60935]
[623,107,543454,542640]
[624,173,222226,222001]
[625,33,346159,344883]
[626,12,568878,569418]
[627,166,702469,703270]
[628,208,66389,66638]
[629,165,323876,323539]
[630,215,584664,583571]
[631,47,343411,342453]
[632,158,253768,254445]
[633,152,593778,594110]
[634,126,524738,526166]
[635,247,336699,336219]
[636,139,387597,386919]
[637,121,177899,177813]
[638,102,472047,473426]
[639,40,79281,80627]
[640,162,697786,699019]
[641,101,252611,251261]
[642,71,233016,232110]
[643,175,66106,65900]
[644,276,292560,292777]
[645,101,75163,74793]
[646,41,60404,60095]
[647,100,572265,573714]
[648,139,590049,588941]
[649,122,168423,168780]
[650,233,379387,378572]
[651,168,482422,482614]
[652,151,323134,322587]
[653,241,648250,647171]
[654,235,545853,544670]
[655,134,247231,248698]
[656,107,259391,257974]
[657,74,444153,444202]
[658,43,554551,554147]
[659,44,64850,65441]
[660,96,439740,440433]
[661,259,360974,359652]
[662,118,352141,352211]
[663,150,475965,476127]
[664,144,423870,424930]
[665,76,445353,446252]
[666,37,699392,699329]
[667,116,211264,211534]
[668,186,420461,420775]
[669,112,62690,62767]
[670,222,408880,410172]
[671,134,200476,201404]
[672,229,659103,658066]
[673,38,149212,149660]
[674,173,528414,527975]
[675,159,601105,599822]
[676,199,578029,577532]
[677,268,232731,232767]
[678,151,603638,603549]
[679,214,150380,150855]
[680,8,675614,676586]
[681,8,109477,110568]
[682,115,438100,437313]
[683,195,470874,470575]
[684,133,166311,166040]
[685,129,215312,214110]
[686,102,728392,729635]
[687,239,582791,582216]
[688,34,280506,280957]
[689,119,94625,93739]
[690,182,443479,443959]
[691,255,434722,434622]
[692,124,561053,561142]
[693,160,180029,180801]
[694,183,258796,258355]
[695,192,646248,646576]
[696,96,621235,621649]
[697,7,376603,375109]
[698,254,453584,454437]
[699,170,219910,221307]
[700,79,506055,504873]
[701,149,24981,23603]
[702,171,501240,500783]
[703,133,719107,717868]
[704,179,272444,271187]
[705,132,172740,173555]
[706,182,86418,86847]
[707,256,697958,699259]
[708,13,251598,250108]
[709,122,164301,164708]
[710,92,399537,399767]
[711,123,56474,55305]
[712,199,359025,358966]
[713,161,51876,50884]
[714,157,335994,334556]
[715,60,661766,662408]
[716,60,600717,601114]
[717,228,289574,289901]
[718,105,707789,707463]
[719,241,42732,41962]
[720,52,401416,402670]
[721,265,249019,247520]
[722,251,599569,599068]
[723,10,215562,215800]
[724,202,67367,68336]
[725,279,686415,685660]
[726,125,111567,111280]
[727,171,355210,354784]
[728,76,353704,354240]
[729,8,381372,382639]
[730,227,426392,425655]
[731,124,283350,284408]
[732,69,598952,598606]
[733,235,319212,318003]
[734,131,520450,519393]
[735,217,697423,696947]
[736,276,553380,554454]
[737,179,435288,434429]
[738,165,502988,502392]
[739,227,378646,378165]
[740,229,670560,669571]
[741,256,75299,75523]
[742,50,391725,392169]
[743,161,169426,169253]
[744,241,681480,680301]
[745,169,623281,622277]
[746,86,586227,586825]
[747,133,481063,480069]
[748,50,222509,222695]
[749,90,407046,408297]
[750,268,446431,446502]
[751,13,181573,180125]
[752,57,328900,327840]
[753,258,370407,371418]
[754,202,306423,306634]
[755,190,722202,722471]
[756,228,318550,319513]
[757,177,466997,466222]
[758,4,14252,15323]
[759,279,565202,564714]
[760,268,53979,54558]
[761,233,503648,502848]
[762,199,551552,551461]
[763,52,370035,370674]
[764,147,274197,273329]
[765,57,544207,543223]
[766,189,224104,223393]
[767,63,52937,51489]
[768,279,15538,14107]
[769,155,198707,198036]
[770,234,193662,193816]
[771,129,604189,603447]
[772,39,123087,121880]
[773,182,252224,252812]
[774,180,382041,383376]
[775,158,446183,446363]
[776,63,120773,120078]
[777,95,39174,38713]
[778,178,304180,305607]
[779,20,582824,583935]
[780,46,64709,65530]
[781,211,156278,155942]
[782,279,129843,129477]
[783,222,233069,233274]
[784,163,223493,222101]
[785,143,168518,168076]
[786,242,262182,262862]
[787,24,455942,456024]
[788,1,164806,164548]
[789,21,137289,135789]
[790,47,202650,202222]
[791,186,147909,149219]
[792,188,153336,153789]
[793,6,429883,431258]
[794,5,207292,207099]
[795,248,305788,306454]
[796,143,703596,702453]
[797,277,193491,192988]
[798,148,695010,696388]
[799,216,655834,656240]
[800,148,704187,704537]
[801,238,297919,299114]
[802,80,75318,76140]
[803,162,64698,65565]
[804,134,242441,243560]
[805,51,401947,400603]
[806,214,651713,651790]
[807,102,352071,353548]
[808,195,671220,670149]
[809,228,575701,576762]
[810,11,158493,158269]
[811,103,646297,646263]
[812,84,203544,204609]
[813,87,289420,289220]
[814,107,500816,500176]
[815,22,218856,220228]
[816,114,578731,579305]
[817,85,707530,706187]
[818,217,311354,310930]
[819,107,170450,169318]
[820,144,337258,338406]
[821,191,359466,358013]
[822,131,265820,264480]
[823,232,698958,699519]
[824,51,619552,618532]
[825,0,80795,80953]
[826,88,701562,702184]
[827,206,453045,454367]
[828,231,556282,555061]
[829,29,150577,149711]
[830,254,698466,698911]
[831,245,156264,155700]
[832,18,254738,255554]
[833,124,265080,265617]
[834,253,703246,701991]
[835,252,310481,311166]
[836,125,69075,68719]
[837,71,19986,19063]
[838,160,302894,303629]
[839,28,64131,65388]
[840,119,43907,43529]
[841,208,203743,205145]
[842,237,130088,129966]
[843,157,326379,326197]
[844,243,711636,710622]
[845,17,591443,590974]
[846,271,715520,714830]
[847,195,429883,429287]
[848,181,198799,197604]
[849,278,42093,42972]
[850,255,89639,88202]
[851,12,366688,367200]
[852,180,221859,222350]
[853,47,226079,225278]
[854,16,587302,588513]
[855,266,12556,12593]
[856,258,85873,86373]
[857,185,312823,312680]
[858,88,702687,702906]
[859,157,328713,328520]
[860,101,528759,528594]
[861,267,329906,329771]
[862,88,322569,324014]
[863,68,605338,606029]
[864,163,60689,59622]
[865,79,121607,120698]
[866,29,72845,71636]
[867,20,114064,115103]
[868,92,154236,155158]
[869,241,109880,109363]
[870,211,669807,669236]
[871,194,601250,602529]
[872,71,328383,327947]
[873,113,336516,336045]
[874,36,592894,593027]
[875,262,664965,666149]
[876,188,400172,400530]
[877,22,504392,505750]
[878,195,586461,585568]
[879,277,398670,398323]
[880,269,537739,537225]
[881,178,574342,574889]
[882,129,68551,68409]
[883,23,637765,636525]
[884,8,520553,522020]
[885,277,163235,162060]
[886,3,397522,397377]
[887,205,355542,355460]
[888,28,497037,498173]
[889,116,436658,437006]
[890,100,577596,578864]
[891,88,606081,607146]
[892,7,99209,99158]
[893,277,660101,659274]
[894,184,493271,494014]
[895,108,371055,372490]
[896,230,436823,437885]
[897,257,609197,608787]
[898,229,133165,131987]
[899,11,528799,527895]
[900,133,520197,519767]
[901,133,54050,53459]
[902,60,607504,608351]
[903,48,503796,504174]
[904,181,591250,590591]
[905,82,227748,228292]
[906,168,242285,243736]
[907,268,512552,513181]
[908,193,125454,124965]
[909,140,129213,130290]
[910,99,662043,661229]
[911,99,291454,291085]
[912,94,265731,267189]
[913,71,567299,566292]
[914,207,125174,123905]
[915,241,129919,128877]
[916,197,519764,518549]
[917,104,350613,351035]
[918,78,384113,384982]
[919,17,226305,225299]
[920,97,291958,290736]
[921,214,270439,270683]
[922,125,186381,185223]
[923,244,558713,559982]
[924,0,178401,179066]
[925,65,320609,319818]
[926,74,457543,458004]
[927,61,727476,726011]
[928,223,250411,249619]
[929,39,642770,642524]
[930,114,525861,526620]
[931,235,10429,9185]
[932,217,632317,631177]
[933,206,175677,176494]
[934,126,46262,47216]
[935,140,614747,615527]
[936,104,101318,101865]
[937,73,468566,467643]
[938,180,623595,624551]
[939,186,172232,172425]
[940,21,635659,634738]
[941,91,551465,550103]
[942,69,726985,726671]
[943,66,690915,691005]
[944,278,73391,73788]
[945,260,390756,391817]
[946,93,457570,456996]
[947,103,461369,460699]
[948,181,345566,344229]
[949,105,181271,180607]
[950,250,348783,349727]
[951,6,15140,15903]
[952,199,64673,63987]
[953,144,632931,633063]
[954,167,600287,599819]
[955,131,636045,635022]
