["head":"wrap","lpos","status"]
[101,565337,0]
["io count"]
[960]
["io":"id","wrap","startLpos","endLpos"]
[1,161,392948,392308]
[2,76,295030,295326]
[3,207,116228,115597]
[4,59,307197,306965]
[5,106,337360,337955]
[6,2,48970,49018]
[7,162,304671,306150]
[8,89,43369,42793]
[9,251,45493,45304]
[10,183,349814,349720]
[11,217,26937,25441]
[12,202,392183,392300]
[13,159,110615,109744]
[14,248,516704,518166]
[15,30,30630,31053]
[16,120,387236,388127]
[17,170,309748,310972]
[18,63,311318,311002]
[19,183,27715,27567]
[20,220,667966,668482]
[21,147,342381,341876]
[22,219,40301,39245]
[23,153,670358,670041]
[24,56,499680,500163]
[25,244,474380,474819]
[26,272,682359,683199]
[27,141,653765,653092]
[28,274,84212,84933]
[29,271,412330,410831]
[30,149,616444,615914]
[31,15,114939,114168]
[32,210,418256,419109]
[33,198,551834,552542]
[34,139,571563,570125]
[35,2,79139,79823]
[36,102,285687,286282]
[37,187,436208,434930]
[38,13,373644,373309]
[39,37,701195,700274]
[40,182,178917,179418]
[41,55,183967,182779]
[42,116,150902,151430]
[43,164,536349,536710]
[44,239,231925,230486]
[45,140,370501,371288]
[46,51,684657,684367]
[47,143,718465,717863]
[48,49,677238,676850]
[49,86,210536,211149]
[50,182,13092,13369]
[51,16,513593,513843]
[52,41,566727,566318]
[53,47,485081,484893]
[54,168,546329,546711]
[55,260,391292,392004]
[56,150,465167,465542]
[57,120,2233,3692]
[58,147,165358,164355]
[59,42,616313,617553]
[60,90,280946,281376]
[61,25,206799,205740]
[62,102,486117,487365]
[63,237,306984,305534]
[64,55,669963,669344]
[65,224,6693,7238]
[66,224,614844,615315]
[67,105,252444,251426]
[68,96,635562,636672]
[69,137,236631,236425]
[70,132,451914,452733]
[71,126,105979,106705]
[72,215,229128,228621]
[73,71,396775,395578]
[74,169,203319,202900]
[75,231,704961,703997]
[76,64,492587,493101]
[77,44,527042,527853]
[78,146,113279,114633]
[79,117,395259,394813]
[80,267,690919,689524]
[81,238,73232,73426]
[82,221,534711,534365]
[83,91,217336,216785]
[84,10,148795,149741]
[85,267,234310,233083]
[86,131,276443,275554]
[87,213,521434,520897]
[88,241,535512,534922]
[89,125,2916,2242]
[90,229,597888,597392]
[91,11,535210,534529]
[92,208,199951,200449]
[93,88,645671,647069]
[94,91,45413,45098]
[95,132,185403,186029]
[96,56,419431,419858]
[97,80,356128,356210]
[98,90,250632,250674]
[99,74,350286,350455]
[100,188,520354,520701]
[101,12,262131,262309]
[102,169,285757,284573]
[103,126,335982,336722]
[104,262,367237,367892]
[105,167,211295,211100]
[106,30,601691,603134]
[107,199,100303,100248]
[108,97,284030,282535]
[109,1,340027,339458]
[110,62,660235,661354]
[111,160,387827,388648]
[112,170,125552,126514]
[113,249,529032,528455]
[114,269,26721,26511]
[115,246,609526,609598]
[116,0,702433,703259]
[117,261,171177,171044]
[118,114,332252,333203]
[119,147,89555,88982]
[120,134,669909,671085]
[121,98,468517,469206]
[122,105,625613,625244]
[123,0,94941,96194]
[124,164,339731,340376]
[125,39,315751,315397]
[126,96,336966,337180]
[127,54,328067,329363]
[128,99,689880,689091]
[129,66,295729,296149]
[130,44,578660,579278]
[131,17,184107,183055]
[132,242,406409,406806]
[133,153,449124,447866]
[134,117,307409,306541]
[135,90,134814,134916]
[136,11,337334,336208]
[137,77,60905,59911]
[138,150,506401,506991]
[139,161,514329,512996]
[140,162,79070,79296]
[141,117,633040,632019]
[142,201,594081,592932]
[143,136,413623,414068]
[144,277,294496,293554]
[145,0,680479,681625]
[146,162,451207,451318]
[147,101,689004,687980]
[148,267,203305,202688]
[149,234,156251,156966]
[150,153,83836,82488]
[151,31,504847,503413]
[152,70,179561,180605]
[153,89,166361,165087]
[154,100,694895,695783]
[155,52,563116,563903]
[156,279,56152,54759]
[157,118,286961,287378]
[158,81,83337,82033]
[159,238,105266,105447]
[160,277,332955,332482]
[161,124,295808,296049]
[162,16,289015,289700]
[163,137,121952,121573]
[164,31,623067,621952]
[165,0,57862,59231]
[166,273,615272,615225]
[167,258,120252,121021]
[168,229,626696,625685]
[169,117,728136,727101]
[170,210,137863,138404]
[171,263,64263,64173]
[172,80,298541,299671]
[173,276,339974,340303]
[174,91,136074,135417]
[175,202,344382,345084]
[176,132,159619,160280]
[177,155,532509,531118]
[178,230,57400,58434]
[179,199,315559,315399]
[180,259,151021,150547]
[181,141,69122,68453]
[182,30,700943,701908]
[183,193,648190,647768]
[184,78,612879,613980]
[185,160,522417,523074]
[186,222,525314,525534]
[187,40,334610,335925]
[188,129,278978,278146]
[189,125,113816,113786]
[190,259,683118,682341]
[191,61,708832,707871]
[192,189,593519,592109]
[193,169,16614,15306]
[194,3,612751,612590]
[195,15,625882,625170]
[196,55,51699,50401]
[197,251,539788,538909]
[198,99,430206,430042]
[199,66,698244,698448]
[200,114,508003,508496]
[201,247,120694,120501]
[202,244,414349,415428]
[203,80,490657,491835]
[204,185,650150,648954]
[205,258,578845,579089]
[206,220,581333,582556]
[207,117,501694,500491]
[208,146,668520,669897]
[209,271,323924,323142]
[210,134,418367,419169]
[211,272,332516,333666]
[212,56,666802,667926]
[213,176,271818,272063]
[214,266,431642,431752]
[215,84,582169,582562]
[216,55,652545,651256]
[217,108,650611,651079]
[218,23,576059,574914]
[219,186,243135,243226]
[220,52,486615,487007]
[221,184,548795,549807]
[222,265,239989,239482]
[223,183,518750,517837]
[224,73,173684,172679]
[225,170,523309,524342]
[226,88,554134,554202]
[227,111,56608,56481]
[228,209,508574,507339]
[229,166,110441,110748]
[230,241,309862,308995]
[231,67,458886,458325]
[232,163,619340,618306]
[233,139,210592,210228]
[234,183,511086,509912]
[235,74,458390,459211]
[236,43,666635,665318]
[237,144,649346,649733]
[238,75,336083,335516]
[239,198,507093,507354]
[240,152,387381,388120]
[241,274,492871,494070]
[242,125,44344,43618]
[243,9,103446,102875]
[244,262,464829,466084]
[245,107,341574,341261]
[246,80,384840,384878]
[247,142,57796,59129]
[248,4,479936,481100]
[249,133,620520,619194]
[250,142,407541,408818]
[251,34,685913,686750]
[252,201,221023,220992]
[253,26,198552,199768]
[254,118,151660,152710]
[255,174,712544,713252]
[256,189,607549,606807]
[257,80,269924,270826]
[258,157,413512,412837]
[259,55,74510,73567]
[260,256,270372,271418]
[261,252,707724,708850]
[262,139,366586,365370]
[263,264,504787,505200]
[264,66,208500,208894]
[265,135,727404,727142]
[266,20,209570,210983]
[267,183,222498,221439]
[268,73,293015,292616]
[269,103,140410,139998]
[270,231,56538,55658]
[271,119,380594,379141]
[272,206,508383,509046]
[273,259,728123,726920]
[274,256,353508,353606]
[275,149,656876,655839]
[276,9,674198,673238]
[277,54,38922,39502]
[278,145,389024,387629]
[279,92,61073,62097]
[280,43,235135,233940]
[281,128,675779,676019]
[282,249,712900,711930]
[283,173,191031,190307]
[284,217,4639,4017]
[285,29,681652,681539]
[286,77,370625,369316]
[287,237,39763,38958]
[288,43,3805,2366]
[289,35,366556,365459]
[290,45,612837,611613]
[291,187,517171,516785]
[292,110,559977,560330]
[293,223,528438,527174]
[294,41,714794,713886]
[295,162,363831,365285]
[296,151,23481,22483]
[297,115,427868,426855]
[298,188,672643,673396]
[299,228,224185,224832]
[300,34,422231,422421]
[301,40,71974,72659]
[302,64,635364,636641]
[303,133,48997,48278]
[304,221,677937,676770]
[305,225,10736,9697]
[306,62,427679,428311]
[307,29,648123,646706]
[308,76,295918,296771]
[309,137,303137,302737]
[310,196,443228,443996]
[311,10,345863,346738]
[312,175,38877,37720]
[313,248,711103,711605]
[314,145,321094,320538]
[315,183,126170,125858]
[316,63,707816,707178]
[317,273,257343,256616]
[318,268,562818,563359]
[319,239,19081,18405]
[320,73,104351,104010]
[321,40,337316,338791]
[322,153,178947,178071]
[323,111,629736,629000]
[324,182,56782,57472]
[325,108,672678,673568]
[326,242,661297,661432]
[327,56,183274,183469]
[328,141,411744,410615]
[329,252,51694,52069]
[330,77,421080,419597]
[331,72,39771,40510]
[332,153,696772,696010]
[333,115,529717,528430]
[334,191,484195,483082]
[335,208,557556,557984]
[336,52,488677,490098]
[337,231,92330,91100]
[338,100,31812,32924]
[339,69,434255,433540]
[340,35,502267,502170]
[341,126,302980,303379]
[342,124,161249,161854]
[343,202,593944,594733]
[344,32,301307,301375]
[345,171,73543,72961]
[346,97,366989,366056]
[347,71,228178,228010]
[348,135,708375,707441]
[349,220,43813,45109]
[350,80,406889,407374]
[351,3,102692,101477]
[352,104,31800,33293]
[353,256,321106,322014]
[354,211,315259,313875]
[355,92,704397,705312]
[356,34,498930,500329]
[357,245,254513,254288]
[358,147,252661,251934]
[359,22,614801,615490]
[360,158,700611,701145]
[361,177,418484,418275]
[362,90,378632,379231]
[363,215,708358,708019]
[364,68,438781,439696]
[365,136,343589,344224]
[366,49,422554,422508]
[367,20,302598,303351]
[368,274,700541,701111]
[369,39,659140,658920]
[370,209,39243,38487]
[371,192,710695,710806]
[372,147,440846,440652]
[373,80,531451,531700]
[374,157,462253,460841]
[375,126,320446,320830]
[376,27,497435,496284]
[377,98,9844,11152]
[378,124,340770,341118]
[379,159,168215,168020]
[380,198,579860,580139]
[381,19,706481,705643]
[382,39,157053,156371]
[383,194,356369,356857]
[384,242,155133,155711]
[385,24,715863,716642]
[386,48,469247,470401]
[387,136,69534,69818]
[388,157,171991,170647]
[389,223,683473,682195]
[390,254,343589,344606]
[391,6,288437,289904]
[392,127,456781,456608]
[393,64,140438,140823]
[394,9,177210,176914]
[395,277,3713,2649]
[396,80,576241,576784]
[397,148,699050,700117]
[398,63,132007,131249]
[399,206,98654,99435]
[400,111,624279,624248]
[401,89,200256,199672]
[402,94,589612,590647]
[403,44,43354,43538]
[404,93,158836,157680]
[405,190,557391,558751]
[406,157,171686,170452]
[407,129,513660,512955]
[408,13,664414,662942]
[409,161,107781,106834]
[410,268,261758,263017]
[411,69,320127,319248]
[412,138,17821,19116]
[413,147,235401,234980]
[414,231,233664,232192]
[415,196,226768,227758]
[416,12,114521,114886]
[417,249,595583,594430]
[418,210,155287,155780]
[419,193,183561,183144]
[420,0,351384,352661]
[421,26,492259,492536]
[422,46,160374,160686]
[423,278,112422,113006]
[424,260,259574,259961]
[425,186,390166,390521]
[426,184,90452,90865]
[427,87,95299,94023]
[428,158,150305,150524]
[429,273,344699,344097]
[430,138,187250,188229]
[431,1,496772,495381]
[432,279,591459,590417]
[433,238,384821,384994]
[434,248,47894,48710]
[435,6,614569,615958]
[436,14,527687,527804]
[437,96,643684,643850]
[438,239,609523,609002]
[439,219,80447,79290]
[440,200,91036,91802]
[441,99,522161,520960]
[442,83,349073,348741]
[443,278,592609,593532]
[444,19,147053,146167]
[445,72,486337,486580]
[446,17,727566,726375]
[447,111,496517,495356]
[448,5,614683,614013]
[449,188,664629,665963]
[450,26,434344,434567]
[451,169,22100,20667]
[452,53,70994,70665]
[453,46,132011,132697]
[454,29,351945,351235]
[455,247,300158,299346]
[456,77,153716,153462]
[457,26,691055,692473]
[458,185,482220,481406]
[459,118,322989,323165]
[460,96,304257,305665]
[461,159,446334,445179]
[462,56,704870,705665]
[463,113,115104,114407]
[464,184,729151,730088]
[465,31,393332,392531]
[466,74,94486,95594]
[467,134,417569,418919]
[468,91,142495,141416]
[469,61,705512,705416]
[470,40,385166,385358]
[471,91,3932,2707]
[472,113,722656,721917]
[473,221,528467,527338]
[474,63,162791,161549]
[475,85,505112,503712]
[476,225,152277,152039]
[477,137,600411,599844]
[478,117,576578,576431]
[479,202,218694,219473]
[480,274,537094,537439]
[481,167,377511,376484]
[482,242,724852,725099]
[483,183,517282,516417]
[484,227,487869,486702]
[485,144,176514,176890]
[486,250,587501,588126]
[487,46,154797,155536]
[488,202,291831,292664]
[489,118,31200,32568]
[490,58,709489,710110]
[491,186,634609,635750]
[492,17,309211,309104]
[493,240,374155,374846]
[494,61,715817,715405]
[495,16,191883,192840]
[496,4,47258,48552]
[497,29,142017,141339]
[498,162,129474,130239]
[499,127,319264,318296]
[500,272,472061,472327]
[501,119,115794,114606]
[502,121,653659,652431]
[503,66,609794,610370]
[504,167,568576,567812]
[505,87,698021,697668]
[506,189,67830,67447]
[507,113,625442,625034]
[508,245,159588,158284]
[509,97,373597,372550]
[510,204,493913,494595]
[511,3,504944,503980]
[512,179,588275,588155]
[513,241,128222,127078]
[514,55,140595,140009]
[515,167,263900,263540]
[516,17,88940,88627]
[517,158,411042,411339]
[518,108,73608,74490]
[519,102,643076,643844]
[520,129,308017,307035]
[521,87,614101,613531]
[522,54,352218,352539]
[523,77,468813,467868]
[524,140,44748,44818]
[525,177,493775,492766]
[526,63,533809,532886]
[527,238,420336,421206]
[528,167,15041,14139]
[529,177,597490,596471]
[530,278,59172,59259]
[531,112,713065,713491]
[532,164,387090,388572]
[533,213,128431,128051]
[534,108,342872,343677]
[535,264,73113,73469]
[536,1,47595,47056]
[537,93,306644,306106]
[538,102,488951,489388]
[539,51,102516,101019]
[540,223,112316,111128]
[541,251,137530,136981]
[542,158,487284,487511]
[543,32,2185,2865]
[544,239,242723,241438]
[545,182,654504,655543]
[546,78,407829,407980]
[547,86,530021,531494]
[548,37,355804,354465]
[549,76,684087,685556]
[550,271,429593,428718]
[551,148,504790,506207]
[552,99,151909,150447]
[553,154,5823,5953]
[554,242,475014,476503]
[555,101,193377,191909]
[556,145,513251,511829]
[557,202,346801,347005]
[558,257,334268,333395]
[559,258,494021,494055]
[560,12,275074,275224]
[561,244,75366,75934]
[562,143,341552,340455]
[563,97,288031,287893]
[564,177,370661,369999]
[565,44,633430,634894]
[566,249,248620,247701]
[567,36,237393,238017]
[568,152,327780,328177]
[569,223,359431,359324]
[570,67,329745,329181]
[571,113,648996,648576]
[572,130,50610,51841]
[573,161,369193,367958]
[574,193,465372,465164]
[575,187,692475,691072]
[576,151,398106,396696]
[577,160,321647,322081]
[578,184,388768,390095]
[579,234,272564,273081]
[580,260,668318,668785]
[581,141,136704,135219]
[582,83,411848,410452]
[583,43,136585,135224]
[584,199,641135,639924]
[585,150,610101,611359]
[586,225,727472,726874]
[587,256,655800,656352]
[588,240,637422,638253]
[589,127,207623,206312]
[590,85,231980,231782]
[591,56,729619,730135]
[592,52,537815,539086]
[593,206,270906,271488]
[594,262,95461,96196]
[595,263,493810,492363]
[596,78,150680,151020]
[597,264,377879,378630]
[598,222,466956,467593]
[599,29,413543,412251]
[600,217,36333,35069]
[601,154,374798,375529]
[602,236,565291,565571]
[603,2,704115,704486]
[604,130,647984,648282]
[605,236,297025,297190]
[606,100,455173,455421]
[607,13,653207,652950]
[608,233,666431,665615]
[609,203,345477,344812]
[610,24,306881,307344]
[611,63,451069,449608]
[612,159,265408,264382]
[613,74,205749,206377]
[614,242,413190,413261]
[615,218,145879,146350]
[616,97,70066,68566]
[617,81,219598,218156]
[618,152,136935,137014]
[619,18,678214,679467]
[620,211,307942,307134]
[621,127,332418,331067]
[622,123,84678,83440]
[623,69,541286,541124]
[624,215,83347,82212]
[625,145,206836,206020]
[626,31,407721,407569]
[627,195,585022,584593]
[628,248,273096,274589]
[629,146,266436,267744]
[630,250,353000,353676]
[631,260,589348,589577]
[632,180,653774,655005]
[633,1,540270,539928]
[634,183,500820,500227]
[635,150,153188,154602]
[636,203,232388,231679]
[637,264,248295,248638]
[638,100,645424,646668]
[639,250,133434,133505]
[640,95,506119,505966]
[641,106,590672,592168]
[642,23,154680,153550]
[643,269,274043,273527]
[644,240,497541,497908]
[645,264,697558,697742]
[646,92,396510,396834]
[647,187,397617,397268]
[648,6,205212,206361]
[649,118,680897,681541]
[650,99,380279,378862]
[651,1,263727,263175]
[652,85,71997,70890]
[653,27,712268,711074]
[654,206,434224,434990]
[655,251,56369,56245]
[656,128,676888,678093]
[657,111,562107,561398]
[658,127,177215,176358]
[659,131,340531,339522]
[660,131,196707,196033]
[661,246,211911,212581]
[662,272,390032,390271]
[663,203,700880,699888]
[664,44,321124,322375]
[665,156,471366,472582]
[666,33,495631,494854]
[667,271,592252,590794]
[668,188,109715,111065]
[669,103,449407,447984]
[670,66,349088,350469]
[671,250,180149,180565]
[672,116,250077,250281]
[673,130,311044,312183]
[674,149,497076,495768]
[675,177,109145,108143]
[676,100,519143,519882]
[677,75,627264,626382]
[678,19,174509,173239]
[679,55,472671,471518]
[680,173,693869,693681]
[681,45,214274,213424]
[682,167,33275,32748]
[683,85,464761,464233]
[684,269,458110,458047]
[685,239,728883,727995]
[686,183,643146,642381]
[687,207,37332,35938]
[688,11,636989,635619]
[689,225,689487,689058]
[690,152,84179,84289]
[691,11,279055,277832]
[692,174,228602,229106]
[693,208,70893,71061]
[694,128,593463,594173]
[695,43,543627,543192]
[696,279,364671,363943]
[697,87,217972,217479]
[698,38,493849,494577]
[699,61,277671,276835]
[700,260,218000,218068]
[701,241,651046,650751]
[702,45,2396,2087]
[703,137,218228,217615]
[704,11,536627,536191]
[705,237,335609,334389]
[706,41,568978,567507]
[707,8,260323,261776]
[708,129,617472,616145]
[709,43,263067,262815]
[710,212,671405,672391]
[711,50,477907,478622]
[712,42,294310,295692]
[713,235,178070,176858]
[714,97,100184,99063]
[715,45,423256,423021]
[716,271,471872,470598]
[717,111,141477,140725]
[718,231,272059,271746]
[719,35,686097,684931]
[720,111,364260,363447]
[721,70,283279,284675]
[722,187,492212,491681]
[723,191,496303,496129]
[724,192,782,1609]
[725,12,268996,269459]
[726,165,46575,45391]
[727,60,159124,160555]
[728,258,478352,479327]
[729,173,512916,511487]
[730,158,475260,476687]
[731,164,561460,561592]
[732,207,647674,647169]
[733,108,115075,115773]
[734,224,141259,142540]
[735,111,567238,565991]
[736,101,574173,573532]
[737,203,95722,95217]
[738,176,699148,700123]
[739,174,412943,414136]
[740,34,378015,378238]
[741,184,679298,680487]
[742,243,541629,541507]
[743,170,602454,602522]
[744,228,154283,154674]
[745,2,114725,114900]
[746,0,580935,581160]
[747,151,640246,638995]
[748,79,170945,170694]
[749,190,669076,669860]
[750,191,316961,316569]
[751,116,241191,241314]
[752,111,351542,350760]
[753,46,492371,492975]
[754,141,575039,574373]
[755,90,155651,156099]
[756,249,82484,81318]
[757,146,265279,265387]
[758,12,150672,151815]
[759,57,655478,654690]
[760,179,83924,83229]
[761,4,228842,229628]
[762,7,330551,330284]
[763,211,550027,549906]
[764,240,9555,10118]
[765,209,30827,30396]
[766,117,217647,216896]
[767,88,191298,191972]
[768,250,266212,266607]
[769,276,388759,389726]
[770,127,421936,421254]
[771,97,188775,187888]
[772,2,121739,121833]
[773,94,337477,337746]
[774,218,409731,411106]
[775,90,74839,75966]
[776,91,508110,507910]
[777,60,330644,331727]
[778,2,198024,198573]
[779,232,329338,329560]
[780,178,640871,641211]
[781,115,34661,33803]
[782,267,541766,540956]
[783,14,321441,322603]
[784,154,519729,520535]
[785,144,102541,102808]
[786,170,702913,703367]
[787,111,84465,83069]
[788,92,168858,168938]
[789,175,33625,33317]
[790,236,307897,308360]
[791,28,383291,383687]
[792,219,546368,545479]
[793,206,30801,31209]
[794,14,618481,619678]
[795,201,649616,649205]
[796,13,596725,596284]
[797,200,252242,253602]
[798,214,103183,103968]
[799,3,638003,636635]
[800,156,105801,106603]
[801,34,314896,315944]
[802,66,511881,513156]
[803,159,690196,689357]
[804,236,568545,568760]
[805,42,469737,469794]
[806,222,545420,545921]
[807,138,53329,53909]
[808,32,258649,259822]
[809,1,22642,22368]
[810,183,307253,306180]
[811,85,232826,232319]
[812,110,620781,621618]
[813,140,454619,455929]
[814,209,84348,84193]
[815,112,30503,31231]
[816,154,338199,338380]
[817,224,129408,129890]
[818,220,411177,412493]
[819,235,427967,426573]
[820,253,117345,116885]
[821,200,489972,491419]
[822,277,656677,655390]
[823,245,636617,635171]
[824,184,705891,706723]
[825,20,194116,194293]
[826,2,298247,298549]
[827,135,273105,271632]
[828,88,362560,363381]
[829,50,190960,192239]
[830,49,662446,662021]
[831,220,595615,595852]
[832,127,520426,519383]
[833,27,435460,435163]
[834,221,289987,289628]
[835,38,203093,204348]
[836,6,720893,721358]
[837,37,233671,233399]
[838,75,626195,626098]
[839,193,520550,519203]
[840,18,2709,3820]
[841,73,689350,688352]
[842,103,663743,662863]
[843,229,572855,571998]
[844,155,184661,184147]
[845,110,126194,126501]
[846,31,334858,334277]
[847,217,271963,271892]
[848,2,419520,420810]
[849,8,298159,299092]
[850,59,354549,353381]
[851,86,76441,77177]
[852,94,549388,549831]
[853,148,65460,65663]
[854,223,550009,549864]
[855,225,84374,84282]
[856,27,672042,671446]
[857,66,606511,607114]
[858,83,99436,99146]
[859,106,398233,399475]
[860,26,246357,247235]
[861,126,206267,206709]
[862,96,272492,273060]
[863,84,364304,365626]
[864,50,467848,467886]
[865,75,130391,129041]
[866,145,27831,26518]
[867,194,339092,339961]
[868,128,96312,97768]
[869,239,215331,215237]
[870,105,697165,696257]
[871,152,269600,269872]
[872,21,568823,568220]
[873,77,709958,709710]
[874,259,303239,302003]
[875,88,642017,642649]
[876,207,124501,123349]
[877,250,475981,476328]
[878,118,47473,48480]
[879,262,626713,628132]
[880,112,421270,421788]
[881,16,242533,243432]
[882,174,13679,14994]
[883,181,103327,101855]
[884,196,263333,263980]
[885,154,46988,48064]
[886,135,586412,586094]
[887,255,546993,545615]
[888,71,83930,82948]
[889,243,329544,328746]
[890,92,589276,590768]
[891,257,427241,426548]
[892,254,623012,623052]
[893,222,317593,317934]
[894,71,44542,43400]
[895,117,549307,548808]
[896,272,478747,479919]
[897,91,662005,661916]
[898,248,12842,14189]
[899,46,190488,190812]
[900,188,190936,191481]
[901,61,189445,188012]
[902,22,444688,445749]
[903,147,27008,26502]
[904,269,606196,605013]
[905,47,596501,595173]
[906,233,541787,540682]
[907,201,702738,701929]
[908,260,668347,668701]
[909,268,660382,661659]
[910,158,498735,499913]
[911,184,235624,235921]
[912,113,725083,723689]
[913,259,597294,596096]
[914,41,108940,108419]
[915,253,191308,190524]
[916,5,455267,453823]
[917,184,584252,585006]
[918,88,217660,219109]
[919,201,452728,451748]
[920,179,557538,556413]
[921,50,232253,233053]
[922,0,183401,184198]
[923,5,216109,216030]
[924,125,41511,40594]
[925,90,462121,462531]
[926,106,192269,193456]
[927,264,260495,260979]
[928,232,217575,217869]
[929,173,19053,19006]
[930,70,306328,307344]
[931,102,135415,136803]
[932,11,125515,124151]
[933,66,122741,124171]
[934,136,498523,499152]
[935,150,416763,417790]
[936,263,233105,231805]
[937,237,601695,600715]
[938,206,320945,321913]
[939,127,689689,688525]
[940,154,4100,5276]
[941,44,244911,245586]
[942,31,168114,167758]
[943,76,29437,29701]
[944,162,578856,579675]
[945,248,664460,665649]
[946,0,66844,68172]
[947,174,244254,245188]
[948,207,131273,130788]
[949,63,56185,55263]
[950,255,678205,676882]
[951,80,169305,170786]
[952,65,516431,515450]
[953,254,483748,484576]
[954,133,303299,302712]
[955,147,377942,377855]
[956,2,376182,376287]
[957,68,696755,697795]
[958,244,111486,112454]
[959,249,160459,159901]
[960,239,271602,270961]
