["head":"wrap","lpos","status"]
[97,620299,0]
["io count"]
[965]
["io":"id","wrap","startLpos","endLpos"]
[1,182,623752,624789]
[2,159,194865,194654]
[3,118,669343,669523]
[4,89,457535,457464]
[5,7,642536,642433]
[6,188,407440,408547]
[7,54,675078,675458]
[8,208,116399,117595]
[9,120,56465,57150]
[10,199,413070,411935]
[11,66,337557,338697]
[12,199,426712,426451]
[13,170,636751,636969]
[14,154,56748,57196]
[15,257,421026,420292]
[16,258,649683,650904]
[17,226,607976,608599]
[18,124,559832,560657]
[19,92,292996,293257]
[20,123,260794,259503]
[21,87,45684,44377]
[22,144,371005,371487]
[23,166,456628,456896]
[24,49,338032,337938]
[25,27,645201,644974]
[26,187,171666,170374]
[27,28,172719,174022]
[28,223,214593,213105]
[29,134,206405,206895]
[30,213,530800,529420]
[31,269,200538,199952]
[32,32,207613,207715]
[33,186,85228,86053]
[34,184,222170,223015]
[35,112,277219,278700]
[36,193,728860,727701]
[37,98,261601,262905]
[38,153,679411,679140]
[39,98,670368,671622]
[40,53,667319,666691]
[41,193,51341,49975]
[42,143,213493,212618]
[43,32,376081,376901]
[44,277,156605,155123]
[45,187,138258,138090]
[46,124,604725,605762]
[47,72,218444,219300]
[48,101,317862,317755]
[49,16,378936,380159]
[50,198,718876,719389]
[51,158,200132,201147]
[52,256,203455,204029]
[53,80,674620,676046]
[54,54,93226,94219]
[55,164,192660,192950]
[56,20,450218,450822]
[57,162,262146,262344]
[58,240,346511,347680]
[59,79,109625,108213]
[60,224,694216,695040]
[61,169,538361,537830]
[62,187,116083,115035]
[63,112,720587,721581]
[64,240,11631,12969]
[65,90,102042,102962]
[66,45,200028,199803]
[67,144,91950,93343]
[68,144,392141,393034]
[69,47,47189,46885]
[70,90,394398,395449]
[71,256,589601,590820]
[72,6,141251,142524]
[73,69,37664,37310]
[74,225,531124,529645]
[75,100,185217,186187]
[76,63,102617,101860]
[77,270,530923,531869]
[78,131,142817,141699]
[79,135,151032,150376]
[80,198,230544,231333]
[81,256,385335,385571]
[82,31,48545,47345]
[83,150,234473,235876]
[84,206,230194,231520]
[85,95,364647,363906]
[86,87,31058,29958]
[87,21,680289,679335]
[88,160,344460,345808]
[89,184,102904,104367]
[90,132,504388,504573]
[91,114,404040,404547]
[92,182,78068,79228]
[93,210,166130,167242]
[94,65,410641,409757]
[95,192,128730,130197]
[96,89,406224,405901]
[97,228,476419,477561]
[98,206,280149,281583]
[99,56,579924,580733]
[100,7,52311,51680]
[101,176,478779,480048]
[102,186,362382,363486]
[103,141,693864,693317]
[104,16,364268,365649]
[105,60,192544,192583]
[106,13,516989,516626]
[107,91,298055,297442]
[108,184,486909,488166]
[109,277,41126,40870]
[110,21,6899,5565]
[111,218,130827,131452]
[112,56,645168,645641]
[113,114,398455,399857]
[114,67,83259,83004]
[115,168,202842,203290]
[116,99,549784,548661]
[117,274,69916,70695]
[118,269,192665,192344]
[119,13,566314,565507]
[120,123,146644,145935]
[121,10,26791,27976]
[122,196,462742,462799]
[123,122,689582,689877]
[124,85,693604,692240]
[125,195,727587,727116]
[126,113,174173,173817]
[127,186,120948,120980]
[128,93,636937,635549]
[129,57,562565,562277]
[130,134,399982,400514]
[131,197,177993,176889]
[132,63,467975,467821]
[133,195,168740,168133]
[134,81,556185,556123]
[135,238,375110,376029]
[136,143,287839,286457]
[137,231,607383,607211]
[138,127,619624,618204]
[139,218,46611,47990]
[140,255,209686,208364]
[141,76,580458,580967]
[142,147,77705,77251]
[143,8,525275,526378]
[144,249,471678,471484]
[145,222,464603,465628]
[146,108,227440,228521]
[147,24,185890,186637]
[148,111,286074,285429]
[149,76,523587,525083]
[150,82,293754,294303]
[151,144,71791,71962]
[152,274,643086,644302]
[153,37,375895,374496]
[154,159,578600,578426]
[155,16,683963,685080]
[156,262,239267,239856]
[157,159,564247,563577]
[158,68,386966,388071]
[159,70,272712,273966]
[160,220,160293,160615]
[161,116,261933,263376]
[162,102,442329,443431]
[163,182,423190,424017]
[164,259,424870,424462]
[165,246,696592,697177]
[166,110,575450,575490]
[167,205,130723,129729]
[168,264,227036,227173]
[169,153,32120,30966]
[170,12,622989,623481]
[171,9,453038,451959]
[172,278,415721,415971]
[173,93,346110,345516]
[174,276,199136,200090]
[175,108,666199,666882]
[176,273,339966,338670]
[177,134,220815,221299]
[178,26,642321,643680]
[179,79,558952,558379]
[180,157,207039,206978]
[181,11,422392,421718]
[182,41,194452,193585]
[183,195,559894,559223]
[184,220,391990,392394]
[185,32,41240,41634]
[186,52,360345,360837]
[187,54,7307,7459]
[188,39,479350,479127]
[189,170,126559,127415]
[190,87,250370,249686]
[191,98,583317,584044]
[192,161,389321,389038]
[193,222,44121,45424]
[194,25,283715,282447]
[195,19,28699,28423]
[196,163,289428,289210]
[197,9,278904,277969]
[198,64,305374,305949]
[199,29,266226,265798]
[200,171,357962,356974]
[201,165,588092,587486]
[202,40,91201,92160]
[203,203,576492,575409]
[204,195,474625,473759]
[205,16,357678,358314]
[206,277,276883,276233]
[207,29,364754,364359]
[208,107,687589,687423]
[209,118,115874,117058]
[210,215,507012,506239]
[211,192,425249,426325]
[212,116,572090,573218]
[213,202,153621,155105]
[214,277,693055,691944]
[215,84,78810,79356]
[216,128,513070,513567]
[217,275,256345,255749]
[218,147,591518,590573]
[219,45,598293,598131]
[220,21,706279,705263]
[221,44,350809,350895]
[222,9,243873,242723]
[223,42,417073,417601]
[224,192,135756,135853]
[225,162,43003,43937]
[226,117,713031,712433]
[227,269,32863,31974]
[228,192,380038,381462]
[229,14,711176,711406]
[230,191,120203,120019]
[231,275,553847,553360]
[232,269,74953,74135]
[233,25,222692,221568]
[234,73,121315,120585]
[235,157,122890,121893]
[236,257,533143,531755]
[237,215,114332,113016]
[238,245,82944,81514]
[239,66,195194,195486]
[240,175,690427,689167]
[241,232,131785,132105]
[242,246,42261,43425]
[243,19,57140,56058]
[244,1,132553,132384]
[245,259,463912,463707]
[246,235,641152,640854]
[247,79,296835,295455]
[248,57,395527,394736]
[249,267,612583,611712]
[250,126,60165,61620]
[251,93,586137,584809]
[252,232,226202,227558]
[253,70,217318,218493]
[254,143,207300,207049]
[255,104,80116,81199]
[256,14,447520,448195]
[257,23,193081,192879]
[258,3,109419,108870]
[259,92,501257,501431]
[260,30,394176,395397]
[261,62,267871,268239]
[262,116,726180,726271]
[263,72,441140,441830]
[264,167,541600,540113]
[265,118,278945,279335]
[266,10,281391,282476]
[267,223,498799,498587]
[268,274,547152,547548]
[269,249,134925,134425]
[270,152,314114,314375]
[271,133,212297,212229]
[272,276,630969,632404]
[273,87,542529,541622]
[274,117,683425,683031]
[275,166,21708,23147]
[276,205,611536,610868]
[277,11,423759,422634]
[278,205,252044,251107]
[279,244,227577,228179]
[280,129,170921,170847]
[281,216,708711,709130]
[282,265,43153,42309]
[283,209,122929,121655]
[284,158,245747,246682]
[285,57,488225,487322]
[286,211,604668,604340]
[287,260,479575,480757]
[288,104,38115,38833]
[289,88,342198,343642]
[290,279,700826,700117]
[291,227,161884,161148]
[292,198,203101,203639]
[293,251,212640,211725]
[294,216,301009,301226]
[295,115,236200,235726]
[296,258,277946,279293]
[297,38,671656,672932]
[298,60,407519,408365]
[299,8,583190,583607]
[300,124,388747,389730]
[301,259,380331,379232]
[302,13,608225,607035]
[303,78,76496,77344]
[304,41,119291,118276]
[305,190,453240,454554]
[306,101,533776,533027]
[307,67,381888,381334]
[308,86,483440,484513]
[309,252,538634,539056]
[310,167,440271,438869]
[311,54,503246,504012]
[312,131,383616,382883]
[313,73,681809,680859]
[314,5,106677,106228]
[315,209,684249,682874]
[316,216,123672,124924]
[317,48,131794,132213]
[318,191,681010,679931]
[319,184,380014,380086]
[320,27,547166,545833]
[321,182,415748,416956]
[322,229,700104,699369]
[323,44,405700,407076]
[324,39,103328,102636]
[325,1,121147,120607]
[326,26,629266,630020]
[327,41,228928,227471]
[328,110,579654,580819]
[329,208,76127,76410]
[330,165,438700,437343]
[331,155,137009,135643]
[332,273,431230,430234]
[333,140,370035,371471]
[334,111,443646,442339]
[335,131,730462,730432]
[336,121,672586,672258]
[337,223,727242,726074]
[338,125,389168,389130]
[339,49,611705,611493]
[340,1,59989,59496]
[341,129,546353,544968]
[342,177,353546,352624]
[343,55,256760,255930]
[344,230,271755,272961]
[345,60,153753,154345]
[346,43,104121,103905]
[347,91,401340,401261]
[348,92,517152,517522]
[349,179,668819,668003]
[350,218,691687,692914]
[351,47,710459,709450]
[352,126,717199,717949]
[353,71,67315,65835]
[354,138,492991,493708]
[355,47,383033,382829]
[356,30,167779,168476]
[357,226,258383,259593]
[358,34,185632,185927]
[359,238,652648,653045]
[360,258,202793,203954]
[361,212,444622,444942]
[362,173,303398,301966]
[363,196,20546,20623]
[364,213,170663,170012]
[365,187,199556,199360]
[366,37,62515,61775]
[367,49,77902,77507]
[368,192,460335,461812]
[369,132,312492,312864]
[370,253,30572,30188]
[371,108,611729,613000]
[372,98,267172,267351]
[373,35,66625,65925]
[374,102,718320,719311]
[375,131,416805,416280]
[376,141,75480,74763]
[377,22,485954,486989]
[378,170,4598,5015]
[379,96,325426,325592]
[380,8,264912,265258]
[381,164,492109,493047]
[382,143,56005,55446]
[383,259,379979,379932]
[384,67,250658,249542]
[385,216,264699,265518]
[386,19,403896,402615]
[387,155,251636,251372]
[388,217,557208,556482]
[389,231,459221,459172]
[390,11,603329,601898]
[391,228,265791,266625]
[392,72,391069,392233]
[393,20,464169,465524]
[394,268,378402,378958]
[395,242,233029,233726]
[396,201,601796,600515]
[397,159,352817,352280]
[398,209,452827,451782]
[399,114,657006,657816]
[400,202,442886,443041]
[401,203,507739,506722]
[402,235,2487,1546]
[403,131,23481,23325]
[404,79,494638,493812]
[405,177,10209,9439]
[406,70,450862,451008]
[407,0,298175,299035]
[408,90,518052,519085]
[409,128,573655,573871]
[410,177,319795,319274]
[411,84,111978,113056]
[412,1,472880,472261]
[413,145,595695,594568]
[414,227,91049,89902]
[415,47,119989,119286]
[416,41,348439,347483]
[417,3,311078,310345]
[418,194,704930,706396]
[419,7,699822,699063]
[420,252,208326,208433]
[421,81,469287,468590]
[422,113,44787,44340]
[423,80,695604,696098]
[424,119,662452,661618]
[425,94,610822,611183]
[426,133,495348,493955]
[427,43,321758,320486]
[428,219,12838,12190]
[429,37,676771,675925]
[430,262,198867,199093]
[431,61,392475,392094]
[432,73,41670,40901]
[433,179,266251,265320]
[434,46,438748,439029]
[435,170,355294,356406]
[436,144,697374,698134]
[437,268,146770,147218]
[438,199,107019,106776]
[439,192,457128,458207]
[440,20,230305,231062]
[441,53,129203,128479]
[442,138,46674,46837]
[443,27,628813,627887]
[444,183,266468,265412]
[445,168,442944,443745]
[446,245,727172,726112]
[447,11,226467,225213]
[448,132,111954,112474]
[449,240,507177,508461]
[450,74,4967,5777]
[451,259,489946,489096]
[452,191,415182,413986]
[453,251,618237,617040]
[454,68,390420,390552]
[455,248,170266,170692]
[456,220,543705,544476]
[457,99,677237,676023]
[458,213,602354,601428]
[459,256,422901,423801]
[460,56,679977,681056]
[461,186,245472,246392]
[462,175,483822,482501]
[463,62,181661,183005]
[464,191,636075,635936]
[465,240,653255,653701]
[466,169,97077,96509]
[467,212,312433,313598]
[468,56,684965,686151]
[469,157,568645,567677]
[470,84,115540,116719]
[471,76,700543,701172]
[472,142,466401,467878]
[473,109,613076,612498]
[474,133,48273,47966]
[475,104,598996,600025]
[476,29,384942,384070]
[477,269,376818,376110]
[478,62,681678,682167]
[479,117,135683,134588]
[480,219,686718,686550]
[481,63,590063,588677]
[482,130,682339,682750]
[483,201,172359,172303]
[484,271,456196,455639]
[485,33,724353,723531]
[486,218,423790,424979]
[487,174,215233,216398]
[488,22,467773,469158]
[489,151,268384,268109]
[490,181,659436,658684]
[491,255,335359,335179]
[492,72,677860,678546]
[493,180,224073,225021]
[494,41,710827,709878]
[495,75,613902,612892]
[496,116,53614,54085]
[497,40,267303,268726]
[498,4,126982,128363]
[499,165,556603,555476]
[500,261,712051,711436]
[501,44,343644,343795]
[502,58,119688,119956]
[503,80,618385,619483]
[504,156,25787,27245]
[505,277,161281,160243]
[506,144,381309,382020]
[507,144,600219,600433]
[508,244,491594,492563]
[509,151,642459,641562]
[510,250,24351,25440]
[511,163,102788,102323]
[512,135,359947,359301]
[513,22,275447,275563]
[514,223,319451,318738]
[515,221,238961,237819]
[516,186,2494,2918]
[517,265,8906,8320]
[518,158,276497,277415]
[519,244,250574,251351]
[520,226,505224,506431]
[521,252,652861,653716]
[522,133,580601,579472]
[523,170,619048,619989]
[524,49,567232,567135]
[525,81,304737,304202]
[526,169,66164,66061]
[527,194,50321,51612]
[528,80,448995,449652]
[529,234,500446,500598]
[530,240,38499,39218]
[531,93,609691,609002]
[532,224,407077,407720]
[533,211,238567,237692]
[534,200,680538,681331]
[535,133,81589,81200]
[536,11,667891,666479]
[537,180,582525,583099]
[538,166,165675,166407]
[539,158,477279,478168]
[540,146,5232,5879]
[541,230,64814,65358]
[542,204,175561,176832]
[543,259,660014,658681]
[544,212,80997,81284]
[545,79,586921,586174]
[546,162,51643,52198]
[547,148,673898,674668]
[548,195,576255,575790]
[549,274,726857,727639]
[550,165,430134,428718]
[551,144,222296,223227]
[552,121,318294,316816]
[553,170,393579,393628]
[554,105,95062,93770]
[555,45,234706,234448]
[556,15,70677,70599]
[557,114,369302,370716]
[558,262,456463,457880]
[559,250,579963,580399]
[560,59,466358,464899]
[561,201,603673,603269]
[562,45,407917,407384]
[563,153,481200,480842]
[564,107,123654,123117]
[565,38,22893,24354]
[566,3,301578,300602]
[567,64,242457,242526]
[568,267,31729,31639]
[569,242,338746,339732]
[570,239,238401,237120]
[571,3,309551,309022]
[572,178,727127,728350]
[573,201,354449,353650]
[574,235,34629,34476]
[575,263,645821,645611]
[576,14,692335,692550]
[577,242,371516,371748]
[578,148,408781,409671]
[579,179,320585,320014]
[580,165,721943,720829]
[581,198,23991,24439]
[582,63,261647,260758]
[583,73,557624,556350]
[584,208,626158,626784]
[585,36,338053,338726]
[586,109,320517,319484]
[587,252,220071,221126]
[588,195,647903,647705]
[589,172,101157,101654]
[590,78,371615,371787]
[591,268,195473,196006]
[592,205,303388,303149]
[593,257,155007,154969]
[594,251,285455,285146]
[595,199,532747,531514]
[596,263,283006,282415]
[597,135,494373,493828]
[598,187,236534,236217]
[599,197,688552,687933]
[600,62,405335,405423]
[601,242,471165,472398]
[602,210,51633,52167]
[603,274,607425,608697]
[604,5,257486,257025]
[605,240,63753,64274]
[606,93,676564,675506]
[607,16,220099,220967]
[608,109,427810,426755]
[609,192,73168,73581]
[610,171,393058,391828]
[611,95,438737,437997]
[612,111,138414,137292]
[613,24,118148,119123]
[614,228,509903,510884]
[615,18,685645,687136]
[616,195,67704,66754]
[617,127,636924,636748]
[618,265,590916,590158]
[619,70,206816,207241]
[620,82,427898,428486]
[621,199,362911,362017]
[622,76,290133,291018]
[623,89,68262,67887]
[624,70,71781,72631]
[625,75,262922,261837]
[626,8,616561,616750]
[627,278,651006,651909]
[628,262,53754,55233]
[629,141,663586,662849]
[630,172,266068,266496]
[631,82,482668,482776]
[632,151,527483,526819]
[633,219,324490,323946]
[634,252,137100,137705]
[635,11,586118,585527]
[636,140,466710,467073]
[637,20,610591,611663]
[638,84,563599,564955]
[639,99,17804,17336]
[640,131,389741,389013]
[641,130,28462,29960]
[642,130,115992,116774]
[643,77,386902,385466]
[644,150,520883,521349]
[645,15,170997,169896]
[646,81,279140,278699]
[647,48,442497,443793]
[648,184,408710,409392]
[649,268,90340,91408]
[650,216,255953,256665]
[651,63,168153,168010]
[652,177,400924,400338]
[653,257,560839,560007]
[654,188,674653,675107]
[655,109,684326,683349]
[656,101,118524,117318]
[657,94,221918,222756]
[658,159,581559,580360]
[659,114,633767,634204]
[660,244,279565,280513]
[661,96,680524,681166]
[662,72,678928,679743]
[663,234,568088,569315]
[664,270,6325,6854]
[665,170,329633,330465]
[666,142,263617,264614]
[667,52,437502,438710]
[668,135,266440,266328]
[669,244,20973,21241]
[670,69,369072,367922]
[671,138,550124,550591]
[672,125,672254,671531]
[673,186,174618,174744]
[674,40,214324,214850]
[675,123,90700,89512]
[676,52,10183,10386]
[677,74,623226,624570]
[678,159,141399,141203]
[679,150,676821,678051]
[680,228,699793,701004]
[681,18,105669,106093]
[682,164,53659,53843]
[683,115,166763,165690]
[684,202,36184,37081]
[685,195,379593,379084]
[686,125,671114,669649]
[687,258,415232,416232]
[688,179,605285,605243]
[689,45,110167,108750]
[690,152,88360,88446]
[691,113,413922,413249]
[692,63,485689,485633]
[693,184,288971,289562]
[694,265,434593,433695]
[695,144,489301,489625]
[696,150,234690,234968]
[697,113,135231,134833]
[698,157,294172,293196]
[699,242,644610,645886]
[700,169,395946,395334]
[701,147,222701,222566]
[702,255,614086,613075]
[703,48,547730,549131]
[704,41,329563,329117]
[705,259,375344,375245]
[706,243,255448,254689]
[707,107,261129,260638]
[708,226,334016,334420]
[709,185,491376,490765]
[710,82,569739,570403]
[711,40,326364,326868]
[712,126,651503,652736]
[713,21,38861,38280]
[714,264,326725,328076]
[715,199,143576,143198]
[716,204,288912,289497]
[717,158,578729,578867]
[718,67,669930,668669]
[719,176,399835,400125]
[720,24,406650,407299]
[721,49,302867,302332]
[722,74,577544,578957]
[723,19,368804,368533]
[724,16,671575,672829]
[725,171,637154,635994]
[726,181,74329,73456]
[727,66,206006,206232]
[728,204,303955,304291]
[729,246,434090,435482]
[730,261,205003,204855]
[731,171,411163,410374]
[732,49,459215,457983]
[733,151,542287,542130]
[734,272,377519,378634]
[735,59,415722,414498]
[736,44,276370,277471]
[737,270,727330,728014]
[738,195,302239,301793]
[739,68,583879,584162]
[740,207,177792,177087]
[741,277,407410,406791]
[742,188,265989,267396]
[743,236,71789,71944]
[744,64,268252,269112]
[745,60,14819,15501]
[746,156,207678,207773]
[747,175,640051,639879]
[748,248,95463,95852]
[749,5,231740,231430]
[750,250,61021,62285]
[751,23,264996,263833]
[752,268,528110,528770]
[753,121,187343,186467]
[754,172,334365,334734]
[755,211,728863,727888]
[756,141,523014,521873]
[757,252,383364,384412]
[758,103,441195,440606]
[759,29,278168,277961]
[760,39,188020,187582]
[761,119,202942,201782]
[762,130,671984,672769]
[763,13,32835,31762]
[764,213,220746,219269]
[765,259,455922,455050]
[766,208,7515,8566]
[767,39,139644,139477]
[768,78,653931,653963]
[769,186,379130,380499]
[770,237,402326,402266]
[771,178,276737,277720]
[772,87,189058,188904]
[773,91,58185,57210]
[774,249,313137,313047]
[775,124,462088,462450]
[776,75,585423,585112]
[777,2,224244,225464]
[778,224,357215,357924]
[779,49,309105,307775]
[780,139,547049,546814]
[781,7,224059,222944]
[782,24,677848,678605]
[783,257,434445,433717]
[784,180,395434,396035]
[785,30,520222,520727]
[786,195,479803,478732]
[787,19,194410,193467]
[788,159,9581,8777]
[789,48,451958,452107]
[790,230,133137,134321]
[791,30,363757,364755]
[792,179,274848,273551]
[793,189,652182,651181]
[794,131,388715,387424]
[795,143,168086,166637]
[796,266,318944,319746]
[797,231,662493,661737]
[798,272,166955,167146]
[799,6,317770,318943]
[800,218,647081,648434]
[801,188,724873,725544]
[802,274,24162,24322]
[803,88,370142,371020]
[804,161,411956,411627]
[805,149,192836,192008]
[806,37,77067,75874]
[807,149,711814,711259]
[808,28,666407,666603]
[809,84,194660,195404]
[810,254,485376,485576]
[811,132,50607,51382]
[812,173,364559,363745]
[813,17,702815,702333]
[814,199,567211,566874]
[815,105,623638,622810]
[816,110,64710,65213]
[817,14,607771,607930]
[818,82,465648,465798]
[819,184,478719,479323]
[820,241,47923,47460]
[821,263,564546,563118]
[822,89,667715,667207]
[823,223,176219,175295]
[824,187,346057,344765]
[825,58,189123,190292]
[826,123,282197,282121]
[827,179,130006,128546]
[828,77,284477,283680]
[829,233,514923,514288]
[830,114,514009,515036]
[831,111,538425,538213]
[832,151,532170,531363]
[833,91,606985,606799]
[834,163,242877,242722]
[835,250,426082,426604]
[836,59,704726,703760]
[837,169,380281,379414]
[838,86,418046,418175]
[839,257,105451,104746]
[840,250,442813,443145]
[841,203,212616,212406]
[842,196,609489,609862]
[843,199,697677,697562]
[844,149,251066,250608]
[845,21,723148,721781]
[846,151,41848,41449]
[847,213,321573,321190]
[848,145,430475,429029]
[849,251,237572,236212]
[850,99,54351,52947]
[851,168,233151,233897]
[852,242,587208,587331]
[853,238,52129,52637]
[854,117,331515,330905]
[855,208,402823,404298]
[856,146,158811,159579]
[857,226,170887,171059]
[858,185,403705,402561]
[859,241,676559,676341]
[860,128,86709,88103]
[861,243,133292,132692]
[862,13,286852,285865]
[863,136,147274,148621]
[864,189,526280,524849]
[865,190,585495,586636]
[866,175,343225,342949]
[867,26,593453,593889]
[868,100,103612,103673]
[869,0,169220,169267]
[870,4,324378,325293]
[871,18,79609,79806]
[872,121,504262,504003]
[873,16,68379,68553]
[874,18,140669,140985]
[875,115,471796,471087]
[876,171,608884,608329]
[877,53,650493,649495]
[878,171,490678,490146]
[879,191,493355,492801]
[880,24,417906,418689]
[881,199,698976,698127]
[882,81,459566,459423]
[883,173,394086,392894]
[884,141,430443,429881]
[885,181,265141,263978]
[886,162,237359,238686]
[887,69,173800,173705]
[888,96,575760,576154]
[889,250,520333,520974]
[890,75,60788,59332]
[891,65,676333,674926]
[892,111,118747,117969]
[893,145,517290,516842]
[894,166,191428,191591]
[895,63,50431,49808]
[896,140,31187,32031]
[897,61,395192,393858]
[898,178,118215,118513]
[899,124,280884,281700]
[900,113,113642,113278]
[901,7,157414,157221]
[902,47,403657,402197]
[903,185,533326,532574]
[904,109,512172,511508]
[905,216,437371,437819]
[906,83,604588,603236]
[907,60,183778,185103]
[908,128,157114,157223]
[909,269,442048,441560]
[910,81,708682,707947]
[911,104,190064,190610]
[912,174,648105,648527]
[913,102,93325,93969]
[914,184,412846,414000]
[915,137,256279,254862]
[916,120,677659,678053]
[917,58,247780,248651]
[918,120,421670,422244]
[919,166,207715,208182]
[920,254,311659,312608]
[921,49,422252,421693]
[922,189,210186,209406]
[923,123,129482,128477]
[924,167,366536,365817]
[925,194,478160,478984]
[926,46,483114,483380]
[927,20,59017,59191]
[928,70,147846,148692]
[929,269,272417,272076]
[930,229,629281,628338]
[931,259,257148,256585]
[932,118,268020,268566]
[933,63,518264,517470]
[934,243,346110,345084]
[935,114,725779,725976]
[936,176,337954,338812]
[937,130,703023,704393]
[938,200,533198,534545]
[939,232,516013,516665]
[940,269,15260,15079]
[941,234,436733,437682]
[942,265,249137,247726]
[943,210,196922,197326]
[944,220,61596,62895]
[945,246,225564,226002]
[946,148,306341,307194]
[947,208,99932,100264]
[948,263,123892,122573]
[949,18,462679,463462]
[950,125,716201,715180]
[951,237,602595,601969]
[952,187,726488,725926]
[953,37,685605,684782]
[954,91,227146,225835]
[955,28,67729,68623]
[956,95,651929,650881]
[957,99,470316,469352]
[958,84,115690,116182]
[959,14,497805,499134]
[960,74,178197,178512]
[961,8,689659,691032]
[962,182,196622,197932]
[963,1,446810,446351]
[964,267,583667,582702]
[965,268,73012,74175]
