["head":"wrap","lpos","status"]
[257,360632,0]
["io count"]
[970]
["io":"id","wrap","startLpos","endLpos"]
[1,157,411401,411133]
[2,234,386645,388134]
[3,228,307157,308649]
[4,64,483008,484240]
[5,84,69714,71072]
[6,73,36806,35563]
[7,79,530841,529658]
[8,39,401569,401025]
[9,108,114701,115104]
[10,239,577010,575780]
[11,80,99973,100370]
[12,16,182623,183810]
[13,144,527515,528752]
[14,163,69363,68447]
[15,244,150891,152335]
[16,240,69873,70656]
[17,228,134096,134589]
[18,185,681314,680117]
[19,84,379151,380490]
[20,229,395803,395751]
[21,276,168054,168415]
[22,201,678442,678349]
[23,46,517464,518573]
[24,205,525559,525403]
[25,115,5596,5235]
[26,191,65057,64181]
[27,132,639175,640270]
[28,252,268840,269803]
[29,236,119177,119818]
[30,5,8833,8215]
[31,188,457462,458172]
[32,149,717193,716627]
[33,0,431189,431878]
[34,235,695821,694508]
[35,158,17493,18608]
[36,155,265609,264587]
[37,243,31763,31459]
[38,26,41629,41731]
[39,154,403181,404026]
[40,117,284392,283970]
[41,104,138349,138692]
[42,228,159760,160854]
[43,203,495733,494236]
[44,221,259000,257895]
[45,165,459468,457972]
[46,198,484797,484946]
[47,170,401408,402581]
[48,250,298638,299839]
[49,99,730539,729401]
[50,137,720847,720123]
[51,168,435926,436155]
[52,232,636470,637093]
[53,140,313659,314546]
[54,160,375793,377202]
[55,209,45065,43800]
[56,12,500014,500286]
[57,259,544788,544013]
[58,76,531849,532857]
[59,172,56418,57343]
[60,277,628520,628466]
[61,107,486293,485671]
[62,267,209667,209496]
[63,129,235358,235194]
[64,260,137351,137953]
[65,164,192715,194081]
[66,247,368930,367892]
[67,193,399075,397734]
[68,246,475964,477435]
[69,159,294134,293067]
[70,31,680495,679826]
[71,228,172009,172448]
[72,145,261724,261443]
[73,79,23296,22562]
[74,150,369545,370957]
[75,69,283377,282673]
[76,129,229599,229106]
[77,71,491604,490236]
[78,31,558882,558368]
[79,122,209883,210227]
[80,267,545399,544573]
[81,48,509639,511054]
[82,209,334571,333627]
[83,30,629506,630768]
[84,211,658472,657494]
[85,20,17356,18711]
[86,45,96506,95230]
[87,112,609890,610521]
[88,211,180482,179112]
[89,4,513472,514330]
[90,77,64846,64178]
[91,23,474917,474432]
[92,157,703720,703334]
[93,161,531766,531684]
[94,135,466645,465581]
[95,144,597068,598405]
[96,70,604437,604733]
[97,64,177874,179200]
[98,4,672354,672716]
[99,184,320258,320809]
[100,59,197748,197580]
[101,192,334308,334680]
[102,149,509639,509421]
[103,158,361636,362095]
[104,39,440694,440167]
[105,255,473988,473377]
[106,126,356697,357039]
[107,115,120815,119967]
[108,128,258471,259944]
[109,111,452163,451951]
[110,140,315308,316032]
[111,261,559782,559443]
[112,26,689276,689926]
[113,153,79879,78455]
[114,150,627913,628069]
[115,155,145214,144133]
[116,4,32104,32689]
[117,151,666304,666140]
[118,107,38143,37586]
[119,132,567798,568613]
[120,188,234803,235830]
[121,26,239360,239493]
[122,239,371230,370463]
[123,183,163105,162469]
[124,206,629870,630472]
[125,43,663108,661741]
[126,100,348316,349451]
[127,49,58339,58083]
[128,246,423644,423949]
[129,127,158830,157518]
[130,262,269917,270536]
[131,265,8592,8248]
[132,15,63714,62727]
[133,29,236749,235559]
[134,152,206561,207307]
[135,216,167480,167544]
[136,110,64816,65116]
[137,209,433851,432616]
[138,161,723006,722749]
[139,142,269682,270605]
[140,21,448162,447718]
[141,102,349757,350257]
[142,119,507095,505609]
[143,110,162629,163835]
[144,162,85044,85663]
[145,228,518380,518802]
[146,50,620738,620769]
[147,183,705574,704387]
[148,170,440441,440987]
[149,277,111478,111243]
[150,35,12676,12180]
[151,156,360415,361623]
[152,186,716926,717882]
[153,54,352392,352887]
[154,231,311637,310688]
[155,143,289573,288677]
[156,107,151940,150770]
[157,251,659163,658903]
[158,117,95964,95408]
[159,1,710040,709963]
[160,132,377185,378360]
[161,181,632831,632586]
[162,134,697554,697846]
[163,49,718572,718037]
[164,197,422025,421829]
[165,65,119282,117987]
[166,209,348610,347337]
[167,113,663073,662450]
[168,208,249211,250210]
[169,96,149774,150172]
[170,4,441180,441933]
[171,0,437291,438081]
[172,145,16486,15484]
[173,207,591679,590651]
[174,58,53006,53283]
[175,42,602963,603674]
[176,226,383158,384346]
[177,178,568725,569163]
[178,131,133612,132548]
[179,70,453023,453967]
[180,268,690404,691400]
[181,148,590386,591333]
[182,269,129460,128752]
[183,67,457578,456517]
[184,266,146410,147152]
[185,162,57189,57532]
[186,108,590788,591047]
[187,124,394400,394882]
[188,33,683536,682086]
[189,171,30264,30192]
[190,146,174852,176307]
[191,142,569698,569997]
[192,274,320572,321102]
[193,14,545458,545590]
[194,257,536655,536478]
[195,39,256720,255262]
[196,40,364872,366092]
[197,230,580103,581194]
[198,175,589090,587690]
[199,22,578086,579443]
[200,133,449470,448808]
[201,172,419805,420985]
[202,175,515362,514693]
[203,223,408700,408354]
[204,179,614382,613620]
[205,21,191122,190925]
[206,68,645574,646143]
[207,248,59296,60721]
[208,82,138554,139491]
[209,251,497191,496943]
[210,166,683967,685268]
[211,56,572064,572727]
[212,214,714207,714687]
[213,216,265012,265919]
[214,70,263150,264288]
[215,1,357799,357351]
[216,88,306894,307321]
[217,128,27855,28268]
[218,157,277605,276121]
[219,244,269385,269985]
[220,200,246345,247280]
[221,37,533071,532785]
[222,252,555683,556732]
[223,132,353286,354744]
[224,82,643883,644482]
[225,228,496955,498362]
[226,212,713572,714804]
[227,247,683075,682740]
[228,194,351684,351992]
[229,148,301843,302532]
[230,274,37464,37501]
[231,129,641868,640543]
[232,116,123559,124210]
[233,14,45484,45778]
[234,40,675962,676163]
[235,32,298877,299875]
[236,134,398158,399567]
[237,219,36656,35604]
[238,117,668848,667399]
[239,32,267101,267496]
[240,65,127214,126966]
[241,7,644931,644511]
[242,137,516894,516108]
[243,129,224068,223431]
[244,87,632237,631038]
[245,155,628541,627536]
[246,131,27922,26452]
[247,138,594257,595223]
[248,208,504900,506141]
[249,247,428989,427757]
[250,222,679709,679937]
[251,82,201030,201227]
[252,51,76722,76681]
[253,92,520626,521586]
[254,24,630199,630812]
[255,205,93643,93457]
[256,214,582417,583046]
[257,274,499840,501054]
[258,92,447337,448556]
[259,107,431518,430522]
[260,220,189598,190185]
[261,87,248981,248580]
[262,38,199076,200322]
[263,166,58815,59367]
[264,8,611183,612251]
[265,224,116051,117242]
[266,254,59643,60985]
[267,258,19162,20050]
[268,211,531440,530043]
[269,176,123096,124535]
[270,77,58050,57199]
[271,118,530842,531570]
[272,164,38379,39622]
[273,236,365820,367306]
[274,1,221704,220537]
[275,230,327440,327720]
[276,118,57627,57708]
[277,229,317519,316464]
[278,38,281913,281944]
[279,105,290573,290475]
[280,223,138615,137385]
[281,60,298706,299130]
[282,223,147169,145925]
[283,210,93696,94192]
[284,162,483389,484523]
[285,69,50196,49863]
[286,204,119093,120104]
[287,53,212522,212180]
[288,89,325383,323938]
[289,90,224354,224406]
[290,195,102541,101372]
[291,43,666043,665702]
[292,225,393638,392450]
[293,76,293610,293965]
[294,261,107268,106305]
[295,279,703127,702880]
[296,43,257425,257300]
[297,133,163249,161998]
[298,16,724420,725325]
[299,4,480424,481260]
[300,142,212878,213162]
[301,216,515252,515862]
[302,94,161049,161934]
[303,204,540426,541643]
[304,128,399351,400564]
[305,180,633771,633957]
[306,50,67612,67982]
[307,155,539359,538747]
[308,40,350613,351803]
[309,202,105747,106148]
[310,253,713840,713054]
[311,124,524791,526024]
[312,142,567398,567942]
[313,268,212891,212938]
[314,19,257648,256281]
[315,72,702373,703018]
[316,176,189927,190735]
[317,256,632829,633347]
[318,255,372302,370874]
[319,157,466116,465663]
[320,241,255677,255462]
[321,182,706808,706860]
[322,52,41776,42907]
[323,262,232620,233686]
[324,263,544204,542977]
[325,254,529827,530896]
[326,188,725859,727169]
[327,26,405281,406089]
[328,137,91686,90891]
[329,108,481354,482285]
[330,130,688411,688549]
[331,33,613435,612978]
[332,151,389165,389071]
[333,256,466502,467787]
[334,160,152583,153023]
[335,151,150621,150096]
[336,37,291463,290684]
[337,120,489749,491245]
[338,171,145120,144343]
[339,180,456146,457372]
[340,52,30984,32011]
[341,48,693115,693185]
[342,90,22243,23052]
[343,247,646034,645932]
[344,226,523055,523500]
[345,183,702631,701443]
[346,233,506646,506372]
[347,15,323667,323039]
[348,163,634196,633417]
[349,229,101826,100944]
[350,274,13920,14217]
[351,229,351778,351293]
[352,266,228554,229637]
[353,198,94597,95968]
[354,20,424000,424684]
[355,205,253945,252836]
[356,112,442417,443024]
[357,219,104796,104288]
[358,238,242806,242877]
[359,143,349595,348223]
[360,21,520761,519802]
[361,72,494708,495843]
[362,201,726489,726269]
[363,193,666794,665835]
[364,91,653312,652559]
[365,210,588200,588471]
[366,118,565595,566551]
[367,252,579117,579919]
[368,275,106902,106636]
[369,259,702389,702305]
[370,49,255912,255620]
[371,193,660454,659170]
[372,254,231384,232277]
[373,222,575834,577274]
[374,100,207942,209169]
[375,161,672908,671917]
[376,256,263543,264144]
[377,63,223321,222582]
[378,24,694730,695550]
[379,104,635683,635859]
[380,131,318916,318795]
[381,186,172959,174325]
[382,184,107896,108968]
[383,102,350235,350974]
[384,226,66654,67412]
[385,154,492921,493069]
[386,256,514247,515303]
[387,67,427283,426949]
[388,244,380360,380699]
[389,5,360466,359315]
[390,166,167421,168804]
[391,252,634033,634408]
[392,30,583899,584874]
[393,35,309101,307863]
[394,83,216202,215294]
[395,106,695186,695646]
[396,114,16188,16758]
[397,242,110906,111267]
[398,33,23349,22698]
[399,1,93537,92529]
[400,183,525560,525103]
[401,114,434182,435001]
[402,191,511257,510969]
[403,105,475510,475473]
[404,133,346926,346636]
[405,238,687383,688136]
[406,233,589325,589138]
[407,40,8317,9438]
[408,188,354245,355490]
[409,226,174262,175022]
[410,99,247116,245825]
[411,121,406223,405528]
[412,136,505322,506159]
[413,89,20198,18844]
[414,55,127357,127249]
[415,258,11772,11902]
[416,115,9598,8969]
[417,5,395211,395019]
[418,105,555025,553782]
[419,177,353557,352528]
[420,60,312251,312708]
[421,277,580625,579261]
[422,177,388982,388512]
[423,210,438912,440295]
[424,103,140977,140604]
[425,49,86872,85560]
[426,209,44872,44175]
[427,9,506748,506459]
[428,190,583357,584735]
[429,141,466413,465112]
[430,83,605293,604229]
[431,157,229163,228582]
[432,189,721816,721776]
[433,80,506181,507524]
[434,140,62338,62479]
[435,11,403806,403300]
[436,152,166104,166145]
[437,197,263322,262797]
[438,67,129189,128720]
[439,92,393486,393861]
[440,89,412988,411772]
[441,104,469480,470686]
[442,16,95386,96442]
[443,269,203366,203247]
[444,51,570173,569591]
[445,67,609350,608850]
[446,67,697938,697001]
[447,187,305136,304905]
[448,167,462187,462065]
[449,201,233595,233526]
[450,107,704377,704048]
[451,122,671612,672849]
[452,147,322187,320976]
[453,88,548858,549268]
[454,264,537266,537347]
[455,127,180225,180056]
[456,274,685118,685525]
[457,109,373690,372684]
[458,196,132584,132819]
[459,119,112842,111857]
[460,67,393464,392647]
[461,147,539617,538208]
[462,55,495135,494581]
[463,5,29087,27704]
[464,64,226816,227998]
[465,257,667490,666379]
[466,132,58521,58791]
[467,3,62229,61998]
[468,186,132537,133873]
[469,113,488394,487625]
[470,112,19316,19927]
[471,75,358037,357308]
[472,274,124046,124274]
[473,175,468417,467689]
[474,16,724435,724921]
[475,105,67769,66800]
[476,264,42512,43764]
[477,4,666537,667947]
[478,163,309078,307726]
[479,226,582105,582330]
[480,114,561131,562533]
[481,192,62974,64068]
[482,91,475481,474096]
[483,110,433220,433628]
[484,267,236417,236106]
[485,143,436381,435767]
[486,94,490885,491792]
[487,183,88830,88409]
[488,218,58138,58717]
[489,252,668306,668995]
[490,167,487185,485702]
[491,85,716546,716456]
[492,178,567613,568401]
[493,4,502025,502159]
[494,62,702688,703686]
[495,109,348722,348633]
[496,252,336391,337776]
[497,53,107813,106900]
[498,15,705504,704338]
[499,181,334656,334376]
[500,53,602508,602350]
[501,151,298986,297851]
[502,252,152861,154020]
[503,44,297929,299249]
[504,191,89880,89544]
[505,165,136186,134702]
[506,239,647185,646458]
[507,166,479502,480899]
[508,250,221039,221395]
[509,267,682875,681998]
[510,13,154100,153908]
[511,37,251641,250834]
[512,158,164926,166068]
[513,138,116252,117452]
[514,4,17565,18605]
[515,21,558406,557729]
[516,110,1890,2116]
[517,132,408249,409667]
[518,247,664680,664338]
[519,196,511589,512747]
[520,221,655729,655018]
[521,113,281604,281541]
[522,231,323349,322579]
[523,267,117862,117013]
[524,206,547608,548067]
[525,143,655229,654863]
[526,27,709537,709110]
[527,16,495842,496695]
[528,59,202808,201713]
[529,113,42551,41190]
[530,141,643035,641756]
[531,68,464912,466330]
[532,84,561354,562830]
[533,102,450610,451717]
[534,128,606276,607725]
[535,32,527722,528550]
[536,146,629058,629360]
[537,13,385060,384963]
[538,229,332053,330726]
[539,18,592587,592671]
[540,181,576973,576296]
[541,28,241577,241909]
[542,154,470109,471075]
[543,44,659418,660370]
[544,76,649236,650114]
[545,134,491799,492454]
[546,265,16925,16010]
[547,126,434234,435676]
[548,209,626467,625733]
[549,21,399147,398301]
[550,107,396941,396373]
[551,47,147315,146637]
[552,68,110509,111890]
[553,106,480883,481765]
[554,234,478932,480168]
[555,70,269663,270410]
[556,31,438334,437468]
[557,234,139226,140029]
[558,222,64583,64789]
[559,42,64375,65391]
[560,24,640193,640357]
[561,191,600445,599184]
[562,261,76469,75342]
[563,208,418422,418825]
[564,32,16615,16804]
[565,69,415179,414288]
[566,3,407179,406154]
[567,156,112423,112639]
[568,178,290724,291869]
[569,97,726303,725233]
[570,191,244568,244522]
[571,5,712664,711515]
[572,209,413293,412999]
[573,257,60708,60402]
[574,90,414486,415442]
[575,176,163023,163675]
[576,262,23228,24223]
[577,96,491696,492182]
[578,241,244569,244121]
[579,180,590766,591479]
[580,108,252327,253233]
[581,51,639422,638646]
[582,125,191240,190909]
[583,33,72710,72278]
[584,266,227336,227866]
[585,203,524365,524315]
[586,259,237852,237772]
[587,16,120261,120457]
[588,196,33521,33638]
[589,220,406553,407243]
[590,7,128971,128292]
[591,202,75033,75416]
[592,104,294890,295936]
[593,113,345888,345061]
[594,12,388918,389673]
[595,88,570627,571998]
[596,141,729781,728931]
[597,279,116131,114742]
[598,206,685688,687178]
[599,161,620444,619846]
[600,86,456801,458176]
[601,102,411422,412183]
[602,21,564518,564210]
[603,54,459344,460249]
[604,3,116152,115997]
[605,122,213701,214667]
[606,142,564049,564101]
[607,113,560409,559077]
[608,43,612675,612564]
[609,254,701656,701739]
[610,176,355035,355257]
[611,9,610654,609554]
[612,74,449884,451052]
[613,217,510049,509513]
[614,19,163525,163012]
[615,15,50028,49614]
[616,213,342593,341846]
[617,207,146084,145985]
[618,269,329775,328391]
[619,67,311605,310484]
[620,14,295498,296485]
[621,163,580484,579055]
[622,166,587758,587914]
[623,263,686792,686439]
[624,224,364377,365446]
[625,186,25720,26947]
[626,88,591314,592359]
[627,148,353392,354814]
[628,23,573215,571859]
[629,133,132907,131726]
[630,81,6108,6042]
[631,171,426079,426024]
[632,74,427749,429060]
[633,190,226666,227236]
[634,167,28538,27856]
[635,240,475970,476118]
[636,13,110817,109661]
[637,148,695370,695690]
[638,12,309395,309560]
[639,271,154225,152747]
[640,267,558112,557103]
[641,44,571701,573136]
[642,139,678117,677862]
[643,232,455957,456865]
[644,149,730647,730262]
[645,266,702011,702957]
[646,49,382328,381156]
[647,224,709171,710225]
[648,74,673259,673398]
[649,96,247754,247949]
[650,238,352327,353381]
[651,213,25168,24610]
[652,267,185620,185472]
[653,205,21347,20959]
[654,240,274041,275418]
[655,53,386110,385985]
[656,176,440891,442211]
[657,241,659522,659182]
[658,237,718730,717315]
[659,79,462175,461510]
[660,140,60551,61832]
[661,55,203523,202625]
[662,173,510263,509142]
[663,129,596361,595992]
[664,57,425469,424297]
[665,2,250414,251373]
[666,181,297139,296665]
[667,219,649935,648742]
[668,273,527130,526496]
[669,116,657269,657489]
[670,83,496257,495518]
[671,206,521596,522632]
[672,160,288332,288744]
[673,150,313170,313443]
[674,139,677518,677186]
[675,251,127771,126958]
[676,186,98240,99659]
[677,64,630368,630970]
[678,219,679317,678538]
[679,193,574290,573402]
[680,196,467708,468442]
[681,108,469120,469277]
[682,55,685838,685320]
[683,227,459879,459753]
[684,67,616984,616871]
[685,69,541222,540700]
[686,79,666740,666288]
[687,100,666104,666426]
[688,42,723733,724789]
[689,9,117913,117576]
[690,112,721024,722258]
[691,39,477201,475722]
[692,139,434599,434135]
[693,50,267178,268362]
[694,126,241611,242740]
[695,113,525317,524707]
[696,32,45128,45917]
[697,202,469228,470378]
[698,91,225855,224741]
[699,76,654546,655919]
[700,158,137677,139032]
[701,97,294827,293375]
[702,27,170790,169508]
[703,247,421613,420622]
[704,150,161403,162763]
[705,44,101447,102885]
[706,198,482718,483260]
[707,157,246671,245243]
[708,180,267756,267902]
[709,227,375647,374745]
[710,3,135593,134129]
[711,156,158268,158909]
[712,63,553045,551558]
[713,120,216331,216789]
[714,125,397019,396862]
[715,135,633904,632851]
[716,68,160569,161166]
[717,268,1734,1808]
[718,234,8601,9941]
[719,193,618925,618438]
[720,180,63525,63736]
[721,56,183928,184668]
[722,98,249482,250803]
[723,243,356629,355974]
[724,196,556158,556586]
[725,220,451871,453100]
[726,141,611633,610158]
[727,134,221180,222219]
[728,82,635987,636644]
[729,14,605587,606567]
[730,100,26122,27537]
[731,4,392524,393302]
[732,262,570564,571672]
[733,172,590124,591075]
[734,246,485159,486034]
[735,93,694132,692731]
[736,172,561251,561468]
[737,103,194706,193540]
[738,135,508632,507243]
[739,100,485431,485937]
[740,171,429302,428032]
[741,135,85579,85161]
[742,94,254532,254697]
[743,51,224613,223407]
[744,229,264420,262990]
[745,3,715503,715313]
[746,62,707683,709044]
[747,114,24425,24481]
[748,59,146200,146108]
[749,168,405507,406139]
[750,53,32344,31105]
[751,152,228588,229891]
[752,108,676605,677019]
[753,23,256660,256395]
[754,127,224704,224329]
[755,242,639340,640167]
[756,123,332259,331364]
[757,89,594579,594060]
[758,215,607646,606449]
[759,60,341855,342559]
[760,163,194959,194694]
[761,90,342859,343227]
[762,52,89045,89820]
[763,264,205513,206972]
[764,208,434820,435380]
[765,208,636590,637977]
[766,4,26015,26630]
[767,191,27772,27525]
[768,137,700740,699445]
[769,162,645581,646987]
[770,65,48083,47727]
[771,32,274598,275077]
[772,272,365269,365894]
[773,139,204458,204246]
[774,94,719720,721029]
[775,124,427299,427638]
[776,257,35452,35285]
[777,227,166645,166405]
[778,230,690171,690433]
[779,178,649597,650267]
[780,35,707352,707097]
[781,23,662093,661425]
[782,260,554638,555203]
[783,210,636277,637581]
[784,47,612768,612473]
[785,175,541809,540847]
[786,48,566320,567455]
[787,32,87748,88170]
[788,53,608039,607705]
[789,138,34951,35852]
[790,76,355643,356573]
[791,70,497265,497970]
[792,84,654847,655778]
[793,8,477147,477230]
[794,127,712828,711602]
[795,231,20913,19901]
[796,112,214252,214929]
[797,1,290880,290038]
[798,243,655783,654356]
[799,107,200924,199816]
[800,48,433064,433231]
[801,123,404297,403024]
[802,177,244743,243476]
[803,105,174796,174495]
[804,87,139048,138843]
[805,14,326306,326918]
[806,234,708485,709249]
[807,272,705772,705925]
[808,2,657071,658394]
[809,180,547451,547571]
[810,57,11846,11805]
[811,251,169724,168489]
[812,219,623175,621676]
[813,277,262878,262713]
[814,78,88209,89705]
[815,191,511178,511121]
[816,81,332123,331181]
[817,256,688384,688612]
[818,147,338824,337689]
[819,118,676021,676987]
[820,89,172069,170623]
[821,11,359609,358703]
[822,94,587824,588993]
[823,86,608221,608631]
[824,65,169814,169728]
[825,275,187486,186070]
[826,8,63374,63892]
[827,37,99160,97943]
[828,245,518168,518035]
[829,76,21075,22315]
[830,199,65668,65179]
[831,29,173566,172488]
[832,7,582623,581448]
[833,23,348445,348319]
[834,216,355421,356534]
[835,163,290071,289781]
[836,65,374498,373220]
[837,208,730212,730918]
[838,196,4042,4519]
[839,256,657563,658446]
[840,270,149924,150844]
[841,20,28463,28680]
[842,22,633875,635090]
[843,77,121767,121733]
[844,124,713967,714259]
[845,92,563904,564917]
[846,103,535276,534992]
[847,175,239444,239347]
[848,207,107329,107151]
[849,215,690705,689401]
[850,131,242114,240885]
[851,25,607402,606793]
[852,53,636353,635374]
[853,137,226281,224940]
[854,210,523264,523774]
[855,139,440850,440573]
[856,197,427751,426458]
[857,20,119333,119402]
[858,143,154305,153760]
[859,26,464790,465649]
[860,142,200478,201849]
[861,38,270893,271130]
[862,41,72753,72359]
[863,92,177397,178657]
[864,65,176388,175794]
[865,210,274623,275655]
[866,96,717926,718536]
[867,46,140621,141579]
[868,25,179956,178626]
[869,275,427407,427144]
[870,52,447146,447662]
[871,47,400482,400441]
[872,269,329434,329225]
[873,70,467501,468909]
[874,78,414066,415363]
[875,86,446867,448112]
[876,216,53599,54365]
[877,82,683286,683453]
[878,217,812,192]
[879,223,412210,411637]
[880,12,677393,678152]
[881,200,252652,253607]
[882,244,664819,665616]
[883,153,602675,602351]
[884,95,400588,399268]
[885,177,91602,91173]
[886,11,618018,617564]
[887,166,643532,644341]
[888,261,507966,506707]
[889,5,709586,708748]
[890,94,505731,506063]
[891,12,583547,584328]
[892,203,448001,447681]
[893,233,104432,104395]
[894,87,399648,399597]
[895,27,344742,343661]
[896,196,253177,254477]
[897,72,714410,714452]
[898,183,605187,605020]
[899,85,396066,394816]
[900,164,648270,649697]
[901,219,233255,232262]
[902,105,454994,453837]
[903,173,280259,279204]
[904,48,99242,100006]
[905,67,322122,321833]
[906,36,291837,292962]
[907,26,213586,214792]
[908,120,182779,183514]
[909,88,256517,256847]
[910,180,577154,578134]
[911,102,298588,299475]
[912,180,554313,555405]
[913,56,251178,251330]
[914,66,23258,23499]
[915,121,629463,628329]
[916,119,262590,261455]
[917,122,729345,730408]
[918,244,437976,439432]
[919,31,559067,558936]
[920,183,314548,314290]
[921,93,675219,674320]
[922,234,436849,437887]
[923,3,140409,139158]
[924,244,88813,89161]
[925,260,401722,402512]
[926,216,564814,565776]
[927,223,631384,630276]
[928,272,115672,116160]
[929,197,651021,649990]
[930,91,707113,706173]
[931,98,193897,194468]
[932,81,559290,558566]
[933,207,65878,65528]
[934,70,206540,207404]
[935,219,675644,675102]
[936,104,398869,399246]
[937,41,717877,716547]
[938,105,323715,323032]
[939,38,163058,163191]
[940,241,483482,482535]
[941,62,662471,662766]
[942,165,394918,394629]
[943,173,304834,303466]
[944,46,124293,124470]
[945,21,450259,449431]
[946,206,330301,331703]
[947,152,255117,256286]
[948,113,147942,146664]
[949,123,583784,582685]
[950,86,520418,521033]
[951,166,223426,224530]
[952,185,593763,593095]
[953,19,574538,574113]
[954,16,283143,283594]
[955,211,294715,293829]
[956,165,52609,51351]
[957,168,36919,37802]
[958,47,710513,709892]
[959,42,102294,102813]
[960,154,198664,198707]
[961,170,469694,470870]
[962,3,206640,205975]
[963,242,39908,41218]
[964,70,284868,285547]
[965,90,69071,70198]
[966,66,393351,394058]
[967,23,107958,107523]
[968,272,82262,83403]
[969,239,221374,220143]
[970,99,719461,718366]
