["head":"wrap","lpos","status"]
[117,660878,1]
["io count"]
[975]
["io":"id","wrap","startLpos","endLpos"]
[1,185,285886,285425]
[2,44,134972,135841]
[3,72,438853,439915]
[4,7,132802,132062]
[5,101,375593,374644]
[6,151,234946,234207]
[7,10,194786,195657]
[8,26,454714,455486]
[9,122,74465,74922]
[10,213,562615,561356]
[11,82,108339,109439]
[12,159,271222,270040]
[13,158,432210,433624]
[14,53,259924,259535]
[15,269,422540,421146]
[16,183,140181,139416]
[17,184,566236,566387]
[18,187,412806,412364]
[19,116,536417,536774]
[20,86,354701,354856]
[21,245,81738,81468]
[22,268,76744,77289]
[23,110,516913,517188]
[24,52,568825,569304]
[25,62,426924,428408]
[26,60,640658,641254]
[27,97,673368,672235]
[28,196,341384,341655]
[29,113,565947,565801]
[30,170,34267,34399]
[31,133,579882,578570]
[32,93,377372,375943]
[33,210,172508,172865]
[34,268,469360,470311]
[35,26,190490,191783]
[36,221,512049,511959]
[37,0,40551,41478]
[38,51,490749,489892]
[39,146,203284,203513]
[40,6,462592,463229]
[41,189,724844,724204]
[42,38,434680,434946]
[43,196,21837,22007]
[44,34,182736,183856]
[45,279,144569,144065]
[46,208,249397,249862]
[47,92,594012,595386]
[48,199,378592,378286]
[49,49,186718,186667]
[50,201,177455,177256]
[51,71,162534,161333]
[52,251,716946,715763]
[53,189,691778,690303]
[54,128,579700,580180]
[55,221,362400,361813]
[56,105,668497,667241]
[57,107,710843,710420]
[58,19,517371,516425]
[59,70,697074,698541]
[60,60,560296,561461]
[61,228,266035,266872]
[62,91,546875,546125]
[63,45,591616,590254]
[64,267,561107,559701]
[65,74,174775,175222]
[66,198,467873,468573]
[67,226,132096,132388]
[68,161,153454,152202]
[69,224,95979,96484]
[70,235,194573,194073]
[71,62,160802,162277]
[72,193,628654,628063]
[73,217,408935,407578]
[74,26,483666,483819]
[75,37,114121,112920]
[76,42,543509,544994]
[77,165,510522,509701]
[78,248,297041,298529]
[79,169,330563,329937]
[80,247,669397,668404]
[81,213,120406,119082]
[82,73,41052,40775]
[83,25,454019,452897]
[84,238,158070,158709]
[85,246,439756,439839]
[86,182,144251,144463]
[87,53,317222,315938]
[88,51,118773,117282]
[89,14,705216,706282]
[90,194,177642,178927]
[91,260,180430,181555]
[92,77,594779,594435]
[93,31,278338,277753]
[94,33,677370,675872]
[95,257,507745,507519]
[96,118,237627,237985]
[97,172,727663,728694]
[98,233,78196,77496]
[99,226,375563,376943]
[100,156,391258,391708]
[101,79,82568,81244]
[102,243,372481,372254]
[103,191,695939,694876]
[104,120,537761,539095]
[105,130,128691,129407]
[106,216,199103,199531]
[107,269,632704,632167]
[108,99,119192,118115]
[109,222,528910,530181]
[110,69,695402,695067]
[111,92,601886,603243]
[112,15,488674,488628]
[113,189,361359,360312]
[114,25,537246,536663]
[115,271,684560,684321]
[116,238,52258,52684]
[117,70,169356,170704]
[118,105,239881,238509]
[119,35,294311,293903]
[120,261,77393,76985]
[121,166,314227,314261]
[122,109,322123,321776]
[123,61,405179,403718]
[124,142,73230,73774]
[125,268,657338,658520]
[126,214,567838,568208]
[127,100,355355,356047]
[128,13,442106,441110]
[129,198,134108,135228]
[130,40,198715,199416]
[131,74,380144,380314]
[132,217,542240,541042]
[133,218,666729,667008]
[134,170,228401,229701]
[135,88,48699,49010]
[136,221,108400,108149]
[137,263,36844,36340]
[138,193,665567,665517]
[139,16,160194,161475]
[140,219,279219,278269]
[141,98,231217,232122]
[142,109,203064,202062]
[143,126,589349,590292]
[144,192,642647,643493]
[145,46,528500,528807]
[146,191,143434,142851]
[147,162,74028,75153]
[148,182,526171,526722]
[149,92,718045,719443]
[150,62,651601,652284]
[151,169,124309,123695]
[152,9,588288,587950]
[153,214,448519,448793]
[154,186,111295,111980]
[155,5,324487,324403]
[156,120,442577,443352]
[157,103,336292,335013]
[158,155,49083,48809]
[159,46,493849,495140]
[160,96,667160,667974]
[161,71,640518,640119]
[162,204,271966,272110]
[163,69,272220,271436]
[164,218,26563,26821]
[165,44,430639,431116]
[166,135,117707,116871]
[167,19,373558,372092]
[168,258,472164,473096]
[169,113,614778,614565]
[170,226,412482,413674]
[171,39,568844,568045]
[172,101,670471,669238]
[173,141,30774,30434]
[174,90,415629,416954]
[175,197,47043,46159]
[176,31,263205,261883]
[177,29,392496,391599]
[178,178,4248,5515]
[179,194,285950,287202]
[180,99,695742,695443]
[181,23,97133,96531]
[182,172,342443,343728]
[183,39,620527,620448]
[184,116,723306,724034]
[185,96,2940,4224]
[186,89,682081,681623]
[187,132,147362,148798]
[188,140,627415,627506]
[189,261,603279,603211]
[190,101,438576,438165]
[191,200,148916,150269]
[192,165,612892,612638]
[193,113,384710,384388]
[194,49,8550,8308]
[195,19,511137,509707]
[196,75,43411,42934]
[197,8,340485,341523]
[198,155,344736,343883]
[199,216,443101,443847]
[200,263,659692,659327]
[201,219,112371,111536]
[202,7,162310,161027]
[203,45,116395,116014]
[204,198,143865,145202]
[205,51,524448,523519]
[206,279,102957,102672]
[207,204,65069,65163]
[208,221,180506,179124]
[209,71,211826,211743]
[210,97,77716,76586]
[211,158,569712,570564]
[212,236,639181,639951]
[213,236,444797,446126]
[214,238,128730,129611]
[215,55,692039,690996]
[216,119,161850,160473]
[217,44,468450,469420]
[218,107,38504,37502]
[219,274,488261,488425]
[220,274,269802,270216]
[221,130,244403,245711]
[222,16,640469,641077]
[223,229,444997,443858]
[224,189,188959,187778]
[225,270,555800,555914]
[226,77,257006,255671]
[227,42,651703,652588]
[228,100,229886,231231]
[229,92,201105,202257]
[230,222,418341,419479]
[231,63,118475,117759]
[232,33,620661,620332]
[233,263,462550,461360]
[234,194,167855,168720]
[235,122,248739,249556]
[236,273,576816,576322]
[237,159,541613,541178]
[238,90,560110,561509]
[239,192,117643,118129]
[240,19,367002,366650]
[241,167,292879,291846]
[242,271,248639,248234]
[243,11,640572,640361]
[244,86,705174,706498]
[245,142,646736,648064]
[246,56,246099,247401]
[247,44,226002,226933]
[248,138,182915,184182]
[249,93,489158,488253]
[250,275,9321,8237]
[251,115,298353,297529]
[252,141,727029,726598]
[253,257,386702,385214]
[254,118,530264,530659]
[255,245,385649,385225]
[256,47,30771,29299]
[257,17,686155,685765]
[258,277,134894,133560]
[259,9,464125,463789]
[260,86,190315,191476]
[261,141,91132,90522]
[262,23,600200,599314]
[263,244,162362,163057]
[264,167,291751,290692]
[265,271,63415,62684]
[266,164,444454,445259]
[267,270,506953,508404]
[268,265,534676,534110]
[269,7,54170,53275]
[270,142,5979,7294]
[271,244,452460,453751]
[272,241,172127,171116]
[273,42,448621,449664]
[274,236,161622,163056]
[275,189,155475,154449]
[276,260,462603,463581]
[277,102,465976,466663]
[278,34,406265,407089]
[279,68,200705,201217]
[280,171,272534,271294]
[281,118,224152,225623]
[282,33,649709,648868]
[283,184,18384,18760]
[284,216,691332,691559]
[285,19,348326,346975]
[286,176,476436,476819]
[287,79,176527,175129]
[288,278,680832,681546]
[289,29,345956,345849]
[290,220,590207,590239]
[291,211,565106,564303]
[292,207,399837,398776]
[293,85,586364,585705]
[294,163,328675,327211]
[295,59,291990,290875]
[296,2,535443,535518]
[297,24,374677,375518]
[298,237,640669,640299]
[299,53,507973,506963]
[300,135,133099,132759]
[301,213,53651,52581]
[302,258,428079,428459]
[303,277,166284,166169]
[304,17,278007,277875]
[305,57,157271,156582]
[306,235,593189,591841]
[307,6,65708,67044]
[308,231,583443,582435]
[309,216,34903,36060]
[310,106,411928,413244]
[311,126,156391,157812]
[312,271,224056,223756]
[313,17,252514,251706]
[314,251,115766,115701]
[315,238,611453,611545]
[316,208,967,1745]
[317,16,207396,207794]
[318,130,595961,596448]
[319,71,646018,644992]
[320,185,328671,328390]
[321,73,489900,488454]
[322,198,434929,435010]
[323,26,117355,117548]
[324,127,248341,248191]
[325,210,54162,54745]
[326,28,365062,365664]
[327,208,288349,289846]
[328,46,44018,45397]
[329,273,367030,365784]
[330,180,380433,381826]
[331,18,110359,111240]
[332,273,644720,643379]
[333,119,199078,197713]
[334,63,577137,577059]
[335,52,413054,414063]
[336,28,528809,529625]
[337,62,691924,692078]
[338,202,531159,531264]
[339,115,467547,466458]
[340,120,670834,671088]
[341,89,489461,488541]
[342,117,330565,329378]
[343,242,210779,210831]
[344,115,84324,83493]
[345,155,471668,471191]
[346,269,543811,543645]
[347,144,442807,444180]
[348,76,68172,69340]
[349,187,523660,523478]
[350,20,403029,404249]
[351,25,14202,13003]
[352,170,283706,284804]
[353,212,232257,232473]
[354,233,81287,81255]
[355,49,678343,677042]
[356,78,709774,709950]
[357,87,605239,604420]
[358,240,58729,59465]
[359,15,502210,500855]
[360,274,225863,226222]
[361,17,277460,276753]
[362,231,444329,444185]
[363,125,647214,645990]
[364,182,129926,130323]
[365,66,602566,603997]
[366,138,18205,18896]
[367,166,703939,704488]
[368,72,19592,20806]
[369,205,54184,53194]
[370,50,539121,539689]
[371,123,190891,189901]
[372,176,411674,412220]
[373,201,714386,713191]
[374,249,352969,351970]
[375,204,337753,337828]
[376,266,88246,88471]
[377,128,367106,368543]
[378,21,687528,687397]
[379,218,183394,183458]
[380,273,556675,555602]
[381,11,504746,504617]
[382,245,322633,321254]
[383,8,229682,229826]
[384,158,421054,421884]
[385,45,103090,102154]
[386,71,177589,177241]
[387,233,508975,508523]
[388,155,367105,366719]
[389,143,127115,126746]
[390,50,55985,56127]
[391,56,632180,632769]
[392,173,312351,311133]
[393,200,296908,297543]
[394,43,20437,20212]
[395,236,404173,405033]
[396,192,613774,614036]
[397,88,87592,89047]
[398,133,710758,710380]
[399,228,13653,14547]
[400,8,472200,473182]
[401,252,158334,159382]
[402,38,614372,615202]
[403,121,692910,691672]
[404,252,34538,35722]
[405,116,614252,615081]
[406,85,381837,381535]
[407,90,220947,221740]
[408,193,286054,285797]
[409,230,95885,96328]
[410,147,219605,219229]
[411,61,328596,327624]
[412,113,418417,417394]
[413,1,704270,704127]
[414,104,492433,493141]
[415,232,229398,230214]
[416,134,565265,565952]
[417,113,285001,284001]
[418,248,585731,586992]
[419,186,638481,638940]
[420,24,124777,124840]
[421,203,655519,655271]
[422,155,434840,434602]
[423,28,240398,240682]
[424,13,515697,515132]
[425,276,446343,446417]
[426,223,724843,724447]
[427,55,571501,570970]
[428,228,252131,253608]
[429,247,507078,506425]
[430,42,393789,394818]
[431,188,640983,641888]
[432,134,211667,212538]
[433,23,638797,638754]
[434,235,148039,146731]
[435,36,59701,61027]
[436,97,260607,260458]
[437,17,191493,190296]
[438,114,392310,392507]
[439,14,281965,282455]
[440,111,260079,258786]
[441,79,617942,617131]
[442,231,554493,553125]
[443,255,18476,17569]
[444,275,654016,653272]
[445,266,408519,408995]
[446,74,544149,545157]
[447,60,546827,548200]
[448,258,362953,363446]
[449,160,469904,470453]
[450,11,266523,265694]
[451,238,301858,302805]
[452,174,570721,571202]
[453,170,39969,40746]
[454,20,619626,620833]
[455,255,620155,619772]
[456,53,441583,441198]
[457,18,483069,484116]
[458,191,679681,679336]
[459,1,289257,288582]
[460,171,236231,235752]
[461,166,453742,454821]
[462,253,423871,423833]
[463,114,677238,677577]
[464,271,88126,87400]
[465,232,70998,72297]
[466,30,348345,349785]
[467,218,692931,694165]
[468,213,157962,157537]
[469,263,62242,61773]
[470,166,124771,125146]
[471,128,583106,584534]
[472,132,386011,386216]
[473,236,3844,4120]
[474,164,352254,352517]
[475,230,326925,328324]
[476,234,146762,147945]
[477,99,44326,44129]
[478,61,180555,179086]
[479,254,457298,458577]
[480,77,51392,50865]
[481,231,105738,105356]
[482,265,581461,580897]
[483,181,213782,212719]
[484,241,5634,5151]
[485,257,624394,623189]
[486,161,475883,474423]
[487,88,688685,689641]
[488,189,15158,13697]
[489,216,582580,583741]
[490,55,270569,269673]
[491,203,3062,1647]
[492,184,501283,502238]
[493,242,662453,662800]
[494,165,106575,106011]
[495,258,330283,330344]
[496,25,528978,527696]
[497,140,6880,7621]
[498,243,106136,104844]
[499,125,88260,87180]
[500,142,356966,357924]
[501,265,343405,342973]
[502,41,609413,608003]
[503,12,629788,630653]
[504,225,267533,267037]
[505,213,595410,594438]
[506,162,474577,475829]
[507,26,358352,358769]
[508,204,428515,429731]
[509,57,679599,679177]
[510,216,592304,593218]
[511,151,232058,231816]
[512,1,225801,225576]
[513,161,470781,470249]
[514,78,479057,480529]
[515,38,28134,28882]
[516,62,248470,248732]
[517,69,32455,31681]
[518,265,131583,130195]
[519,240,42595,43444]
[520,240,143565,144561]
[521,224,163733,164192]
[522,198,477750,477797]
[523,72,707496,708150]
[524,106,297585,298329]
[525,244,316126,316962]
[526,7,635546,634662]
[527,129,408423,407113]
[528,271,518688,517348]
[529,16,816,1955]
[530,222,387721,388630]
[531,8,366240,366519]
[532,118,294655,294940]
[533,149,251053,250052]
[534,34,421651,422125]
[535,24,62403,63674]
[536,79,631260,630652]
[537,92,26630,27276]
[538,8,56330,57621]
[539,121,322682,321417]
[540,34,665891,666366]
[541,133,542535,541368]
[542,133,12497,11489]
[543,168,610242,611086]
[544,212,300478,301103]
[545,107,54725,53656]
[546,203,421430,420987]
[547,188,492959,494208]
[548,273,558381,557832]
[549,181,437955,437270]
[550,148,460454,461229]
[551,106,15827,17060]
[552,249,138877,137587]
[553,142,279725,280166]
[554,185,509460,508791]
[555,6,470165,470243]
[556,163,585864,584770]
[557,254,261520,261774]
[558,119,51336,49909]
[559,153,712533,711733]
[560,174,15927,17147]
[561,8,371426,372325]
[562,70,686315,687377]
[563,239,53538,52838]
[564,234,560661,561265]
[565,38,284805,285127]
[566,6,338696,338955]
[567,98,555923,555992]
[568,154,450359,451177]
[569,247,85714,84966]
[570,241,647005,646336]
[571,260,154013,154880]
[572,130,371874,373271]
[573,253,551644,550816]
[574,88,401315,402173]
[575,137,366309,365751]
[576,125,718836,718010]
[577,174,340172,341548]
[578,163,715808,715412]
[579,244,462311,463164]
[580,101,414568,414229]
[581,228,64284,65483]
[582,200,158361,158882]
[583,62,647059,647507]
[584,11,559044,558687]
[585,69,320206,319630]
[586,206,499060,500272]
[587,261,637405,636369]
[588,278,359302,359833]
[589,138,271072,271747]
[590,51,81213,81057]
[591,86,303751,303937]
[592,152,682301,683337]
[593,226,61930,62710]
[594,61,513399,512847]
[595,13,257413,256349]
[596,116,231650,232821]
[597,134,172736,173193]
[598,25,366054,365277]
[599,141,136603,135535]
[600,260,102154,103624]
[601,257,669190,668654]
[602,89,55217,54768]
[603,244,635087,635770]
[604,29,169683,168521]
[605,96,68377,69781]
[606,93,713371,712930]
[607,83,26579,26358]
[608,31,626483,626100]
[609,130,591357,592203]
[610,174,522239,523222]
[611,213,315882,314525]
[612,276,87450,87892]
[613,242,476958,477352]
[614,271,224172,224139]
[615,90,619308,620739]
[616,205,521196,519767]
[617,166,350328,350471]
[618,27,477335,476372]
[619,148,694444,695526]
[620,234,122189,123532]
[621,186,703257,703741]
[622,184,281007,282307]
[623,198,88418,89755]
[624,204,677800,678744]
[625,69,239679,238654]
[626,222,718380,719255]
[627,99,112130,111779]
[628,105,641597,640691]
[629,75,120921,120106]
[630,72,725684,727005]
[631,274,24646,24861]
[632,148,555399,555889]
[633,109,126889,126266]
[634,83,358250,358070]
[635,146,101142,101947]
[636,118,689071,689748]
[637,184,179304,180385]
[638,161,337887,336662]
[639,136,308878,309010]
[640,21,230184,229065]
[641,43,489436,488885]
[642,87,494297,493523]
[643,67,125114,123769]
[644,147,449319,448735]
[645,184,181515,182990]
[646,94,601454,602328]
[647,96,519048,520433]
[648,42,393183,393907]
[649,166,318236,318698]
[650,120,108698,109974]
[651,3,259307,258404]
[652,36,341749,342542]
[653,22,41663,42015]
[654,13,379140,378006]
[655,185,82233,80796]
[656,179,214790,214227]
[657,14,305406,305526]
[658,93,656864,656405]
[659,155,442112,441065]
[660,176,516504,517630]
[661,47,512425,511583]
[662,181,173371,172381]
[663,270,507324,508402]
[664,232,190450,191084]
[665,176,133275,133557]
[666,206,661615,661658]
[667,38,466806,468177]
[668,73,544606,543418]
[669,50,634168,634869]
[670,240,539817,540200]
[671,154,48931,50119]
[672,87,324992,324227]
[673,189,288340,288101]
[674,246,595349,595559]
[675,34,94374,95426]
[676,49,313118,313041]
[677,156,266326,267416]
[678,22,76008,76334]
[679,229,569580,568738]
[680,250,406135,406883]
[681,256,672504,673997]
[682,111,573331,572927]
[683,83,139830,139785]
[684,239,427305,426770]
[685,91,662226,661451]
[686,66,257664,258329]
[687,222,537122,537953]
[688,33,51225,51139]
[689,51,628240,627197]
[690,97,117421,116524]
[691,70,583207,584102]
[692,155,390600,390032]
[693,254,105568,106444]
[694,80,329898,330683]
[695,12,101254,102410]
[696,192,285728,287001]
[697,72,332406,332520]
[698,1,378695,377793]
[699,92,437155,438295]
[700,128,309228,310099]
[701,117,503577,503375]
[702,147,67651,66702]
[703,207,72659,71442]
[704,199,688169,687624]
[705,171,431813,431129]
[706,0,205098,206112]
[707,208,438060,438932]
[708,197,412539,411378]
[709,52,714089,715018]
[710,177,339158,338143]
[711,258,97273,98695]
[712,139,119326,118113]
[713,21,323729,322890]
[714,85,475376,474413]
[715,192,667691,669005]
[716,177,276417,275485]
[717,245,317529,316342]
[718,121,625816,625148]
[719,8,592310,593515]
[720,39,331328,330877]
[721,245,43801,42834]
[722,277,499256,498515]
[723,276,97582,98079]
[724,35,515659,514720]
[725,151,186714,185907]
[726,240,698823,698946]
[727,110,608654,609178]
[728,80,689433,689641]
[729,264,700260,701201]
[730,82,503246,504534]
[731,267,445731,445376]
[732,250,439333,440630]
[733,205,274553,274326]
[734,274,233682,234981]
[735,38,395816,395875]
[736,21,526384,526318]
[737,190,529124,529363]
[738,265,45213,44908]
[739,121,400842,399956]
[740,7,530956,530483]
[741,59,357257,357040]
[742,54,145740,146496]
[743,210,244211,244310]
[744,9,621379,620601]
[745,2,433222,433621]
[746,248,694669,695714]
[747,11,660001,659522]
[748,33,697796,696459]
[749,43,724197,723250]
[750,129,282601,281826]
[751,272,29016,30096]
[752,211,90298,89952]
[753,235,150983,149860]
[754,80,609627,610367]
[755,186,210808,211566]
[756,220,179650,180941]
[757,49,520344,519411]
[758,28,133294,133386]
[759,146,579188,579833]
[760,89,520775,519932]
[761,184,467510,468034]
[762,16,488314,489553]
[763,67,370712,369978]
[764,67,665683,665106]
[765,63,120536,120453]
[766,110,44894,45141]
[767,154,663959,665450]
[768,144,535096,536147]
[769,69,473712,472439]
[770,197,524210,523986]
[771,134,153459,153975]
[772,50,641060,642389]
[773,212,353254,353554]
[774,33,674690,674082]
[775,127,114643,114337]
[776,61,515745,514380]
[777,106,123501,124731]
[778,189,703431,702322]
[779,257,207251,206638]
[780,188,720416,720901]
[781,101,683813,682449]
[782,97,429735,429555]
[783,203,330109,329515]
[784,152,251301,251695]
[785,224,299220,300204]
[786,22,341542,342718]
[787,139,492424,492221]
[788,57,192687,191734]
[789,181,182946,182810]
[790,56,68876,70060]
[791,74,663625,664985]
[792,161,660312,660198]
[793,231,20236,19769]
[794,100,491914,492812]
[795,207,139648,138544]
[796,32,3320,4217]
[797,49,571025,569867]
[798,273,684235,683061]
[799,147,356866,356454]
[800,94,99658,100071]
[801,272,131820,133294]
[802,100,469658,470391]
[803,56,611226,611548]
[804,117,320552,319543]
[805,97,554680,553767]
[806,118,161381,162751]
[807,153,623391,622493]
[808,154,618115,618206]
[809,204,624472,625379]
[810,206,74550,75117]
[811,124,197615,197949]
[812,108,7603,8892]
[813,131,198003,197248]
[814,225,4789,4116]
[815,260,275176,276170]
[816,47,687150,686496]
[817,272,218012,218750]
[818,70,556213,557394]
[819,100,57208,57981]
[820,22,691348,692246]
[821,61,628255,626875]
[822,201,548726,548179]
[823,84,205132,205352]
[824,144,405562,405647]
[825,57,680408,679311]
[826,9,479201,478413]
[827,71,84482,84291]
[828,75,70089,70045]
[829,19,205180,204930]
[830,223,570263,570042]
[831,92,203586,203766]
[832,167,359375,359275]
[833,0,99998,101232]
[834,222,375782,376668]
[835,42,539535,540060]
[836,57,301407,300479]
[837,275,264302,262891]
[838,208,30624,31203]
[839,29,446090,444690]
[840,243,3472,2119]
[841,218,18952,19956]
[842,277,15226,14261]
[843,124,512695,514175]
[844,212,679710,681040]
[845,27,161586,160264]
[846,16,615658,617125]
[847,43,575194,573809]
[848,23,354660,353454]
[849,91,313327,313027]
[850,7,665941,665901]
[851,87,729457,728690]
[852,216,541147,541693]
[853,158,259165,260433]
[854,229,67800,67223]
[855,190,25440,26542]
[856,244,490769,490839]
[857,242,215130,215654]
[858,41,420992,420271]
[859,184,359780,360105]
[860,36,82266,83760]
[861,268,421305,422803]
[862,125,226629,226557]
[863,38,99942,101320]
[864,211,337522,337088]
[865,199,459278,457922]
[866,65,17192,15933]
[867,12,233919,234553]
[868,151,610905,610006]
[869,182,662249,662736]
[870,56,185996,186652]
[871,229,587033,585645]
[872,148,62392,63221]
[873,14,183693,184929]
[874,31,502128,501413]
[875,91,277519,277054]
[876,231,577607,577136]
[877,73,570609,570108]
[878,29,641103,640555]
[879,93,727936,727214]
[880,132,438045,438167]
[881,200,165777,167190]
[882,152,13289,14560]
[883,123,74250,73179]
[884,207,324951,324051]
[885,100,593599,594589]
[886,156,188543,188728]
[887,17,229724,228719]
[888,247,348627,347987]
[889,46,56202,56506]
[890,9,333762,333081]
[891,263,619012,618341]
[892,134,719941,720579]
[893,271,460981,460398]
[894,63,68203,67944]
[895,234,55113,55750]
[896,143,574213,573088]
[897,57,636812,635524]
[898,54,340215,341100]
[899,246,128517,129490]
[900,122,456561,457817]
[901,245,217804,216623]
[902,134,233746,233834]
[903,194,129172,130625]
[904,237,667454,667372]
[905,48,83464,84934]
[906,82,89423,89471]
[907,2,117048,118205]
[908,130,530954,532091]
[909,0,229457,230547]
[910,139,67476,66477]
[911,71,602450,601377]
[912,242,344234,344565]
[913,107,719873,719697]
[914,195,720067,719023]
[915,222,148200,148672]
[916,223,26137,24643]
[917,243,277063,276952]
[918,97,557616,556284]
[919,245,532334,531538]
[920,175,9185,8567]
[921,58,67396,67626]
[922,112,270183,270660]
[923,173,600514,600074]
[924,218,383857,384529]
[925,41,170071,169904]
[926,253,518700,518356]
[927,164,616633,616735]
[928,222,491896,492268]
[929,128,133859,134241]
[930,173,278499,277328]
[931,156,166932,168032]
[932,262,427088,427615]
[933,156,15359,16324]
[934,263,543445,542559]
[935,130,491064,491284]
[936,120,107989,108459]
[937,149,676872,676363]
[938,142,511275,512155]
[939,247,420455,419388]
[940,8,461368,461646]
[941,175,520592,520190]
[942,99,305965,305641]
[943,127,201004,199726]
[944,27,26900,25760]
[945,111,78626,78295]
[946,49,688832,688043]
[947,105,523256,521975]
[948,45,138632,137151]
[949,278,443028,443926]
[950,187,469156,467675]
[951,85,222139,220803]
[952,279,159691,158694]
[953,65,4671,3518]
[954,265,234750,233999]
[955,205,131954,130937]
[956,205,645323,644599]
[957,39,140274,139415]
[958,112,315066,316434]
[959,209,425589,425207]
[960,64,32380,33619]
[961,53,73512,72289]
[962,136,22388,23795]
[963,206,186748,187944]
[964,169,177170,176303]
[965,116,126758,127366]
[966,110,55312,55437]
[967,80,192861,193353]
[968,28,620296,621135]
[969,71,707756,706990]
[970,278,501166,502045]
[971,110,679325,679494]
[972,233,616582,615301]
[973,238,229450,230754]
[974,195,439120,437658]
[975,252,311434,312163]
