["head":"wrap","lpos","status"]
[254,610016,0]
["io count"]
[980]
["io":"id","wrap","startLpos","endLpos"]
[1,89,206562,205101]
[2,244,169608,169967]
[3,198,332555,334004]
[4,5,241433,241045]
[5,4,661127,661945]
[6,178,287068,288436]
[7,154,468517,469190]
[8,157,158544,158036]
[9,256,13558,14222]
[10,86,260342,261748]
[11,233,432913,432188]
[12,199,71894,71503]
[13,7,445938,445894]
[14,207,340734,339592]
[15,174,629792,630280]
[16,40,232341,232713]
[17,175,60728,60691]
[18,145,541940,541485]
[19,253,321051,319763]
[20,246,603500,604731]
[21,91,714328,713101]
[22,80,25917,27267]
[23,122,110071,111080]
[24,193,692965,692114]
[25,249,716773,715401]
[26,237,173447,172998]
[27,147,48309,47249]
[28,176,220663,220825]
[29,7,540893,539476]
[30,1,607863,607457]
[31,76,542766,542965]
[32,135,575619,574420]
[33,47,686865,686252]
[34,189,157416,156132]
[35,274,472310,473260]
[36,217,461282,460554]
[37,120,159297,159767]
[38,113,175165,174105]
[39,58,388510,389536]
[40,165,6076,5874]
[41,23,327519,326301]
[42,151,203473,203257]
[43,12,504425,505077]
[44,75,297645,296716]
[45,105,178242,176901]
[46,260,241191,241278]
[47,143,240656,240149]
[48,192,711677,711750]
[49,187,25715,24658]
[50,35,490020,488565]
[51,215,192277,191825]
[52,186,201898,202828]
[53,245,144185,143300]
[54,9,92069,90988]
[55,156,204193,204751]
[56,140,408877,409452]
[57,63,6363,5885]
[58,13,175562,174263]
[59,120,342809,343257]
[60,136,336880,337572]
[61,241,267353,265869]
[62,74,709638,710105]
[63,148,253692,254509]
[64,45,552758,552625]
[65,268,267568,268516]
[66,208,376535,377512]
[67,75,381640,380902]
[68,230,471866,472729]
[69,252,182452,183215]
[70,227,378330,377352]
[71,39,449796,448675]
[72,135,536972,535498]
[73,59,715595,715106]
[74,64,631513,631645]
[75,54,243043,243214]
[76,89,212411,212366]
[77,237,14618,13982]
[78,176,366359,367756]
[79,28,52025,53364]
[80,119,361743,360728]
[81,189,517200,517045]
[82,239,309754,308694]
[83,36,727943,728354]
[84,182,22449,22651]
[85,140,632301,632808]
[86,11,250126,249844]
[87,151,201222,201067]
[88,234,303800,305055]
[89,194,513106,513638]
[90,186,708733,709201]
[91,106,706848,708142]
[92,193,31708,30263]
[93,85,157500,156767]
[94,15,715504,714435]
[95,94,53043,53157]
[96,102,507549,507766]
[97,243,714067,712751]
[98,181,707520,707437]
[99,263,313335,312454]
[100,148,529275,529329]
[101,191,348658,348574]
[102,36,368459,369888]
[103,14,99027,100187]
[104,52,692866,694051]
[105,32,151582,151847]
[106,173,331683,331102]
[107,32,113651,113873]
[108,233,81634,80915]
[109,259,313738,312500]
[110,19,672371,672049]
[111,94,121689,121792]
[112,215,99536,99228]
[113,268,443609,444969]
[114,46,385532,386598]
[115,133,43283,42255]
[116,277,368462,367261]
[117,199,711099,709600]
[118,109,558990,557957]
[119,125,595189,595063]
[120,50,49711,49871]
[121,81,574208,572817]
[122,35,233975,232835]
[123,47,606870,606298]
[124,37,302144,301752]
[125,265,655452,655201]
[126,25,541548,541123]
[127,223,704856,704229]
[128,197,602915,601854]
[129,152,416955,418274]
[130,192,57795,58490]
[131,57,264941,263898]
[132,66,138829,139485]
[133,173,262367,261721]
[134,75,594739,594282]
[135,263,480887,479738]
[136,102,642195,643620]
[137,248,275419,275790]
[138,161,79199,78601]
[139,227,95175,94582]
[140,220,556352,556529]
[141,112,518201,518387]
[142,162,615571,616852]
[143,250,205884,207095]
[144,208,399372,400425]
[145,233,433465,432752]
[146,136,538520,538959]
[147,81,502759,502491]
[148,172,2591,3741]
[149,105,260346,258940]
[150,179,368570,368190]
[151,133,360271,359608]
[152,163,17879,17797]
[153,13,507475,506786]
[154,37,171840,171712]
[155,273,61390,60903]
[156,219,226633,226323]
[157,39,228643,227840]
[158,249,100085,100008]
[159,94,221100,221786]
[160,33,242422,242123]
[161,160,719403,720577]
[162,243,665813,664629]
[163,208,360361,361751]
[164,118,297315,298020]
[165,168,295793,297270]
[166,2,617355,618385]
[167,178,55989,57364]
[168,225,56650,55642]
[169,108,153835,155037]
[170,20,81509,82348]
[171,93,645477,644434]
[172,181,446499,446038]
[173,41,204451,204332]
[174,250,697149,697422]
[175,86,545094,545197]
[176,223,48299,47077]
[177,93,217390,216176]
[178,224,591882,593326]
[179,47,716404,715218]
[180,247,116155,114966]
[181,214,38903,39956]
[182,99,596942,595856]
[183,143,242939,241553]
[184,137,304883,304676]
[185,36,85488,86352]
[186,12,4134,5566]
[187,112,137940,139418]
[188,277,727703,727418]
[189,279,291520,290389]
[190,243,547815,547659]
[191,12,9295,9703]
[192,227,295782,294587]
[193,272,314464,315017]
[194,257,356581,355492]
[195,156,435750,436830]
[196,25,462411,460983]
[197,275,221669,221445]
[198,198,150773,150915]
[199,36,708301,708410]
[200,46,569839,570269]
[201,209,660259,659111]
[202,1,32883,31726]
[203,127,15613,15096]
[204,184,62513,62747]
[205,252,79932,79993]
[206,159,222753,222606]
[207,159,305637,304376]
[208,271,713581,712968]
[209,150,281222,281943]
[210,256,186098,187199]
[211,208,264027,265259]
[212,271,189412,188089]
[213,241,151723,151671]
[214,81,620284,619999]
[215,5,103018,102894]
[216,248,110143,110799]
[217,256,473525,474467]
[218,20,157683,158128]
[219,58,616947,617992]
[220,242,20240,20535]
[221,103,466237,465877]
[222,112,127484,128933]
[223,111,212346,210917]
[224,229,216980,216881]
[225,40,380398,380726]
[226,251,521947,520937]
[227,67,585587,585263]
[228,59,137192,136592]
[229,81,581223,580821]
[230,214,330418,330986]
[231,140,3647,3718]
[232,10,691135,691701]
[233,177,122348,120980]
[234,198,3473,4868]
[235,6,579687,581119]
[236,173,595980,595669]
[237,184,86134,87105]
[238,36,47529,47851]
[239,188,400377,400743]
[240,51,477140,476423]
[241,29,207765,206752]
[242,121,49286,49026]
[243,184,43584,45076]
[244,87,710020,709720]
[245,171,264517,263737]
[246,55,255608,255060]
[247,267,572478,571795]
[248,163,682501,681012]
[249,133,498389,497946]
[250,112,369557,370176]
[251,99,267036,266769]
[252,71,708694,708177]
[253,182,160556,160851]
[254,87,582000,580742]
[255,157,304931,303665]
[256,12,568775,570190]
[257,130,518449,519041]
[258,18,333090,334041]
[259,269,312244,311261]
[260,57,547427,547262]
[261,129,153638,153264]
[262,275,143131,141929]
[263,97,35994,35150]
[264,87,661917,660808]
[265,162,245634,246812]
[266,256,644949,646246]
[267,147,550345,549033]
[268,117,133969,133781]
[269,93,365268,364786]
[270,185,298553,298053]
[271,164,638144,639033]
[272,150,452343,453430]
[273,255,676855,675792]
[274,164,151453,151980]
[275,200,648890,650009]
[276,175,689040,687903]
[277,162,349008,349930]
[278,117,716888,716408]
[279,168,344418,344458]
[280,118,52283,52964]
[281,245,347647,346458]
[282,125,341729,340743]
[283,240,433829,434025]
[284,265,557602,557376]
[285,238,208314,208659]
[286,210,361525,361787]
[287,78,402885,403963]
[288,46,335337,336031]
[289,259,654871,654309]
[290,170,651089,651537]
[291,177,500802,500094]
[292,179,728625,728176]
[293,68,241239,242201]
[294,127,651627,650589]
[295,117,79502,78982]
[296,19,457314,456213]
[297,148,337526,338238]
[298,33,255909,254966]
[299,275,388845,388730]
[300,153,613725,612612]
[301,99,534113,533645]
[302,181,619718,619353]
[303,118,174634,175709]
[304,47,354346,353517]
[305,18,669087,669185]
[306,253,211326,210589]
[307,148,555520,556387]
[308,27,138010,137284]
[309,30,727561,727766]
[310,158,178137,178829]
[311,180,364631,365585]
[312,166,35926,36060]
[313,54,602078,602139]
[314,279,564905,564689]
[315,43,545566,544453]
[316,135,605108,604680]
[317,208,162635,162928]
[318,24,563754,564703]
[319,268,2024,2812]
[320,131,91188,90702]
[321,12,480183,480279]
[322,48,627594,628859]
[323,134,101514,101667]
[324,43,196210,195923]
[325,16,513696,514027]
[326,172,609239,610588]
[327,90,289576,289784]
[328,213,490098,489451]
[329,133,4137,3023]
[330,246,378239,378474]
[331,178,19957,21080]
[332,159,68528,68135]
[333,87,337038,336333]
[334,204,695866,696121]
[335,191,411794,411257]
[336,114,696133,697081]
[337,177,371551,370949]
[338,262,302870,303106]
[339,17,477286,475801]
[340,4,583275,584423]
[341,47,170202,170103]
[342,30,716070,716302]
[343,20,594987,595654]
[344,205,388203,387065]
[345,229,26006,25153]
[346,79,278514,277893]
[347,215,342752,341528]
[348,209,221395,220025]
[349,140,382485,382919]
[350,173,276661,276161]
[351,52,706162,707329]
[352,199,165235,163851]
[353,93,697330,696017]
[354,80,612040,613067]
[355,31,314935,314314]
[356,52,264181,265191]
[357,39,72107,71034]
[358,279,251331,250210]
[359,179,521531,521492]
[360,272,261674,261830]
[361,229,335556,334488]
[362,78,291907,293129]
[363,244,424035,424126]
[364,275,205213,204258]
[365,245,726420,725175]
[366,58,551950,552714]
[367,187,611349,611075]
[368,16,40532,41480]
[369,178,525047,526135]
[370,244,410166,411363]
[371,170,655787,657004]
[372,93,25875,25692]
[373,38,706794,707141]
[374,234,694028,694532]
[375,129,184425,183757]
[376,28,468788,470162]
[377,92,167619,168120]
[378,125,189536,188924]
[379,184,234730,236062]
[380,39,462518,462029]
[381,3,191965,190909]
[382,119,545865,544582]
[383,140,134514,135741]
[384,7,542993,542492]
[385,7,203280,203062]
[386,77,293618,292762]
[387,62,160691,161558]
[388,64,146757,147819]
[389,151,591837,590569]
[390,113,51506,50831]
[391,206,274543,275336]
[392,29,62507,61331]
[393,105,262840,262733]
[394,86,176205,176552]
[395,224,689406,690317]
[396,152,472817,473579]
[397,106,445257,445545]
[398,151,143748,143263]
[399,192,340870,341904]
[400,38,196856,197669]
[401,145,658950,658236]
[402,43,408182,407821]
[403,129,280987,280637]
[404,181,367032,365733]
[405,272,68493,69393]
[406,137,564338,562985]
[407,207,374496,373669]
[408,165,77393,76483]
[409,190,136327,137273]
[410,78,59123,60095]
[411,249,455438,455170]
[412,116,477721,478384]
[413,162,531832,532716]
[414,138,8654,9840]
[415,142,624473,625016]
[416,250,687396,687772]
[417,39,199167,198526]
[418,57,56875,56728]
[419,157,461808,460854]
[420,247,541842,541531]
[421,11,298039,297744]
[422,151,313519,312857]
[423,6,30865,32064]
[424,147,665462,664443]
[425,10,13494,14947]
[426,211,403208,402879]
[427,134,104963,105636]
[428,275,361190,360580]
[429,78,561980,563414]
[430,112,672329,673505]
[431,231,269538,269305]
[432,72,595007,595851]
[433,47,513869,512909]
[434,188,279905,280003]
[435,262,154130,154659]
[436,49,699529,699476]
[437,191,12188,10846]
[438,25,233405,232340]
[439,252,111084,111300]
[440,226,528869,529257]
[441,220,621287,621558]
[442,81,114463,114304]
[443,60,666433,666992]
[444,60,266062,266361]
[445,262,595628,597099]
[446,41,31326,30920]
[447,153,58473,57126]
[448,101,687247,686433]
[449,268,127800,128376]
[450,202,94669,95682]
[451,12,453878,454720]
[452,228,289580,289833]
[453,170,228491,229274]
[454,5,697516,697290]
[455,138,441626,442846]
[456,138,183578,184978]
[457,141,714079,713479]
[458,166,670615,670881]
[459,262,542509,543419]
[460,180,104671,105798]
[461,208,83818,84706]
[462,176,583657,584141]
[463,253,654379,653005]
[464,183,210296,208836]
[465,145,581767,581197]
[466,68,223935,225321]
[467,237,432780,432284]
[468,184,573554,574336]
[469,257,78102,77267]
[470,71,639508,639436]
[471,218,674363,674803]
[472,165,595557,594863]
[473,259,561694,560792]
[474,228,336278,336670]
[475,24,640897,642234]
[476,265,683555,682076]
[477,222,531974,533439]
[478,215,548340,548291]
[479,136,72809,74075]
[480,72,13810,13844]
[481,40,609725,611132]
[482,51,556495,555127]
[483,156,311041,311180]
[484,16,628417,628531]
[485,108,447213,447423]
[486,76,186243,186946]
[487,38,321344,322248]
[488,207,515434,515010]
[489,13,288100,287238]
[490,113,424445,424211]
[491,27,201975,201470]
[492,17,576927,575512]
[493,207,651464,651004]
[494,118,333514,333644]
[495,144,729903,730083]
[496,60,387771,389179]
[497,173,78104,77670]
[498,27,387510,387436]
[499,133,634790,634483]
[500,36,584491,585947]
[501,123,430087,428962]
[502,274,189801,189890]
[503,145,83893,82784]
[504,22,498998,500258]
[505,119,318672,317367]
[506,37,78139,77878]
[507,73,29432,28083]
[508,3,282208,280885]
[509,198,435421,436246]
[510,36,575039,575707]
[511,130,153589,154563]
[512,227,478774,478302]
[513,174,268571,269548]
[514,167,550311,550013]
[515,245,580766,579878]
[516,172,727117,728281]
[517,28,206516,206887]
[518,114,483055,484216]
[519,69,24998,24759]
[520,126,515574,516419]
[521,52,444992,445949]
[522,178,297718,299048]
[523,116,644064,644426]
[524,89,370227,369038]
[525,113,179456,177992]
[526,215,139976,138839]
[527,140,49057,49851]
[528,54,137834,138138]
[529,14,335065,335189]
[530,263,62967,62061]
[531,46,573216,573837]
[532,73,342978,342332]
[533,70,674183,674425]
[534,231,380150,379390]
[535,73,224723,224282]
[536,25,700400,699104]
[537,245,37110,36138]
[538,216,229321,230010]
[539,191,222467,221444]
[540,223,440633,440119]
[541,175,413122,412429]
[542,84,92320,93258]
[543,196,211758,212506]
[544,9,191525,191129]
[545,240,127693,128760]
[546,56,363116,364410]
[547,156,471737,471799]
[548,42,224972,225210]
[549,193,480294,479757]
[550,97,162821,161520]
[551,91,470842,469342]
[552,59,309824,309743]
[553,45,464500,463073]
[554,237,82060,81748]
[555,235,584830,583394]
[556,209,714388,713794]
[557,224,301743,302920]
[558,38,314001,314421]
[559,128,438055,438890]
[560,225,419849,419043]
[561,124,474377,474768]
[562,210,341546,341734]
[563,111,129060,128096]
[564,166,358965,359025]
[565,62,545736,547089]
[566,7,471612,470287]
[567,177,427443,426652]
[568,262,107910,107970]
[569,39,459072,457880]
[570,33,81671,81275]
[571,253,523926,522952]
[572,194,306216,306567]
[573,120,633391,634150]
[574,215,596144,594698]
[575,269,510098,509260]
[576,171,72558,71221]
[577,94,146373,146471]
[578,172,478010,478545]
[579,29,155732,155015]
[580,70,404986,405517]
[581,159,485797,484788]
[582,164,667695,667881]
[583,57,264156,263521]
[584,13,279179,279091]
[585,72,622343,623260]
[586,209,660524,660168]
[587,176,430559,431857]
[588,254,695352,695521]
[589,3,557871,556610]
[590,108,189676,189776]
[591,183,313206,312657]
[592,52,303853,304636]
[593,123,345984,345259]
[594,208,150434,150472]
[595,260,40984,41211]
[596,84,346884,348045]
[597,64,213121,213422]
[598,256,243426,244153]
[599,174,57927,59397]
[600,100,375196,375656]
[601,234,297312,297919]
[602,9,391814,391607]
[603,31,516227,515208]
[604,118,425842,426828]
[605,257,25216,24061]
[606,226,187218,187680]
[607,140,224953,225240]
[608,172,649987,650102]
[609,230,670186,671430]
[610,45,708473,708435]
[611,152,379692,380324]
[612,186,124344,125742]
[613,186,378418,379013]
[614,269,407919,406617]
[615,43,309277,308260]
[616,2,248953,249670]
[617,19,700811,699593]
[618,160,406734,407707]
[619,153,427577,426438]
[620,142,323368,323746]
[621,11,597311,596693]
[622,65,250819,249870]
[623,269,543879,542768]
[624,103,344570,343510]
[625,162,495764,496433]
[626,33,616921,616876]
[627,63,663756,662848]
[628,96,202594,202906]
[629,151,222777,222237]
[630,59,618391,617931]
[631,125,319120,318749]
[632,71,720284,719288]
[633,95,222624,221339]
[634,116,668618,668907]
[635,86,64415,65020]
[636,99,451420,450272]
[637,68,598629,598963]
[638,91,106923,105968]
[639,181,664879,663642]
[640,225,70970,69766]
[641,63,20836,20670]
[642,236,39990,40353]
[643,30,236785,237873]
[644,23,270110,268894]
[645,7,49096,48086]
[646,9,637684,636317]
[647,181,352828,352090]
[648,273,251844,251688]
[649,82,535683,536583]
[650,45,520773,519638]
[651,277,175315,174758]
[652,75,32841,32700]
[653,263,400863,400297]
[654,151,2729,1607]
[655,70,12071,12368]
[656,90,729034,729214]
[657,132,285815,286658]
[658,220,372323,373515]
[659,76,99950,100788]
[660,86,323846,325040]
[661,109,127043,125861]
[662,132,154543,156027]
[663,139,100727,99349]
[664,2,595870,596540]
[665,77,312436,311600]
[666,52,636195,637006]
[667,24,405093,406209]
[668,73,390176,389688]
[669,128,448243,448943]
[670,255,454243,452889]
[671,113,84381,84167]
[672,122,33801,33967]
[673,221,92894,92047]
[674,177,214319,213122]
[675,21,212652,212085]
[676,31,2182,1045]
[677,129,666367,665771]
[678,155,153665,152840]
[679,158,630631,631353]
[680,212,520332,520892]
[681,94,506514,506667]
[682,200,532615,533061]
[683,54,449054,450364]
[684,271,95403,94583]
[685,40,367192,368268]
[686,264,427254,427858]
[687,121,626857,626663]
[688,225,570874,569810]
[689,4,672801,673707]
[690,49,671986,671668]
[691,171,422410,421807]
[692,239,422385,421589]
[693,115,675301,673997]
[694,65,14331,13223]
[695,151,199876,198768]
[696,205,555813,555703]
[697,61,73795,72746]
[698,240,629444,630001]
[699,261,422188,421492]
[700,233,372240,371295]
[701,131,324678,323995]
[702,241,28165,27185]
[703,78,441382,441479]
[704,228,193853,193964]
[705,118,160273,161531]
[706,242,117534,118943]
[707,70,463362,464362]
[708,40,626518,627191]
[709,117,374213,372761]
[710,54,253681,254632]
[711,75,597832,596500]
[712,121,29219,28397]
[713,129,677198,677147]
[714,148,350348,351672]
[715,37,528751,528178]
[716,68,438723,439198]
[717,123,24280,23290]
[718,238,406003,406743]
[719,130,276984,277378]
[720,59,506135,505104]
[721,235,616837,615519]
[722,35,462561,462276]
[723,71,102128,101746]
[724,183,383386,383229]
[725,250,653410,654711]
[726,161,488533,488333]
[727,216,186246,186738]
[728,223,592107,590801]
[729,46,11890,12982]
[730,199,689563,688685]
[731,89,242955,242607]
[732,83,547126,546860]
[733,235,563876,563803]
[734,237,361051,360691]
[735,176,673692,675089]
[736,203,230474,229564]
[737,8,35836,36280]
[738,62,466234,466537]
[739,236,394123,394213]
[740,195,499460,498246]
[741,210,434145,435429]
[742,208,430758,431637]
[743,248,565498,566474]
[744,219,527788,527695]
[745,214,446030,446472]
[746,104,119830,121148]
[747,13,381828,381336]
[748,24,143455,144684]
[749,138,438356,438486]
[750,229,453771,452364]
[751,256,8756,9969]
[752,173,497986,497801]
[753,52,281592,281793]
[754,163,667057,665757]
[755,52,379193,379905]
[756,210,90330,90547]
[757,61,588067,587454]
[758,2,81362,82041]
[759,157,294175,292957]
[760,250,100574,100874]
[761,152,651415,651840]
[762,261,537843,536684]
[763,22,578409,578480]
[764,241,572868,572006]
[765,277,122341,121086]
[766,274,706273,706408]
[767,39,355685,355041]
[768,108,701,2083]
[769,118,292607,293679]
[770,34,86654,87352]
[771,167,661108,659619]
[772,176,576791,577581]
[773,263,229690,228195]
[774,202,687232,687269]
[775,15,383917,382932]
[776,272,427573,429023]
[777,60,692437,693907]
[778,124,694328,695660]
[779,98,661137,661178]
[780,69,272714,271306]
[781,255,662393,662110]
[782,241,301646,301510]
[783,192,53675,54469]
[784,216,63072,63179]
[785,88,3532,3863]
[786,122,260644,261444]
[787,106,609683,609907]
[788,41,264063,262619]
[789,144,255988,257001]
[790,81,161048,160918]
[791,62,216793,217240]
[792,224,523148,524248]
[793,115,159593,158907]
[794,106,251043,251342]
[795,156,710347,711065]
[796,22,204708,205488]
[797,231,118271,117758]
[798,68,624284,625582]
[799,183,571541,570993]
[800,152,295777,296537]
[801,233,470140,469253]
[802,239,602818,601424]
[803,34,54875,56187]
[804,4,709740,710474]
[805,132,489692,490912]
[806,143,17095,16294]
[807,55,728611,728016]
[808,30,323497,324791]
[809,262,526385,527030]
[810,14,115441,116074]
[811,221,724975,724435]
[812,96,337715,338559]
[813,272,659335,660392]
[814,44,4628,5078]
[815,98,659488,660539]
[816,266,716221,717534]
[817,195,626246,625823]
[818,62,252034,253424]
[819,234,187251,188419]
[820,140,485372,485953]
[821,131,588179,586693]
[822,17,650636,650157]
[823,100,563451,564187]
[824,196,727382,728004]
[825,19,365658,364274]
[826,266,678730,680074]
[827,73,575230,574690]
[828,204,206023,206055]
[829,119,70717,69996]
[830,272,584766,585884]
[831,247,365553,365287]
[832,160,350102,351174]
[833,132,644222,644607]
[834,186,481456,482767]
[835,186,71150,72452]
[836,152,191397,192756]
[837,22,411222,412496]
[838,41,709176,707740]
[839,142,246827,247393]
[840,6,397265,397840]
[841,135,170774,170098]
[842,169,673782,673418]
[843,27,463963,462830]
[844,159,557587,557260]
[845,209,286764,286332]
[846,44,133167,133683]
[847,217,467935,466954]
[848,34,3895,4015]
[849,27,526369,525199]
[850,173,676328,675182]
[851,273,608962,608408]
[852,114,580277,581475]
[853,26,523813,524957]
[854,136,451706,452323]
[855,25,672331,671773]
[856,246,729804,730485]
[857,37,14084,12806]
[858,225,436714,435702]
[859,198,414069,414421]
[860,66,254968,255421]
[861,64,199011,200356]
[862,10,612711,614197]
[863,12,345853,346184]
[864,236,541419,542655]
[865,2,694595,695734]
[866,51,530072,529472]
[867,231,623441,622952]
[868,165,510421,509622]
[869,148,615050,616130]
[870,39,655841,654803]
[871,276,130062,130227]
[872,250,107091,107960]
[873,119,640733,639677]
[874,89,327619,327250]
[875,52,705752,707245]
[876,247,417012,416449]
[877,30,544564,545759]
[878,270,604341,604526]
[879,67,90440,88968]
[880,108,515862,516513]
[881,275,596420,595263]
[882,206,584487,585954]
[883,71,18472,17254]
[884,200,97144,98644]
[885,170,370289,370731]
[886,276,682196,682364]
[887,100,362812,363139]
[888,76,668059,668526]
[889,91,449454,449412]
[890,152,699756,700230]
[891,239,584260,583001]
[892,134,213027,214065]
[893,235,377915,377229]
[894,221,602375,601351]
[895,76,248467,249321]
[896,112,189708,189811]
[897,173,270792,270667]
[898,226,632848,633617]
[899,198,553960,555383]
[900,206,538903,540387]
[901,221,469002,467966]
[902,240,290103,291572]
[903,175,126200,125320]
[904,171,431545,431457]
[905,246,501897,503025]
[906,25,204154,203585]
[907,198,168277,168666]
[908,118,140066,140668]
[909,127,412731,411962]
[910,33,149751,148898]
[911,258,387223,387993]
[912,80,197626,197836]
[913,102,264002,264486]
[914,153,570582,569728]
[915,98,75959,76652]
[916,122,661737,662931]
[917,133,612915,611906]
[918,108,380889,381515]
[919,215,489797,488752]
[920,141,472696,471390]
[921,210,721673,722258]
[922,18,570075,571089]
[923,7,254610,254483]
[924,279,464042,463444]
[925,69,286342,285271]
[926,214,303467,304592]
[927,198,166826,168281]
[928,131,60594,60117]
[929,199,50716,49610]
[930,160,107907,108462]
[931,112,258255,258312]
[932,28,7512,8983]
[933,133,607230,606369]
[934,144,521589,522021]
[935,155,323924,323687]
[936,168,207130,207238]
[937,270,723417,724840]
[938,267,332746,332307]
[939,119,664637,663920]
[940,140,669759,670718]
[941,212,318311,318464]
[942,73,564920,564311]
[943,105,378580,377974]
[944,191,237350,237240]
[945,93,432698,432356]
[946,185,721835,721156]
[947,259,558670,558583]
[948,248,134621,134832]
[949,35,680692,680166]
[950,111,687328,685988]
[951,164,397809,397993]
[952,165,555453,554815]
[953,123,423604,422383]
[954,250,108365,109517]
[955,54,244135,244894]
[956,144,119563,120642]
[957,182,635432,636438]
[958,120,25203,26272]
[959,225,468522,467687]
[960,147,642249,641294]
[961,219,358671,357871]
[962,248,319688,320542]
[963,5,457796,457488]
[964,133,255657,254645]
[965,229,210124,208656]
[966,84,200337,201166]
[967,106,157908,158324]
[968,254,566054,566311]
[969,71,216674,216262]
[970,256,424357,425533]
[971,36,608785,609452]
[972,191,248335,247532]
[973,25,396810,396485]
[974,274,149686,150686]
[975,186,330742,331469]
[976,118,279916,280779]
[977,75,315825,314729]
[978,184,717289,718381]
[979,144,594220,595134]
[980,75,475626,474911]
