["head":"wrap","lpos","status"]
[160,67904,0]
["io count"]
[985]
["io":"id","wrap","startLpos","endLpos"]
[1,51,332231,331538]
[2,266,294324,295099]
[3,82,719486,720019]
[4,83,698268,697648]
[5,257,477729,476482]
[6,106,511800,512471]
[7,132,4679,5752]
[8,87,302854,301715]
[9,205,518287,517802]
[10,17,656655,656506]
[11,177,503929,502524]
[12,103,346208,346139]
[13,147,576627,575591]
[14,20,285906,286141]
[15,137,176874,176086]
[16,58,282453,283500]
[17,56,694949,696395]
[18,260,378413,378754]
[19,88,328713,328758]
[20,32,491940,493023]
[21,67,475962,475732]
[22,188,386831,387047]
[23,278,91291,92337]
[24,177,633545,632831]
[25,174,443642,444932]
[26,123,514385,513851]
[27,259,207825,206701]
[28,167,289915,289007]
[29,240,289656,290305]
[30,2,715988,717208]
[31,216,443436,443662]
[32,215,124888,123553]
[33,62,10952,11225]
[34,98,168768,169589]
[35,19,540257,539345]
[36,161,643991,642548]
[37,100,325140,325755]
[38,18,117030,117088]
[39,269,119927,119388]
[40,247,521539,521473]
[41,237,90201,89432]
[42,174,374406,375412]
[43,196,150943,152329]
[44,157,165489,164641]
[45,261,597679,597375]
[46,191,92924,91562]
[47,231,400837,400526]
[48,117,246936,246491]
[49,44,390175,390549]
[50,102,160835,162014]
[51,61,491578,490327]
[52,101,518970,518393]
[53,85,335834,335554]
[54,83,319024,317810]
[55,26,238414,239813]
[56,195,266528,265072]
[57,183,237548,237509]
[58,186,321489,322958]
[59,28,146328,147234]
[60,174,523611,523892]
[61,271,622665,621611]
[62,159,142754,142225]
[63,148,653414,654715]
[64,187,11665,10167]
[65,176,552157,552321]
[66,149,178459,178105]
[67,232,553597,555050]
[68,233,592634,591987]
[69,36,678161,679099]
[70,15,208510,207184]
[71,92,414311,414382]
[72,92,610927,611604]
[73,137,394434,393263]
[74,95,678647,677499]
[75,268,444545,445944]
[76,64,71998,73231]
[77,230,524841,525848]
[78,202,603967,604035]
[79,38,180234,181149]
[80,176,275886,277361]
[81,261,696128,696005]
[82,85,395619,394396]
[83,175,315100,314797]
[84,38,176849,177340]
[85,177,88146,86871]
[86,118,323600,324249]
[87,107,30876,30053]
[88,127,152922,152068]
[89,213,169123,167895]
[90,204,628574,629670]
[91,172,335510,336753]
[92,64,698511,699623]
[93,184,426076,426679]
[94,169,135144,134814]
[95,276,599868,601099]
[96,125,63817,63134]
[97,87,624005,623759]
[98,218,613884,613967]
[99,141,100213,98903]
[100,197,670069,669521]
[101,188,461629,461893]
[102,172,438603,439789]
[103,61,309294,307960]
[104,103,588992,588248]
[105,58,625364,625884]
[106,235,467913,467032]
[107,65,266290,265678]
[108,129,484930,484736]
[109,226,529240,530596]
[110,7,168869,168176]
[111,244,449223,450461]
[112,192,704856,704922]
[113,32,418954,419155]
[114,33,386262,385817]
[115,265,713094,711694]
[116,247,363009,362855]
[117,183,679239,677867]
[118,154,614057,614717]
[119,13,237052,236708]
[120,63,138768,138058]
[121,6,352565,352814]
[122,152,20282,20593]
[123,85,633657,633343]
[124,255,522609,521860]
[125,161,184115,183490]
[126,189,46372,44959]
[127,174,248167,249632]
[128,252,567727,568241]
[129,240,539515,539547]
[130,9,17099,15752]
[131,278,362957,363364]
[132,205,716240,714769]
[133,198,381994,382581]
[134,184,646775,647709]
[135,144,689974,691140]
[136,38,683979,684017]
[137,275,424465,423082]
[138,128,319228,320186]
[139,60,510043,510316]
[140,209,562649,562427]
[141,239,511494,510879]
[142,265,274444,273100]
[143,164,587198,587229]
[144,272,12097,13280]
[145,201,568581,567642]
[146,169,254788,254434]
[147,60,726857,727544]
[148,275,86395,85692]
[149,105,667063,666975]
[150,274,35769,37145]
[151,18,200916,201974]
[152,21,721924,720608]
[153,197,561559,561498]
[154,35,490289,489728]
[155,179,680020,678670]
[156,238,302425,302502]
[157,208,652724,654137]
[158,276,594404,594672]
[159,114,549016,549469]
[160,126,705986,707445]
[161,257,126091,125644]
[162,261,20707,20585]
[163,33,674819,674439]
[164,210,329761,330242]
[165,205,21019,19892]
[166,173,205274,204003]
[167,132,370795,372254]
[168,88,361192,361424]
[169,49,213484,211995]
[170,190,606526,607131]
[171,77,19221,19170]
[172,102,676136,677167]
[173,168,722470,722635]
[174,148,431852,433145]
[175,223,486993,485527]
[176,60,668118,669536]
[177,275,312754,312449]
[178,126,684098,684256]
[179,101,660954,659872]
[180,159,57374,57128]
[181,212,677518,678296]
[182,188,282332,282507]
[183,268,143227,143350]
[184,208,617233,618638]
[185,212,612195,613449]
[186,132,279123,280178]
[187,224,125472,125528]
[188,202,407027,407261]
[189,3,646073,645708]
[190,169,10137,9937]
[191,112,445463,446107]
[192,10,340979,341801]
[193,188,513791,513964]
[194,21,58833,58486]
[195,194,41368,42289]
[196,151,477070,476397]
[197,121,621435,620203]
[198,156,585831,586617]
[199,175,319081,318185]
[200,81,596728,596575]
[201,85,358194,357689]
[202,217,676205,675979]
[203,237,39086,38504]
[204,273,712998,712235]
[205,36,122177,122575]
[206,178,358246,358883]
[207,134,264464,265229]
[208,60,494728,495837]
[209,279,28722,27662]
[210,248,423566,424008]
[211,30,333953,334501]
[212,206,547820,547893]
[213,208,291630,292681]
[214,135,30351,29261]
[215,267,367461,366950]
[216,76,175453,176034]
[217,23,679921,679654]
[218,216,456624,458059]
[219,197,471186,470601]
[220,188,144330,144609]
[221,218,597595,598736]
[222,198,490572,491287]
[223,246,716137,717467]
[224,249,251168,250312]
[225,65,318618,317609]
[226,245,112014,111950]
[227,142,291682,292500]
[228,256,481782,483070]
[229,204,36967,37634]
[230,41,408576,407845]
[231,268,279067,279140]
[232,247,140711,139701]
[233,13,343376,343263]
[234,103,171504,170802]
[235,57,452533,452343]
[236,132,299063,299261]
[237,255,584931,584587]
[238,254,298434,299009]
[239,152,294462,294901]
[240,86,523815,525060]
[241,105,399921,398792]
[242,155,451934,450665]
[243,62,11803,11978]
[244,206,413332,414716]
[245,226,651616,651859]
[246,276,74212,74521]
[247,36,205707,205789]
[248,259,279765,279140]
[249,246,642419,643823]
[250,4,91835,92805]
[251,16,18626,18901]
[252,268,81720,82939]
[253,152,471825,472003]
[254,34,369605,370934]
[255,232,549367,549557]
[256,135,445805,444957]
[257,161,556304,555495]
[258,100,263700,264755]
[259,253,257831,257179]
[260,214,640837,641982]
[261,264,144792,145151]
[262,195,175730,175101]
[263,217,344946,344783]
[264,180,133068,133606]
[265,187,124651,124569]
[266,183,10044,9175]
[267,243,24049,23564]
[268,126,502706,503888]
[269,150,393995,394973]
[270,147,681578,680374]
[271,166,484296,485594]
[272,88,644563,644613]
[273,278,467797,469209]
[274,239,626367,625963]
[275,60,255286,256194]
[276,119,8502,7580]
[277,244,601134,601791]
[278,133,105224,104857]
[279,88,639060,639800]
[280,238,670123,671487]
[281,122,454341,454451]
[282,42,291341,292390]
[283,209,179617,179266]
[284,141,651928,650607]
[285,177,115590,114280]
[286,109,310052,309660]
[287,150,651841,651938]
[288,33,640733,640238]
[289,149,397487,396412]
[290,171,516706,516267]
[291,9,591767,590637]
[292,49,469088,468264]
[293,235,130857,130719]
[294,137,520964,519631]
[295,58,35535,35876]
[296,274,478075,479184]
[297,106,543392,543874]
[298,142,225756,226262]
[299,83,518852,518607]
[300,211,503868,503682]
[301,276,319744,320670]
[302,82,43302,44063]
[303,189,626108,625096]
[304,48,280238,281307]
[305,227,435889,435157]
[306,54,473201,474700]
[307,219,410620,409780]
[308,123,554993,554135]
[309,123,26546,25888]
[310,228,217591,217775]
[311,10,93632,94852]
[312,166,687160,688416]
[313,119,33165,32755]
[314,196,105881,106369]
[315,34,622929,623932]
[316,70,113003,113450]
[317,142,32001,32877]
[318,23,704075,702640]
[319,20,459219,459708]
[320,107,638208,636888]
[321,21,101338,101090]
[322,35,484337,483740]
[323,145,108163,107109]
[324,236,220704,221097]
[325,136,450796,451003]
[326,195,18062,17908]
[327,253,282167,281793]
[328,32,410427,411531]
[329,50,599573,599996]
[330,206,48027,48601]
[331,217,85181,84386]
[332,257,111160,110461]
[333,252,379694,380664]
[334,185,4789,3300]
[335,208,729356,730045]
[336,200,171512,172720]
[337,67,64823,63504]
[338,132,378590,379172]
[339,122,171605,171664]
[340,233,210009,209765]
[341,178,214414,214557]
[342,61,548906,547530]
[343,167,276369,275006]
[344,207,571111,570363]
[345,256,26019,26060]
[346,260,101029,101302]
[347,2,246517,247956]
[348,89,275904,274587]
[349,158,4422,5290]
[350,10,486022,486894]
[351,103,164742,163357]
[352,10,321379,322588]
[353,214,409805,410740]
[354,173,169990,169777]
[355,241,145779,145135]
[356,170,470895,471528]
[357,272,464897,465515]
[358,241,140339,139496]
[359,19,151049,150712]
[360,87,608392,608280]
[361,84,461988,462223]
[362,10,249817,250773]
[363,176,638677,639275]
[364,134,637373,637745]
[365,87,303118,301629]
[366,103,210978,209619]
[367,246,625162,626630]
[368,272,291729,292058]
[369,165,494302,492951]
[370,50,287679,287745]
[371,221,325054,324443]
[372,48,716506,717989]
[373,211,102964,102476]
[374,12,222536,222860]
[375,17,711951,710804]
[376,253,552562,551560]
[377,60,473418,473992]
[378,66,103590,104120]
[379,132,684384,685477]
[380,71,140990,140854]
[381,195,587482,586975]
[382,214,188829,189155]
[383,222,643058,644322]
[384,279,585680,585384]
[385,216,536315,537620]
[386,38,647589,647633]
[387,178,644714,645466]
[388,190,535936,537245]
[389,126,281862,282846]
[390,13,176072,175149]
[391,137,551489,550856]
[392,277,565097,563959]
[393,275,632572,631301]
[394,12,501371,502678]
[395,186,257064,257731]
[396,40,295283,295878]
[397,213,167657,167317]
[398,166,122113,122895]
[399,134,201555,202967]
[400,215,648904,648501]
[401,38,467401,467677]
[402,213,86433,85173]
[403,209,728809,727448]
[404,233,282791,281703]
[405,56,661109,662415]
[406,57,366084,364970]
[407,157,712089,711706]
[408,218,162999,164448]
[409,42,585068,585688]
[410,273,270097,270030]
[411,65,686808,686048]
[412,71,690502,689164]
[413,245,589373,589013]
[414,201,683137,683075]
[415,263,115508,114705]
[416,111,148116,146997]
[417,227,698719,697534]
[418,269,551473,550907]
[419,247,463332,462053]
[420,262,300796,301720]
[421,172,438818,439283]
[422,53,406244,405678]
[423,260,569220,570347]
[424,41,310583,310024]
[425,240,514036,515051]
[426,201,221318,219837]
[427,68,312086,313480]
[428,108,339108,340368]
[429,271,504977,503861]
[430,177,591501,590154]
[431,233,320584,319768]
[432,182,715152,716583]
[433,84,271729,271928]
[434,188,459566,460368]
[435,172,396890,397990]
[436,279,249593,248753]
[437,235,56699,55531]
[438,241,136510,135360]
[439,216,246880,248209]
[440,232,587415,588248]
[441,21,232822,231383]
[442,92,645927,647025]
[443,197,468624,467199]
[444,19,363753,362472]
[445,259,610168,609994]
[446,251,678329,677534]
[447,149,586474,585009]
[448,124,80749,82061]
[449,244,162060,162841]
[450,275,259138,258291]
[451,128,574545,575725]
[452,193,249255,248226]
[453,167,34674,33772]
[454,41,155237,153886]
[455,196,519328,520801]
[456,255,409604,408708]
[457,189,374154,373003]
[458,132,50914,52262]
[459,76,168348,168874]
[460,203,658064,656765]
[461,211,290550,289613]
[462,11,510369,509512]
[463,54,121144,122193]
[464,86,381217,382194]
[465,265,199235,199070]
[466,125,639867,639026]
[467,258,90658,91482]
[468,238,54518,55589]
[469,256,431852,432271]
[470,203,88633,87311]
[471,69,171481,170516]
[472,119,529720,529064]
[473,207,123710,123505]
[474,85,6977,6565]
[475,32,536171,536863]
[476,111,20609,19920]
[477,127,210500,209668]
[478,39,4427,3750]
[479,77,158508,158217]
[480,112,411876,412825]
[481,41,569414,569238]
[482,105,488567,487620]
[483,72,18408,19228]
[484,238,61974,62100]
[485,127,249910,248670]
[486,222,622128,622823]
[487,52,377492,378609]
[488,138,213097,214514]
[489,10,510780,511921]
[490,268,30412,31137]
[491,72,336801,337122]
[492,217,296548,296053]
[493,49,569511,569171]
[494,137,167898,167519]
[495,195,332710,331511]
[496,99,473590,473535]
[497,278,118992,120218]
[498,264,465753,466456]
[499,241,342239,341440]
[500,123,540869,539866]
[501,277,695465,695300]
[502,10,330499,331625]
[503,279,403696,402778]
[504,101,280179,279597]
[505,223,31076,30393]
[506,93,718792,717381]
[507,240,704908,705311]
[508,244,196143,197562]
[509,25,555994,555914]
[510,150,399930,400134]
[511,51,310290,309525]
[512,125,315315,314941]
[513,192,491322,491537]
[514,113,64700,63634]
[515,6,507433,508142]
[516,168,392772,394216]
[517,80,512954,514322]
[518,252,660341,660862]
[519,66,25221,25928]
[520,245,303898,303163]
[521,163,605900,605393]
[522,132,421262,421783]
[523,85,118398,117807]
[524,261,455298,454977]
[525,242,449653,449868]
[526,183,132967,132517]
[527,177,102270,100969]
[528,144,36385,36591]
[529,145,438106,437106]
[530,185,525024,523620]
[531,91,45872,45191]
[532,218,225338,225898]
[533,132,43786,44110]
[534,45,67297,67228]
[535,7,479631,479093]
[536,278,167319,167949]
[537,142,191684,192488]
[538,145,500477,499447]
[539,166,524748,526216]
[540,243,692726,692249]
[541,68,617455,617680]
[542,233,623766,623159]
[543,76,318438,318689]
[544,149,13657,13511]
[545,242,723599,724282]
[546,129,55976,55781]
[547,105,93393,92782]
[548,35,225500,225241]
[549,159,151961,151151]
[550,223,386779,385696]
[551,36,165527,166863]
[552,155,573462,572006]
[553,160,576843,577868]
[554,118,642858,643284]
[555,97,125953,124806]
[556,45,44034,42876]
[557,10,405266,405557]
[558,233,363629,362308]
[559,62,600863,601303]
[560,234,191658,192782]
[561,31,643608,642910]
[562,92,296710,297171]
[563,223,378796,378364]
[564,219,248208,247606]
[565,264,655528,656623]
[566,31,5509,5128]
[567,263,435114,434198]
[568,114,510903,512168]
[569,46,540721,541908]
[570,135,148969,148535]
[571,78,175510,176401]
[572,49,710945,709916]
[573,89,619030,617865]
[574,179,365854,365445]
[575,271,326629,326425]
[576,271,86645,85621]
[577,50,526552,527441]
[578,88,57420,58026]
[579,9,70525,69355]
[580,112,117212,118659]
[581,125,649448,649349]
[582,146,404461,404605]
[583,110,505919,506537]
[584,167,376048,374588]
[585,85,254682,254076]
[586,269,359675,359633]
[587,177,384484,383629]
[588,63,559607,558873]
[589,191,6400,5887]
[590,12,310363,311394]
[591,246,582340,582720]
[592,112,141314,141715]
[593,94,188095,188843]
[594,138,406107,407300]
[595,183,525390,525321]
[596,199,116170,115808]
[597,0,635313,636403]
[598,169,490580,490230]
[599,148,10585,10997]
[600,196,107269,107304]
[601,54,320262,320408]
[602,272,673820,675267]
[603,215,401397,400503]
[604,206,726006,726426]
[605,133,166540,165204]
[606,272,592296,592345]
[607,62,300742,301392]
[608,17,492433,491098]
[609,162,188017,188656]
[610,44,301536,302447]
[611,253,398172,396994]
[612,234,264563,265720]
[613,2,622818,623506]
[614,203,711563,711282]
[615,28,174149,175166]
[616,19,166461,165228]
[617,223,504880,503977]
[618,108,285865,286036]
[619,53,351267,350735]
[620,11,178566,178121]
[621,233,511046,509598]
[622,163,460760,459877]
[623,93,574905,574843]
[624,86,608043,609444]
[625,151,600568,599270]
[626,13,376197,375931]
[627,54,694621,695393]
[628,199,172470,171379]
[629,234,28466,29485]
[630,235,717379,716095]
[631,47,309272,308963]
[632,119,257462,256586]
[633,38,228739,230044]
[634,160,590199,591172]
[635,143,405174,404582]
[636,9,395,86]
[637,182,693406,693496]
[638,250,195953,197200]
[639,246,290784,291670]
[640,128,728000,728122]
[641,156,271644,272666]
[642,23,198793,197804]
[643,124,441533,442188]
[644,88,71539,72918]
[645,239,499521,499204]
[646,46,153311,154560]
[647,167,282341,281319]
[648,127,402608,402145]
[649,262,385769,386460]
[650,217,708415,707185]
[651,24,325259,326209]
[652,266,550358,550954]
[653,176,67389,67941]
[654,156,525443,525756]
[655,94,199203,200258]
[656,187,405849,405204]
[657,99,262465,262433]
[658,71,429205,428250]
[659,202,624822,625415]
[660,278,86421,86553]
[661,221,144945,144015]
[662,190,45464,46253]
[663,130,239195,239801]
[664,21,311399,311295]
[665,85,381694,381353]
[666,110,266941,268394]
[667,110,673479,674459]
[668,39,229387,229039]
[669,215,575142,575064]
[670,123,56065,55156]
[671,249,324237,324095]
[672,175,315575,314475]
[673,185,218740,218378]
[674,11,485805,484684]
[675,173,562965,562924]
[676,264,451055,451413]
[677,43,212008,211277]
[678,105,207531,206868]
[679,149,450820,449586]
[680,110,701481,702250]
[681,106,98690,99256]
[682,54,43655,45148]
[683,59,313605,312953]
[684,176,200113,200380]
[685,176,710418,711281]
[686,210,278296,278587]
[687,112,379189,380409]
[688,176,82219,83381]
[689,106,613961,614026]
[690,137,197994,196607]
[691,183,320626,319549]
[692,130,505601,507001]
[693,195,653815,653390]
[694,216,554982,555368]
[695,115,521192,520699]
[696,174,306364,307318]
[697,165,98447,97010]
[698,116,496496,497176]
[699,265,570434,568947]
[700,233,103525,102762]
[701,200,240073,240457]
[702,22,606659,606692]
[703,252,555487,556723]
[704,6,55071,55456]
[705,105,478420,478355]
[706,54,647393,648447]
[707,179,633048,631779]
[708,255,491966,491018]
[709,67,172954,171616]
[710,256,574533,575246]
[711,199,583902,583185]
[712,67,134364,134228]
[713,47,730648,729920]
[714,2,559266,559475]
[715,178,394917,395350]
[716,139,310811,309791]
[717,174,395465,395735]
[718,78,647862,648880]
[719,140,22414,23715]
[720,189,620125,619257]
[721,236,198489,199361]
[722,185,362679,361426]
[723,102,592810,592998]
[724,143,202020,201143]
[725,150,514309,515376]
[726,20,40965,41373]
[727,181,363142,362195]
[728,0,17938,18093]
[729,60,691902,692343]
[730,106,338193,338332]
[731,123,230195,229432]
[732,188,721460,721880]
[733,38,575893,577235]
[734,117,256538,256463]
[735,213,83690,83562]
[736,154,583567,584854]
[737,171,730722,729347]
[738,238,201129,201863]
[739,234,249175,249594]
[740,250,463063,464494]
[741,141,567181,566038]
[742,182,727249,727757]
[743,78,147071,147523]
[744,276,107140,108504]
[745,209,598145,597558]
[746,90,190592,191991]
[747,87,686732,686600]
[748,7,150245,148899]
[749,161,65571,64153]
[750,236,262098,263495]
[751,215,588829,588634]
[752,279,230590,229803]
[753,259,575677,574834]
[754,241,31079,29884]
[755,39,140938,139778]
[756,209,585006,583788]
[757,53,127461,126756]
[758,161,278567,277986]
[759,57,51029,50556]
[760,265,392619,391573]
[761,2,9286,9658]
[762,95,576566,576114]
[763,262,309950,311097]
[764,87,125679,125493]
[765,44,205561,206218]
[766,241,258239,258028]
[767,16,562720,563916]
[768,114,520551,521694]
[769,39,271950,270553]
[770,1,77379,76948]
[771,172,684522,685582]
[772,97,569836,568991]
[773,35,381233,380110]
[774,154,217265,217353]
[775,131,254218,253649]
[776,188,163314,163349]
[777,129,17541,17366]
[778,61,187526,187232]
[779,144,339944,341383]
[780,33,137471,136565]
[781,104,576277,577393]
[782,6,457642,458374]
[783,221,448631,447954]
[784,75,23583,23449]
[785,253,461800,460376]
[786,205,296702,295428]
[787,121,6086,5089]
[788,84,402219,403301]
[789,27,198173,198016]
[790,64,452775,453914]
[791,248,621609,621909]
[792,43,102182,100950]
[793,88,572381,572546]
[794,233,635806,634982]
[795,57,186440,185757]
[796,84,74048,74976]
[797,165,455535,454991]
[798,106,50508,50757]
[799,138,724846,725036]
[800,165,247318,246124]
[801,148,301098,302363]
[802,274,153583,153829]
[803,97,399388,398776]
[804,209,124709,123284]
[805,63,62250,61301]
[806,210,228191,228452]
[807,110,189634,191126]
[808,60,319685,320484]
[809,263,525272,524379]
[810,261,719884,719591]
[811,184,693205,694021]
[812,142,46678,48166]
[813,78,98416,99329]
[814,27,310549,310375]
[815,120,597794,598374]
[816,13,595225,594810]
[817,208,15003,15171]
[818,109,478230,477476]
[819,203,506655,506487]
[820,168,169921,170816]
[821,215,76650,76534]
[822,252,232595,234003]
[823,39,245264,245102]
[824,6,38856,39472]
[825,213,451716,450319]
[826,140,228355,229628]
[827,103,466011,464672]
[828,258,650189,651365]
[829,184,224272,225513]
[830,227,109127,108333]
[831,44,500410,501501]
[832,96,229463,230037]
[833,65,630238,629883]
[834,39,316633,315287]
[835,144,5241,5731]
[836,115,208465,207595]
[837,3,651709,651527]
[838,171,510807,510544]
[839,253,126669,125337]
[840,17,468741,467267]
[841,113,363209,362327]
[842,105,711943,711531]
[843,223,198724,198359]
[844,50,150933,151544]
[845,223,149815,149293]
[846,230,559156,560193]
[847,106,219498,220516]
[848,160,353400,354602]
[849,101,567716,566958]
[850,169,682289,680953]
[851,152,133611,134886]
[852,245,529640,529443]
[853,53,145825,145571]
[854,267,55048,54933]
[855,22,664400,664974]
[856,259,289380,288013]
[857,17,196855,196787]
[858,230,638139,639385]
[859,59,394139,393394]
[860,103,282688,282069]
[861,135,607696,606240]
[862,88,575622,577027]
[863,104,673208,673663]
[864,143,231507,230309]
[865,176,598982,599037]
[866,18,650233,650336]
[867,107,297462,296557]
[868,151,216378,215547]
[869,139,166545,166006]
[870,248,560806,562304]
[871,195,30850,30202]
[872,12,43014,43734]
[873,268,412709,413777]
[874,123,142317,141388]
[875,46,193307,194408]
[876,83,590818,590328]
[877,95,281839,281140]
[878,66,568172,569276]
[879,51,559617,558733]
[880,201,435119,433755]
[881,200,132517,133116]
[882,220,730017,730846]
[883,129,509307,508041]
[884,24,117373,118117]
[885,75,709764,709566]
[886,241,330407,330036]
[887,127,486189,486082]
[888,230,411545,411885]
[889,260,45909,45977]
[890,189,79726,79098]
[891,137,307138,306777]
[892,255,495599,495181]
[893,247,618339,618273]
[894,53,267271,267001]
[895,259,461951,461212]
[896,80,64172,64994]
[897,94,653949,655353]
[898,251,151564,150579]
[899,207,504649,503868]
[900,230,403358,404811]
[901,14,715676,716345]
[902,265,546642,546259]
[903,140,184045,185196]
[904,43,260806,259485]
[905,70,219053,219294]
[906,101,692992,692669]
[907,115,15732,14851]
[908,254,382576,383933]
[909,275,352157,351778]
[910,189,360506,359876]
[911,74,574099,574682]
[912,215,171220,169836]
[913,159,472534,471372]
[914,16,369252,370126]
[915,65,12764,11868]
[916,220,509933,510988]
[917,83,716046,715220]
[918,230,667785,668879]
[919,126,700764,700976]
[920,57,429829,428960]
[921,126,325977,326528]
[922,266,269853,270502]
[923,17,176490,176195]
[924,157,567205,566865]
[925,267,523553,523046]
[926,213,43204,43155]
[927,142,516301,517100]
[928,165,61111,60273]
[929,206,423344,424579]
[930,247,479011,478418]
[931,279,720569,719923]
[932,42,343179,343639]
[933,205,111809,111033]
[934,173,102689,102644]
[935,0,422737,422767]
[936,271,670707,670151]
[937,81,199380,198728]
[938,30,304307,304540]
[939,265,92200,90829]
[940,38,515462,516783]
[941,100,352625,353528]
[942,56,615695,617074]
[943,183,676531,675844]
[944,29,567971,566504]
[945,85,538441,537073]
[946,34,563828,564027]
[947,33,281594,280220]
[948,105,469670,468284]
[949,9,625735,624594]
[950,255,378286,377975]
[951,160,516081,516601]
[952,43,687291,686734]
[953,67,614404,613372]
[954,256,177970,179207]
[955,63,462673,461961]
[956,81,290425,290339]
[957,168,379919,380747]
[958,35,594430,593145]
[959,79,103412,102935]
[960,11,8607,7480]
[961,6,7361,7795]
[962,156,34459,35619]
[963,142,300312,301420]
[964,97,149578,149172]
[965,188,547007,547649]
[966,10,202292,202693]
[967,158,109551,109632]
[968,28,653024,653758]
[969,42,249166,250583]
[970,124,678147,678570]
[971,10,387712,387758]
[972,274,65020,66112]
[973,186,226155,226462]
[974,33,718038,716905]
[975,208,484852,485107]
[976,145,577737,577204]
[977,176,351933,352501]
[978,74,616914,617252]
[979,186,643951,644754]
[980,122,421260,421730]
[981,268,165510,165651]
[982,264,619580,621073]
[983,236,98810,98946]
[984,62,562080,562774]
[985,252,230923,232369]
