["head":"wrap","lpos","status"]
[21,395195,1]
["io count"]
[990]
["io":"id","wrap","startLpos","endLpos"]
[1,265,526240,525050]
[2,115,289639,289196]
[3,239,180235,179726]
[4,39,375124,374179]
[5,255,139442,138355]
[6,67,252080,250913]
[7,146,9916,9980]
[8,197,94517,94443]
[9,3,704442,703090]
[10,147,307506,306930]
[11,231,635670,635222]
[12,145,53322,52045]
[13,15,117456,116397]
[14,132,102661,103692]
[15,207,264777,263964]
[16,31,123825,123633]
[17,277,403204,402619]
[18,69,275558,275361]
[19,71,529417,528696]
[20,95,26800,25975]
[21,147,684638,683511]
[22,142,517524,518187]
[23,212,434049,435529]
[24,235,168822,168508]
[25,3,675215,674075]
[26,50,165158,166307]
[27,32,584353,584528]
[28,240,193717,194483]
[29,267,384659,383482]
[30,156,417780,418051]
[31,165,314941,314686]
[32,75,177263,175782]
[33,75,200019,199137]
[34,266,90126,90290]
[35,196,41378,42562]
[36,215,336361,335265]
[37,86,102391,102475]
[38,260,215277,216016]
[39,93,649694,649628]
[40,156,32145,33357]
[41,156,399546,399976]
[42,178,604188,605370]
[43,42,657852,658989]
[44,46,484497,485775]
[45,135,513198,512023]
[46,35,561103,560938]
[47,223,465073,464347]
[48,194,512439,512658]
[49,1,713232,711735]
[50,276,38707,39829]
[51,39,474676,474314]
[52,31,50536,49879]
[53,46,530923,532085]
[54,2,311497,312266]
[55,182,375186,375963]
[56,169,655128,654793]
[57,247,489743,488792]
[58,28,174109,174862]
[59,266,500683,501962]
[60,256,450354,451202]
[61,169,514369,513422]
[62,95,178356,178030]
[63,118,523715,524444]
[64,245,507180,505868]
[65,205,686577,685950]
[66,20,337059,337166]
[67,180,277882,278321]
[68,60,189522,190865]
[69,136,560624,560892]
[70,240,577734,578426]
[71,92,369205,369690]
[72,102,376230,376834]
[73,265,486694,486045]
[74,38,535685,536056]
[75,103,28933,28544]
[76,177,145697,144485]
[77,208,455999,457199]
[78,35,300981,299619]
[79,104,490896,491022]
[80,101,691968,691598]
[81,249,323484,322020]
[82,167,365024,364209]
[83,76,384755,385997]
[84,162,574814,574912]
[85,276,348678,349722]
[86,218,220833,221488]
[87,10,284361,284635]
[88,118,665616,666955]
[89,256,190325,191252]
[90,255,142969,142729]
[91,152,178225,178494]
[92,100,84081,85447]
[93,212,694248,695323]
[94,187,73200,73016]
[95,234,68939,69022]
[96,35,423017,422648]
[97,248,103175,104500]
[98,249,347860,347355]
[99,264,478925,479051]
[100,107,592886,592011]
[101,218,345446,346403]
[102,12,39240,39910]
[103,187,149764,148370]
[104,239,370436,369838]
[105,58,303331,304752]
[106,248,15701,17070]
[107,146,310209,311198]
[108,147,419051,417783]
[109,242,43790,45078]
[110,24,165512,166773]
[111,128,694969,695296]
[112,25,243236,242843]
[113,262,397935,398097]
[114,98,521784,522593]
[115,32,727297,727790]
[116,66,161359,162816]
[117,69,718143,716978]
[118,91,531013,530100]
[119,74,385894,387256]
[120,137,35294,34471]
[121,272,666849,667462]
[122,98,572812,573176]
[123,93,345589,344917]
[124,46,504845,505650]
[125,30,287900,288765]
[126,77,548008,546588]
[127,116,234263,234637]
[128,78,525404,525673]
[129,34,188702,189712]
[130,248,231404,232841]
[131,101,444520,443790]
[132,245,65462,65065]
[133,78,378154,378277]
[134,89,251403,250063]
[135,232,399440,400012]
[136,103,267874,266453]
[137,241,629304,629099]
[138,116,168732,170029]
[139,262,3565,4350]
[140,65,459065,458158]
[141,215,726271,725196]
[142,238,375379,375751]
[143,240,111217,111613]
[144,54,348029,349100]
[145,237,15763,14837]
[146,116,678998,680453]
[147,178,88448,89719]
[148,16,281381,281580]
[149,237,106333,105118]
[150,11,685736,685279]
[151,198,197512,197950]
[152,127,148046,147764]
[153,39,280813,280694]
[154,181,621409,620269]
[155,198,693981,695063]
[156,233,351501,350165]
[157,248,438405,439723]
[158,209,210639,209990]
[159,214,685959,686154]
[160,128,411909,412251]
[161,122,447344,447997]
[162,242,419531,420763]
[163,59,547117,545962]
[164,103,515787,514858]
[165,197,102516,102426]
[166,183,266878,265882]
[167,142,85573,86677]
[168,86,483361,483408]
[169,225,388600,387166]
[170,140,423330,423442]
[171,124,189167,189208]
[172,119,562831,562730]
[173,185,331459,330628]
[174,65,715252,713756]
[175,255,310799,310123]
[176,264,276014,276114]
[177,82,199127,200232]
[178,250,65703,66545]
[179,18,198868,200245]
[180,68,211987,212644]
[181,116,265494,265793]
[182,170,643003,643344]
[183,265,77963,76556]
[184,48,522905,524235]
[185,228,548137,548848]
[186,181,245046,244395]
[187,110,337879,338905]
[188,207,691661,690865]
[189,26,198117,198928]
[190,126,430034,430130]
[191,248,454742,456085]
[192,258,607861,608769]
[193,81,453451,452162]
[194,230,142236,143329]
[195,52,482906,484295]
[196,205,626093,625724]
[197,152,601152,601267]
[198,197,580012,579821]
[199,171,201000,199654]
[200,245,443530,442748]
[201,169,539422,538651]
[202,74,244562,245551]
[203,154,498512,499286]
[204,127,147246,146569]
[205,243,518747,517957]
[206,277,443528,442427]
[207,95,129075,128952]
[208,196,49071,49462]
[209,267,276740,275939]
[210,248,115383,116356]
[211,145,36761,35597]
[212,158,618961,620289]
[213,70,627896,629139]
[214,87,525463,525257]
[215,187,73501,72681]
[216,20,658437,658603]
[217,212,616760,616808]
[218,63,329435,328587]
[219,101,488006,487205]
[220,175,455945,455670]
[221,193,128443,126945]
[222,35,120992,119765]
[223,220,313119,314581]
[224,256,554578,555660]
[225,225,618938,617979]
[226,185,220802,219866]
[227,2,588229,589217]
[228,227,29370,28921]
[229,75,261494,260578]
[230,45,281437,280389]
[231,172,544576,545773]
[232,96,333452,333750]
[233,92,79620,80673]
[234,255,627573,626659]
[235,187,264377,263096]
[236,117,601171,600295]
[237,255,40479,39948]
[238,255,506524,505583]
[239,26,354914,355368]
[240,218,128079,128605]
[241,26,108882,109708]
[242,173,691109,690324]
[243,19,351851,351241]
[244,240,663588,664724]
[245,43,504290,503691]
[246,187,357357,357291]
[247,94,611978,612890]
[248,227,684170,683369]
[249,91,547260,547154]
[250,106,682364,683125]
[251,235,228517,227642]
[252,104,331564,332219]
[253,242,559434,559544]
[254,275,511288,511156]
[255,129,657375,656773]
[256,18,369726,370107]
[257,142,78750,79470]
[258,151,156736,156145]
[259,247,554933,554027]
[260,188,697401,698331]
[261,24,57837,58933]
[262,1,188163,187401]
[263,38,556449,557536]
[264,143,330343,330084]
[265,10,102398,102970]
[266,253,27719,27344]
[267,28,45839,46316]
[268,114,394454,394571]
[269,99,524196,523427]
[270,165,40452,39386]
[271,124,559694,560487]
[272,76,7149,8266]
[273,45,546951,545991]
[274,133,187009,185573]
[275,14,522510,523748]
[276,73,430969,430384]
[277,150,666177,667363]
[278,29,303394,302569]
[279,180,294804,295446]
[280,112,426639,428097]
[281,111,78452,78362]
[282,186,722953,723901]
[283,159,443212,442489]
[284,110,189187,190614]
[285,229,70206,69277]
[286,144,516716,517540]
[287,218,80569,80744]
[288,62,586645,587444]
[289,198,474747,475835]
[290,197,4800,4211]
[291,145,231131,230464]
[292,252,275519,275731]
[293,151,470142,469291]
[294,219,125381,124324]
[295,20,20157,20545]
[296,72,361760,362295]
[297,225,179749,179459]
[298,217,207186,206980]
[299,53,327543,326586]
[300,120,629263,629868]
[301,162,87121,87977]
[302,87,444965,444292]
[303,49,29495,28529]
[304,278,572174,573145]
[305,114,276791,277617]
[306,267,671807,671244]
[307,201,652522,651889]
[308,223,333612,332748]
[309,93,375760,374473]
[310,165,589518,588194]
[311,165,718309,716887]
[312,23,614189,614015]
[313,247,466377,465929]
[314,13,589825,588724]
[315,228,58897,60048]
[316,43,105625,105491]
[317,113,539140,539010]
[318,57,122661,122531]
[319,119,517206,517067]
[320,198,3732,4436]
[321,126,65786,66135]
[322,70,472343,472515]
[323,135,147367,147281]
[324,244,322773,323020]
[325,111,450162,449002]
[326,207,416964,415636]
[327,98,678810,680197]
[328,69,665326,664165]
[329,18,611514,612362]
[330,131,317181,316461]
[331,277,516004,515668]
[332,179,528193,527727]
[333,113,355422,354725]
[334,131,220535,219646]
[335,252,380251,381268]
[336,117,471473,471404]
[337,171,71105,70799]
[338,74,144477,145866]
[339,15,627294,626444]
[340,115,205324,204440]
[341,50,477113,478029]
[342,65,274805,274415]
[343,274,116859,117957]
[344,230,724776,726153]
[345,82,557873,557950]
[346,85,529586,529207]
[347,68,219586,220523]
[348,112,62548,63796]
[349,169,247361,246591]
[350,191,691106,690482]
[351,25,479099,478015]
[352,209,506345,505744]
[353,200,459589,459799]
[354,32,357519,357577]
[355,32,62954,64343]
[356,165,706017,705390]
[357,235,59724,59447]
[358,102,555736,555928]
[359,64,25996,26667]
[360,275,37628,36590]
[361,163,490381,489274]
[362,106,213164,214194]
[363,22,439547,439905]
[364,271,109340,109128]
[365,104,51166,51755]
[366,71,118036,116925]
[367,178,31825,32867]
[368,191,218431,217740]
[369,125,90456,89289]
[370,277,710216,709048]
[371,96,660505,661685]
[372,260,12569,13252]
[373,168,81179,81529]
[374,104,624314,625750]
[375,115,30040,28779]
[376,34,454473,455153]
[377,218,604496,605252]
[378,218,19613,20305]
[379,274,92492,93455]
[380,202,86094,87414]
[381,119,665630,665237]
[382,71,214695,214594]
[383,147,288160,286727]
[384,236,71545,72949]
[385,106,580848,580890]
[386,26,224402,225012]
[387,177,239248,238580]
[388,248,194406,194637]
[389,192,712115,712828]
[390,275,576782,575404]
[391,163,610948,609985]
[392,12,78868,80269]
[393,201,431997,430926]
[394,26,226302,227768]
[395,185,169675,169452]
[396,147,487452,486916]
[397,276,608340,609208]
[398,273,214783,213949]
[399,143,253535,252918]
[400,197,526357,526030]
[401,192,178536,178664]
[402,193,175629,174827]
[403,85,165017,164470]
[404,80,217955,218049]
[405,218,85309,86103]
[406,253,523347,522540]
[407,61,395533,395014]
[408,74,263313,263995]
[409,123,186230,185210]
[410,70,612587,612896]
[411,35,98791,98204]
[412,25,223137,222082]
[413,212,581251,582673]
[414,238,445793,446780]
[415,94,681731,682825]
[416,203,460952,460454]
[417,129,293679,292747]
[418,275,460336,458842]
[419,193,357020,355934]
[420,241,67606,66740]
[421,111,38664,38005]
[422,271,624499,623333]
[423,268,559790,561267]
[424,149,217677,216668]
[425,279,60112,59906]
[426,99,6892,6278]
[427,231,439541,438385]
[428,27,193400,193148]
[429,203,565207,564646]
[430,77,328763,327847]
[431,89,298556,297235]
[432,23,165113,164316]
[433,128,168235,168976]
[434,161,146164,145370]
[435,57,552106,551979]
[436,191,343392,343300]
[437,263,702328,701888]
[438,73,228692,227609]
[439,138,301867,302076]
[440,217,115167,114528]
[441,95,221938,221165]
[442,171,358260,356937]
[443,118,309250,310257]
[444,193,270458,269357]
[445,50,489409,490210]
[446,224,18874,19872]
[447,116,365952,367036]
[448,269,139888,139566]
[449,267,215666,214678]
[450,34,623191,623971]
[451,199,276623,275164]
[452,58,721527,721622]
[453,52,710630,710913]
[454,63,155977,155751]
[455,149,706176,705121]
[456,37,482838,481353]
[457,102,384886,384972]
[458,57,208898,208028]
[459,1,112578,112285]
[460,147,60905,59609]
[461,34,102444,103755]
[462,67,1933,1303]
[463,156,359886,360312]
[464,25,29399,29314]
[465,122,406033,407377]
[466,271,277916,276590]
[467,23,180339,179061]
[468,237,611814,610914]
[469,259,305053,303864]
[470,20,82012,82280]
[471,242,379559,380489]
[472,65,661144,660191]
[473,253,131630,130341]
[474,74,322798,323378]
[475,197,592606,591854]
[476,246,318643,319724]
[477,143,196610,196364]
[478,279,437593,436669]
[479,243,646720,646004]
[480,215,89084,88650]
[481,215,183160,182350]
[482,38,67654,68960]
[483,241,138628,138277]
[484,10,119538,120866]
[485,108,289727,290432]
[486,151,452820,452265]
[487,175,223234,222627]
[488,256,41008,41878]
[489,182,310631,310988]
[490,149,498001,497913]
[491,219,407640,407275]
[492,94,150587,151287]
[493,161,215214,214935]
[494,30,287750,287949]
[495,261,341929,341117]
[496,164,508755,509929]
[497,158,237749,239204]
[498,224,300401,301227]
[499,37,151785,151460]
[500,130,431274,431725]
[501,154,564171,565468]
[502,240,645032,645287]
[503,87,577652,576833]
[504,276,623307,624472]
[505,269,671603,670833]
[506,15,131401,130617]
[507,71,545881,544562]
[508,95,258713,258101]
[509,187,469708,469145]
[510,137,40866,39792]
[511,199,207028,205685]
[512,191,482285,481552]
[513,210,505953,506543]
[514,66,510806,511583]
[515,152,366921,367178]
[516,159,218950,218256]
[517,198,106866,108357]
[518,231,395057,394632]
[519,157,281286,281081]
[520,162,368986,370379]
[521,174,702932,704313]
[522,19,549058,548126]
[523,212,681048,682350]
[524,260,131684,132018]
[525,176,38064,38225]
[526,249,385559,384383]
[527,176,555599,555707]
[528,164,270285,270651]
[529,241,618945,618100]
[530,47,622660,621859]
[531,225,517922,517654]
[532,263,578349,577530]
[533,169,224129,223769]
[534,45,278022,277988]
[535,116,4822,6120]
[536,116,521351,522334]
[537,215,728706,728361]
[538,105,413871,412466]
[539,6,529936,530702]
[540,18,46496,46672]
[541,148,290518,290778]
[542,188,102303,103057]
[543,49,12832,11564]
[544,240,729688,730255]
[545,151,161759,160708]
[546,110,39072,39342]
[547,270,572243,572657]
[548,175,218054,216714]
[549,149,726532,726316]
[550,264,42769,43016]
[551,227,425317,424064]
[552,3,137825,137120]
[553,25,559738,559665]
[554,67,137759,136745]
[555,245,541204,539919]
[556,244,146637,147064]
[557,45,82708,81585]
[558,243,216476,216061]
[559,72,316276,317760]
[560,88,563008,564376]
[561,113,395365,395028]
[562,50,351000,351125]
[563,117,250074,249795]
[564,145,633286,632209]
[565,265,230385,230027]
[566,190,249982,251075]
[567,275,126485,126325]
[568,29,54808,54194]
[569,10,139458,140618]
[570,84,502242,502492]
[571,108,77112,78389]
[572,168,305334,306194]
[573,191,683737,682901]
[574,264,572732,574072]
[575,240,353845,355188]
[576,84,560832,561335]
[577,135,381765,380564]
[578,144,713040,714171]
[579,71,532827,531442]
[580,113,212800,212300]
[581,50,488507,489068]
[582,38,572664,572994]
[583,51,283158,282427]
[584,202,376479,376992]
[585,189,28531,27924]
[586,181,439286,439163]
[587,103,373752,372327]
[588,92,658860,659676]
[589,104,662078,662296]
[590,265,147216,146444]
[591,76,143447,144147]
[592,14,172575,172695]
[593,12,285246,286521]
[594,200,124202,125505]
[595,6,350112,350506]
[596,125,23069,22850]
[597,207,524823,524128]
[598,75,268768,268528]
[599,28,302368,302564]
[600,179,665420,664908]
[601,39,457302,456411]
[602,141,717228,717006]
[603,208,136898,138145]
[604,41,270563,269328]
[605,52,500009,500945]
[606,232,467140,468257]
[607,241,663816,662601]
[608,205,417891,417752]
[609,251,48299,47360]
[610,125,470164,470120]
[611,64,146559,147062]
[612,229,465598,464876]
[613,279,36302,35585]
[614,7,24542,23451]
[615,96,713642,714536]
[616,251,590808,589892]
[617,139,369467,369199]
[618,132,268595,269111]
[619,187,163069,162551]
[620,84,713437,714848]
[621,134,692361,692464]
[622,217,212278,211174]
[623,94,123918,124830]
[624,126,370986,371987]
[625,134,580981,581198]
[626,114,180767,182107]
[627,263,293412,293124]
[628,129,270149,269068]
[629,89,243907,243872]
[630,22,27102,28427]
[631,54,355742,356928]
[632,97,584730,583827]
[633,54,52221,52505]
[634,198,512673,514125]
[635,157,582581,582370]
[636,90,398766,399418]
[637,238,216546,217328]
[638,64,675558,676738]
[639,209,641808,641010]
[640,8,557493,557837]
[641,252,269511,269698]
[642,263,7489,7412]
[643,37,328733,327505]
[644,120,339946,340825]
[645,18,615614,616622]
[646,228,38523,38783]
[647,10,353023,353996]
[648,257,62482,62086]
[649,92,335299,336560]
[650,132,335843,336568]
[651,58,223563,224064]
[652,85,600330,598889]
[653,145,164840,163666]
[654,184,228360,228878]
[655,199,339425,339299]
[656,147,81999,81619]
[657,51,68032,67007]
[658,102,454129,454559]
[659,71,60673,59196]
[660,262,224672,226082]
[661,166,623090,624072]
[662,18,801,2197]
[663,17,113604,112139]
[664,234,592603,593537]
[665,76,77063,77529]
[666,76,398282,398386]
[667,230,257554,258119]
[668,6,617754,618850]
[669,89,576141,575287]
[670,124,113514,113621]
[671,103,551997,551508]
[672,19,164052,163298]
[673,78,21463,22071]
[674,224,283005,284335]
[675,211,170706,169965]
[676,263,123555,122988]
[677,177,413927,412735]
[678,51,41257,41010]
[679,248,276417,276999]
[680,46,655738,657214]
[681,41,701016,700838]
[682,17,547235,547049]
[683,136,477592,478487]
[684,158,74787,75744]
[685,12,648054,648440]
[686,238,711511,711765]
[687,174,606101,607396]
[688,211,40694,39369]
[689,104,158100,159438]
[690,191,362807,361526]
[691,154,417183,417647]
[692,193,620056,618841]
[693,264,667082,667366]
[694,232,576295,576754]
[695,186,666161,667646]
[696,58,292567,293049]
[697,261,216726,216159]
[698,236,194731,194797]
[699,17,413074,412794]
[700,132,672495,673348]
[701,261,566024,564811]
[702,42,199127,200369]
[703,117,292522,292068]
[704,229,617673,616562]
[705,200,543160,544623]
[706,244,214159,215184]
[707,43,649825,648846]
[708,95,429058,428982]
[709,192,31159,31624]
[710,26,673728,674456]
[711,270,176527,177838]
[712,204,108930,110233]
[713,86,525877,526254]
[714,245,307408,307304]
[715,36,172140,172371]
[716,66,543370,544342]
[717,189,190824,189490]
[718,12,232928,233475]
[719,194,521718,521772]
[720,136,76787,76902]
[721,238,76524,77295]
[722,61,121134,120260]
[723,72,265221,265752]
[724,226,208308,209256]
[725,0,362224,363343]
[726,0,635286,635695]
[727,53,713614,713168]
[728,177,632849,632097]
[729,216,508359,509304]
[730,188,633853,634463]
[731,105,285851,285295]
[732,260,664196,664722]
[733,230,53673,54922]
[734,173,387555,386907]
[735,40,329948,330610]
[736,266,295056,295774]
[737,219,161109,160674]
[738,176,135678,136666]
[739,224,242060,242911]
[740,49,441362,440301]
[741,77,236125,235054]
[742,87,432268,431713]
[743,24,117084,118060]
[744,167,123143,122463]
[745,50,30915,32046]
[746,253,430552,429304]
[747,276,638489,638646]
[748,263,102680,101485]
[749,227,7411,6744]
[750,213,372080,371447]
[751,178,401502,402772]
[752,103,195734,194433]
[753,144,161507,161583]
[754,92,335950,336900]
[755,205,319246,318449]
[756,247,693639,692517]
[757,273,448372,446941]
[758,140,163072,163854]
[759,96,12468,12939]
[760,152,101617,102287]
[761,30,412855,413637]
[762,79,115139,114532]
[763,111,558891,558409]
[764,242,601094,601412]
[765,108,378549,380041]
[766,70,99999,100961]
[767,93,418611,417710]
[768,243,307179,306532]
[769,197,325498,324036]
[770,256,31982,33395]
[771,272,497009,497439]
[772,22,707642,708844]
[773,272,512528,513828]
[774,243,138561,137557]
[775,33,394497,393470]
[776,117,582712,581940]
[777,41,539032,538124]
[778,134,674795,675333]
[779,171,449676,449305]
[780,44,86008,86325]
[781,42,9547,10823]
[782,184,173796,174310]
[783,53,482165,480881]
[784,165,439140,438635]
[785,211,559645,558947]
[786,137,599377,597974]
[787,43,391953,391344]
[788,19,574248,573640]
[789,278,562358,563420]
[790,146,716952,717879]
[791,10,166597,166806]
[792,68,662273,663740]
[793,270,39546,41012]
[794,150,708855,709792]
[795,258,627930,628705]
[796,224,5953,6739]
[797,14,302024,302445]
[798,266,175684,176161]
[799,149,577461,575989]
[800,128,404574,405087]
[801,23,379580,378307]
[802,54,252365,253627]
[803,74,132847,134192]
[804,107,470697,470654]
[805,27,225466,224528]
[806,75,533222,531917]
[807,7,620353,619007]
[808,196,98204,99590]
[809,57,50463,49955]
[810,181,382359,381413]
[811,90,659971,661365]
[812,127,179426,179218]
[813,55,197308,196643]
[814,162,184979,186015]
[815,169,613430,613144]
[816,31,601714,600594]
[817,15,83424,82659]
[818,139,184528,183793]
[819,253,83081,82935]
[820,17,206447,206202]
[821,137,308262,307485]
[822,195,31900,30648]
[823,58,572153,572867]
[824,217,500558,500440]
[825,247,516321,515939]
[826,24,63226,64109]
[827,229,503040,502706]
[828,215,261767,260305]
[829,168,360672,360994]
[830,16,36303,37478]
[831,211,491844,491509]
[832,31,118056,117339]
[833,146,56188,57612]
[834,261,463650,462398]
[835,184,501246,502295]
[836,257,629130,627823]
[837,14,120042,120902]
[838,212,603447,604183]
[839,89,181270,180658]
[840,36,267930,268079]
[841,268,535173,535797]
[842,255,378350,377160]
[843,245,609454,608906]
[844,262,598501,598535]
[845,213,550867,549439]
[846,60,88686,90108]
[847,210,240494,241411]
[848,129,96535,96320]
[849,239,698316,698005]
[850,254,184242,185566]
[851,228,657680,658959]
[852,63,289184,287820]
[853,98,272968,273422]
[854,154,206866,207877]
[855,233,593781,593300]
[856,133,55066,54480]
[857,45,631862,630884]
[858,26,323451,324356]
[859,200,51946,53119]
[860,23,494577,494278]
[861,79,145451,144096]
[862,66,47742,48614]
[863,24,345874,347083]
[864,8,456742,457788]
[865,15,577451,576372]
[866,274,493193,493892]
[867,154,322561,323654]
[868,204,448103,448447]
[869,80,78242,78992]
[870,257,412373,411981]
[871,25,79511,78020]
[872,172,130332,130710]
[873,186,267383,267641]
[874,260,591748,592619]
[875,184,552319,553574]
[876,143,387048,386395]
[877,128,7489,8114]
[878,201,138938,138223]
[879,278,439764,441006]
[880,88,397347,398832]
[881,171,238599,237501]
[882,64,501987,502423]
[883,158,627630,628405]
[884,86,504807,505299]
[885,30,230396,231036]
[886,140,247165,247900]
[887,66,461058,461500]
[888,87,414652,414346]
[889,115,641409,640972]
[890,245,411591,410773]
[891,265,69043,68104]
[892,151,676965,676429]
[893,104,168735,170019]
[894,8,609476,610145]
[895,135,696883,695980]
[896,32,265454,266244]
[897,276,276352,276604]
[898,29,76909,75884]
[899,255,456021,455307]
[900,252,598357,599821]
[901,221,715080,713711]
[902,42,614630,614815]
[903,51,276383,275993]
[904,165,491429,490856]
[905,109,254365,253350]
[906,272,418937,419603]
[907,60,158908,159617]
[908,122,334735,335136]
[909,9,100347,100009]
[910,221,714437,712975]
[911,273,514462,513134]
[912,106,344018,344126]
[913,135,634826,634414]
[914,217,695383,694749]
[915,169,451476,450586]
[916,131,334502,333146]
[917,191,169084,168800]
[918,208,182613,183949]
[919,263,293708,292655]
[920,10,93687,94275]
[921,18,436517,437539]
[922,200,46983,47091]
[923,145,546101,545792]
[924,245,616719,615792]
[925,273,224536,224079]
[926,252,527358,527797]
[927,267,542106,541714]
[928,175,675661,675440]
[929,206,35137,35292]
[930,243,494421,494016]
[931,97,569324,568002]
[932,190,686703,687641]
[933,8,526768,526992]
[934,230,250439,251686]
[935,192,490840,491128]
[936,266,611222,612641]
[937,157,102651,101268]
[938,201,202909,201853]
[939,250,454881,456083]
[940,184,246235,246811]
[941,74,150969,152222]
[942,111,395995,394797]
[943,159,620731,619311]
[944,10,337297,337876]
[945,55,49855,48540]
[946,48,475666,477047]
[947,102,654887,655951]
[948,274,211261,211869]
[949,118,104278,105234]
[950,61,128832,128519]
[951,189,696907,695454]
[952,52,40911,41271]
[953,265,374191,373322]
[954,73,109691,109336]
[955,43,683697,682266]
[956,231,275371,274310]
[957,47,363924,363770]
[958,156,256951,257666]
[959,44,490990,491356]
[960,14,695611,696332]
[961,74,259474,260833]
[962,3,503661,502543]
[963,116,518163,518743]
[964,35,718383,717697]
[965,50,682379,683780]
[966,251,476268,475098]
[967,229,130578,130136]
[968,24,540691,541235]
[969,60,98545,98933]
[970,0,639231,639765]
[971,10,31158,31254]
[972,3,580086,579322]
[973,79,623125,623056]
[974,211,254968,253988]
[975,70,589557,590394]
[976,92,549708,550977]
[977,128,373783,374416]
[978,255,260896,259778]
[979,181,696065,695726]
[980,11,61916,61112]
[981,2,631773,633111]
[982,233,181951,181069]
[983,27,636254,634795]
[984,196,160307,160468]
[985,218,600461,601450]
[986,3,456856,455471]
[987,34,127909,127951]
[988,176,31655,31984]
[989,81,165068,163928]
[990,46,593926,594562]
