["head":"wrap","lpos","status"]
[40,463558,0]
["io count"]
[995]
["io":"id","wrap","startLpos","endLpos"]
[1,155,527373,526234]
[2,199,472558,471364]
[3,183,279662,279050]
[4,186,200246,201352]
[5,190,170685,171577]
[6,220,444254,445183]
[7,181,647612,646474]
[8,157,185571,184228]
[9,97,360195,360018]
[10,238,450597,452035]
[11,212,641749,642909]
[12,102,700764,701787]
[13,110,308300,309190]
[14,239,580261,579881]
[15,14,473904,473935]
[16,202,131298,131784]
[17,64,223873,225104]
[18,54,251137,252300]
[19,236,634136,635285]
[20,184,661275,662040]
[21,243,707272,707042]
[22,264,315438,316775]
[23,110,412925,413027]
[24,111,637582,636299]
[25,74,488529,488664]
[26,9,560110,558681]
[27,149,232590,231677]
[28,46,250701,250749]
[29,211,384537,383604]
[30,178,695221,696334]
[31,234,322980,324367]
[32,250,214116,215098]
[33,130,683097,683962]
[34,68,631368,631950]
[35,231,219072,218564]
[36,89,705751,704670]
[37,220,382859,384317]
[38,190,155571,156992]
[39,156,419914,421188]
[40,125,445107,443816]
[41,68,181712,182880]
[42,100,29213,30689]
[43,111,574400,573308]
[44,250,660827,662243]
[45,238,708502,709613]
[46,158,533367,533790]
[47,239,141275,140061]
[48,79,96197,96081]
[49,110,95643,96243]
[50,40,96002,96053]
[51,22,3207,3603]
[52,40,462898,463219]
[53,99,584921,583731]
[54,37,198472,198320]
[55,107,432721,432596]
[56,114,691715,693057]
[57,220,522773,523747]
[58,214,163494,164820]
[59,63,33415,32920]
[60,198,197415,197715]
[61,194,566303,567461]
[62,113,447131,446283]
[63,215,322099,321509]
[64,239,215148,214369]
[65,181,30669,29818]
[66,5,355515,354286]
[67,249,326470,326258]
[68,210,179931,180527]
[69,141,146441,146293]
[70,191,112307,110950]
[71,57,467956,467565]
[72,40,150167,150948]
[73,97,515763,515580]
[74,195,486409,486181]
[75,94,219651,220183]
[76,119,432311,432027]
[77,67,493062,492833]
[78,0,88423,88732]
[79,23,682937,681603]
[80,90,426415,427020]
[81,215,287677,287174]
[82,151,450742,449254]
[83,47,136648,135732]
[84,157,610998,610083]
[85,249,438385,437709]
[86,155,512177,511684]
[87,121,133309,132242]
[88,91,257830,257097]
[89,120,391144,391927]
[90,106,419734,419898]
[91,182,406116,406805]
[92,131,9665,8343]
[93,164,134194,134991]
[94,156,560223,561443]
[95,157,667335,666968]
[96,226,233381,234568]
[97,150,675764,676114]
[98,88,35196,36410]
[99,76,524663,525476]
[100,253,195123,195061]
[101,108,473254,473950]
[102,60,327559,328945]
[103,147,361542,360448]
[104,151,427897,427059]
[105,91,639956,639896]
[106,72,497070,498205]
[107,230,219852,220389]
[108,8,482032,482509]
[109,61,678826,678265]
[110,256,622754,623070]
[111,108,523725,525026]
[112,278,699148,700451]
[113,66,594596,595476]
[114,120,259210,260690]
[115,59,159997,158751]
[116,258,245713,246717]
[117,134,103717,104410]
[118,80,591394,591572]
[119,182,90931,91758]
[120,213,230921,229433]
[121,135,518548,517629]
[122,253,697892,697635]
[123,222,332025,332552]
[124,176,674836,674954]
[125,186,127325,128125]
[126,78,688895,689251]
[127,37,564743,564620]
[128,26,130800,131862]
[129,17,67686,67561]
[130,89,397266,396352]
[131,143,540591,539311]
[132,82,681015,681129]
[133,261,595923,595830]
[134,6,24718,25293]
[135,257,422600,421883]
[136,244,27044,27097]
[137,107,42747,42238]
[138,172,483213,483300]
[139,177,189483,188852]
[140,162,325917,326287]
[141,159,372516,372116]
[142,166,417041,417830]
[143,201,70998,69750]
[144,87,236799,235999]
[145,161,17873,16459]
[146,202,677926,678845]
[147,177,718264,717718]
[148,214,188776,188882]
[149,35,493946,493420]
[150,10,317439,318656]
[151,191,332647,331401]
[152,84,508667,508800]
[153,120,560143,560754]
[154,254,124192,124823]
[155,227,282625,281229]
[156,268,89956,90500]
[157,14,664856,666355]
[158,20,474830,475224]
[159,63,520911,519687]
[160,241,281469,280733]
[161,210,61684,63009]
[162,110,237077,238454]
[163,98,601246,601731]
[164,247,70990,70350]
[165,233,351387,350086]
[166,253,693537,693473]
[167,65,82579,81838]
[168,228,532654,533490]
[169,170,48041,49168]
[170,205,7914,6832]
[171,20,670636,671194]
[172,161,570678,569652]
[173,263,725016,723684]
[174,120,550581,551633]
[175,63,696656,695941]
[176,75,533583,533443]
[177,136,194327,194753]
[178,201,310244,309259]
[179,169,545478,545111]
[180,93,306761,306082]
[181,39,189074,187704]
[182,86,235898,236637]
[183,9,262253,261335]
[184,159,501880,501787]
[185,135,209159,207740]
[186,186,689396,689898]
[187,274,250422,251374]
[188,103,227478,227130]
[189,130,560645,560778]
[190,45,564622,564385]
[191,102,650706,651330]
[192,140,596373,596885]
[193,251,333805,333161]
[194,97,3314,2513]
[195,221,410031,409733]
[196,3,626099,625022]
[197,17,304073,303387]
[198,217,192209,191867]
[199,43,48175,46777]
[200,199,264447,263641]
[201,18,122685,124074]
[202,249,603786,602402]
[203,270,540659,541709]
[204,17,222463,221729]
[205,205,385711,385292]
[206,271,281035,280041]
[207,152,503590,504876]
[208,48,729032,729760]
[209,9,149077,148072]
[210,81,162986,162027]
[211,216,245168,246548]
[212,102,2505,3620]
[213,9,284216,283780]
[214,161,305493,304232]
[215,202,30759,31506]
[216,45,349947,349189]
[217,258,713468,714853]
[218,200,332255,333188]
[219,43,399149,397990]
[220,236,353650,355034]
[221,96,309498,309558]
[222,267,727892,727422]
[223,136,221089,221758]
[224,149,327612,327147]
[225,42,569478,570957]
[226,172,212545,213142]
[227,50,160318,160845]
[228,155,343472,343331]
[229,70,388359,389486]
[230,103,161290,160228]
[231,113,449045,448570]
[232,211,105218,104084]
[233,90,116516,117066]
[234,117,493529,493288]
[235,142,216027,216596]
[236,193,630841,630692]
[237,185,318561,318086]
[238,37,695914,695822]
[239,216,683741,684724]
[240,58,413972,414055]
[241,219,296374,296002]
[242,17,139901,138631]
[243,23,491254,490153]
[244,106,1372,1851]
[245,164,311335,312237]
[246,146,520180,520418]
[247,266,2060,2606]
[248,207,422941,422238]
[249,69,188781,188304]
[250,132,157561,158930]
[251,174,83670,84220]
[252,166,68722,69481]
[253,226,386826,388315]
[254,217,609346,607848]
[255,112,542871,543250]
[256,239,567431,566164]
[257,84,484885,485417]
[258,240,433092,433458]
[259,111,108643,107584]
[260,214,121110,121320]
[261,191,138670,137987]
[262,226,534945,535381]
[263,166,331163,332373]
[264,185,538563,537884]
[265,183,84971,83497]
[266,51,78208,77716]
[267,178,53979,55330]
[268,191,283282,281828]
[269,197,379905,378859]
[270,155,559329,557911]
[271,227,345600,344130]
[272,194,128585,129332]
[273,224,702498,703821]
[274,21,582415,581610]
[275,277,480966,480854]
[276,211,262041,260925]
[277,62,241715,242021]
[278,124,362319,362888]
[279,186,513290,514519]
[280,226,133397,133944]
[281,255,513365,513249]
[282,120,579812,581168]
[283,46,303212,303361]
[284,185,261990,261026]
[285,46,436145,436747]
[286,52,338277,339673]
[287,217,103045,102004]
[288,191,387515,386986]
[289,57,361108,360646]
[290,142,157758,159127]
[291,222,608513,609724]
[292,163,5685,4199]
[293,29,216581,216492]
[294,248,647568,648192]
[295,165,490789,490072]
[296,138,256182,257209]
[297,211,356916,355785]
[298,116,204481,205671]
[299,86,519949,521044]
[300,266,471382,472209]
[301,23,64993,64331]
[302,30,318626,319970]
[303,186,149090,150329]
[304,29,489338,489103]
[305,89,133123,132863]
[306,13,575393,574763]
[307,6,17618,18321]
[308,216,171659,172023]
[309,147,143947,143273]
[310,187,673477,672037]
[311,47,604645,603632]
[312,186,216182,217151]
[313,55,266155,265294]
[314,136,184719,185946]
[315,233,439720,439493]
[316,181,662723,662148]
[317,124,55026,55489]
[318,194,418833,419079]
[319,28,638000,638573]
[320,193,73026,72946]
[321,6,581164,581852]
[322,88,359664,359895]
[323,229,455593,455472]
[324,99,131454,130582]
[325,99,59034,58431]
[326,86,231637,231885]
[327,185,583122,582957]
[328,88,341330,341678]
[329,244,261286,261726]
[330,130,657233,657668]
[331,101,616885,615898]
[332,221,635187,634660]
[333,93,58783,58191]
[334,101,588385,586960]
[335,12,466205,467005]
[336,184,168844,169778]
[337,272,647730,648826]
[338,14,499094,499791]
[339,166,485756,487163]
[340,191,80188,79750]
[341,82,64860,65077]
[342,200,509230,509344]
[343,185,8373,7460]
[344,174,450530,450803]
[345,56,530608,531871]
[346,172,287818,288001]
[347,197,693553,692125]
[348,111,582917,581764]
[349,120,337734,338400]
[350,155,188767,188001]
[351,250,252236,252423]
[352,119,56432,55960]
[353,174,886,1593]
[354,139,366044,365297]
[355,11,548581,547806]
[356,178,226632,226758]
[357,153,298263,297207]
[358,47,514462,514204]
[359,85,463925,463274]
[360,251,288444,286990]
[361,207,669347,668225]
[362,96,447190,447939]
[363,37,71791,71540]
[364,130,707443,707863]
[365,252,724003,724293]
[366,156,604698,605660]
[367,115,499939,499100]
[368,156,37355,38488]
[369,48,639429,639721]
[370,99,25835,24369]
[371,224,88100,89049]
[372,59,507052,505609]
[373,228,52019,52517]
[374,149,31341,30700]
[375,226,590746,591147]
[376,37,320610,319788]
[377,189,553145,552949]
[378,23,112784,112081]
[379,26,469438,469620]
[380,155,295943,294959]
[381,75,450556,449702]
[382,217,432178,431267]
[383,109,538631,537315]
[384,238,409485,409890]
[385,267,532925,531714]
[386,209,311489,310598]
[387,42,156145,156306]
[388,43,193146,192678]
[389,39,487100,486622]
[390,190,70887,71616]
[391,43,715269,714155]
[392,46,93411,94781]
[393,234,68103,68225]
[394,50,194000,194666]
[395,167,67527,66248]
[396,62,699106,699746]
[397,177,344467,343237]
[398,123,505281,504248]
[399,225,637357,635929]
[400,169,320883,320507]
[401,171,581926,580535]
[402,128,468904,470400]
[403,138,216346,217767]
[404,149,447367,446895]
[405,236,363519,364386]
[406,212,692582,693219]
[407,146,286728,287437]
[408,125,567023,565863]
[409,222,260774,261984]
[410,115,421503,421040]
[411,9,49752,49573]
[412,279,201374,200561]
[413,45,295775,294745]
[414,57,174767,173683]
[415,129,596988,595817]
[416,110,445074,445476]
[417,116,9203,10447]
[418,50,690462,691679]
[419,0,657670,658363]
[420,8,532589,533757]
[421,256,381120,382274]
[422,187,464582,463172]
[423,244,472017,472319]
[424,25,217716,217350]
[425,245,94156,93161]
[426,63,335098,334029]
[427,42,353832,354369]
[428,134,224170,225552]
[429,35,261060,260848]
[430,277,622124,621372]
[431,105,452753,451313]
[432,268,304505,305231]
[433,276,625474,626676]
[434,80,288480,289558]
[435,121,447974,447015]
[436,69,236250,235341]
[437,87,54850,54352]
[438,185,372376,371572]
[439,89,20536,19221]
[440,18,321132,321761]
[441,103,106307,105682]
[442,43,386447,386096]
[443,105,516375,515431]
[444,131,659267,659009]
[445,47,694773,694701]
[446,201,75267,75196]
[447,119,728471,728044]
[448,76,168855,169452]
[449,150,147913,148465]
[450,240,695107,696470]
[451,266,630304,630958]
[452,169,291432,289979]
[453,88,271090,272073]
[454,214,529073,529503]
[455,202,518338,518469]
[456,141,362365,361896]
[457,243,350618,349622]
[458,259,232952,231692]
[459,155,343555,342138]
[460,58,406091,407354]
[461,84,513825,514957]
[462,17,407521,406707]
[463,202,348706,349466]
[464,9,441314,440444]
[465,90,282321,282807]
[466,176,131182,131626]
[467,180,88378,88889]
[468,128,14274,14822]
[469,53,602488,602313]
[470,88,518926,519292]
[471,224,81027,81581]
[472,93,376079,374955]
[473,81,448835,448490]
[474,261,600658,599171]
[475,79,240752,239640]
[476,210,436770,438032]
[477,266,18227,18860]
[478,179,633109,632164]
[479,117,432558,431227]
[480,50,14924,15187]
[481,93,578192,576746]
[482,72,160761,161604]
[483,169,22849,21948]
[484,42,390185,390324]
[485,249,199984,198894]
[486,76,94204,95425]
[487,14,488730,488852]
[488,6,535268,535593]
[489,244,416487,416984]
[490,258,571898,573086]
[491,95,661762,660584]
[492,80,386530,387482]
[493,240,103923,104152]
[494,186,702034,702472]
[495,258,559834,561164]
[496,11,558527,558480]
[497,224,228293,228873]
[498,27,334803,334129]
[499,60,254744,255438]
[500,253,239708,238947]
[501,154,279898,280835]
[502,17,332649,331522]
[503,177,32726,32521]
[504,269,312478,312202]
[505,220,153039,153413]
[506,248,349326,349891]
[507,33,27280,26785]
[508,73,639117,638865]
[509,50,76654,77350]
[510,276,526309,526646]
[511,208,444025,444539]
[512,77,349768,348299]
[513,221,47404,47327]
[514,21,616434,616160]
[515,203,512554,512301]
[516,210,690634,691406]
[517,129,663251,661838]
[518,32,460097,460657]
[519,73,727965,727844]
[520,241,201186,200429]
[521,171,544958,544287]
[522,24,456671,457275]
[523,183,248270,247706]
[524,57,475915,475118]
[525,140,113656,114251]
[526,194,336374,337756]
[527,148,485423,485872]
[528,12,588366,589431]
[529,102,654379,654601]
[530,68,218140,219095]
[531,57,487205,486095]
[532,216,511429,511971]
[533,250,713403,713656]
[534,62,386211,386948]
[535,184,710797,711178]
[536,181,300927,300889]
[537,164,654396,654729]
[538,9,313392,312299]
[539,161,504249,503544]
[540,244,300530,300633]
[541,8,68277,68973]
[542,200,337296,337601]
[543,170,600382,600617]
[544,198,329431,330433]
[545,61,276946,275824]
[546,181,405795,405343]
[547,209,538354,537638]
[548,103,544227,542935]
[549,244,28294,28952]
[550,251,198059,198027]
[551,20,121791,121868]
[552,26,442878,443911]
[553,255,183745,183101]
[554,204,436322,436746]
[555,85,161947,161833]
[556,25,586926,586318]
[557,159,54025,52593]
[558,92,698468,699799]
[559,17,148869,148269]
[560,202,354999,355327]
[561,193,662733,661598]
[562,42,696370,696569]
[563,167,481598,480998]
[564,176,361880,362060]
[565,0,216111,217015]
[566,78,711782,712363]
[567,182,480226,480983]
[568,206,383733,384546]
[569,80,11498,12924]
[570,258,434450,435734]
[571,16,421152,422419]
[572,138,452040,453269]
[573,128,69639,71024]
[574,278,240472,240852]
[575,177,282153,280863]
[576,191,692949,692291]
[577,213,721620,721517]
[578,59,192270,190915]
[579,277,399437,398022]
[580,246,488813,490281]
[581,54,481938,482691]
[582,267,69025,67830]
[583,190,682105,682642]
[584,109,167273,165999]
[585,66,521451,521689]
[586,111,177904,176424]
[587,100,724374,725377]
[588,251,49584,49382]
[589,47,523214,522831]
[590,8,82924,83643]
[591,201,258643,257673]
[592,260,678296,678603]
[593,30,295645,296645]
[594,155,455833,454706]
[595,15,473096,472557]
[596,121,599927,599292]
[597,23,326749,325928]
[598,28,149574,150114]
[599,125,406460,406070]
[600,255,560172,559398]
[601,99,591946,591138]
[602,142,546301,547391]
[603,175,663100,661620]
[604,195,466384,466237]
[605,210,651030,651798]
[606,259,683278,682528]
[607,156,360414,360444]
[608,225,34795,34107]
[609,216,605856,606993]
[610,160,493654,493982]
[611,160,50167,50688]
[612,173,321057,320955]
[613,109,106679,106633]
[614,169,548620,548377]
[615,44,363379,363511]
[616,102,316350,316578]
[617,2,395592,396168]
[618,268,284840,285956]
[619,4,626277,626814]
[620,55,215213,215105]
[621,266,119324,119573]
[622,190,553800,554772]
[623,79,377711,376793]
[624,114,714272,715326]
[625,21,387152,386537]
[626,80,554818,555132]
[627,205,626682,625697]
[628,86,712296,713393]
[629,104,19456,19850]
[630,42,516812,517304]
[631,113,11770,11094]
[632,150,575442,576250]
[633,84,595099,596177]
[634,242,521619,522800]
[635,147,702681,702002]
[636,91,394316,394119]
[637,247,333864,332870]
[638,6,208336,209759]
[639,73,566395,565627]
[640,5,139526,138474]
[641,66,295129,296113]
[642,151,382369,381476]
[643,17,128540,127300]
[644,34,196988,198314]
[645,215,563346,562102]
[646,86,62322,63416]
[647,2,7517,8488]
[648,178,445783,447195]
[649,23,271213,271087]
[650,149,730707,729904]
[651,77,439029,437715]
[652,54,574256,575317]
[653,201,375199,373866]
[654,182,317029,318467]
[655,191,255478,254068]
[656,176,612821,613814]
[657,134,354487,354531]
[658,100,93661,93725]
[659,13,278714,277326]
[660,268,489575,490226]
[661,120,254750,255735]
[662,130,372814,373538]
[663,181,229550,229504]
[664,201,138698,137839]
[665,138,613279,613578]
[666,43,318738,317297]
[667,216,592062,593317]
[668,247,494064,493487]
[669,237,14719,13285]
[670,243,73536,72123]
[671,264,229496,229573]
[672,17,535366,534614]
[673,80,578692,579138]
[674,213,582004,580951]
[675,276,342741,343369]
[676,29,32278,31687]
[677,168,677923,678606]
[678,53,527226,527150]
[679,152,482685,483588]
[680,199,198972,198482]
[681,274,663065,663969]
[682,230,289635,290290]
[683,33,582671,582300]
[684,147,443651,442593]
[685,245,506947,506506]
[686,66,604461,605313]
[687,123,728518,727993]
[688,167,540529,540255]
[689,137,173750,172297]
[690,128,411451,412522]
[691,134,399032,400084]
[692,152,462485,462745]
[693,206,359330,360491]
[694,211,169828,168772]
[695,7,455525,455102]
[696,274,314122,314353]
[697,218,424399,425186]
[698,237,49143,47925]
[699,270,241680,241832]
[700,191,540089,540032]
[701,247,208309,207766]
[702,236,110801,111207]
[703,263,654832,654216]
[704,68,488967,489298]
[705,88,195108,195599]
[706,130,44774,45980]
[707,16,48117,48683]
[708,12,349272,350619]
[709,196,716940,718079]
[710,279,159402,158354]
[711,111,564023,563011]
[712,123,14508,14250]
[713,245,373374,372822]
[714,202,340045,340421]
[715,94,601813,603010]
[716,207,577419,575967]
[717,14,516661,517294]
[718,234,263662,263826]
[719,264,257932,259416]
[720,207,315894,315665]
[721,173,97624,96233]
[722,71,96426,95042]
[723,158,295292,295532]
[724,46,689876,690365]
[725,74,465621,466532]
[726,171,159830,159536]
[727,57,237596,236285]
[728,208,7955,8348]
[729,109,522971,522032]
[730,258,21326,21992]
[731,113,451453,450919]
[732,275,158488,158086]
[733,101,105555,104431]
[734,114,122496,123789]
[735,78,183956,184618]
[736,252,32293,33589]
[737,57,156911,155560]
[738,238,305267,305666]
[739,144,676137,676473]
[740,31,441178,440988]
[741,140,630277,631099]
[742,82,504617,504981]
[743,6,239526,239933]
[744,243,426098,424988]
[745,184,300771,301168]
[746,268,363034,363524]
[747,29,126372,126105]
[748,271,488814,488770]
[749,118,414480,414647]
[750,202,306899,308176]
[751,170,651577,651994]
[752,259,14946,13982]
[753,155,181623,180454]
[754,257,678185,677070]
[755,93,622194,621483]
[756,183,156673,156468]
[757,266,623464,624233]
[758,24,646089,646929]
[759,252,580439,581714]
[760,138,397545,397798]
[761,44,692395,693838]
[762,134,330007,330197]
[763,65,142253,141040]
[764,4,254260,254833]
[765,185,196252,195551]
[766,210,83914,84559]
[767,113,320727,319687]
[768,192,142357,143593]
[769,210,703061,703116]
[770,131,285364,284843]
[771,199,654056,652698]
[772,55,568151,566672]
[773,96,152944,153667]
[774,168,148408,149636]
[775,240,233120,233913]
[776,252,121555,122405]
[777,61,105289,104942]
[778,204,227961,229074]
[779,212,589039,589713]
[780,68,487773,489161]
[781,91,50715,49910]
[782,94,521243,522390]
[783,103,590796,589628]
[784,20,565958,566461]
[785,59,582823,582007]
[786,103,519560,518237]
[787,270,101449,102131]
[788,206,124257,124327]
[789,236,698655,699961]
[790,181,604211,603087]
[791,187,157961,156617]
[792,179,212416,211979]
[793,128,104234,104555]
[794,48,529205,529983]
[795,64,67460,67616]
[796,227,661481,660562]
[797,23,291132,290227]
[798,216,619287,619386]
[799,145,29538,28686]
[800,56,638486,639928]
[801,67,163979,162665]
[802,199,690776,690432]
[803,135,613869,613109]
[804,114,672166,672225]
[805,70,334934,335250]
[806,105,617803,617581]
[807,220,287663,288265]
[808,52,703346,704381]
[809,76,208215,208497]
[810,192,188310,189381]
[811,64,140921,141691]
[812,98,549901,551108]
[813,231,400380,398999]
[814,177,398599,397197]
[815,266,10363,11729]
[816,156,513497,514995]
[817,276,601920,602781]
[818,246,628461,628756]
[819,216,628901,630364]
[820,120,444997,445534]
[821,192,569673,570957]
[822,82,145715,146921]
[823,172,360960,361355]
[824,262,351918,352087]
[825,119,124115,123010]
[826,185,540995,540494]
[827,95,170069,169039]
[828,3,15772,15046]
[829,132,411126,411533]
[830,14,633522,634684]
[831,92,355757,357010]
[832,125,295804,295753]
[833,136,437247,437868]
[834,157,46577,46415]
[835,234,551439,551782]
[836,9,678457,677469]
[837,272,62353,62592]
[838,19,177250,176013]
[839,117,169731,168434]
[840,73,539285,538474]
[841,99,188082,186902]
[842,49,55440,53994]
[843,18,317216,318212]
[844,225,217142,216309]
[845,251,1413,1192]
[846,248,103596,104684]
[847,27,221677,220548]
[848,249,555045,553926]
[849,14,579624,580116]
[850,274,566907,567627]
[851,131,370990,370582]
[852,191,588363,587699]
[853,185,105448,104447]
[854,152,681587,683009]
[855,48,138490,139858]
[856,4,421395,421766]
[857,49,248057,246893]
[858,132,253204,254058]
[859,119,713427,713386]
[860,176,1060,1596]
[861,256,540754,542234]
[862,27,611336,609902]
[863,55,510342,510136]
[864,51,247739,246592]
[865,15,385014,384104]
[866,266,348429,349555]
[867,69,307403,305995]
[868,61,401125,400111]
[869,246,717334,718401]
[870,128,28268,29158]
[871,66,259924,260942]
[872,44,56973,57390]
[873,205,22689,21267]
[874,142,678368,679304]
[875,6,558351,558691]
[876,164,311101,311679]
[877,71,12690,11513]
[878,217,422065,421782]
[879,164,492786,493058]
[880,249,240264,239721]
[881,26,452086,453586]
[882,186,89094,90154]
[883,160,559521,559685]
[884,135,611128,609852]
[885,43,483284,482781]
[886,76,432682,433674]
[887,29,516662,515897]
[888,86,241860,242971]
[889,62,303877,304411]
[890,131,726816,725372]
[891,14,246354,247608]
[892,190,239844,240807]
[893,238,712854,714285]
[894,245,585404,584065]
[895,183,432418,431876]
[896,29,587014,586809]
[897,208,130551,130669]
[898,172,215297,215600]
[899,217,176320,175021]
[900,276,704182,705014]
[901,266,25974,26802]
[902,60,490006,490852]
[903,178,10212,10860]
[904,223,624077,623473]
[905,146,670502,671464]
[906,151,250623,250181]
[907,174,317838,318837]
[908,90,600262,600931]
[909,168,275057,275332]
[910,123,576663,576337]
[911,204,728887,729680]
[912,164,436310,436952]
[913,277,271896,271640]
[914,205,420592,419634]
[915,90,28681,29973]
[916,205,423252,422124]
[917,84,338074,339328]
[918,56,350128,350926]
[919,267,582119,580720]
[920,21,643431,642748]
[921,77,396019,395628]
[922,191,63612,63161]
[923,269,84047,83367]
[924,24,151707,151869]
[925,130,540828,541576]
[926,252,204308,205410]
[927,175,112766,112040]
[928,104,716093,716145]
[929,262,599825,600690]
[930,217,10288,9415]
[931,145,370562,370502]
[932,62,303323,304066]
[933,209,613710,612914]
[934,224,89992,91469]
[935,46,131311,132067]
[936,61,520753,520050]
[937,226,203628,204776]
[938,75,642370,641036]
[939,103,717001,715893]
[940,223,296710,295415]
[941,137,46230,45617]
[942,35,35602,34206]
[943,15,236935,235575]
[944,168,496411,497548]
[945,19,104669,104074]
[946,222,160025,160498]
[947,82,581148,581255]
[948,143,20218,18958]
[949,105,601402,600645]
[950,127,295151,294156]
[951,166,401658,402177]
[952,142,439855,440899]
[953,39,200426,199849]
[954,10,715588,715651]
[955,201,491378,489885]
[956,60,364670,365259]
[957,17,314730,314210]
[958,5,396015,395707]
[959,44,464380,464669]
[960,276,202834,204051]
[961,73,108715,108088]
[962,172,340789,341336]
[963,243,579860,579635]
[964,210,591490,591658]
[965,46,500741,501501]
[966,47,22976,21676]
[967,22,52849,53993]
[968,32,207952,208072]
[969,211,705638,704519]
[970,218,185116,185307]
[971,261,96732,96379]
[972,150,115393,115975]
[973,216,536162,536870]
[974,145,37379,36061]
[975,159,626177,625826]
[976,185,713300,712467]
[977,44,148280,149376]
[978,105,707564,707502]
[979,60,441918,442342]
[980,258,33534,34809]
[981,255,444484,443314]
[982,87,729678,728781]
[983,17,12227,10811]
[984,200,380833,381305]
[985,67,670824,669660]
[986,231,237124,236253]
[987,8,173359,174263]
[988,112,413436,414827]
[989,220,400070,400211]
[990,169,608238,607400]
[991,117,134948,133767]
[992,247,97806,97089]
[993,69,50998,50854]
[994,211,723115,721727]
[995,95,184956,184149]
