["head":"wrap","lpos","status"]
[54,572346,1]
["io count"]
[50]
["io":"id","wrap","startLpos","endLpos"]
[1,87,346162,345162]
[2,129,613418,612418]
[3,186,539950,540950]
[4,132,569508,570508]
[5,152,213435,214435]
[6,123,54510,53510]
[7,220,289205,290205]
[8,12,333467,334467]
[9,126,301549,302549]
[10,223,36550,35550]
[11,225,486430,485430]
[12,124,166877,167877]
[13,104,63535,64535]
[14,177,105048,104048]
[15,62,482769,483769]
[16,65,488238,487238]
[17,241,293359,292359]
[18,145,639511,638511]
[19,11,381739,380739]
[20,102,350765,351765]
[21,48,273396,274396]
[22,252,721826,722826]
[23,39,220344,219344]
[24,54,477506,478506]
[25,74,48347,49347]
[26,12,457963,458963]
[27,218,460250,461250]
[28,219,625644,624644]
[29,14,105496,106496]
[30,155,320841,319841]
[31,60,549506,550506]
[32,54,142497,143497]
[33,161,700826,699826]
[34,248,490473,491473]
[35,144,105462,106462]
[36,142,341346,342346]
[37,188,528301,529301]
[38,278,403810,404810]
[39,122,642418,643418]
[40,98,402979,403979]
[41,155,491003,490003]
[42,15,230515,229515]
[43,181,679383,678383]
[44,100,709147,710147]
[45,165,588151,587151]
[46,219,60048,59048]
[47,275,614474,613474]
[48,217,588360,587360]
[49,64,540565,541565]
[50,126,707378,708378]
