["head":"wrap","lpos","status"]
[116,2384,1]
["io count"]
[2384]
["io":"id","wrap","startLpos","endLpos"]
[1,30,178129,241296]
[2,175,261414,87551]
[3,211,579607,59296]
[4,61,530298,459165]
[5,146,226038,397052]
[6,272,153957,507349]
[7,116,61880,189821]
[8,85,326884,237914]
[9,168,116973,175047]
[10,277,538671,18062]
[11,203,287168,257499]
[12,212,104113,719007]
[13,196,311477,505719]
[14,138,338888,653309]
[15,279,585745,507724]
[16,213,540396,323986]
[17,271,629326,212354]
[18,109,299300,286657]
[19,134,430384,463128]
[20,102,412127,475582]
[21,76,181238,581898]
[22,208,621400,671242]
[23,262,180982,528687]
[24,279,570499,150751]
[25,40,160946,357552]
[26,68,458233,609459]
[27,234,685945,695181]
[28,267,451311,434099]
[29,190,3943,667426]
[30,215,661481,8603]
[31,183,526817,61648]
[32,199,482386,455836]
[33,230,253064,563466]
[34,206,253959,629189]
[35,10,232098,429303]
[36,194,191431,371537]
[37,271,434943,169620]
[38,147,659846,431193]
[39,42,356507,597302]
[40,82,24464,158075]
[41,90,553877,639005]
[42,47,592761,55218]
[43,105,684101,216815]
[44,63,430182,164131]
[45,5,219756,198678]
[46,169,580436,19706]
[47,110,527494,577243]
[48,1,504747,269362]
[49,216,31316,721949]
[50,185,666603,546300]
[51,161,367604,264675]
[52,0,259052,289657]
[53,57,671456,7532]
[54,247,445669,23]
[55,134,152669,237416]
[56,149,179856,4555]
[57,148,266753,358618]
[58,18,5354,584176]
[59,275,724338,11235]
[60,185,308779,277078]
[61,184,216967,664970]
[62,206,161273,344471]
[63,238,110887,266483]
[64,173,703205,280756]
[65,131,473444,324619]
[66,11,597744,489934]
[67,229,723473,642130]
[68,232,156132,359207]
[69,107,647959,151732]
[70,55,577196,345262]
[71,205,530689,358645]
[72,202,100813,430330]
[73,50,72220,177264]
[74,90,189965,343572]
[75,114,36179,279169]
[76,61,510319,285028]
[77,272,27306,230874]
[78,17,598558,3285]
[79,145,601287,194989]
[80,253,522420,176288]
[81,217,674105,216434]
[82,172,297679,519164]
[83,77,536332,134670]
[84,6,277973,597576]
[85,157,425685,373790]
[86,119,367509,269994]
[87,56,45272,103450]
[88,189,596534,106651]
[89,95,299819,190647]
[90,255,637537,310429]
[91,88,176826,442335]
[92,45,309276,277500]
[93,168,70077,74500]
[94,192,32291,245187]
[95,137,555708,523918]
[96,34,54899,405048]
[97,5,707775,279030]
[98,17,165842,154364]
[99,70,231262,517107]
[100,4,285891,342893]
[101,71,430383,39034]
[102,131,432291,77674]
[103,92,118049,688703]
[104,28,702901,714564]
[105,41,495488,322710]
[106,180,285382,439476]
[107,35,554538,382526]
[108,106,220840,541483]
[109,130,109607,584681]
[110,171,555893,88955]
[111,113,662538,582434]
[112,127,646087,278499]
[113,52,512573,629400]
[114,231,352006,169208]
[115,0,181384,432789]
[116,278,184413,229949]
[117,204,158183,538239]
[118,199,358545,222041]
[119,245,652320,651257]
[120,121,325055,181302]
[121,31,592823,154440]
[122,167,684574,298822]
[123,54,79314,372598]
[124,75,617184,484713]
[125,55,600179,245472]
[126,111,651815,7578]
[127,13,671404,60960]
[128,245,514001,402483]
[129,69,426058,175355]
[130,91,434241,268922]
[131,275,655432,55642]
[132,88,40103,635542]
[133,224,314796,479963]
[134,82,97998,614721]
[135,50,235587,592054]
[136,57,490319,41482]
[137,78,12571,167025]
[138,214,23873,722871]
[139,272,273585,675021]
[140,119,667141,502199]
[141,242,223399,552746]
[142,5,706953,10808]
[143,40,206720,499705]
[144,91,711507,164517]
[145,156,141735,172203]
[146,106,78245,440298]
[147,255,692836,275019]
[148,262,589766,623495]
[149,199,495188,419713]
[150,15,608014,570140]
[151,205,599054,44842]
[152,151,411826,288368]
[153,161,150130,50111]
[154,42,10733,382871]
[155,148,476550,712832]
[156,143,138103,111233]
[157,69,686677,126904]
[158,12,182657,195203]
[159,106,54252,236618]
[160,75,443091,135278]
[161,185,474175,342099]
[162,69,349510,53631]
[163,135,281020,11777]
[164,134,41170,92164]
[165,238,461216,574121]
[166,269,409127,182307]
[167,41,407133,131931]
[168,187,227188,29140]
[169,29,61280,2714]
[170,254,205269,707080]
[171,80,10218,725853]
[172,90,345697,540940]
[173,182,395057,628144]
[174,163,673804,40783]
[175,117,729932,53511]
[176,115,517472,30484]
[177,10,471943,540428]
[178,84,222505,527687]
[179,155,633977,105003]
[180,53,509639,325374]
[181,134,292839,665403]
[182,91,175560,129527]
[183,109,194976,179710]
[184,181,408082,180255]
[185,118,369245,493597]
[186,223,392775,116918]
[187,43,349467,152760]
[188,191,636380,459843]
[189,190,440398,448975]
[190,25,587853,436655]
[191,69,419381,250099]
[192,171,720184,131970]
[193,135,278847,5172]
[194,152,153740,184541]
[195,126,303384,656048]
[196,20,141639,617855]
[197,147,630687,70397]
[198,188,76035,648316]
[199,240,256095,456622]
[200,272,104019,694023]
[201,218,115128,477243]
[202,36,433943,722854]
[203,177,187178,171832]
[204,28,264935,414896]
[205,168,1603,601699]
[206,32,420700,715392]
[207,142,654910,716182]
[208,31,168822,54455]
[209,278,154066,403131]
[210,41,506666,479760]
[211,234,141528,719251]
[212,126,312757,318438]
[213,271,697438,101732]
[214,0,43395,257607]
[215,192,310111,450245]
[216,24,29470,181112]
[217,190,225651,518159]
[218,107,609568,159928]
[219,169,650401,147034]
[220,116,84484,648961]
[221,251,551102,442330]
[222,231,611478,3979]
[223,155,310503,167099]
[224,192,81942,445007]
[225,182,377657,601522]
[226,162,321188,353950]
[227,95,583338,15986]
[228,86,186495,644171]
[229,88,244228,665126]
[230,92,474571,690687]
[231,209,641726,573133]
[232,175,399139,319244]
[233,83,696290,687164]
[234,32,248145,658899]
[235,272,101004,364348]
[236,249,675971,506735]
[237,136,24555,208754]
[238,263,712408,659894]
[239,63,546468,52513]
[240,266,404814,604168]
[241,223,718957,406734]
[242,275,426962,400716]
[243,65,687430,665047]
[244,128,380165,580465]
[245,60,175381,421599]
[246,267,135537,88903]
[247,245,672125,125673]
[248,167,492269,229094]
[249,231,462879,147905]
[250,80,5498,218847]
[251,219,239593,176896]
[252,16,290285,659423]
[253,102,231725,416728]
[254,43,502795,422476]
[255,254,155067,528789]
[256,61,270992,195310]
[257,229,387472,301839]
[258,274,7921,472599]
[259,62,276226,648356]
[260,142,12013,520892]
[261,110,257445,644066]
[262,143,703396,109266]
[263,193,440606,179789]
[264,91,671592,264097]
[265,42,452185,681386]
[266,270,333037,467871]
[267,196,284658,295500]
[268,75,369396,311367]
[269,69,638396,282655]
[270,100,14075,628442]
[271,14,10847,577023]
[272,161,661502,320006]
[273,251,485956,137070]
[274,246,310028,389501]
[275,182,427401,469662]
[276,104,176633,285554]
[277,54,414558,696220]
[278,120,13683,640362]
[279,184,175742,596510]
[280,153,598177,173803]
[281,112,77163,114732]
[282,217,557422,61897]
[283,188,119705,728252]
[284,216,127711,432780]
[285,69,468103,108745]
[286,249,310869,167459]
[287,171,327684,43590]
[288,126,325546,664449]
[289,204,606511,624426]
[290,113,188487,149427]
[291,231,595635,436404]
[292,208,352338,671707]
[293,218,376599,392340]
[294,1,548231,129281]
[295,38,413239,555408]
[296,262,534869,634105]
[297,184,346433,716332]
[298,86,215010,377647]
[299,103,346483,207829]
[300,1,640146,599200]
[301,9,415604,229957]
[302,27,162300,70864]
[303,113,591332,422038]
[304,40,68315,685112]
[305,216,105582,563217]
[306,188,368839,655981]
[307,262,290850,499321]
[308,10,119723,454282]
[309,137,645731,4783]
[310,165,526454,494282]
[311,118,23245,186738]
[312,30,111397,420320]
[313,69,220521,165415]
[314,228,83763,90419]
[315,100,6971,215109]
[316,193,439277,60179]
[317,255,715029,165163]
[318,71,283462,81170]
[319,174,476670,642240]
[320,255,441334,244804]
[321,87,399674,9313]
[322,279,89945,59762]
[323,16,53905,680430]
[324,104,195126,441006]
[325,158,116466,479887]
[326,41,474340,35291]
[327,86,369031,582373]
[328,9,176112,11543]
[329,146,11748,47478]
[330,45,83481,78565]
[331,273,720726,249059]
[332,66,452395,587928]
[333,265,445710,11110]
[334,167,426347,155908]
[335,185,275703,51165]
[336,99,666942,616823]
[337,150,300327,604441]
[338,72,77606,173213]
[339,32,128798,589869]
[340,138,647291,725850]
[341,41,561746,233198]
[342,244,338323,665925]
[343,82,372129,383596]
[344,259,198870,58515]
[345,203,592278,484434]
[346,202,151867,328969]
[347,114,388332,549098]
[348,206,310122,439016]
[349,164,344018,403174]
[350,148,149771,495666]
[351,13,231628,60735]
[352,7,427028,99769]
[353,123,599366,39138]
[354,235,569068,333004]
[355,270,192020,563181]
[356,80,309668,719426]
[357,107,479411,55415]
[358,111,407535,246462]
[359,37,679759,489962]
[360,127,542953,70369]
[361,125,730663,169575]
[362,104,88448,702956]
[363,86,233126,580069]
[364,31,652186,625621]
[365,264,315689,408262]
[366,175,166599,130160]
[367,72,492591,721295]
[368,193,605882,7872]
[369,228,523633,700691]
[370,15,295880,189675]
[371,214,495267,654877]
[372,123,555495,13669]
[373,40,433968,652840]
[374,137,664465,167885]
[375,14,246052,300694]
[376,178,100369,423703]
[377,46,220274,254018]
[378,108,116625,562214]
[379,134,379723,673390]
[380,238,154380,175447]
[381,158,290760,671883]
[382,16,283974,310807]
[383,202,36002,540169]
[384,215,475571,384907]
[385,134,477195,522214]
[386,77,246417,133778]
[387,243,606768,414296]
[388,162,75790,445714]
[389,172,446953,709479]
[390,62,185337,460599]
[391,36,473830,588422]
[392,57,289426,162713]
[393,171,502104,323806]
[394,226,3230,103706]
[395,242,156587,284667]
[396,251,52341,1540]
[397,199,585477,75518]
[398,179,343639,112533]
[399,141,612655,107485]
[400,68,483525,579780]
[401,155,67750,31457]
[402,230,411551,438810]
[403,221,685393,574426]
[404,103,595864,397795]
[405,171,513862,447469]
[406,169,446398,218243]
[407,159,489835,101741]
[408,169,233615,90802]
[409,54,640605,682550]
[410,152,74042,261565]
[411,33,316683,207859]
[412,72,87383,449586]
[413,93,68400,63836]
[414,74,275655,277309]
[415,82,243642,505545]
[416,140,28230,571529]
[417,176,172392,692370]
[418,97,384653,229465]
[419,108,39816,687140]
[420,110,116907,336842]
[421,27,583192,94298]
[422,50,514450,680157]
[423,26,25892,387810]
[424,184,117994,547534]
[425,167,648297,168484]
[426,57,513599,111157]
[427,80,3983,335975]
[428,179,263125,137715]
[429,252,273068,361138]
[430,225,584688,237842]
[431,152,120781,281215]
[432,142,343705,390714]
[433,21,424292,232857]
[434,140,511118,722914]
[435,95,678854,123788]
[436,24,10807,683654]
[437,16,64020,168071]
[438,71,243606,85369]
[439,15,635964,361673]
[440,243,213189,168644]
[441,191,545391,310664]
[442,243,298789,24568]
[443,249,610038,502951]
[444,0,161288,486784]
[445,38,248978,386112]
[446,88,29968,494829]
[447,191,425897,56431]
[448,9,492245,105035]
[449,115,330938,241484]
[450,262,78887,532522]
[451,130,228401,278710]
[452,56,292483,535365]
[453,268,373248,466793]
[454,139,637049,81140]
[455,268,433801,516106]
[456,21,526769,295564]
[457,53,233211,96316]
[458,126,66331,710916]
[459,65,730778,220905]
[460,161,366775,218153]
[461,271,392347,197000]
[462,35,196149,83870]
[463,160,28516,466830]
[464,242,214467,439021]
[465,196,328635,430953]
[466,61,626538,38309]
[467,235,377142,329446]
[468,117,351151,126253]
[469,203,102311,69270]
[470,27,451180,330889]
[471,215,589521,295313]
[472,127,649759,484127]
[473,126,265001,325088]
[474,175,611728,187120]
[475,208,370593,576925]
[476,162,468958,622384]
[477,57,595411,333460]
[478,6,54136,665033]
[479,115,543761,225904]
[480,259,728298,228602]
[481,115,107597,77394]
[482,177,153069,93739]
[483,154,230496,471929]
[484,17,581344,276701]
[485,95,156471,17716]
[486,270,210223,591922]
[487,161,185749,166615]
[488,233,538529,208134]
[489,23,693362,618237]
[490,265,111733,73193]
[491,274,410708,447872]
[492,97,300043,162144]
[493,273,601266,97850]
[494,73,533500,39656]
[495,75,681064,434759]
[496,151,538092,402876]
[497,144,101563,423629]
[498,65,277030,271417]
[499,193,233742,83503]
[500,130,679556,723054]
[501,246,30368,203065]
[502,231,477657,278248]
[503,234,101424,634781]
[504,92,230341,704567]
[505,193,484212,316859]
[506,94,117479,668295]
[507,229,689710,620919]
[508,17,582627,352620]
[509,18,151171,401606]
[510,81,542526,319349]
[511,73,385284,196267]
[512,197,663789,153905]
[513,42,54708,250981]
[514,5,239956,7744]
[515,43,458735,339635]
[516,276,47507,567794]
[517,251,380935,41016]
[518,73,303449,128005]
[519,273,404845,218239]
[520,92,45872,304503]
[521,146,220399,613461]
[522,127,690277,289052]
[523,231,153168,68867]
[524,33,427709,387685]
[525,20,234897,373213]
[526,83,457470,154405]
[527,21,483762,346358]
[528,133,694947,676762]
[529,101,725172,299496]
[530,132,204681,310036]
[531,259,478432,302562]
[532,129,501202,347786]
[533,34,98967,361035]
[534,220,253593,418057]
[535,276,280244,512141]
[536,208,257245,417034]
[537,84,26821,261266]
[538,141,455781,15460]
[539,111,717810,664071]
[540,205,206644,20631]
[541,242,293991,422368]
[542,151,299618,257257]
[543,194,258381,478933]
[544,126,395095,620279]
[545,64,285308,430974]
[546,94,286132,538254]
[547,97,384289,55081]
[548,205,267430,31466]
[549,6,151769,635240]
[550,175,203119,182019]
[551,199,443760,55984]
[552,52,511087,579263]
[553,83,166652,21129]
[554,107,382858,104665]
[555,151,316046,282295]
[556,158,236911,375823]
[557,272,245302,713888]
[558,7,429570,83789]
[559,44,418967,604567]
[560,162,462827,479292]
[561,44,335414,634966]
[562,149,375382,148225]
[563,154,134786,322325]
[564,124,263869,640078]
[565,12,50869,398020]
[566,90,313152,506120]
[567,0,112133,429320]
[568,267,492154,182147]
[569,173,381714,148307]
[570,139,672584,312605]
[571,31,316042,166839]
[572,76,68603,327113]
[573,39,628102,517610]
[574,44,242844,266865]
[575,79,539609,379466]
[576,127,286689,256807]
[577,240,148306,462890]
[578,141,300802,164526]
[579,45,709565,697453]
[580,56,6181,727763]
[581,252,37859,524680]
[582,109,564971,231595]
[583,269,705445,52883]
[584,95,229143,182218]
[585,18,73817,173367]
[586,19,530379,200330]
[587,84,38344,195615]
[588,93,599951,109323]
[589,235,540718,397538]
[590,69,499301,284509]
[591,155,275803,220497]
[592,150,595863,661397]
[593,117,436771,236323]
[594,36,201185,236130]
[595,237,507868,265221]
[596,120,480314,509116]
[597,274,90514,202454]
[598,89,708799,424980]
[599,211,476384,365668]
[600,54,82935,622430]
[601,134,310614,389114]
[602,153,396127,67097]
[603,39,410795,97655]
[604,230,56461,260771]
[605,217,609712,161902]
[606,144,171332,560923]
[607,239,64976,41385]
[608,194,164597,291314]
[609,105,237648,182411]
[610,0,327440,340278]
[611,65,708867,189318]
[612,124,77189,493901]
[613,85,615386,252234]
[614,186,475401,702326]
[615,206,267006,608174]
[616,50,166473,464696]
[617,16,29820,680471]
[618,171,468730,4850]
[619,246,159930,660760]
[620,10,215120,722439]
[621,129,194377,110539]
[622,66,236064,630808]
[623,96,436635,560714]
[624,171,381215,300074]
[625,51,316322,297163]
[626,62,321194,355857]
[627,205,230095,166093]
[628,186,8000,264121]
[629,217,709567,461754]
[630,60,422868,436792]
[631,231,612329,472748]
[632,105,608217,50728]
[633,228,172485,527028]
[634,233,634086,596018]
[635,198,301237,576496]
[636,36,666997,688980]
[637,193,480083,251825]
[638,25,460774,218760]
[639,208,263760,673490]
[640,195,449958,212408]
[641,38,565358,663728]
[642,233,532998,494310]
[643,242,183602,536170]
[644,272,122652,670174]
[645,181,709527,165841]
[646,114,76420,472787]
[647,194,76012,220949]
[648,180,91408,288126]
[649,14,149143,394713]
[650,144,381713,593217]
[651,136,82616,650676]
[652,45,707555,102891]
[653,91,601445,568274]
[654,77,702061,323227]
[655,123,411507,99065]
[656,213,274516,228199]
[657,39,433678,233976]
[658,79,356690,147635]
[659,107,651427,70812]
[660,72,430769,488440]
[661,75,451135,345339]
[662,136,274750,660455]
[663,162,4851,598792]
[664,209,683342,89349]
[665,13,615708,530335]
[666,58,186811,258393]
[667,243,489022,231657]
[668,276,35974,225543]
[669,6,231275,542710]
[670,262,340078,728914]
[671,203,513931,287895]
[672,145,277514,82091]
[673,96,114836,693001]
[674,271,193823,158830]
[675,266,574301,585487]
[676,61,599072,257592]
[677,147,539072,226560]
[678,39,491748,53512]
[679,265,536494,337262]
[680,193,408399,279898]
[681,214,191062,649886]
[682,70,131055,276084]
[683,163,532393,125495]
[684,209,481490,82508]
[685,45,273232,43828]
[686,58,301830,532123]
[687,44,291746,375217]
[688,249,665091,664483]
[689,117,520053,282689]
[690,0,113882,591277]
[691,142,595390,658715]
[692,259,640653,124385]
[693,244,297812,712454]
[694,129,726197,387674]
[695,77,602719,116594]
[696,145,540469,490423]
[697,2,27971,162614]
[698,184,264107,270902]
[699,86,72475,258658]
[700,165,522686,4476]
[701,23,569642,522881]
[702,47,568226,32365]
[703,258,149871,678432]
[704,255,501580,17993]
[705,192,44553,639241]
[706,132,258438,464624]
[707,229,600591,594967]
[708,213,450181,41877]
[709,36,510749,579553]
[710,53,671868,280925]
[711,212,3835,610947]
[712,2,220426,711868]
[713,64,169743,450914]
[714,182,12791,464500]
[715,216,282235,692937]
[716,88,105270,192215]
[717,191,664801,132044]
[718,174,201434,229733]
[719,211,624928,541193]
[720,19,640384,354665]
[721,143,684724,201031]
[722,126,49964,576709]
[723,73,630230,238444]
[724,97,504147,51879]
[725,27,640550,527043]
[726,240,107833,349975]
[727,131,402472,277520]
[728,214,248661,682696]
[729,66,499518,501310]
[730,50,175160,537152]
[731,208,304203,394367]
[732,2,1782,473489]
[733,250,192708,223142]
[734,248,321669,351616]
[735,69,558280,195315]
[736,58,485498,661706]
[737,248,345732,511441]
[738,43,395814,87914]
[739,31,421219,237937]
[740,150,431221,572829]
[741,264,257368,641801]
[742,181,485610,284706]
[743,25,695760,138023]
[744,131,345012,344113]
[745,99,425196,291954]
[746,201,304972,41015]
[747,132,242636,684707]
[748,92,173175,476633]
[749,165,305832,4055]
[750,279,605342,456748]
[751,78,39058,654353]
[752,63,495048,284253]
[753,117,326929,48938]
[754,43,384071,211269]
[755,42,245767,651383]
[756,52,17465,100047]
[757,270,21521,448274]
[758,12,107700,292967]
[759,83,635112,437352]
[760,147,483461,304010]
[761,134,25678,438621]
[762,183,619107,237083]
[763,206,206680,266373]
[764,26,16173,254641]
[765,242,83593,394280]
[766,50,316434,384716]
[767,51,163375,20769]
[768,75,679654,478052]
[769,208,93888,685191]
[770,56,372430,677843]
[771,91,522229,8634]
[772,270,576641,621889]
[773,43,561986,415388]
[774,98,152600,611267]
[775,136,130961,329121]
[776,134,182600,695253]
[777,36,66093,453677]
[778,139,217120,213915]
[779,123,457638,121723]
[780,101,204676,34530]
[781,179,210422,91823]
[782,187,716133,310376]
[783,214,18394,39216]
[784,225,292354,266656]
[785,99,375557,19506]
[786,79,382168,241739]
[787,130,625926,701995]
[788,26,198890,493120]
[789,201,382964,312310]
[790,86,191318,644154]
[791,129,708330,46931]
[792,272,518408,682692]
[793,10,176182,268992]
[794,25,410987,11469]
[795,118,349002,585893]
[796,41,250736,38921]
[797,257,727702,111326]
[798,234,421452,443137]
[799,125,450792,321508]
[800,35,657287,289510]
[801,41,582242,420957]
[802,34,621192,656584]
[803,227,679266,231866]
[804,226,85445,627519]
[805,113,433051,65245]
[806,264,546646,627340]
[807,196,85795,681426]
[808,250,432026,675612]
[809,195,522342,457382]
[810,144,162280,564447]
[811,219,242240,61820]
[812,126,669617,712356]
[813,21,652522,267784]
[814,172,22075,310273]
[815,245,345993,137172]
[816,96,65827,314321]
[817,146,137625,328515]
[818,134,299849,639421]
[819,265,702810,533586]
[820,176,43971,153122]
[821,91,541020,177196]
[822,105,331011,105625]
[823,237,656644,423402]
[824,164,300426,403386]
[825,42,285133,526023]
[826,181,473879,185884]
[827,23,321735,86919]
[828,272,559223,606095]
[829,272,130041,349808]
[830,147,636153,484030]
[831,227,390864,172277]
[832,245,426337,401853]
[833,214,12893,70900]
[834,197,227872,140235]
[835,193,163731,50867]
[836,177,291814,169276]
[837,189,342511,111768]
[838,251,308684,31955]
[839,149,608840,386517]
[840,13,348156,78588]
[841,232,234194,716398]
[842,222,92568,302173]
[843,44,753,425323]
[844,115,604262,365543]
[845,204,158476,500867]
[846,237,433107,390660]
[847,277,500313,230845]
[848,10,413448,595621]
[849,21,548756,508081]
[850,166,576889,648683]
[851,195,646184,423681]
[852,259,700988,131615]
[853,198,329852,523413]
[854,210,352034,725655]
[855,102,564313,596846]
[856,29,553237,329493]
[857,144,21047,630637]
[858,0,254029,358014]
[859,151,694862,431634]
[860,60,310790,539528]
[861,276,425763,681782]
[862,81,688342,257360]
[863,88,454120,628730]
[864,173,592248,364603]
[865,235,425203,71191]
[866,246,192506,257908]
[867,190,252139,584493]
[868,229,564508,375805]
[869,88,452565,724619]
[870,113,274063,86013]
[871,186,388646,658063]
[872,48,158497,398887]
[873,249,236694,122518]
[874,14,650360,660529]
[875,43,517342,250251]
[876,129,82362,29121]
[877,99,640994,465913]
[878,118,137574,618002]
[879,131,601645,562728]
[880,31,487755,404810]
[881,49,715102,312978]
[882,43,437578,234944]
[883,183,704661,323978]
[884,246,376389,715042]
[885,12,490782,543679]
[886,259,536751,25573]
[887,178,2378,400601]
[888,95,388732,6044]
[889,196,387057,459773]
[890,17,666644,378634]
[891,139,136480,88673]
[892,49,621243,88522]
[893,157,701387,676823]
[894,158,178707,383195]
[895,137,482586,401101]
[896,161,327748,160861]
[897,87,633022,409642]
[898,27,558849,499830]
[899,240,93843,169897]
[900,250,226145,457251]
[901,36,208114,365207]
[902,153,560613,221390]
[903,278,136672,206801]
[904,138,4364,557629]
[905,108,202102,564985]
[906,178,147490,383556]
[907,130,69958,691583]
[908,48,111354,648545]
[909,23,729450,320966]
[910,155,635566,463984]
[911,170,141395,356467]
[912,207,590084,221249]
[913,36,9190,143093]
[914,15,498003,47965]
[915,259,669884,323935]
[916,230,204216,341237]
[917,78,177329,232720]
[918,172,138852,562494]
[919,231,558579,468047]
[920,58,621462,692877]
[921,199,355008,138893]
[922,101,561486,395317]
[923,111,159574,101520]
[924,83,531003,435996]
[925,192,268471,724761]
[926,203,525817,501529]
[927,170,145003,366684]
[928,254,426025,526874]
[929,258,252018,584461]
[930,132,493552,717205]
[931,277,436492,93552]
[932,241,683532,26389]
[933,56,462958,686900]
[934,15,660858,649446]
[935,235,357825,186625]
[936,47,558878,350121]
[937,29,582425,441497]
[938,180,467842,624840]
[939,160,76372,286424]
[940,114,566704,729231]
[941,91,375270,2909]
[942,31,230970,219998]
[943,52,170809,399788]
[944,131,530035,68976]
[945,22,617637,652472]
[946,255,489592,382234]
[947,268,197126,396998]
[948,205,432693,366543]
[949,274,109443,449954]
[950,154,288758,329437]
[951,212,303359,633782]
[952,18,51076,51573]
[953,88,4758,302169]
[954,45,597283,17378]
[955,27,236233,77444]
[956,66,54763,579084]
[957,210,373773,375434]
[958,273,576928,516685]
[959,259,265992,76642]
[960,67,248110,85270]
[961,226,395344,654610]
[962,177,705199,404807]
[963,204,107230,353587]
[964,67,554329,102858]
[965,212,69648,297095]
[966,104,437046,532140]
[967,242,157249,359490]
[968,16,245759,599240]
[969,257,603559,596192]
[970,261,624722,410013]
[971,222,543964,702303]
[972,39,477970,270044]
[973,254,575417,619542]
[974,106,98417,224644]
[975,161,667265,594397]
[976,210,466080,495776]
[977,83,697278,259413]
[978,135,209458,202393]
[979,117,343414,21558]
[980,25,407967,192470]
[981,124,177308,674412]
[982,277,562956,286137]
[983,227,669671,639405]
[984,191,397159,217456]
[985,113,579010,345155]
[986,241,574571,81222]
[987,139,709665,444024]
[988,270,4121,36602]
[989,188,70909,353394]
[990,45,671186,556525]
[991,237,594414,196828]
[992,143,411479,243690]
[993,67,588742,153314]
[994,238,233289,477591]
[995,132,430078,556186]
[996,272,26135,283662]
[997,21,347267,188142]
[998,262,384616,599552]
[999,77,295225,276773]
[1000,17,453061,87476]
[1001,222,539047,636652]
[1002,57,718292,707763]
[1003,13,325549,161713]
[1004,57,156597,154220]
[1005,91,651449,412278]
[1006,90,237623,691473]
[1007,94,146337,595248]
[1008,32,119961,266370]
[1009,1,300697,281543]
[1010,229,680547,83626]
[1011,248,319447,367375]
[1012,153,729352,662582]
[1013,9,388453,156998]
[1014,117,564871,319457]
[1015,46,434870,689700]
[1016,258,72184,291105]
[1017,31,296598,270059]
[1018,175,281196,188945]
[1019,206,174066,680656]
[1020,105,615231,58386]
[1021,183,100781,48882]
[1022,240,443281,522479]
[1023,140,352102,526677]
[1024,243,624541,210177]
[1025,73,729603,121130]
[1026,180,531740,639033]
[1027,71,603030,115514]
[1028,143,221739,177238]
[1029,44,571039,619821]
[1030,201,563119,529489]
[1031,39,508586,58382]
[1032,269,306345,19272]
[1033,273,515182,165933]
[1034,5,331736,219139]
[1035,114,433021,591859]
[1036,269,576500,71317]
[1037,188,82829,304113]
[1038,172,424825,540541]
[1039,124,46666,290377]
[1040,169,387969,124305]
[1041,275,647100,390685]
[1042,212,126573,636964]
[1043,77,688726,537625]
[1044,259,337104,58667]
[1045,98,185410,224966]
[1046,52,54811,253503]
[1047,220,315468,622834]
[1048,107,217980,128780]
[1049,139,301150,64407]
[1050,133,723672,481309]
[1051,162,11969,140475]
[1052,167,625838,370350]
[1053,148,87841,164018]
[1054,68,287922,436637]
[1055,98,285357,455704]
[1056,234,581224,583146]
[1057,205,240747,175156]
[1058,251,537592,277259]
[1059,163,467815,339381]
[1060,30,86796,502881]
[1061,211,495688,434006]
[1062,72,73481,635736]
[1063,270,153839,540341]
[1064,207,642381,106206]
[1065,103,668936,479001]
[1066,130,175690,188341]
[1067,141,507157,234605]
[1068,68,124272,614708]
[1069,53,619551,579565]
[1070,153,619621,157748]
[1071,112,242414,395122]
[1072,255,601456,115955]
[1073,197,482906,459588]
[1074,83,533557,39544]
[1075,27,663031,502876]
[1076,248,230492,726062]
[1077,53,656505,53478]
[1078,67,667619,285680]
[1079,61,249303,187353]
[1080,39,688569,440592]
[1081,183,508817,280603]
[1082,271,406313,184828]
[1083,101,679993,314032]
[1084,245,521238,340885]
[1085,33,323841,56363]
[1086,13,615097,270518]
[1087,29,550943,251581]
[1088,193,190974,48086]
[1089,170,386031,409178]
[1090,274,215279,609062]
[1091,77,535793,23216]
[1092,144,162398,421550]
[1093,159,309976,139236]
[1094,20,674205,682838]
[1095,96,26077,68740]
[1096,38,207576,214032]
[1097,26,642849,662271]
[1098,262,166556,347416]
[1099,100,287760,576367]
[1100,248,392287,599853]
[1101,121,499364,162169]
[1102,46,186444,342373]
[1103,122,96887,562871]
[1104,185,609297,468453]
[1105,88,31394,33311]
[1106,76,106624,466530]
[1107,136,13126,652436]
[1108,173,716083,330389]
[1109,194,158481,679313]
[1110,220,81698,337751]
[1111,116,197193,203222]
[1112,272,317990,495690]
[1113,48,147807,649611]
[1114,168,31597,641959]
[1115,255,254874,105029]
[1116,100,86841,349800]
[1117,36,111147,465684]
[1118,271,380842,186600]
[1119,216,331501,527873]
[1120,229,570433,471490]
[1121,128,291763,375444]
[1122,245,299492,13330]
[1123,270,84291,314432]
[1124,96,340481,551933]
[1125,132,413052,650936]
[1126,220,370519,653902]
[1127,63,600100,421939]
[1128,273,631168,526010]
[1129,124,396623,540307]
[1130,180,11376,467407]
[1131,187,499864,102655]
[1132,84,120699,557355]
[1133,2,71885,148471]
[1134,67,647292,149143]
[1135,190,107126,249628]
[1136,203,664210,89942]
[1137,105,682914,414906]
[1138,18,99451,292592]
[1139,140,239982,337101]
[1140,39,655210,454688]
[1141,107,438708,62322]
[1142,115,729890,28262]
[1143,119,657186,325625]
[1144,239,652895,482528]
[1145,189,112302,51814]
[1146,276,95016,335291]
[1147,4,36114,470779]
[1148,96,204275,484897]
[1149,240,61316,695871]
[1150,53,630917,489721]
[1151,103,587606,70445]
[1152,167,611769,169557]
[1153,183,575000,572483]
[1154,262,87601,371762]
[1155,92,133034,147054]
[1156,212,14500,282436]
[1157,1,462135,133243]
[1158,61,275150,173069]
[1159,7,389925,133592]
[1160,59,201692,27666]
[1161,184,48567,250932]
[1162,257,322384,250270]
[1163,227,94972,61040]
[1164,73,445679,71124]
[1165,262,131644,454816]
[1166,81,534577,355528]
[1167,32,98192,716215]
[1168,154,45342,146921]
[1169,238,64538,580603]
[1170,18,303733,714343]
[1171,142,107477,446084]
[1172,188,391383,552477]
[1173,95,74682,35509]
[1174,243,496694,168056]
[1175,165,267062,213635]
[1176,245,395087,239223]
[1177,88,183876,724382]
[1178,197,689190,557467]
[1179,28,37011,206357]
[1180,181,633175,486193]
[1181,80,244113,298668]
[1182,244,185238,307436]
[1183,202,355141,540508]
[1184,84,252346,280499]
[1185,187,589281,73934]
[1186,17,700328,282520]
[1187,264,264894,361772]
[1188,236,159213,701037]
[1189,79,554871,505301]
[1190,263,339703,97440]
[1191,102,203461,468327]
[1192,259,658115,342787]
[1193,37,322902,281079]
[1194,86,512174,529898]
[1195,261,524936,2555]
[1196,151,250286,102573]
[1197,213,182247,76180]
[1198,195,695824,464516]
[1199,214,365907,519104]
[1200,108,36113,604334]
[1201,1,448807,162561]
[1202,19,486184,200578]
[1203,263,396347,22376]
[1204,137,696815,283172]
[1205,263,342413,279996]
[1206,132,72406,291683]
[1207,81,568064,14875]
[1208,92,227688,233768]
[1209,35,248197,44077]
[1210,250,50706,191571]
[1211,221,333806,49731]
[1212,18,365768,619361]
[1213,88,63889,89705]
[1214,239,653553,362648]
[1215,134,422220,650797]
[1216,223,522948,171830]
[1217,160,232790,368133]
[1218,151,578485,371311]
[1219,276,158957,482564]
[1220,210,102344,389051]
[1221,53,518242,464148]
[1222,198,101600,524579]
[1223,159,652614,272415]
[1224,124,58380,249251]
[1225,32,220870,244435]
[1226,102,401914,555859]
[1227,206,14529,338431]
[1228,255,329577,93600]
[1229,250,387979,447730]
[1230,257,593268,454295]
[1231,139,727684,713101]
[1232,253,221419,134346]
[1233,145,495407,102683]
[1234,44,355519,690570]
[1235,157,614662,44924]
[1236,7,291368,123565]
[1237,197,512372,281891]
[1238,63,729140,373502]
[1239,153,31264,24215]
[1240,39,429650,303211]
[1241,112,302386,660064]
[1242,7,593948,273350]
[1243,238,420387,520930]
[1244,139,528884,189209]
[1245,49,679404,543529]
[1246,15,101181,63789]
[1247,244,258348,481888]
[1248,125,726402,502622]
[1249,232,152783,383127]
[1250,84,82761,420044]
[1251,133,603248,518539]
[1252,179,334016,251870]
[1253,178,59789,133443]
[1254,37,469675,202796]
[1255,26,154695,698024]
[1256,249,302730,34979]
[1257,208,394787,439278]
[1258,160,158592,550254]
[1259,49,466330,122444]
[1260,151,684823,43502]
[1261,43,340928,1661]
[1262,21,720416,50691]
[1263,170,32291,383231]
[1264,39,402397,309478]
[1265,209,526188,245549]
[1266,201,332736,273070]
[1267,110,495499,715362]
[1268,50,592279,677870]
[1269,69,528813,171912]
[1270,151,353262,22310]
[1271,193,652734,184793]
[1272,75,161823,80924]
[1273,3,167499,146534]
[1274,7,387484,198563]
[1275,31,225754,60723]
[1276,0,153271,566667]
[1277,260,247948,637881]
[1278,144,619373,642619]
[1279,31,381867,55393]
[1280,186,209760,430531]
[1281,41,336845,145704]
[1282,27,712316,591140]
[1283,267,663550,383378]
[1284,161,437312,152589]
[1285,202,480733,686056]
[1286,29,635708,379378]
[1287,149,690107,227045]
[1288,246,175530,510526]
[1289,19,304925,273892]
[1290,88,84136,178026]
[1291,97,431492,293928]
[1292,137,706954,425682]
[1293,153,448137,298268]
[1294,180,126302,723345]
[1295,73,508606,320000]
[1296,73,656190,97997]
[1297,2,166109,424954]
[1298,268,184612,645019]
[1299,133,315792,66060]
[1300,253,377076,37362]
[1301,185,599847,13597]
[1302,177,235804,38226]
[1303,176,321189,380229]
[1304,161,395904,135504]
[1305,7,464003,207882]
[1306,160,191442,298140]
[1307,185,238681,93495]
[1308,72,396141,500971]
[1309,181,605717,310298]
[1310,211,607414,531110]
[1311,51,551919,142386]
[1312,189,579278,29074]
[1313,246,546741,616460]
[1314,8,76646,415580]
[1315,83,659689,115626]
[1316,187,357046,169511]
[1317,208,463325,483813]
[1318,264,245450,624154]
[1319,204,83964,721728]
[1320,151,628688,427620]
[1321,144,379592,425505]
[1322,168,94437,433680]
[1323,41,455254,223271]
[1324,207,330782,6727]
[1325,237,500322,68565]
[1326,95,294578,250991]
[1327,22,317445,447848]
[1328,241,611588,462484]
[1329,135,591179,419401]
[1330,129,475090,438783]
[1331,130,44340,487113]
[1332,209,570721,50873]
[1333,40,189458,664974]
[1334,267,584960,185891]
[1335,66,249096,454747]
[1336,212,270749,558884]
[1337,83,561206,41630]
[1338,87,530259,22971]
[1339,135,563297,340828]
[1340,131,537401,160228]
[1341,204,247238,527426]
[1342,147,587117,473875]
[1343,20,142863,610045]
[1344,114,96685,239078]
[1345,235,636405,534346]
[1346,45,138988,61492]
[1347,38,160495,212393]
[1348,110,210809,667681]
[1349,55,242410,224378]
[1350,21,639092,170274]
[1351,118,450784,682875]
[1352,66,446087,448976]
[1353,220,653549,708772]
[1354,9,687929,571003]
[1355,144,299016,590932]
[1356,46,101486,278901]
[1357,176,605201,706788]
[1358,236,44920,128268]
[1359,105,621986,588270]
[1360,87,538028,36881]
[1361,82,28925,195187]
[1362,21,455190,393528]
[1363,210,115033,496644]
[1364,95,706893,227399]
[1365,10,162580,369114]
[1366,206,145746,300857]
[1367,120,213856,634863]
[1368,110,306917,522102]
[1369,266,413585,513398]
[1370,237,210306,68434]
[1371,61,654962,59891]
[1372,229,576409,41145]
[1373,151,150628,116375]
[1374,179,251944,223418]
[1375,108,187929,577946]
[1376,154,114211,389583]
[1377,54,379416,639014]
[1378,17,340224,95326]
[1379,271,702676,332540]
[1380,209,591083,146295]
[1381,91,601294,203642]
[1382,226,693522,726945]
[1383,7,433691,292417]
[1384,11,646659,390444]
[1385,241,332521,202091]
[1386,176,644753,691795]
[1387,222,279872,365549]
[1388,55,553060,512327]
[1389,4,122002,482104]
[1390,147,271965,124815]
[1391,28,91540,590915]
[1392,279,642772,289485]
[1393,259,338813,219466]
[1394,146,102027,302984]
[1395,250,53865,370810]
[1396,88,33311,596803]
[1397,147,297818,15080]
[1398,123,360716,184478]
[1399,255,400718,163633]
[1400,100,578170,671835]
[1401,73,634803,366072]
[1402,213,659432,281749]
[1403,166,291323,383161]
[1404,26,66635,71323]
[1405,17,671838,76945]
[1406,106,61431,323122]
[1407,102,349502,657616]
[1408,36,454764,677292]
[1409,136,312647,673708]
[1410,89,420815,143723]
[1411,182,307167,592822]
[1412,259,709917,205581]
[1413,35,494898,340492]
[1414,226,510679,516880]
[1415,277,578852,218828]
[1416,175,376053,199229]
[1417,256,70006,685602]
[1418,68,534959,588730]
[1419,253,419453,204302]
[1420,154,504413,522629]
[1421,71,635142,51651]
[1422,147,446675,296870]
[1423,155,692798,294391]
[1424,133,375245,75651]
[1425,157,730987,17070]
[1426,22,516874,661441]
[1427,122,141378,588598]
[1428,180,139959,404599]
[1429,100,181402,621295]
[1430,169,595165,191537]
[1431,144,60416,286523]
[1432,93,293763,256826]
[1433,44,671851,695275]
[1434,119,691795,91276]
[1435,27,679805,494283]
[1436,139,258185,169620]
[1437,181,231268,76701]
[1438,66,198473,349383]
[1439,96,460643,489794]
[1440,179,601801,582781]
[1441,65,588592,241717]
[1442,103,213869,64174]
[1443,32,411469,730604]
[1444,109,420630,210678]
[1445,230,362855,364018]
[1446,182,220820,332986]
[1447,54,200155,641072]
[1448,226,279213,304291]
[1449,27,700725,626624]
[1450,137,474683,457362]
[1451,104,487707,691540]
[1452,50,246366,288386]
[1453,41,697538,389167]
[1454,250,451858,725092]
[1455,155,623248,57807]
[1456,68,23060,571015]
[1457,79,509741,357642]
[1458,45,559725,512756]
[1459,209,308225,37879]
[1460,157,690611,35462]
[1461,29,457794,360974]
[1462,279,329771,304875]
[1463,272,7115,284212]
[1464,270,109290,441033]
[1465,49,645383,455135]
[1466,178,654766,704490]
[1467,207,398509,304868]
[1468,244,230473,697529]
[1469,86,157117,656290]
[1470,179,608056,139273]
[1471,269,472253,81730]
[1472,182,373465,387734]
[1473,119,537116,256512]
[1474,43,289225,51835]
[1475,18,671656,695601]
[1476,148,285582,576730]
[1477,200,93964,451298]
[1478,199,655578,525344]
[1479,206,233110,529155]
[1480,150,6237,695620]
[1481,231,654020,466482]
[1482,56,294339,405879]
[1483,58,614264,713187]
[1484,39,585869,582357]
[1485,250,453267,558468]
[1486,187,553954,348200]
[1487,251,498548,208558]
[1488,259,277764,41318]
[1489,257,726548,53694]
[1490,128,221883,512551]
[1491,255,643966,36905]
[1492,230,124546,389682]
[1493,231,308389,306535]
[1494,100,271206,313895]
[1495,62,246534,260576]
[1496,182,319867,415217]
[1497,3,276021,247879]
[1498,240,274141,449116]
[1499,157,533555,455263]
[1500,7,417152,306039]
[1501,105,656682,499609]
[1502,48,111819,534909]
[1503,244,329117,388638]
[1504,128,102994,409513]
[1505,50,94625,686018]
[1506,107,617906,296854]
[1507,23,155701,82020]
[1508,147,421646,51871]
[1509,237,657402,42674]
[1510,251,576117,185665]
[1511,63,555658,346764]
[1512,74,76454,291539]
[1513,127,433350,257359]
[1514,152,597469,686579]
[1515,85,666424,605367]
[1516,27,671846,537379]
[1517,76,111689,436403]
[1518,199,616871,355411]
[1519,199,491758,97313]
[1520,123,722591,571090]
[1521,171,725166,352245]
[1522,72,109081,199537]
[1523,135,275478,153133]
[1524,48,70793,350712]
[1525,263,584986,582559]
[1526,143,332336,268926]
[1527,43,391902,30680]
[1528,120,364914,593272]
[1529,254,136051,378976]
[1530,29,581904,564330]
[1531,52,373248,603017]
[1532,4,554473,569001]
[1533,156,85826,201881]
[1534,193,140262,43296]
[1535,49,354268,33174]
[1536,246,359051,421073]
[1537,182,42719,598795]
[1538,125,702068,110970]
[1539,4,138306,676137]
[1540,132,513346,688393]
[1541,124,542410,668520]
[1542,28,91671,636984]
[1543,6,249055,417458]
[1544,245,217998,72827]
[1545,174,545680,623129]
[1546,257,335755,110651]
[1547,169,552723,63973]
[1548,79,257129,240981]
[1549,153,328835,157582]
[1550,120,491140,597043]
[1551,203,663285,123628]
[1552,171,702848,215440]
[1553,260,360363,647084]
[1554,154,173676,193809]
[1555,186,392420,674929]
[1556,203,530690,6756]
[1557,217,689557,275685]
[1558,180,194023,373079]
[1559,82,164610,633776]
[1560,156,418619,466378]
[1561,143,720907,279449]
[1562,107,616352,610823]
[1563,116,77932,256455]
[1564,220,208832,330038]
[1565,30,91285,723347]
[1566,152,183429,531921]
[1567,84,324675,373090]
[1568,34,335736,499328]
[1569,240,341933,434734]
[1570,263,551040,359136]
[1571,189,302356,71962]
[1572,190,133049,337586]
[1573,188,14911,58693]
[1574,190,285213,293998]
[1575,92,13437,669688]
[1576,197,542353,538770]
[1577,133,680916,380298]
[1578,29,620425,366380]
[1579,42,241004,543667]
[1580,89,412331,30381]
[1581,238,301983,697943]
[1582,17,363149,33513]
[1583,202,163587,262697]
[1584,101,291722,17047]
[1585,132,59263,580231]
[1586,142,330763,358722]
[1587,193,210397,103713]
[1588,206,124748,666071]
[1589,65,581246,41351]
[1590,262,37301,373389]
[1591,208,160022,621860]
[1592,10,356261,495307]
[1593,85,516589,479013]
[1594,26,103507,529691]
[1595,179,548936,78143]
[1596,150,213272,453220]
[1597,249,504918,431237]
[1598,30,397876,490415]
[1599,117,356168,305697]
[1600,261,440342,141335]
[1601,175,99307,54226]
[1602,132,419774,462986]
[1603,36,134665,309022]
[1604,76,503822,552184]
[1605,119,359545,160345]
[1606,265,382681,368637]
[1607,203,627482,578197]
[1608,232,90621,541074]
[1609,40,459381,662161]
[1610,228,179655,300395]
[1611,11,511229,255620]
[1612,14,342539,415174]
[1613,50,127870,296047]
[1614,43,557780,431038]
[1615,275,636010,612698]
[1616,146,73698,497308]
[1617,198,1758,234739]
[1618,141,446543,284880]
[1619,90,56087,130739]
[1620,188,426459,585606]
[1621,169,531980,261370]
[1622,217,691011,426861]
[1623,121,517355,246974]
[1624,177,610402,292282]
[1625,53,716806,573345]
[1626,255,619836,35453]
[1627,224,119220,519530]
[1628,34,169493,647156]
[1629,79,333425,253120]
[1630,97,520636,483568]
[1631,47,718395,317136]
[1632,272,63580,471532]
[1633,7,657244,341426]
[1634,47,705702,318213]
[1635,223,724233,640363]
[1636,47,521797,356520]
[1637,49,270756,81733]
[1638,66,194796,724345]
[1639,34,345300,651496]
[1640,68,191855,204219]
[1641,169,378376,345822]
[1642,207,540121,345279]
[1643,119,709220,343423]
[1644,124,180237,443338]
[1645,196,514637,682276]
[1646,124,80801,479297]
[1647,97,616687,537089]
[1648,162,379127,562081]
[1649,159,539123,137333]
[1650,6,65604,594988]
[1651,1,562906,242105]
[1652,218,84805,130514]
[1653,152,82151,647598]
[1654,38,311497,591282]
[1655,139,218233,5349]
[1656,279,724476,317591]
[1657,40,356656,472217]
[1658,65,342977,46418]
[1659,255,681713,23193]
[1660,173,682945,116824]
[1661,25,369744,344809]
[1662,234,77831,662924]
[1663,215,368939,39097]
[1664,3,694534,466412]
[1665,233,701994,563296]
[1666,183,375085,369770]
[1667,11,648131,529325]
[1668,262,317230,666270]
[1669,150,116633,285021]
[1670,89,534557,146421]
[1671,37,363746,330242]
[1672,184,42497,662127]
[1673,21,207353,123253]
[1674,152,251630,489245]
[1675,49,453834,37254]
[1676,198,635425,685327]
[1677,18,391247,620978]
[1678,10,148383,407654]
[1679,248,42153,85305]
[1680,96,205044,217778]
[1681,265,635570,531584]
[1682,209,203526,14613]
[1683,59,671787,539571]
[1684,199,599598,492155]
[1685,107,314343,243786]
[1686,272,124978,411946]
[1687,133,92025,29837]
[1688,261,394421,109740]
[1689,74,302133,603231]
[1690,209,267488,87630]
[1691,227,357883,140477]
[1692,97,290544,271332]
[1693,75,559620,349060]
[1694,34,170289,718444]
[1695,68,365758,712131]
[1696,258,538101,606460]
[1697,215,310458,159078]
[1698,35,538757,38857]
[1699,144,267605,656611]
[1700,56,233880,721004]
[1701,160,202341,669466]
[1702,65,616075,59892]
[1703,216,698390,707804]
[1704,24,120867,322277]
[1705,167,387005,175100]
[1706,207,588158,327296]
[1707,208,172119,647276]
[1708,244,376733,599833]
[1709,39,413076,251629]
[1710,249,589074,513969]
[1711,47,498919,157310]
[1712,43,548915,51079]
[1713,90,365505,627777]
[1714,181,448667,307464]
[1715,245,704703,177723]
[1716,151,618843,544477]
[1717,120,87294,613871]
[1718,197,469334,311734]
[1719,88,143449,626824]
[1720,5,706333,444954]
[1721,73,704738,555008]
[1722,199,660913,540402]
[1723,91,723630,125696]
[1724,210,648682,692285]
[1725,49,271181,177768]
[1726,96,413375,463969]
[1727,72,40353,425440]
[1728,6,120914,543121]
[1729,209,426955,271878]
[1730,279,456172,134460]
[1731,168,274493,358256]
[1732,31,234346,62448]
[1733,38,144687,492559]
[1734,88,267517,638203]
[1735,210,190158,350644]
[1736,120,417503,572688]
[1737,122,415636,693459]
[1738,205,602111,106804]
[1739,209,681803,439229]
[1740,64,343485,505447]
[1741,71,585144,200136]
[1742,168,26680,674016]
[1743,55,199661,25079]
[1744,176,5244,207548]
[1745,187,586956,454026]
[1746,173,265649,98156]
[1747,278,321474,704494]
[1748,114,372069,400677]
[1749,189,665487,277303]
[1750,199,666936,238003]
[1751,159,414452,9678]
[1752,142,324960,331801]
[1753,17,478734,79754]
[1754,61,671780,427433]
[1755,82,69925,303105]
[1756,59,659883,470353]
[1757,110,18377,558336]
[1758,36,464330,702583]
[1759,146,139251,280038]
[1760,258,218324,249372]
[1761,212,39314,362802]
[1762,146,399395,474745]
[1763,72,268425,444388]
[1764,76,15357,110207]
[1765,224,359639,532016]
[1766,176,119391,309184]
[1767,151,656353,109684]
[1768,197,688549,555791]
[1769,90,333586,369276]
[1770,8,148976,514004]
[1771,9,126560,118959]
[1772,220,517901,546491]
[1773,8,605207,693491]
[1774,243,362989,220203]
[1775,236,93483,701369]
[1776,103,620955,429295]
[1777,260,355426,577647]
[1778,172,467661,594388]
[1779,181,329184,64340]
[1780,208,292431,451229]
[1781,182,480306,727321]
[1782,2,39221,219695]
[1783,114,97335,107573]
[1784,94,249556,716063]
[1785,188,137611,606051]
[1786,119,57424,15922]
[1787,221,668717,31837]
[1788,159,485073,33470]
[1789,93,420530,155644]
[1790,102,30790,349021]
[1791,192,95201,235838]
[1792,46,56238,504520]
[1793,197,448724,339485]
[1794,279,202376,120576]
[1795,233,687280,594443]
[1796,96,79634,388296]
[1797,91,362316,348752]
[1798,16,308816,577175]
[1799,129,311917,195852]
[1800,48,7990,660635]
[1801,131,548920,255295]
[1802,36,374329,654671]
[1803,50,11123,558947]
[1804,0,106742,686326]
[1805,75,292050,84307]
[1806,267,656019,499595]
[1807,195,465539,126152]
[1808,250,337906,619561]
[1809,73,597249,478813]
[1810,75,354586,245961]
[1811,229,636146,305580]
[1812,93,495657,466948]
[1813,94,443641,695490]
[1814,147,598013,4107]
[1815,154,333174,690018]
[1816,218,273032,698229]
[1817,184,50857,521169]
[1818,145,393952,63260]
[1819,94,674660,712843]
[1820,67,427948,156521]
[1821,62,417651,473506]
[1822,50,743,696578]
[1823,274,2385,714334]
[1824,32,290139,301261]
[1825,127,437642,201973]
[1826,235,504217,19810]
[1827,59,447969,377954]
[1828,219,286755,152115]
[1829,49,631941,127365]
[1830,196,236213,343914]
[1831,275,455575,176104]
[1832,267,494483,39790]
[1833,60,600364,638915]
[1834,195,506264,150215]
[1835,103,284634,79763]
[1836,26,52024,306481]
[1837,1,616207,475067]
[1838,169,473818,188185]
[1839,263,191151,6603]
[1840,5,497278,138672]
[1841,38,453566,683822]
[1842,186,71305,559743]
[1843,111,568280,87627]
[1844,79,699153,439039]
[1845,41,519355,2944]
[1846,186,162596,277885]
[1847,130,358668,409766]
[1848,232,415955,578738]
[1849,154,625468,718635]
[1850,257,305567,197493]
[1851,254,591157,727452]
[1852,32,10332,648126]
[1853,217,323884,164608]
[1854,273,457087,286978]
[1855,112,210336,297476]
[1856,5,584525,531617]
[1857,228,627223,689549]
[1858,246,371478,674436]
[1859,159,562563,87377]
[1860,32,239151,491192]
[1861,192,31271,423659]
[1862,264,182716,469761]
[1863,29,392853,251134]
[1864,136,440999,546352]
[1865,201,118370,74536]
[1866,278,403409,463127]
[1867,235,535697,299616]
[1868,27,716641,668257]
[1869,115,590834,337794]
[1870,113,511437,478812]
[1871,107,445452,75569]
[1872,92,160993,224360]
[1873,72,16731,480951]
[1874,201,594558,535611]
[1875,254,93429,410771]
[1876,63,660610,499253]
[1877,207,260962,140352]
[1878,81,723064,583446]
[1879,168,246776,390856]
[1880,185,609396,14657]
[1881,186,121320,140219]
[1882,130,157084,706456]
[1883,34,241921,370899]
[1884,248,132889,273607]
[1885,50,31057,549705]
[1886,199,600755,11807]
[1887,42,157944,458853]
[1888,9,215136,184511]
[1889,154,233140,308077]
[1890,244,351777,528830]
[1891,105,711945,410561]
[1892,18,516181,653129]
[1893,2,120820,380061]
[1894,215,641369,594604]
[1895,128,146236,483127]
[1896,222,659928,677423]
[1897,67,29901,14852]
[1898,12,191195,226846]
[1899,50,232605,509586]
[1900,240,21275,341345]
[1901,17,538982,444128]
[1902,84,114811,620555]
[1903,168,240573,286898]
[1904,50,298517,512561]
[1905,48,115432,221065]
[1906,184,507801,549891]
[1907,111,176747,119050]
[1908,158,55492,636856]
[1909,246,156924,694563]
[1910,99,700761,538814]
[1911,148,275217,593175]
[1912,29,521441,475309]
[1913,274,227459,465673]
[1914,221,146202,94027]
[1915,101,583578,62744]
[1916,14,566161,572753]
[1917,218,339114,353091]
[1918,226,57017,467860]
[1919,50,101593,690923]
[1920,5,424003,340020]
[1921,70,65177,156214]
[1922,202,133443,653139]
[1923,48,376831,671638]
[1924,121,662554,327631]
[1925,17,543500,145960]
[1926,31,477724,340045]
[1927,26,212213,391782]
[1928,196,524825,601540]
[1929,174,113068,254543]
[1930,29,574549,354959]
[1931,139,323655,148683]
[1932,117,643999,275481]
[1933,270,1118,563667]
[1934,113,679593,307845]
[1935,266,74743,511140]
[1936,83,620156,332654]
[1937,138,87953,468504]
[1938,212,190113,675567]
[1939,130,524324,570024]
[1940,32,187388,708347]
[1941,13,479029,36139]
[1942,17,666559,450636]
[1943,196,102724,362550]
[1944,209,610272,178011]
[1945,152,540972,723888]
[1946,3,717955,381300]
[1947,99,666405,51751]
[1948,274,237423,462525]
[1949,61,387719,159187]
[1950,81,376574,84301]
[1951,99,501788,314435]
[1952,262,210471,599622]
[1953,187,489560,143619]
[1954,56,259769,439549]
[1955,129,374090,12031]
[1956,143,497404,410976]
[1957,95,584863,523551]
[1958,102,27008,504116]
[1959,53,524121,424598]
[1960,112,18284,334795]
[1961,233,617163,394451]
[1962,256,74112,706338]
[1963,182,484620,576899]
[1964,244,255516,549929]
[1965,68,570999,661524]
[1966,245,694973,222781]
[1967,91,556355,32088]
[1968,60,106976,173901]
[1969,198,466193,631852]
[1970,109,711890,604058]
[1971,0,188298,459245]
[1972,46,404874,559646]
[1973,202,25741,388325]
[1974,115,647156,469785]
[1975,167,549815,168027]
[1976,88,98399,475620]
[1977,169,456566,229527]
[1978,220,228971,666135]
[1979,161,699997,87350]
[1980,29,298036,230707]
[1981,237,453132,174413]
[1982,57,518344,115555]
[1983,214,281753,524991]
[1984,142,137659,575409]
[1985,223,575311,379582]
[1986,229,497732,63312]
[1987,240,193856,474241]
[1988,225,450033,186255]
[1989,236,152226,704135]
[1990,279,633849,257728]
[1991,83,236391,5844]
[1992,125,272617,152330]
[1993,257,504686,441091]
[1994,247,608154,523389]
[1995,254,20429,102493]
[1996,94,582544,588210]
[1997,83,383105,115326]
[1998,193,564173,317934]
[1999,170,343032,561087]
[2000,156,463937,644911]
[2001,72,463964,693159]
[2002,242,182560,722371]
[2003,51,655286,249262]
[2004,157,285496,195977]
[2005,2,19037,690076]
[2006,35,647267,247158]
[2007,6,79665,111638]
[2008,47,689600,200859]
[2009,40,265274,617111]
[2010,2,279193,604511]
[2011,237,271712,269631]
[2012,242,28263,261796]
[2013,109,699195,671222]
[2014,219,464541,352675]
[2015,186,275083,377530]
[2016,236,294293,629757]
[2017,191,144101,82099]
[2018,174,337013,345470]
[2019,128,34859,39633]
[2020,136,1187,346381]
[2021,271,391116,247630]
[2022,173,269614,171259]
[2023,53,692332,498313]
[2024,23,613488,596264]
[2025,99,562264,333538]
[2026,180,587253,634023]
[2027,75,708375,157430]
[2028,70,192630,255947]
[2029,222,118761,405651]
[2030,98,5838,716349]
[2031,218,292297,659096]
[2032,91,562499,463165]
[2033,235,523072,367966]
[2034,124,313261,600423]
[2035,195,365877,315487]
[2036,99,136829,29745]
[2037,84,15790,717643]
[2038,200,66476,662214]
[2039,80,604486,711727]
[2040,0,230801,259225]
[2041,216,227051,505668]
[2042,106,28913,116578]
[2043,105,504800,108832]
[2044,152,528997,665463]
[2045,110,395432,696470]
[2046,123,326890,23662]
[2047,82,67061,595884]
[2048,272,238751,414500]
[2049,157,678979,540912]
[2050,20,431660,439944]
[2051,219,669953,322300]
[2052,16,256832,599350]
[2053,177,650979,568096]
[2054,7,391881,333206]
[2055,194,106723,135621]
[2056,10,147476,382354]
[2057,201,169873,81595]
[2058,38,255382,372580]
[2059,31,503396,21499]
[2060,135,632690,33198]
[2061,140,74271,566999]
[2062,152,150600,681074]
[2063,179,645613,464146]
[2064,217,677437,44592]
[2065,28,615220,637811]
[2066,46,382326,560298]
[2067,170,303796,636445]
[2068,166,297251,501563]
[2069,174,115606,687392]
[2070,166,360725,682091]
[2071,198,123723,598233]
[2072,223,663131,348800]
[2073,72,44033,492561]
[2074,259,610547,465333]
[2075,13,688339,100193]
[2076,125,356896,269587]
[2077,46,170089,242374]
[2078,232,387394,505832]
[2079,198,25075,151673]
[2080,237,591219,104581]
[2081,116,71608,118207]
[2082,155,676063,101766]
[2083,240,34534,601986]
[2084,129,302941,286281]
[2085,178,184470,258597]
[2086,246,503989,601423]
[2087,34,563421,632126]
[2088,222,401030,491048]
[2089,20,39972,576681]
[2090,218,99492,537576]
[2091,118,43724,698381]
[2092,247,674905,325512]
[2093,231,584761,33055]
[2094,52,100503,242772]
[2095,147,544563,351813]
[2096,142,7196,295409]
[2097,205,55706,28320]
[2098,5,498396,111030]
[2099,24,48827,616550]
[2100,251,707259,189685]
[2101,220,274652,319111]
[2102,51,529472,46911]
[2103,142,320327,583907]
[2104,240,245684,486807]
[2105,180,183247,602695]
[2106,234,316133,364278]
[2107,106,19884,232522]
[2108,276,241420,348154]
[2109,238,96308,656215]
[2110,256,133449,594707]
[2111,156,147734,248375]
[2112,258,201562,221824]
[2113,97,643530,455770]
[2114,256,251975,613248]
[2115,105,303338,135010]
[2116,259,589530,330031]
[2117,133,591981,177619]
[2118,237,423813,237364]
[2119,251,403844,17054]
[2120,191,729088,448111]
[2121,100,313748,678295]
[2122,178,89538,725064]
[2123,29,312232,236879]
[2124,202,360469,435456]
[2125,96,369829,445564]
[2126,211,721440,566470]
[2127,200,109844,611274]
[2128,128,29592,582243]
[2129,263,566019,264247]
[2130,75,717092,375899]
[2131,240,128813,395370]
[2132,127,721243,225291]
[2133,186,517228,547139]
[2134,189,569582,312639]
[2135,19,343663,159278]
[2136,195,537916,207638]
[2137,273,635240,207592]
[2138,23,96014,72526]
[2139,154,521130,694971]
[2140,26,25708,112346]
[2141,261,382793,319784]
[2142,138,333843,447845]
[2143,67,579709,54672]
[2144,212,132626,165077]
[2145,257,548969,540623]
[2146,257,274182,169362]
[2147,234,188646,462018]
[2148,276,130463,469664]
[2149,25,411371,316368]
[2150,21,695840,154207]
[2151,88,447258,562950]
[2152,161,699825,425443]
[2153,230,121151,233482]
[2154,268,613843,669287]
[2155,50,224522,268607]
[2156,177,542105,520930]
[2157,215,538210,125762]
[2158,10,90089,290636]
[2159,129,443759,305675]
[2160,193,184582,64080]
[2161,135,416896,237585]
[2162,188,340955,573318]
[2163,76,620528,698272]
[2164,112,539485,656407]
[2165,59,598606,307087]
[2166,52,35192,582176]
[2167,55,333591,316205]
[2168,187,462149,95480]
[2169,84,568982,663823]
[2170,253,433534,313635]
[2171,69,492220,97890]
[2172,114,332024,365101]
[2173,239,165061,117280]
[2174,11,624147,147360]
[2175,66,327314,689089]
[2176,0,223693,431369]
[2177,85,695793,493166]
[2178,80,57597,614115]
[2179,197,700958,264685]
[2180,92,456694,710167]
[2181,50,169876,683158]
[2182,78,171827,403728]
[2183,54,59055,600400]
[2184,256,344994,522630]
[2185,217,698224,464037]
[2186,84,27375,83348]
[2187,123,667438,159932]
[2188,232,306141,620078]
[2189,85,540045,295260]
[2190,161,314280,100718]
[2191,209,127297,33152]
[2192,176,552763,562686]
[2193,5,432798,109872]
[2194,174,321475,602764]
[2195,81,519413,235333]
[2196,7,429749,331257]
[2197,97,305749,82435]
[2198,277,143544,108266]
[2199,118,130853,415625]
[2200,178,242672,368415]
[2201,266,672,242950]
[2202,139,494448,273318]
[2203,151,611535,465078]
[2204,2,155789,612531]
[2205,137,730412,522393]
[2206,45,567996,440491]
[2207,78,36527,643150]
[2208,102,332809,663672]
[2209,52,122390,551877]
[2210,56,38373,170219]
[2211,253,42433,33551]
[2212,2,389147,435013]
[2213,50,183282,609940]
[2214,221,709259,489001]
[2215,231,709684,443990]
[2216,138,251530,697432]
[2217,95,708070,698866]
[2218,105,553249,497269]
[2219,216,274941,447169]
[2220,176,463946,624622]
[2221,218,317426,331261]
[2222,219,622724,112564]
[2223,72,161627,363133]
[2224,260,380281,424759]
[2225,261,606859,380806]
[2226,25,500653,360437]
[2227,207,652616,435087]
[2228,245,412059,398174]
[2229,42,479566,495273]
[2230,20,489175,588824]
[2231,6,282632,699360]
[2232,173,484606,416656]
[2233,121,222931,21772]
[2234,121,426200,32758]
[2235,106,317196,656444]
[2236,279,337645,327256]
[2237,200,426472,470668]
[2238,172,343534,385497]
[2239,71,610641,68464]
[2240,84,167124,255967]
[2241,85,724042,90537]
[2242,37,495262,3775]
[2243,19,538701,102589]
[2244,24,495610,496140]
[2245,99,338225,89096]
[2246,137,214602,203123]
[2247,151,563048,86118]
[2248,166,325951,496319]
[2249,26,87702,312707]
[2250,113,210321,19077]
[2251,128,213702,493062]
[2252,60,63376,158849]
[2253,53,278764,156146]
[2254,227,160359,67125]
[2255,198,192032,323669]
[2256,82,21245,134444]
[2257,127,711266,14443]
[2258,105,348537,260274]
[2259,122,52991,659422]
[2260,123,593875,438914]
[2261,86,163175,675080]
[2262,157,620147,399175]
[2263,93,681194,477292]
[2264,1,522252,8126]
[2265,41,469936,199617]
[2266,278,121067,135893]
[2267,49,617221,118543]
[2268,183,446137,52084]
[2269,188,319916,431954]
[2270,19,620338,521693]
[2271,105,413646,311144]
[2272,202,56328,692197]
[2273,165,199120,166460]
[2274,52,217238,635861]
[2275,100,397590,642839]
[2276,87,505445,297693]
[2277,111,697040,187672]
[2278,3,712168,397723]
[2279,171,572766,262438]
[2280,215,181570,73608]
[2281,17,654827,574956]
[2282,233,342528,104820]
[2283,187,115707,12468]
[2284,86,296523,636824]
[2285,6,102515,404374]
[2286,87,467998,145920]
[2287,83,577842,572861]
[2288,169,615581,286879]
[2289,67,624617,95779]
[2290,158,125439,532276]
[2291,142,499301,672556]
[2292,263,664748,370480]
[2293,137,82937,3414]
[2294,197,377415,250975]
[2295,165,511787,146963]
[2296,57,608208,506339]
[2297,136,683096,692706]
[2298,210,228375,351571]
[2299,157,294523,136044]
[2300,151,291216,144973]
[2301,8,575073,635147]
[2302,261,692687,393686]
[2303,10,366753,536733]
[2304,266,112119,564655]
[2305,129,461116,451284]
[2306,166,149104,206052]
[2307,107,391948,144702]
[2308,225,597626,574564]
[2309,36,84192,727715]
[2310,23,187417,11457]
[2311,218,156854,193571]
[2312,200,97792,477421]
[2313,252,40556,532765]
[2314,216,119020,722812]
[2315,27,681605,237795]
[2316,267,474258,271743]
[2317,250,31939,448253]
[2318,113,557477,61989]
[2319,185,527978,460131]
[2320,169,169970,80685]
[2321,16,414825,448217]
[2322,37,274909,218560]
[2323,269,583573,267342]
[2324,8,320758,554083]
[2325,27,524117,287851]
[2326,62,633263,707135]
[2327,161,472057,143113]
[2328,112,164818,222030]
[2329,258,107345,328120]
[2330,181,450203,357723]
[2331,245,406510,169289]
[2332,227,301789,90329]
[2333,127,704804,86391]
[2334,212,160372,505208]
[2335,258,92734,727573]
[2336,87,258469,24771]
[2337,110,7393,99861]
[2338,131,595796,334090]
[2339,206,474183,607323]
[2340,175,703583,401223]
[2341,66,273335,524147]
[2342,12,241376,633943]
[2343,276,44136,370116]
[2344,165,521985,414559]
[2345,38,191288,352373]
[2346,216,370141,439590]
[2347,150,112612,639759]
[2348,185,617175,57663]
[2349,87,556255,77240]
[2350,183,368353,78252]
[2351,226,164960,428723]
[2352,40,213776,250694]
[2353,50,49781,292684]
[2354,65,700190,34791]
[2355,152,102038,158732]
[2356,7,549786,283079]
[2357,265,589101,325344]
[2358,276,239106,403259]
[2359,128,281022,417610]
[2360,95,584847,260302]
[2361,199,233589,128477]
[2362,84,256931,575879]
[2363,106,39729,583208]
[2364,163,171607,166170]
[2365,212,21829,395044]
[2366,241,647830,384440]
[2367,33,128919,125160]
[2368,219,571616,361443]
[2369,217,185419,80301]
[2370,148,459871,470559]
[2371,33,326107,170682]
[2372,88,221613,223417]
[2373,164,343656,698413]
[2374,60,260904,484613]
[2375,231,301924,213898]
[2376,50,20203,485858]
[2377,263,615818,529339]
[2378,51,529005,310139]
[2379,13,609136,327022]
[2380,124,574228,632824]
[2381,233,587804,379690]
[2382,271,291089,98235]
[2383,100,319205,441675]
[2384,231,559165,365190]
